0 10620674 1.3407380130974924 0.0025831679396450258 0.33528 0.0 0.0
1 10620674 1.3135050463951676 0.0021332776734170056 0.33528 0.0 0.0
2 10620674 1.2862720796928429 0.0016833874071889854 0.33528 0.0 0.0
3 10620674 1.2590391129905183 0.0012334971409609652 0.33528 0.0 0.0
4 10620674 1.2318061462881935 0.000783606874732945 0.33528 0.0 0.0
5 10620674 1.2216954377916176 0.004086513225114857 0.33528 0.0 0.0
6 10620674 1.1820339202912034 0.005010076570006489 0.33528 0.0 0.0
7 10620674 1.1404213037461794 0.0037674365327540066 0.33528 0.0 0.0
8 10620674 1.1086805863781883 0.001753282808272319 0.33528 0.0 0.0
9 10620674 1.0763534607536105 0.002657306744972406 0.33866666666666667 0.0 0.0
10 10620674 1.0440263351290326 0.0035613306816724933 0.3420533333333333 0.0 0.0
11 10620674 1.0116992095044548 0.00446535461837258 0.34544 0.0 0.0
12 10620674 0.9793720838798771 0.005369378555072668 0.3488266666666667 0.0 0.0
13 10620674 0.9470449582552992 0.0062734024917727544 0.3522133333333333 0.0 0.0
14 10620674 0.9147178326307215 0.007177426428472841 0.35559999999999997 0.0 0.0
15 10620674 0.8823907070061436 0.008081450365172929 0.3589866666666667 0.0 0.0
16 10620674 0.8500635813815658 0.008985474301873016 0.3623733333333333 0.0 0.0
17 10620674 0.817736455756988 0.009889498238573102 0.36576 0.0 0.0
18 10620674 0.7934505511269292 0.010254306319294531 0.36576 0.0 0.0
19 10620674 0.7691646464968706 0.01061911440001596 0.36576 0.0 0.0
20 10620674 0.7448787418668118 0.010983922480737391 0.36576 0.0 0.0
21 10620674 0.7205928372367532 0.01134873056145882 0.36576 0.0 0.0
22 10620674 0.6963069326066944 0.011713538642180249 0.36576 0.0 0.0
23 10620674 0.6653331313514238 0.010886250186209928 0.3701142857142857 0.0 0.0
24 10620674 0.6343593300961532 0.010058961730239608 0.37446857142857143 0.0 0.0
25 10620674 0.6033855288408825 0.009231673274269287 0.37882285714285713 0.0 0.0
26 10620674 0.5724117275856119 0.008404384818298968 0.3831771428571429 0.0 0.0
27 10620674 0.5414379263303413 0.007577096362328646 0.3875314285714286 0.0 0.0
28 10620674 0.5104641250750707 0.006749807906358326 0.3918857142857143 0.0 0.0
29 10620674 0.4794903238198 0.005922519450388006 0.39624000000000004 0.0 0.0
30 10620674 0.4406610652495189 0.002605753006364425 0.39624000000000004 0.0 0.0
31 10620674 0.42182192243848793 0.003388022572686347 0.39624000000000004 0.0 0.0
32 10620674 0.40779738711948943 0.002596981731974639 0.39624000000000004 0.0 0.0
33 10620674 0.39377285180049093 0.0018059408912629304 0.39624000000000004 0.0 0.0
34 10620674 0.36415336184948166 0.0008539930697469833 0.42672000000000004 0.0 0.0
35 10620674 0.33835546890390467 0.003443250555862337 0.42672000000000004 0.0 0.0
36 10620674 0.2992282081797064 0.0005750418317168604 0.42672000000000004 0.0 0.0
37 10620674 0.2656871591320187 -0.00014641108829246963 0.42672000000000004 0.0 0.0
38 10620674 0.22205934905186553 0.0035970904721343844 0.42672000000000004 0.0 0.0
39 10620674 0.1987211615621467 0.00012561386000994879 0.42672000000000004 0.0 0.0
40 10620674 0.18469648229170094 -0.0006649870341276787 0.44196 0.0 0.0
41 10620674 0.17067180302125518 -0.0014555879282653061 0.45720000000000005 0.0 0.0
42 10620674 0.13661688425399687 0.0003280560446491665 0.45720000000000005 0.0 0.0
43 10620674 0.10885240486150649 -0.003098487105337 0.45720000000000005 0.0 0.0
44 10620674 0.0861695382733344 -0.004564052457605716 0.45720000000000005 0.0 0.0
45 10620674 0.04786977636297307 -0.00489756390806928 0.45720000000000005 0.0 0.0
46 10620674 0.026092780429556095 -0.006308543627822294 0.45720000000000005 0.0 0.0
47 10620674 -0.0035527577703985402 -0.010054540982710747 0.45720000000000005 0.0 0.0
48 10620674 -0.0291695072504764 -0.009626200327979534 0.45720000000000005 0.0 0.0
49 10620674 -0.05721917989880054 -0.011206504099511155 0.48768 0.0 0.0
50 10620674 -0.0837586101738157 -0.016317957490951024 0.48768 0.0 0.0
51 10620674 -0.09891369681694512 -0.01784847630315456 0.48768 0.0 0.0
52 10620674 -0.11406878346007454 -0.019378995115358094 0.48768 0.0 0.0
53 10620674 -0.1439383111829886 -0.02924334589230862 0.48768 0.0 0.0
54 10620674 -0.16280742421753902 -0.03534292948183668 0.48768 0.0 0.0
55 10620674 -0.19938941164766666 -0.04943874259538075 0.48768 0.0 0.0
56 10620674 -0.23725704259281755 -0.06474981901056773 0.48768 0.0 0.0
57 10620674 -0.25101476605897943 -0.07368835103317703 0.48768 0.0 0.0
58 10620674 -0.2647724895251413 -0.08262688305578633 0.48768 0.0 0.0
59 10620674 -0.29072335416672557 -0.09517372409368616 0.5181600000000001 0.0 0.0
60 10620674 -0.3179180405909938 -0.11315551800908599 0.5181600000000001 0.0 0.0
61 10620674 -0.34180678339265347 -0.12754464772592952 0.5181600000000001 0.0 0.0
62 10620674 -0.363411749415665 -0.15179319784157944 0.5181600000000001 0.0 0.0
63 10620674 -0.37458463091788774 -0.16151814842776188 0.5181600000000001 0.0 0.0
64 10620674 -0.38575751242011047 -0.17124309901394433 0.5181600000000001 0.0 0.0
65 10620674 -0.410022811806509 -0.19520610080806047 0.5181600000000001 0.0 0.0
66 10620674 -0.4359789751780627 -0.22434111504843016 0.5181600000000001 0.0 0.0
67 10620674 -0.4533072006309753 -0.24881929653434973 0.5181600000000001 0.0 0.0
68 10620674 -0.4725943223872633 -0.2711382738640298 0.54864 0.0 0.0
69 10620674 -0.49309320312290783 -0.30123938598412603 0.54864 0.0 0.0
70 10620674 -0.5015230074522892 -0.32593931229136297 0.54864 0.0 0.0
71 10620674 -0.5190126715327652 -0.36286576776803947 0.54864 0.0 0.0
72 10620674 -0.5348290929112771 -0.412606636255763 0.54864 0.0 0.0
73 10620674 -0.5410319126477068 -0.44679701462220467 0.54864 0.0 0.0
74 10620674 -0.54418102170435 -0.46580434546483 0.54864 0.0 0.0
75 10620674 -0.5473301307609932 -0.48481167630745536 0.54864 0.0 0.0
76 10620674 -0.5451218193255203 -0.5256071316202732 0.54864 0.0 0.0
77 10620674 -0.5429313933484092 -0.5852067191524764 0.54864 0.0 0.0
78 10620674 -0.5290309259130329 -0.6380608084433685 0.54864 0.0 0.0
79 10620674 -0.5151304584776566 -0.6909148977342608 0.54864 0.0 0.0
80 10620674 -0.4984332875809039 -0.7250258797608968 0.55626 0.0 0.0
81 10620674 -0.48173611668415117 -0.7591368617875328 0.5638799999999999 0.0 0.0
82 10620674 -0.46503894578739846 -0.7932478438141688 0.5715 0.0 0.0
83 10620674 -0.44834177489064575 -0.8273588258408048 0.57912 0.0 0.0
84 10620674 -0.4170221561497389 -0.8647011579009488 0.57912 0.0 0.0
85 10620674 -0.38190924468673626 -0.9053860827641244 0.57912 0.0 0.0
86 10620674 -0.35125875585667665 -0.9352656813556878 0.57912 0.0 0.0
87 10620674 -0.3147014554921259 -0.9647390906430501 0.57912 0.0 0.0
88 10620674 -0.27848156158165627 -0.9870921257939654 0.57912 0.0 0.0
89 10620674 -0.232630857356517 -1.0125926036922523 0.57912 0.0 0.0
90 10620674 -0.1946674729959561 -1.0350475946758724 0.57912 0.0 0.0
91 10620674 -0.134733472325004 -1.0609442064876926 0.57912 0.0 0.0
92 10620674 -0.08600615206709794 -1.0762848441121118 0.57912 0.0 0.0
93 10620674 -0.06048225064885432 -1.0817639095339566 0.59436 0.0 0.0
94 10620674 -0.0349583492306107 -1.0872429749558012 0.6096 0.0 0.0
95 10620674 0.03340997118317435 -1.0943978360821784 0.6096 0.0 0.0
96 10620674 0.08064415288673699 -1.0990852310650026 0.6096 0.0 0.0
97 10620674 0.12270740522169077 -1.10219939661985 0.6096 0.0 0.0
98 10620674 0.16510428251788112 -1.1040204075649698 0.6096 0.0 0.0
99 10620674 0.22017373140548369 -1.1056595258480704 0.6096 0.0 0.0
100 10620674 0.25843097775160784 -1.1068282924854524 0.6096 0.0 0.0
101 10620674 0.3038860299689936 -1.1131526355547972 0.6096 0.0 0.0
102 10620674 0.3363182853465421 -1.1131185638542365 0.6096 0.0 0.0
103 10620674 0.36875054072409064 -1.1130844921536758 0.6096 0.0 0.0
104 10620674 0.43130410002530534 -1.1200881281639328 0.6400800000000001 0.0 0.0
105 10620674 0.47297506788072957 -1.1257591541764116 0.6400800000000001 0.0 0.0
106 10620674 0.5180100594486001 -1.1265708997936017 0.6400800000000001 0.0 0.0
107 10620674 0.5595243303042229 -1.1272835398108225 0.6400800000000001 0.0 0.0
108 10620674 0.6228019259979777 -1.1320687562094887 0.6400800000000001 0.0 0.0
109 10620674 0.6653349356830316 -1.1350996819114008 0.6400800000000001 0.0 0.0
110 10620674 0.6873601047931311 -1.1342927178138054 0.6400800000000001 0.0 0.0
111 10620674 0.7093852739032307 -1.13348575371621 0.6400800000000001 0.0 0.0
112 10620674 0.7530750112301793 -1.138412808838721 0.67056 0.0 0.0
113 10620674 0.8104145743811735 -1.1396210012055072 0.67056 0.0 0.0
114 10620674 0.8509974153271413 -1.1431820407728974 0.67056 0.0 0.0
115 10620674 0.8785416948603242 -1.145871467638091 0.67056 0.0 0.0
116 10620674 0.938624111014866 -1.1441194986917997 0.67056 0.0 0.0
117 10620674 0.9762379311058318 -1.1458922261437894 0.67056 0.0 0.0
118 10620674 1.0211782729852756 -1.1497075060199644 0.67056 0.0 0.0
119 10620674 1.0641698230612437 -1.152418657675093 0.67056 0.0 0.0
120 10620674 1.1145592118102021 -1.1536907986978928 0.67056 0.0 0.0
121 10620674 1.1440193649622872 -1.1551358086031993 0.67056 0.0 0.0
122 10620674 1.173479518114372 -1.1565808185085058 0.67056 0.0 0.0
123 10620674 1.2106918235724136 -1.1582212301686696 0.7010400000000001 0.0 0.0
124 10620674 1.2595109034060852 -1.1580449345380204 0.7010400000000001 0.0 0.0
125 10620674 1.2972324043391705 -1.152958711497385 0.7010400000000001 0.0 0.0
126 10620674 1.3537587897432495 -1.1512103370297628 0.7010400000000001 0.0 0.0
127 10620674 1.390349122919293 -1.139796328223083 0.7010400000000001 0.0 0.0
128 10620674 1.4364429558824274 -1.1330046345721454 0.7010400000000001 0.0 0.0
129 10620674 1.471549451137769 -1.127764532156881 0.7010400000000001 0.0 0.0
130 10620674 1.5177853494665041 -1.1140095117657924 0.7010400000000001 0.0 0.0
131 10620674 1.5576322517912236 -1.1021397001137525 0.73152 0.0 0.0
132 10620674 1.5906103425200564 -1.089545239714276 0.73152 0.0 0.0
133 10620674 1.6056479696682797 -1.084292642205126 0.73152 0.0 0.0
134 10620674 1.6206855968165033 -1.0790400446959763 0.73152 0.0 0.0
135 10620674 1.6537006466301354 -1.06225189520937 0.73152 0.0 0.0
136 10620674 1.6880599874760929 -1.0413466300280547 0.73152 0.0 0.0
137 10620674 1.7394020801774794 -1.00379116294297 0.73152 0.0 0.0
138 10620674 1.7541111260864284 -0.9920643436765169 0.73152 0.0 0.0
139 10620674 1.7688201719953773 -0.9803375244100635 0.73152 0.0 0.0
140 10620674 1.7945754952588526 -0.9637483571755682 0.73152 0.0 0.0
141 10620674 1.828554848855585 -0.926597422686562 0.762 0.0 0.0
142 10620674 1.8445334417088124 -0.9021428067363843 0.762 0.0 0.0
143 10620674 1.8534162781522583 -0.89125865503753 0.762 0.0 0.0
144 10620674 1.8622991145957044 -0.8803745033386757 0.762 0.0 0.0
145 10620674 1.8870720354209176 -0.8398667143985077 0.762 0.0 0.0
146 10620674 1.9052802694651614 -0.8074954419804136 0.762 0.0 0.0
147 10620674 1.909605281964214 -0.7871791908640756 0.762 0.0 0.0
148 10620674 1.9194822714294903 -0.764003078224387 0.762 0.0 0.0
149 10620674 1.9337532161341902 -0.7202995833348863 0.762 0.0 0.0
150 10620674 1.9384892419577888 -0.6941013025718767 0.762 0.0 0.0
151 10620674 1.9432252677813875 -0.6679030218088672 0.762 0.0 0.0
152 10620674 1.943607767007466 -0.6531333485069093 0.762 0.0 0.0
153 10620674 1.9439902662335444 -0.6383636752049514 0.762 0.0 0.0
154 10620674 1.947011096461169 -0.596477074150521 0.7924800000000001 0.0 0.0
155 10620674 1.9424882914692692 -0.5695333459916541 0.7924800000000001 0.0 0.0
156 10620674 1.9449826114967927 -0.526540213920716 0.7924800000000001 0.0 0.0
157 10620674 1.9408736616189368 -0.4983297389454301 0.7924800000000001 0.0 0.0
158 10620674 1.9408944033171274 -0.48466851246679454 0.7924800000000001 0.0 0.0
159 10620674 1.9409151450153177 -0.471007285988159 0.7924800000000001 0.0 0.0
160 10620674 1.9373442434437387 -0.42755215076284814 0.7924800000000001 0.0 0.0
161 10620674 1.9352045186530107 -0.4041902083849268 0.7924800000000001 0.0 0.0
162 10620674 1.931553690175667 -0.3772974535892204 0.7924800000000001 0.0 0.0
163 10620674 1.9296570962975768 -0.33415533970924904 0.7924800000000001 0.0 0.0
164 10620674 1.924026237779991 -0.31876531054361956 0.7924800000000001 0.0 0.0
165 10620674 1.9194647425832343 -0.28269670791605883 0.7924800000000001 0.0 0.0
166 10620674 1.9132385187140217 -0.24982270133247972 0.82296 0.0 0.0
167 10620674 1.909560871197888 -0.23729006014227777 0.82296 0.0 0.0
168 10620674 1.905883223681754 -0.22475741895207582 0.82296 0.0 0.0
169 10620674 1.889546837055869 -0.1877639116587471 0.82296 0.0 0.0
170 10620674 1.8774680070465801 -0.1622073501004012 0.82296 0.0 0.0
171 10620674 1.8642658612195726 -0.1362838852062724 0.82296 0.0 0.0
172 10620674 1.8492485648467722 -0.11537500438308679 0.82296 0.0 0.0
173 10620674 1.819821779744701 -0.08964332569120445 0.82296 0.0 0.0
174 10620674 1.8129742163946614 -0.0768930409139024 0.82296 0.0 0.0
175 10620674 1.778802002429034 -0.04937765707987343 0.82296 0.0 0.0
176 10620674 1.7631128266557203 -0.038412527194104915 0.82296 0.0 0.0
177 10620674 1.7474236508824064 -0.027447397308336396 0.82296 0.0 0.0
178 10620674 1.7189525667105552 -0.0126580603258937 0.8534400000000001 0.0 0.0
179 10620674 1.6919247330958553 2.452571581468277e-05 0.8534400000000001 0.0 0.0
180 10620674 1.6627160294493066 0.009564385582377544 0.8534400000000001 0.0 0.0
181 10620674 1.6378405163465246 0.017689087073940457 0.8534400000000001 0.0 0.0
182 10620674 1.6089528597428928 0.027124334605443945 0.8534400000000001 0.0 0.0
183 10620674 1.5640824148904238 0.03792495138710364 0.8534400000000001 0.0 0.0
184 10620674 1.5384265096819156 0.04501987764186963 0.8534400000000001 0.0 0.0
185 10620674 1.5246096145919423 0.04486000308084692 0.8534400000000001 0.0 0.0
186 10620674 1.510792719501969 0.04470012851982422 0.8534400000000001 0.0 0.0
187 10620674 1.4743008344957078 0.05124589380531619 0.8534400000000001 0.0 0.0
188 10620674 1.432633810582414 0.05282333069480777 0.8534400000000001 0.0 0.0
189 10620674 1.402454710223184 0.052868097349443186 0.88392 0.0 0.0
190 10620674 1.3739825965239802 0.051070318149291485 0.88392 0.0 0.0
191 10620674 1.3449142559688971 0.04935057772675221 0.88392 0.0 0.0
192 10620674 1.2963090431890258 0.04980727024925449 0.88392 0.0 0.0
193 10620674 1.2823594027552558 0.04869818069522286 0.88392 0.0 0.0
194 10620674 1.2684097623214856 0.047589091141191225 0.88392 0.0 0.0
195 10620674 1.2226235324332755 0.04607393835448042 0.88392 0.0 0.0
196 10620674 1.192019743793011 0.04590777389329875 0.88392 0.0 0.0
197 10620674 1.1546635508169476 0.04736351835497987 0.88392 0.0 0.0
198 10620674 1.127033968873849 0.04570031018194088 0.88392 0.0 0.0
199 10620674 1.0994043869307508 0.04403710200890189 0.88392 0.0 0.0
200 10620674 1.0681280493173562 0.048880992238395954 0.88392 0.0 0.0
201 10620674 1.0168623219252155 0.049624664717825236 0.88392 0.0 0.0
202 10620674 0.9655965945330747 0.05036833719725452 0.88392 0.0 0.0
203 10620674 0.9295529413978464 0.053125738833597315 0.88392 0.0 0.0
204 10620674 0.8935092882626181 0.05588314046994011 0.88392 0.0 0.0
205 10620674 0.8574656351273899 0.0586405421062829 0.88392 0.0 0.0
206 10620674 0.8214219819921617 0.0613979437426257 0.88392 0.0 0.0
207 10620674 0.7853783288569334 0.0641553453789685 0.88392 0.0 0.0
208 10620674 0.749123996603167 0.0673559585151161 0.88392 0.0 0.0
209 10620674 0.7295126792111419 0.06985019765139733 0.88392 0.0 0.0
210 10620674 0.7099013618191168 0.07234443678767857 0.88392 0.0 0.0
211 10620674 0.6938710452592658 0.07220830802547479 0.88392 0.0 0.0
212 10620674 0.6385835503982953 0.07695553212424919 0.88392 0.0 0.0
213 10620674 0.597549051349008 0.08183569618334013 0.88392 0.0 0.0
214 10620674 0.5553940338400449 0.09035343966600835 0.88392 0.0 0.0
215 10620674 0.5195302737178857 0.0944790205609002 0.88392 0.0 0.0
216 10620674 0.4807650489258174 0.09815098909039081 0.9144000000000001 0.0 0.0
217 10620674 0.42740543411857934 0.10472322051113092 0.9144000000000001 0.0 0.0
218 10620674 0.39084787438159496 0.11515127937313444 0.9144000000000001 0.0 0.0
219 10620674 0.3738199891474028 0.12147539494241419 0.9144000000000001 0.0 0.0
220 10620674 0.3567921039132106 0.12779951051169394 0.9144000000000001 0.0 0.0
221 10620674 0.32228794720904097 0.1390756825672877 0.9144000000000001 0.0 0.0
222 10620674 0.28813780458307814 0.14871755966935069 0.9144000000000001 0.0 0.0
223 10620674 0.23539255363211853 0.16233394808463353 0.9144000000000001 0.0 0.0
224 10620674 0.2095007384324148 0.17441775594981654 0.9144000000000001 0.0 0.0
225 10620674 0.17851083809006618 0.17905513362167028 0.9144000000000001 0.0 0.0
226 10620674 0.12442799689532313 0.19673132267652113 0.9144000000000001 0.0 0.0
227 10620674 0.09040562632666549 0.20785127470168452 0.9144000000000001 0.0 0.0
228 10620674 0.07258721528807432 0.21460983101870423 0.9144000000000001 0.0 0.0
229 10620674 0.05476880424948316 0.22136838733572392 0.9144000000000001 0.0 0.0
230 10620674 0.021719117453019465 0.2303014902668624 0.9144000000000001 0.0 0.0
231 10620674 -0.00982528304075403 0.24248133988547127 0.9144000000000001 0.0 0.0
232 10620674 -0.03518141839028044 0.2507693192899434 0.9144000000000001 0.0 0.0
233 10620674 -0.07482038029141669 0.26372602705470416 0.9144000000000001 0.0 0.0
234 10620674 -0.12349998184006095 0.283259956370429 0.9144000000000001 0.0 0.0
235 10620674 -0.15354280901298978 0.2945992109079661 0.9144000000000001 0.0 0.0
236 10620674 -0.18688989700650338 0.30398109981398125 0.9144000000000001 0.0 0.0
237 10620674 -0.23212681334930507 0.32589548668118706 0.9144000000000001 0.0 0.0
238 10620674 -0.24564245249991967 0.32937906744590956 0.9144000000000001 0.0 0.0
239 10620674 -0.2591580916505343 0.33286264821063205 0.9144000000000001 0.0 0.0
240 10620674 -0.29168400628273905 0.3491034434666236 0.9144000000000001 0.0 0.0
241 10620674 -0.3257056403944012 0.3602254066626013 0.9144000000000001 0.0 0.0
242 10620674 -0.3586903581072747 0.3761492262328284 0.9144000000000001 0.0 0.0
243 10620674 -0.40763637196822455 0.39215068166847333 0.9144000000000001 0.0 0.0
244 10620674 -0.43573751594497834 0.40671203744875495 0.9144000000000001 0.0 0.0
245 10620674 -0.46485643842824387 0.41272691219005875 0.9144000000000001 0.0 0.0
246 10620674 -0.4819913788992394 0.42008145244636685 0.9144000000000001 0.0 0.0
247 10620674 -0.4991263193702349 0.42743599270267496 0.9144000000000001 0.0 0.0
248 10620674 -0.5465190411861864 0.4481882370973447 0.9144000000000001 0.0 0.0
249 10620674 -0.5763194989875493 0.4602681552966742 0.9144000000000001 0.0 0.0
250 10620674 -0.6086754462767132 0.47376792632453657 0.9144000000000001 0.0 0.0
251 10620674 -0.6445738770822373 0.48784195532390917 0.9144000000000001 0.0 0.0
252 10620674 -0.675737312276887 0.5011858481021683 0.9144000000000001 0.0 0.0
253 10620674 -0.7246824566864025 0.5171895081293229 0.9448799999999999 0.0 0.0
254 10620674 -0.7588499101652206 0.5305813821925156 0.9448799999999999 0.0 0.0
255 10620674 -0.7912969042548699 0.5443455653485848 0.9448799999999999 0.0 0.0
256 10620674 -0.8269308957894053 0.5586847014961293 0.9448799999999999 0.0 0.0
257 10620674 -0.8468598090164674 0.5691737759584429 0.9448799999999999 0.0 0.0
258 10620674 -0.8667887222435295 0.5796628504207565 0.9448799999999999 0.0 0.0
259 10620674 -0.9037062954264856 0.5944221735627478 0.9448799999999999 0.0 0.0
260 10620674 -0.9338036472913676 0.6069514424127196 0.9448799999999999 0.0 0.0
261 10620674 -0.9679127673552388 0.6207927667286022 0.9448799999999999 0.0 0.0
262 10620674 -1.0008182590355785 0.6342406721264057 0.9448799999999999 0.0 0.0
263 10620674 -1.0338011776541707 0.6501676522516785 0.9448799999999999 0.0 0.0
264 10620674 -1.0678213566327297 0.6612932023061157 0.9448799999999999 0.0 0.0
265 10620674 -1.1130877215898107 0.6847428174475988 0.9448799999999999 0.0 0.0
266 10620674 -1.1373674832205913 0.6953705847578778 0.9448799999999999 0.0 0.0
267 10620674 -1.1616472448513717 0.7059983520681569 0.9448799999999999 0.0 0.0
268 10620674 -1.1950569962351538 0.7192617238501144 0.9448799999999999 0.0 0.0
269 10620674 -1.2150207088830751 0.7288287023411665 0.9448799999999999 0.0 0.0
270 10620674 -1.2609525929104677 0.7513287519212234 0.9448799999999999 0.0 0.0
271 10620674 -1.2946513427227997 0.7623504307263818 0.9448799999999999 0.0 0.0
272 10620674 -1.3270970139469627 0.7761170818248241 0.9448799999999999 0.0 0.0
273 10620674 -1.3604773338319325 0.7946294845837706 0.9448799999999999 0.0 0.0
274 10620674 -1.3990430251815893 0.8108656155038152 0.9448799999999999 0.0 0.0
275 10620674 -1.4372167003644687 0.8288431959178502 0.9448799999999999 0.0 0.0
276 10620674 -1.4551872490006799 0.836356974745786 0.9448799999999999 0.0 0.0
277 10620674 -1.500988338278565 0.8619707932388943 0.9448799999999999 0.0 0.0
278 10620674 -1.5242135958820597 0.8716125920105495 0.9448799999999999 0.0 0.0
279 10620674 -1.5474388534855545 0.8812543907822047 0.9448799999999999 0.0 0.0
280 10620674 -1.5812550893670216 0.898975957503928 0.9448799999999999 0.0 0.0
281 10620674 -1.6185800919586006 0.9165602726711375 0.9448799999999999 0.0 0.0
282 10620674 -1.6584053536588035 0.93356064287396 0.9448799999999999 0.0 0.0
283 10620674 -1.684037467092194 0.9486055710456064 0.9448799999999999 0.0 0.0
284 10620674 -1.720033689346162 0.9648211238355681 0.9448799999999999 0.0 0.0
285 10620674 -1.7658912413413181 0.9807577387438999 0.9448799999999999 0.0 0.0
286 10620674 -1.8032156600017377 0.9983430317955757 0.9448799999999999 0.0 0.0
287 10620674 -1.8180586425201766 1.003198942582553 0.9448799999999999 0.0 0.0
288 10620674 -1.8718142232358461 1.0207854760419903 0.9448799999999999 0.0 0.0
289 10620674 -1.8913908491161904 1.0271902260317238 0.9448799999999999 0.0 0.0
290 10620674 -1.923323152355697 1.0376375075108877 0.9448799999999999 0.0 0.0
291 10620674 -1.9552554555952038 1.0480847889900513 0.9448799999999999 0.0 0.0
292 10620674 -1.9787989188018449 1.0548529202836976 0.9448799999999999 0.0 0.0
293 10620674 -2.0234523763032675 1.0703974620958592 0.9448799999999999 0.0 0.0
294 10620674 -2.063844375421354 1.0826785224277615 0.9448799999999999 0.0 0.0
295 10620674 -2.0988538139143245 1.0896933882726425 0.9448799999999999 0.0 0.0
296 10620674 -2.140850335533078 1.102499919689884 0.9448799999999999 0.0 0.0
297 10620674 -2.1718641951150524 1.1135825881459411 0.9448799999999999 0.0 0.0
298 10620674 -2.2207604406934056 1.1286472961911356 0.9448799999999999 0.0 0.0
299 10620674 -2.2553043273252857 1.1408854582356587 0.9448799999999999 0.0 0.0
300 10620674 -2.29088211572851 1.151592628974237 0.9448799999999999 0.0 0.0
301 10620674 -2.311734103434451 1.1557286196007088 0.9448799999999999 0.0 0.0
302 10620674 -2.332586091140392 1.1598646102271806 0.9448799999999999 0.0 0.0
303 10620674 -2.3674061105438122 1.1712589827991386 0.9448799999999999 0.0 0.0
304 10620674 -2.4031888367283223 1.1829685866212967 0.9448799999999999 0.0 0.0
305 10620674 -2.4382138136476206 1.1953651759870287 0.9448799999999999 0.0 0.0
306 10620674 -2.4882327452765685 1.2107993167234403 0.9448799999999999 0.0 0.0
307 10620674 -2.5264667642609906 1.2242465816252808 0.9448799999999999 0.0 0.0
308 10620674 -2.565458407092323 1.2370072642226269 0.9448799999999999 0.0 0.0
309 10620674 -2.59466197805283 1.2465647893780158 0.9448799999999999 0.0 0.0
310 10620674 -2.628153312055656 1.2565909805436217 0.9448799999999999 0.0 0.0
311 10620674 -2.6727608243052217 1.2711902838225198 0.9448799999999999 0.0 0.0
312 10620674 -2.7074644099300027 1.2834831811287926 0.9448799999999999 0.0 0.0
313 10620674 -2.7352615440864594 1.2900104743226959 0.9448799999999999 0.0 0.0
314 10620674 -2.763058678242916 1.2965377675165994 0.9448799999999999 0.0 0.0
315 10620674 -2.8153356032944634 1.312129265993255 0.9448799999999999 0.0 0.0
316 10620674 -2.8469647500321464 1.316990049459335 0.9448799999999999 0.0 0.0
317 10620674 -2.8833385268818894 1.3236376763592326 0.97536 0.0 0.0
318 10620674 -2.919872751493374 1.3303380125453963 0.97536 0.0 0.0
319 10620674 -2.9615761364318978 1.3386137190606249 0.97536 0.0 0.0
320 10620674 -2.9968766416512107 1.3501687735008934 0.97536 0.0 0.0
321 10620674 -3.0331021761444843 1.3561844304236836 0.97536 0.0 0.0
322 10620674 -3.065109008654537 1.3615203823748099 0.97536 0.0 0.0
323 10620674 -3.102317228313506 1.3699613449496664 0.97536 0.0 0.0
324 10620674 -3.1417460704685247 1.381115876065967 0.97536 0.0 0.0
325 10620674 -3.196970947113506 1.3955721519048412 0.97536 0.0 0.0
326 10620674 -3.215281322836662 1.4006900554917978 0.97536 0.0 0.0
327 10620674 -3.2335916985598177 1.4058079590787544 0.97536 0.0 0.0
328 10620674 -3.2715674956858836 1.4146179979765872 0.97536 0.0 0.0
329 10620674 -3.311955977234848 1.4201283995664207 0.97536 0.0 0.0
330 10620674 -3.342041290295991 1.429977943919449 0.97536 0.0 0.0
331 10620674 -3.3926460650111183 1.443624372265512 0.97536 0.0 0.0
332 10620674 -3.4138407475030954 1.4483433416949176 0.97536 0.0 0.0
333 10620674 -3.455062428743827 1.4564643709425453 0.97536 0.0 0.0
334 10620674 -3.5081429756197204 1.470688563031815 0.97536 0.0 0.0
335 10620674 -3.541692554412845 1.4794531255829915 0.97536 0.0 0.0
336 10620674 -3.5769923532416623 1.491011089626113 0.97536 0.0 0.0
337 10620674 -3.6171056906341796 1.5041453545875756 0.97536 0.0 0.0
338 10620674 -3.6587394415729335 1.5126362611948265 0.97536 0.0 0.0
339 10620674 -3.6940390739674402 1.5241948122966709 0.97536 0.0 0.0
340 10620674 -3.7189092203179794 1.53233848719158 0.97536 0.0 0.0
341 10620674 -3.7437793666685186 1.540482162086489 0.97536 0.0 0.0
342 10620674 -3.7659958136847997 1.5442514610373592 0.97536 0.0 0.0
343 10620674 -3.8344347653387816 1.570168074799704 0.97536 0.0 0.0
344 10620674 -3.868845482606938 1.5779309368256864 0.97536 0.0 0.0
345 10620674 -3.89412271286239 1.5897141274266333 0.97536 0.0 0.0
346 10620674 -3.8941298562517654 1.5896730301684476 0.9753560964364615 0.0 0.0
347 10620674 -3.8941369996411406 1.589631932910262 0.9753521928729229 0.0 0.0
348 10620674 -3.894144143030516 1.5895908356520763 0.9753482893093843 0.0 0.0
349 10620674 -3.8941512864198917 1.5895497383938906 0.9753443857458457 0.0 0.0
350 10620674 -3.894158429809267 1.589508641135705 0.9753404821823072 0.0 0.0
351 10620674 -3.8941655731986424 1.5894675438775192 0.9753365786187687 0.0 0.0
352 10620674 -3.894172716588018 1.5894264466193335 0.97533267505523 0.0 0.0
353 10620674 -3.8941798599773936 1.5893853493611478 0.9753287714916915 0.0 0.0
354 10620674 -3.8941870033667687 1.5893442521029622 0.9753248679281529 0.0 0.0
355 10620674 -3.8941941467561443 1.5893031548447767 0.9753209643646144 0.0 0.0
356 10620674 -3.89420129014552 1.589262057586591 0.9753170608010758 0.0 0.0
357 10620674 -3.894208433534895 1.5892209603284053 0.9753131572375372 0.0 0.0
358 10620674 -3.8942155769242706 1.5891798630702196 0.9753092536739987 0.0 0.0
359 10620674 -3.894222720313646 1.589138765812034 0.97530535011046 0.0 0.0
360 10620674 -3.8942298637030213 1.5890976685538483 0.9753014465469215 0.0 0.0
361 10620674 -3.894237007092397 1.5890565712956626 0.975297542983383 0.0 0.0
362 10620674 -3.8942441504817724 1.589015474037477 0.9752936394198444 0.0 0.0
363 10620674 -3.894251293871148 1.5889743767792912 0.9752897358563059 0.0 0.0
364 10620674 -3.894258437260523 1.5889332795211055 0.9752858322927672 0.0 0.0
365 10620674 -3.8942655806498987 1.5888921822629198 0.9752819287292287 0.0 0.0
366 10620674 -3.8942727240392743 1.5888510850047342 0.9752780251656902 0.0 0.0
367 10620674 -3.8942798674286494 1.5888099877465485 0.9752741216021515 0.0 0.0
368 10620674 -3.894287010818025 1.5887688904883628 0.975270218038613 0.0 0.0
369 10620674 -3.8942941542074005 1.588727793230177 0.9752663144750744 0.0 0.0
370 10620674 -3.8943012975967757 1.5886866959719914 0.9752624109115359 0.0 0.0
371 10620674 -3.8943084409861513 1.5886455987138057 0.9752585073479973 0.0 0.0
372 10620674 -3.894315584375527 1.58860450145562 0.9752546037844587 0.0 0.0
373 10620674 -3.8943227277649024 1.5885634041974344 0.9752507002209202 0.0 0.0
374 10620674 -3.8943298711542775 1.5885223069392487 0.9752467966573816 0.0 0.0
375 10620674 -3.894337014543653 1.5884812096810632 0.975242893093843 0.0 0.0
376 10620674 -3.8943441579330287 1.5884401124228775 0.9752389895303045 0.0 0.0
377 10620674 -3.894351301322404 1.5883990151646918 0.9752350859667659 0.0 0.0
378 10620674 -3.8943584447117794 1.5883579179065062 0.9752311824032274 0.0 0.0
379 10620674 -3.894365588101155 1.5883168206483205 0.9752272788396888 0.0 0.0
380 10620674 -3.89437273149053 1.5882757233901348 0.9752233752761502 0.0 0.0
381 10620674 -3.8943798748799057 1.588234626131949 0.9752194717126117 0.0 0.0
382 10620674 -3.8943870182692812 1.5881935288737634 0.9752155681490731 0.0 0.0
383 10620674 -3.8943941616586564 1.5881524316155777 0.9752116645855345 0.0 0.0
384 10620674 -3.894401305048032 1.588111334357392 0.975207761021996 0.0 0.0
385 10620674 -3.8944084484374075 1.5880702370992064 0.9752038574584574 0.0 0.0
386 10620674 -3.894415591826783 1.5880291398410207 0.9751999538949189 0.0 0.0
387 10620674 -3.8944227352161582 1.587988042582835 0.9751960503313802 0.0 0.0
388 10620674 -3.894429878605534 1.5879469453246493 0.9751921467678417 0.0 0.0
389 10620674 -3.8944370219949094 1.5879058480664636 0.9751882432043032 0.0 0.0
390 10620674 -3.8944441653842845 1.587864750808278 0.9751843396407646 0.0 0.0
391 10620674 -3.89445130877366 1.5878236535500923 0.975180436077226 0.0 0.0
392 10620674 -3.8944584521630357 1.5877825562919066 0.9751765325136874 0.0 0.0
393 10620674 -3.894465595552411 1.5877414590337209 0.9751726289501489 0.0 0.0
394 10620674 -3.8944727389417864 1.5877003617755352 0.9751687253866104 0.0 0.0
395 10620674 -3.894479882331162 1.5876592645173497 0.9751648218230717 0.0 0.0
396 10620674 -3.8944870257205375 1.587618167259164 0.9751609182595332 0.0 0.0
397 10620674 -3.8944941691099126 1.5875770700009784 0.9751570146959946 0.0 0.0
398 10620674 -3.894501312499288 1.5875359727427927 0.9751531111324561 0.0 0.0
399 10620674 -3.894508455888664 1.587494875484607 0.9751492075689175 0.0 0.0
400 10620674 -3.894515599278039 1.5874537782264213 0.9751453040053789 0.0 0.0
401 10620674 -3.8945227426674145 1.5874126809682356 0.9751414004418404 0.0 0.0
402 10620674 -3.89452988605679 1.58737158371005 0.9751374968783018 0.0 0.0
403 10620674 -3.894537029446165 1.5873304864518643 0.9751335933147632 0.0 0.0
404 10620674 -3.8945441728355408 1.5872893891936786 0.9751296897512247 0.0 0.0
405 10620674 -3.8945513162249163 1.5872482919354929 0.9751257861876861 0.0 0.0
