31806 10561439 0.005395122822505806 0.056706995313328734 0.33528 -0.6390847452722221 -1.956002787820186
31807 10561439 0.006663157176216109 0.05377724369901746 0.33528 -0.6390847452722221 -1.956002787820186
31808 10561439 0.00793119152992641 0.05084749208470618 0.33528 -0.6390847452722221 -1.956002787820186
31809 10561439 0.009199225883636714 0.047917740470394904 0.33528 -0.6390847452722221 -1.956002787820186
31810 10561439 0.010467260237347016 0.04498798885608363 0.33528 -0.6390847452722221 -1.956002787820186
31811 10561439 0.011735294591057318 0.04205823724177235 0.33528 -0.6390847452722221 -1.956002787820186
31812 10561439 0.013003328944767622 0.039128485627461074 0.33528 -0.6390847452722221 -1.956002787820186
31813 10561439 0.014271363298477923 0.0361987340131498 0.33528 -0.6390847452722221 -1.956002787820186
31814 10561439 0.015539397652188225 0.03326898239883852 0.33528 -0.6390847452722221 -1.956002787820186
31815 10561439 0.01680743200589853 0.030339230784527244 0.33528 -0.6390847452722221 -1.956002787820186
31816 10561439 0.01807546635960883 0.027409479170215967 0.33528 -0.6390847452722221 -1.956002787820186
31817 10561439 0.019343500713319133 0.02447972755590469 0.33528 -0.6390847452722221 -1.956002787820186
31818 10561439 0.020611535067029434 0.021549975941593413 0.33528 -0.6390847452722221 -1.956002787820186
31819 10561439 0.02187956942073974 0.018620224327282137 0.33528 -0.6390847452722221 -1.956002787820186
31820 10561439 0.02314760377445004 0.01569047271297086 0.33528 -0.6390847452722221 -1.956002787820186
31821 10561439 0.024415638128160343 0.012760721098659583 0.33528 -0.6390847452722221 -1.956002787820186
31822 10561439 0.025683672481870645 0.009830969484348306 0.33528 -0.6390847452722221 -1.956002787820186
31823 10561439 0.02943301989005609 0.009481747677461905 0.33528 -0.6390847452722221 -1.956002787820186
31824 10561439 0.03318236729824153 0.009132525870575503 0.33528 -0.6390847452722221 -1.956002787820186
31825 10561439 0.03693171470642698 0.008783304063689101 0.33528 -0.6390847452722221 -1.956002787820186
31826 10561439 0.04068106211461242 0.0084340822568027 0.33528 -0.6390847452722221 -1.956002787820186
31827 10561439 0.05278693056992957 0.008417846483140862 0.33528 -0.6390847452722221 -1.956002787820186
31828 10561439 0.06489279902524672 0.008401610709479024 0.33528 -0.6390847452722221 -1.956002787820186
31829 10561439 0.07699866748056386 0.008385374935817187 0.33528 -0.6390847452722221 -1.956002787820186
31830 10561439 0.08910453593588101 0.00836913916215535 0.33528 -0.6390847452722221 -1.956002787820186
31831 10561439 0.10121040439119816 0.008352903388493512 0.33528 -0.6390847452722221 -1.956002787820186
31832 10561439 0.1133162728465153 0.008336667614831676 0.33528 -0.6390847452722221 -1.956002787820186
31833 10561439 0.12542214130183243 0.008320431841169838 0.33528 -0.6390847452722221 -1.956002787820186
31834 10561439 0.1375280097571496 0.008304196067508 0.33528 -0.6390847452722221 -1.956002787820186
31835 10561439 0.14963387821246676 0.008287960293846163 0.33528 -0.6390847452722221 -1.956002787820186
31836 10561439 0.1617397466677839 0.008271724520184326 0.33528 -0.6390847452722221 -1.956002787820186
31837 10561439 0.17384561512310104 0.008255488746522488 0.33528 -0.6390847452722221 -1.956002787820186
31838 10561439 0.20549000466279407 0.008156017021809828 0.33528 -0.6390847452722221 -1.956002787820186
31839 10561439 0.2371343942024871 0.00805654529709717 0.33528 -0.6390847452722221 -1.956002787820186
31840 10561439 0.26877878374218017 0.00795707357238451 0.33528 -0.6390847452722221 -1.956002787820186
31841 10561439 0.3004231732818732 0.00785760184767185 0.33528 -0.6390847452722221 -1.956002787820186
31842 10561439 0.33206756282156624 0.007758130122959191 0.33528 -0.6390847452722221 -1.956002787820186
31843 10561439 0.3637119523612593 0.007658658398246532 0.33528 -0.6390847452722221 -1.956002787820186
31844 10561439 0.39535634190095237 0.007559186673533873 0.33528 -0.6390847452722221 -1.956002787820186
31845 10561439 0.4270007314406454 0.007459714948821213 0.33528 -0.6390847452722221 -1.956002787820186
31846 10561439 0.45864512098033844 0.007360243224108554 0.33528 -0.6390847452722221 -1.956002787820186
31847 10561439 0.4879195194756747 0.007257083114147734 0.33528 -0.6390847452722221 -1.956002787820186
31848 10561439 0.517193917971011 0.007153923004186914 0.33528 -0.6390847452722221 -1.956002787820186
31849 10561439 0.5528096511511067 0.007432230448674328 0.33528 -0.6390847452722221 -1.956002787820186
31850 10561439 0.5884253843312024 0.007710537893161742 0.33528 -0.6390847452722221 -1.956002787820186
31851 10561439 0.6228718787785004 0.00848798116843047 0.33528 -0.6390847452722221 -1.956002787820186
31852 10561439 0.6749972812567742 0.006292782817393067 0.33528 -0.6390847452722221 -1.956002787820186
31853 10561439 0.6909932402816238 0.006323315375165117 0.33528 -0.6390847452722221 -1.956002787820186
31854 10561439 0.7316965499946403 0.006411246355156512 0.34036 -0.6390847452722221 -1.956002787820186
31855 10561439 0.7723998597076567 0.006499177335147907 0.34544 -0.6390847452722221 -1.956002787820186
31856 10561439 0.8131031694206732 0.006587108315139301 0.35052000000000005 -0.6390847452722221 -1.956002787820186
31857 10561439 0.8538064791336897 0.006675039295130696 0.3556 -0.6390847452722221 -1.956002787820186
31858 10561439 0.8945097888467062 0.006762970275122091 0.36068 -0.6390847452722221 -1.956002787820186
31859 10561439 0.9352130985597227 0.006850901255113485 0.36576000000000003 -0.6390847452722221 -1.956002787820186
31860 10561439 0.9759164082727391 0.00693883223510488 0.37084000000000006 -0.6390847452722221 -1.956002787820186
31861 10561439 1.0166197179857557 0.007026763215096275 0.37592000000000003 -0.6390847452722221 -1.956002787820186
31862 10561439 1.057323027698772 0.0071146941950876695 0.381 -0.6390847452722221 -1.956002787820186
31863 10561439 1.0980263374117885 0.007202625175079064 0.38608000000000003 -0.6390847452722221 -1.956002787820186
31864 10561439 1.138729647124805 0.007290556155070459 0.39116000000000006 -0.6390847452722221 -1.956002787820186
31865 10561439 1.1794329568378215 0.007378487135061854 0.39624000000000004 -0.6390847452722221 -1.956002787820186
31866 10561439 1.20504985728887 0.008589628279174269 0.39624000000000004 -0.6390847452722221 -1.956002787820186
31867 10561439 1.2461596315157557 0.012099712247738315 0.39624000000000004 -0.6390847452722221 -1.956002787820186
31868 10561439 1.2824644374056295 0.012682054615591534 0.39624000000000004 -0.6390847452722221 -1.956002787820186
31869 10561439 1.3187692432955034 0.013264396983444754 0.39624000000000004 -0.6390847452722221 -1.956002787820186
31870 10561439 1.3550740491853772 0.013846739351297974 0.39624000000000004 -0.6390847452722221 -1.956002787820186
31871 10561439 1.4015505212712767 0.014757700557419352 0.39624000000000004 -0.6390847452722221 -1.956002787820186
31872 10561439 1.448026993357176 0.01566866176354073 0.39624000000000004 -0.6390847452722221 -1.956002787820186
31873 10561439 1.484236985651521 0.015056080317988288 0.39624000000000004 -0.6390847452722221 -1.956002787820186
31874 10561439 1.5011727915262467 0.015248576157726193 0.39624000000000004 -0.6390847452722221 -1.956002787820186
31875 10561439 1.5676652347027966 0.014908761436398854 0.42672000000000004 -0.6390847452722221 -1.956002787820186
31876 10561439 1.6006653317028636 0.01534516114893128 0.42672000000000004 -0.6390847452722221 -1.956002787820186
31877 10561439 1.6543563318336294 0.008439621034360856 0.42672000000000004 -0.6390847452722221 -1.956002787820186
31878 10561439 1.7116768766086188 0.009928498074004505 0.42672000000000004 -0.6390847452722221 -1.956002787820186
31879 10561439 1.7522624494285255 0.0036824917966978843 0.42672000000000004 -0.6390847452722221 -1.956002787820186
31880 10561439 1.774943581830715 0.005153371399453127 0.42672000000000004 -0.6390847452722221 -1.956002787820186
31881 10561439 1.8222494116528267 0.0004512551140223031 0.45720000000000005 -0.6390847452722221 -1.956002787820186
31882 10561439 1.8453536890900848 0.0004991039451952284 0.45720000000000005 -0.6390847452722221 -1.956002787820186
31883 10561439 1.9123042663957672 0.0004799463417555494 0.45720000000000005 -0.6390847452722221 -1.956002787820186
31884 10561439 1.950827149799033 -0.0039231176046428395 0.45720000000000005 -0.6390847452722221 -1.956002787820186
31885 10561439 1.9934578211882545 -0.004176844087746878 0.45720000000000005 -0.6390847452722221 -1.956002787820186
31886 10561439 2.02668629206066 -0.004397302655446522 0.45720000000000005 -0.6390847452722221 -1.956002787820186
31887 10561439 2.0592252643069715 -0.006728803669029018 0.45720000000000005 -0.6390847452722221 -1.956002787820186
31888 10561439 2.091764236553283 -0.009060304682611514 0.45720000000000005 -0.6390847452722221 -1.956002787820186
31889 10561439 2.131547160322315 -0.015042095374601244 0.45720000000000005 -0.6390847452722221 -1.956002787820186
31890 10561439 2.171618278327349 -0.018781364627639657 0.45720000000000005 -0.6390847452722221 -1.956002787820186
31891 10561439 2.211278527403893 -0.019699392053105752 0.45720000000000005 -0.6390847452722221 -1.956002787820186
31892 10561439 2.2585037154571124 -0.024372388135473294 0.48768 -0.6390847452722221 -1.956002787820186
31893 10561439 2.3020370940412933 -0.028657367696798414 0.48768 -0.6390847452722221 -1.956002787820186
31894 10561439 2.35126029249553 -0.028842102671339548 0.48768 -0.6390847452722221 -1.956002787820186
31895 10561439 2.391986128344517 -0.030574388999006247 0.48768 -0.6390847452722221 -1.956002787820186
31896 10561439 2.4232274931956566 -0.03551798334438014 0.48768 -0.6390847452722221 -1.956002787820186
31897 10561439 2.4702462438513475 -0.04000540014658485 0.48768 -0.6390847452722221 -1.956002787820186
31898 10561439 2.501075065820414 -0.04458032265900316 0.48768 -0.6390847452722221 -1.956002787820186
31899 10561439 2.548311351640911 -0.0494887129974336 0.5181600000000001 -0.6390847452722221 -1.956002787820186
31900 10561439 2.5875231735954207 -0.05177698911485787 0.5181600000000001 -0.6390847452722221 -1.956002787820186
31901 10561439 2.6284432392815456 -0.054272300733691076 0.5181600000000001 -0.6390847452722221 -1.956002787820186
31902 10561439 2.6589510391413 -0.058741743793437357 0.5181600000000001 -0.6390847452722221 -1.956002787820186
31903 10561439 2.7061872157132005 -0.06364907900727454 0.5181600000000001 -0.6390847452722221 -1.956002787820186
31904 10561439 2.744941095668353 -0.06461884973549545 0.5181600000000001 -0.6390847452722221 -1.956002787820186
31905 10561439 2.781538640484733 -0.06675356383394951 0.5181600000000001 -0.6390847452722221 -1.956002787820186
31906 10561439 2.819578559067252 -0.07262983008470494 0.54864 -0.6390847452722221 -1.956002787820186
31907 10561439 2.882451007039829 -0.08240673996681955 0.54864 -0.6390847452722221 -1.956002787820186
31908 10561439 2.9050022240419153 -0.08567962568326362 0.54864 -0.6390847452722221 -1.956002787820186
31909 10561439 2.931251574067097 -0.08823209561633377 0.54864 -0.6390847452722221 -1.956002787820186
31910 10561439 2.9575009240922787 -0.09078456554940392 0.54864 -0.6390847452722221 -1.956002787820186
31911 10561439 2.9979925171502337 -0.10003011299545025 0.54864 -0.6390847452722221 -1.956002787820186
31912 10561439 3.034654085589792 -0.11012793799716328 0.54864 -0.6390847452722221 -1.956002787820186
31913 10561439 3.0714969582785514 -0.12402283871447037 0.57912 -0.6390847452722221 -1.956002787820186
31914 10561439 3.1228058063287856 -0.144741878487292 0.57912 -0.6390847452722221 -1.956002787820186
31915 10561439 3.1580902233051047 -0.15742669200626844 0.57912 -0.6390847452722221 -1.956002787820186
31916 10561439 3.1950666372392504 -0.17907423044926232 0.57912 -0.6390847452722221 -1.956002787820186
31917 10561439 3.2267714622179664 -0.19619742236998025 0.57912 -0.6390847452722221 -1.956002787820186
31918 10561439 3.267805842140124 -0.2201034324618832 0.57912 -0.6390847452722221 -1.956002787820186
31919 10561439 3.2865436892185516 -0.236148175455455 0.57912 -0.6390847452722221 -1.956002787820186
31920 10561439 3.3274261862096983 -0.26596168369578965 0.57912 -0.6390847452722221 -1.956002787820186
31921 10561439 3.367243080539464 -0.29495984098694716 0.57912 -0.6390847452722221 -1.956002787820186
31922 10561439 3.3947963063392494 -0.3152828849140863 0.57912 -0.6390847452722221 -1.956002787820186
31923 10561439 3.427113642805489 -0.34685605428585 0.57912 -0.6390847452722221 -1.956002787820186
31924 10561439 3.464876362726069 -0.38079009641318884 0.57912 -0.6390847452722221 -1.956002787820186
31925 10561439 3.4952448010049935 -0.4128949065602573 0.57912 -0.6390847452722221 -1.956002787820186
31926 10561439 3.5118841695502963 -0.4312910643867176 0.57912 -0.6390847452722221 -1.956002787820186
31927 10561439 3.528523538095599 -0.4496872222131779 0.57912 -0.6390847452722221 -1.956002787820186
31928 10561439 3.567484971798997 -0.49627690569783944 0.6096 -0.6390847452722221 -1.956002787820186
31929 10561439 3.5817942704784365 -0.520453969589814 0.6096 -0.6390847452722221 -1.956002787820186
31930 10561439 3.616423768330768 -0.5639942028040968 0.6096 -0.6390847452722221 -1.956002787820186
31931 10561439 3.655727129364389 -0.617703301898754 0.6096 -0.6390847452722221 -1.956002787820186
31932 10561439 3.683916333230302 -0.6554034642370329 0.6096 -0.6390847452722221 -1.956002787820186
31933 10561439 3.706759715053808 -0.6994191311753764 0.6096 -0.6390847452722221 -1.956002787820186
31934 10561439 3.7319208946066587 -0.7406865365098996 0.6096 -0.6390847452722221 -1.956002787820186
31935 10561439 3.757655920271592 -0.7815569262438534 0.6096 -0.6390847452722221 -1.956002787820186
31936 10561439 3.786622001678232 -0.8288546278618871 0.6096 -0.6390847452722221 -1.956002787820186
31937 10561439 3.796210822170809 -0.8484535213277867 0.6400800000000001 -0.6390847452722221 -1.956002787820186
31938 10561439 3.830685026946904 -0.914251891521903 0.6400800000000001 -0.6390847452722221 -1.956002787820186
31939 10561439 3.847641720903783 -0.9466506022934439 0.6400800000000001 -0.6390847452722221 -1.956002787820186
31940 10561439 3.8662554562499434 -0.993023016493419 0.6400800000000001 -0.6390847452722221 -1.956002787820186
31941 10561439 3.888193471181437 -1.0428160236554067 0.6400800000000001 -0.6390847452722221 -1.956002787820186
31942 10561439 3.9078756790423705 -1.0859155949523969 0.6400800000000001 -0.6390847452722221 -1.956002787820186
31943 10561439 3.9310680613848277 -1.1264222574854434 0.6400800000000001 -0.6390847452722221 -1.956002787820186
31944 10561439 3.9569240379574238 -1.188706605118443 0.6400800000000001 -0.6390847452722221 -1.956002787820186
31945 10561439 3.9679799571511882 -1.2133390781781326 0.6400800000000001 -0.6390847452722221 -1.956002787820186
31946 10561439 3.995430029613445 -1.27754477179399 0.67056 -0.6390847452722221 -1.956002787820186
31947 10561439 4.001843054737892 -1.3000784184060585 0.67056 -0.6390847452722221 -1.956002787820186
31948 10561439 4.0082560798623375 -1.322612065018127 0.67056 -0.6390847452722221 -1.956002787820186
31949 10561439 4.028543848664553 -1.377472325588037 0.67056 -0.6390847452722221 -1.956002787820186
31950 10561439 4.051557431713137 -1.4430334977797565 0.67056 -0.6390847452722221 -1.956002787820186
31951 10561439 4.066837371424807 -1.4914706420860886 0.67056 -0.6390847452722221 -1.956002787820186
31952 10561439 4.0829336420662665 -1.5346839546686564 0.67056 -0.6390847452722221 -1.956002787820186
31953 10561439 4.091875534718582 -1.5753298209321471 0.67056 -0.6390847452722221 -1.956002787820186
31954 10561439 4.110877988398257 -1.6395818672582196 0.67056 -0.6390847452722221 -1.956002787820186
31955 10561439 4.122705278814411 -1.6781900851277727 0.67056 -0.6390847452722221 -1.956002787820186
31956 10561439 4.134532569230566 -1.7167983029973255 0.67056 -0.6390847452722221 -1.956002787820186
31957 10561439 4.148025273530951 -1.766637459681886 0.6858000000000001 -0.6390847452722221 -1.956002787820186
31958 10561439 4.161517977831338 -1.8164766163664463 0.7010400000000001 -0.6390847452722221 -1.956002787820186
31959 10561439 4.175401893862035 -1.8637566320880319 0.7010400000000001 -0.6390847452722221 -1.956002787820186
31960 10561439 4.189708957101393 -1.9165476121135716 0.7010400000000001 -0.6390847452722221 -1.956002787820186
31961 10561439 4.204016020340752 -1.9693385921391113 0.7010400000000001 -0.6390847452722221 -1.956002787820186
31962 10561439 4.2188176232749415 -2.019253696245199 0.7010400000000001 -0.6390847452722221 -1.956002787820186
31963 10561439 4.230936098735876 -2.069228021280252 0.7010400000000001 -0.6390847452722221 -1.956002787820186
31964 10561439 4.248078731130372 -2.1160517878475416 0.7010400000000001 -0.6390847452722221 -1.956002787820186
31965 10561439 4.264395324806279 -2.1654093623665935 0.7010400000000001 -0.6390847452722221 -1.956002787820186
31966 10561439 4.283071889005197 -2.2252313815034204 0.7010400000000001 -0.6390847452722221 -1.956002787820186
31967 10561439 4.291527406766306 -2.25485441977377 0.73152 -0.6390847452722221 -1.956002787820186
31968 10561439 4.304030421603489 -2.2881335125892264 0.73152 -0.6390847452722221 -1.956002787820186
31969 10561439 4.316533436440672 -2.321412605404683 0.73152 -0.6390847452722221 -1.956002787820186
31970 10561439 4.341745145293502 -2.3938778589542924 0.73152 -0.6390847452722221 -1.956002787820186
31971 10561439 4.365240083142043 -2.4552704610051834 0.73152 -0.6390847452722221 -1.956002787820186
31972 10561439 4.382305299046056 -2.5020678784678974 0.73152 -0.6390847452722221 -1.956002787820186
31973 10561439 4.395338535143878 -2.5290951162425857 0.73152 -0.6390847452722221 -1.956002787820186
31974 10561439 4.425403475387762 -2.6030252655518926 0.73152 -0.6390847452722221 -1.956002787820186
31975 10561439 4.4335522733972015 -2.6270578339911714 0.73152 -0.6390847452722221 -1.956002787820186
31976 10561439 4.463583990788785 -2.701093458424209 0.73152 -0.6390847452722221 -1.956002787820186
31977 10561439 4.479035996654939 -2.7381365440570207 0.73152 -0.6390847452722221 -1.956002787820186
31978 10561439 4.500943072190549 -2.785343886095211 0.762 -0.6390847452722221 -1.956002787820186
31979 10561439 4.5272731092419525 -2.8554851667771497 0.762 -0.6390847452722221 -1.956002787820186
31980 10561439 4.54553396699845 -2.9032552290608513 0.762 -0.6390847452722221 -1.956002787820186
31981 10561439 4.567557386616827 -2.948747870462232 0.762 -0.6390847452722221 -1.956002787820186
31982 10561439 4.577003447540944 -2.9734364797482513 0.762 -0.6390847452722221 -1.956002787820186
31983 10561439 4.586449508465061 -2.9981250890342706 0.762 -0.6390847452722221 -1.956002787820186
31984 10561439 4.605743555391016 -3.0468155749342234 0.762 -0.6390847452722221 -1.956002787820186
31985 10561439 4.626207368334649 -3.098456963250682 0.762 -0.6390847452722221 -1.956002787820186
31986 10561439 4.649183903856048 -3.146478920505269 0.762 -0.6390847452722221 -1.956002787820186
31987 10561439 4.648679852084311 -3.1468114975199017 0.7620177663791093 -0.6390847452722221 -1.956002787820186
31988 10561439 4.648175800312575 -3.1471440745345345 0.7620355327582187 -0.6390847452722221 -1.956002787820186
31989 10561439 4.647671748540838 -3.1474766515491672 0.7620532991373281 -0.6390847452722221 -1.956002787820186
31990 10561439 4.6471676967691025 -3.1478092285638 0.7620710655164374 -0.6390847452722221 -1.956002787820186
31991 10561439 4.646663644997366 -3.1481418055784327 0.7620888318955468 -0.6390847452722221 -1.956002787820186
31992 10561439 4.646159593225629 -3.148474382593065 0.7621065982746561 -0.6390847452722221 -1.956002787820186
31993 10561439 4.645655541453893 -3.1488069596076977 0.7621243646537654 -0.6390847452722221 -1.956002787820186
31994 10561439 4.645151489682156 -3.1491395366223305 0.7621421310328748 -0.6390847452722221 -1.956002787820186
31995 10561439 4.64464743791042 -3.149472113636963 0.7621598974119842 -0.6390847452722221 -1.956002787820186
31996 10561439 4.644143386138684 -3.149804690651596 0.7621776637910935 -0.6390847452722221 -1.956002787820186
31997 10561439 4.643639334366948 -3.1501372676662287 0.7621954301702029 -0.6390847452722221 -1.956002787820186
31998 10561439 4.643135282595211 -3.1504698446808614 0.7622131965493122 -0.6390847452722221 -1.956002787820186
31999 10561439 4.642631230823475 -3.150802421695494 0.7622309629284215 -0.6390847452722221 -1.956002787820186
32000 10561439 4.642127179051738 -3.151134998710127 0.762248729307531 -0.6390847452722221 -1.956002787820186
32001 10561439 4.641623127280002 -3.1514675757247597 0.7622664956866403 -0.6390847452722221 -1.956002787820186
32002 10561439 4.641119075508265 -3.151800152739392 0.7622842620657496 -0.6390847452722221 -1.956002787820186
32003 10561439 4.64061502373653 -3.1521327297540247 0.762302028444859 -0.6390847452722221 -1.956002787820186
32004 10561439 4.640110971964793 -3.1524653067686574 0.7623197948239683 -0.6390847452722221 -1.956002787820186
32005 10561439 4.6396069201930565 -3.15279788378329 0.7623375612030776 -0.6390847452722221 -1.956002787820186
32005 10602665 0.3110997044443715 0.004289281650497856 0.37338 -0.6390847452722221 -1.956002787820186
32006 10561439 4.63910286842132 -3.153130460797923 0.762355327582187 -0.6390847452722221 -1.956002787820186
32006 10602665 0.3274626067082192 0.004082338358286058 0.37338 -0.6390847452722221 -1.956002787820186
32007 10602665 0.3438255089720669 0.003875395066074261 0.37338 -0.6390847452722221 -1.956002787820186
32007 10561439 4.6385988166495835 -3.1534630378125557 0.7623730939612964 -0.6390847452722221 -1.956002787820186
32008 10561439 4.638094764877847 -3.1537956148271884 0.7623908603404057 -0.6390847452722221 -1.956002787820186
32008 10602665 0.36131853375028783 0.004409077997670222 0.37338 -0.6390847452722221 -1.956002787820186
32009 10561439 4.637590713106111 -3.154128191841821 0.762408626719515 -0.6390847452722221 -1.956002787820186
32009 10602665 0.3788115585285088 0.004942760929266182 0.37338 -0.6390847452722221 -1.956002787820186
32010 10561439 4.637086661334375 -3.154460768856454 0.7624263930986244 -0.6390847452722221 -1.956002787820186
32010 10602665 0.3927783669974543 0.0052853105443823045 0.37338 -0.6390847452722221 -1.956002787820186
32011 10602665 0.408991990192385 0.004893647047369026 0.37338 -0.6390847452722221 -1.956002787820186
32011 10561439 4.636582609562638 -3.1547933458710866 0.7624441594777337 -0.6390847452722221 -1.956002787820186
32012 10602665 0.40918613515223934 0.004893293138843675 0.37338 -0.6390847452722221 -1.956002787820186
32012 10561439 4.636078557790902 -3.155125922885719 0.7624619258568431 -0.6390847452722221 -1.956002787820186
32013 10561439 4.635574506019165 -3.1554584999003517 0.7624796922359525 -0.6390847452722221 -1.956002787820186
32013 10602665 0.4093802801120936 0.004892939230318323 0.37338 -0.6390847452722221 -1.956002787820186
32014 10561439 4.635070454247429 -3.1557910769149844 0.7624974586150618 -0.6390847452722221 -1.956002787820186
32014 10602665 0.4095744250719479 0.004892585321792972 0.37338 -0.6390847452722221 -1.956002787820186
32015 10561439 4.634566402475693 -3.156123653929617 0.7625152249941711 -0.6390847452722221 -1.956002787820186
32015 10602665 0.4097685700318022 0.004892231413267621 0.37338 -0.6390847452722221 -1.956002787820186
32016 10602665 0.4099627149916565 0.00489187750474227 0.37338 -0.6390847452722221 -1.956002787820186
32016 10561439 4.634062350703957 -3.15645623094425 0.7625329913732805 -0.6390847452722221 -1.956002787820186
32017 10561439 4.63355829893222 -3.1567888079588826 0.7625507577523899 -0.6390847452722221 -1.956002787820186
32017 10602665 0.4101568599515108 0.004891523596216918 0.37338 -0.6390847452722221 -1.956002787820186
32018 10561439 4.633054247160484 -3.1571213849735154 0.7625685241314992 -0.6390847452722221 -1.956002787820186
32018 10602665 0.41035100491136506 0.004891169687691567 0.37338 -0.6390847452722221 -1.956002787820186
32019 10561439 4.632550195388747 -3.157453961988148 0.7625862905106086 -0.6390847452722221 -1.956002787820186
32019 10602665 0.4105451498712194 0.004890815779166216 0.37338 -0.6390847452722221 -1.956002787820186
32020 10602665 0.4107392948310737 0.004890461870640864 0.37338 -0.6390847452722221 -1.956002787820186
32020 10561439 4.632046143617011 -3.157786539002781 0.7626040568897179 -0.6390847452722221 -1.956002787820186
32021 10561439 4.631542091845274 -3.1581191160174136 0.7626218232688272 -0.6390847452722221 -1.956002787820186
32021 10602665 0.41093343979092795 0.004890107962115513 0.37338 -0.6390847452722221 -1.956002787820186
32022 10602665 0.41112758475078226 0.0048897540535901615 0.37338 -0.6390847452722221 -1.956002787820186
32022 10561439 4.6310380400735385 -3.158451693032046 0.7626395896479365 -0.6390847452722221 -1.956002787820186
32023 10561439 4.630533988301802 -3.1587842700466786 0.762657356027046 -0.6390847452722221 -1.956002787820186
32023 10602665 0.4113217297106366 0.0048894001450648095 0.37338 -0.6390847452722221 -1.956002787820186
32024 10561439 4.6300299365300654 -3.1591168470613114 0.7626751224061553 -0.6390847452722221 -1.956002787820186
32024 10602665 0.41151587467049083 0.004889046236539458 0.37338 -0.6390847452722221 -1.956002787820186
32025 10561439 4.629525884758329 -3.159449424075944 0.7626928887852646 -0.6390847452722221 -1.956002787820186
32025 10602665 0.41171001963034515 0.004888692328014107 0.37338 -0.6390847452722221 -1.956002787820186
32026 10561439 4.629021832986592 -3.159782001090577 0.762710655164374 -0.6390847452722221 -1.956002787820186
32026 10602665 0.41190416459019946 0.004888338419488756 0.37338 -0.6390847452722221 -1.956002787820186
32027 10602665 0.4120983095500537 0.004887984510963404 0.37338 -0.6390847452722221 -1.956002787820186
32027 10561439 4.628517781214856 -3.1601145781052096 0.7627284215434833 -0.6390847452722221 -1.956002787820186
32028 10561439 4.62801372944312 -3.1604471551198423 0.7627461879225927 -0.6390847452722221 -1.956002787820186
32028 10602665 0.41229245450990804 0.004887630602438053 0.37338 -0.6390847452722221 -1.956002787820186
32029 10561439 4.627509677671384 -3.160779732134475 0.7627639543017021 -0.6390847452722221 -1.956002787820186
32029 10602665 0.4124865994697623 0.004887276693912702 0.37338 -0.6390847452722221 -1.956002787820186
32030 10561439 4.627005625899647 -3.161112309149108 0.7627817206808114 -0.6390847452722221 -1.956002787820186
32030 10602665 0.4126807444296166 0.00488692278538735 0.37338 -0.6390847452722221 -1.956002787820186
32031 10561439 4.626501574127911 -3.1614448861637405 0.7627994870599207 -0.6390847452722221 -1.956002787820186
32031 10602665 0.4128748893894709 0.004886568876861999 0.37338 -0.6390847452722221 -1.956002787820186
32032 10561439 4.625997522356174 -3.1617774631783733 0.7628172534390301 -0.6390847452722221 -1.956002787820186
32032 10602665 0.4130690343493252 0.004886214968336648 0.37338 -0.6390847452722221 -1.956002787820186
32033 10561439 4.625493470584438 -3.1621100401930056 0.7628350198181394 -0.6390847452722221 -1.956002787820186
32033 10602665 0.4132631793091795 0.004885861059811296 0.37338 -0.6390847452722221 -1.956002787820186
32034 10602665 0.4134573242690338 0.004885507151285945 0.37338 -0.6390847452722221 -1.956002787820186
32034 10561439 4.624989418812701 -3.1624426172076383 0.7628527861972488 -0.6390847452722221 -1.956002787820186
32035 10602665 0.41365146922888807 0.0048851532427605935 0.37338 -0.6390847452722221 -1.956002787820186
32035 10561439 4.624485367040966 -3.162775194222271 0.7628705525763582 -0.6390847452722221 -1.956002787820186
32036 10561439 4.623981315269229 -3.163107771236904 0.7628883189554675 -0.6390847452722221 -1.956002787820186
32036 10602665 0.4138456141887424 0.004884799334235242 0.37338 -0.6390847452722221 -1.956002787820186
32037 10561439 4.6234772634974926 -3.1634403482515365 0.7629060853345768 -0.6390847452722221 -1.956002787820186
32037 10602665 0.4140397591485967 0.00488444542570989 0.37338 -0.6390847452722221 -1.956002787820186
32038 10561439 4.622973211725756 -3.1637729252661693 0.7629238517136862 -0.6390847452722221 -1.956002787820186
32038 10602665 0.41423390410845096 0.004884091517184539 0.37338 -0.6390847452722221 -1.956002787820186
32039 10602665 0.41442804906830527 0.004883737608659188 0.37338 -0.6390847452722221 -1.956002787820186
32039 10561439 4.6224691599540195 -3.164105502280802 0.7629416180927955 -0.6390847452722221 -1.956002787820186
32040 10602665 0.4146221940281596 0.004883383700133836 0.37338 -0.6390847452722221 -1.956002787820186
32040 10561439 4.621965108182283 -3.1644380792954347 0.7629593844719049 -0.6390847452722221 -1.956002787820186
32041 10561439 4.621461056410547 -3.1647706563100675 0.7629771508510143 -1.5869194662810213 -2.024326912220049
32041 10602665 0.41481633898801384 0.004883029791608485 0.37338 -1.5869194662810213 -2.024326912220049
32042 10561439 4.620957004638811 -3.1651032333247002 0.7629949172301236 -1.5869194662810213 -2.024326912220049
32042 10602665 0.41501048394786816 0.004882675883083134 0.37338 -1.5869194662810213 -2.024326912220049
32043 10561439 4.620452952867074 -3.1654358103393325 0.7630126836092329 -1.5869194662810213 -2.024326912220049
32043 10602665 0.4152046289077224 0.004882321974557782 0.37338 -1.5869194662810213 -2.024326912220049
32044 10561439 4.619948901095338 -3.1657683873539653 0.7630304499883422 -1.5869194662810213 -2.024326912220049
32044 10602665 0.41539877386757673 0.004881968066032431 0.37338 -1.5869194662810213 -2.024326912220049
32045 10561439 4.619444849323601 -3.166100964368598 0.7630482163674517 -1.5869194662810213 -2.024326912220049
32045 10602665 0.41559291882743105 0.00488161415750708 0.37338 -1.5869194662810213 -2.024326912220049
32046 10602665 0.4157870637872853 0.004881260248981729 0.37338 -1.5869194662810213 -2.024326912220049
32046 10561439 4.618940797551865 -3.1664335413832307 0.763065982746561 -1.5869194662810213 -2.024326912220049
32047 10602665 0.4159812087471396 0.004880906340456377 0.37338 -1.5869194662810213 -2.024326912220049
32048 10602665 0.41617535370699393 0.0048805524319310255 0.37338 -1.5869194662810213 -2.024326912220049
32049 10602665 0.4163694986668482 0.004880198523405674 0.37338 -1.5869194662810213 -2.024326912220049
32050 10602665 0.4165636436267025 0.004879844614880322 0.37338 -1.5869194662810213 -2.024326912220049
32051 10602665 0.4167577885865568 0.004879490706354971 0.37338 -1.5869194662810213 -2.024326912220049
32052 10602665 0.4169519335464111 0.00487913679782962 0.37338 -1.5869194662810213 -2.024326912220049
32053 10602665 0.4171460785062654 0.004878782889304268 0.37338 -1.5869194662810213 -2.024326912220049
32054 10602665 0.41734022346611965 0.004878428980778917 0.37338 -1.5869194662810213 -2.024326912220049
32055 10602665 0.41753436842597397 0.004878075072253566 0.37338 -1.5869194662810213 -2.024326912220049
32056 10602665 0.4177285133858283 0.004877721163728215 0.37338 -1.5869194662810213 -2.024326912220049
32057 10602665 0.41792265834568254 0.004877367255202863 0.37338 -1.5869194662810213 -2.024326912220049
32058 10602665 0.41811680330553685 0.004877013346677512 0.37338 -1.5869194662810213 -2.024326912220049
32059 10602665 0.41831094826539117 0.004876659438152161 0.37338 -1.5869194662810213 -2.024326912220049
32060 10602665 0.41850509322524543 0.004876305529626809 0.37338 -1.5869194662810213 -2.024326912220049
32061 10602665 0.41869923818509974 0.0048759516211014575 0.37338 -1.5869194662810213 -2.024326912220049
32062 10602665 0.41889338314495406 0.004875597712576106 0.37338 -1.5869194662810213 -2.024326912220049
32063 10602665 0.4190875281048083 0.004875243804050754 0.37338 -1.5869194662810213 -2.024326912220049
32064 10602665 0.41928167306466263 0.004874889895525403 0.37338 -1.5869194662810213 -2.024326912220049
32065 10602665 0.41947581802451694 0.004874535987000052 0.37338 -1.5869194662810213 -2.024326912220049
32066 10602665 0.4196699629843712 0.004874182078474701 0.37338 -1.5869194662810213 -2.024326912220049
32067 10602665 0.4198641079442255 0.004873828169949349 0.37338 -1.5869194662810213 -2.024326912220049
32068 10602665 0.4200582529040798 0.004873474261423998 0.37338 -1.5869194662810213 -2.024326912220049
32069 10602665 0.4202523978639341 0.004873120352898647 0.37338 -1.5869194662810213 -2.024326912220049
32070 10602665 0.4204465428237884 0.004872766444373295 0.37338 -1.5869194662810213 -2.024326912220049
32071 10602665 0.42064068778364266 0.004872412535847944 0.37338 -1.5869194662810213 -2.024326912220049
