32159 10502576 5.646407740290638 -1.134966026829468 1.76784 -1.5869194662810213 -2.024326912220049
32160 10502576 5.575436961128519 -1.1729169459611435 1.76784 -1.5869194662810213 -2.024326912220049
32161 10502576 5.4879518423424205 -1.2223030527737777 1.76784 -1.5869194662810213 -2.024326912220049
32162 10502576 5.405247402582683 -1.2700934373017516 1.76784 -1.5869194662810213 -2.024326912220049
32163 10502576 5.335696400917839 -1.3064032952574278 1.76784 -1.5869194662810213 -2.024326912220049
32164 10502576 5.264997915959786 -1.3435066262041448 1.76784 -1.5869194662810213 -2.024326912220049
32165 10502576 5.17589138910024 -1.3962162149575656 1.76784 -1.5869194662810213 -2.024326912220049
32166 10502576 5.094388114361641 -1.4403078909785807 1.76784 -1.5869194662810213 -2.024326912220049
32167 10502576 5.021326497265289 -1.4817198840502295 1.76784 -1.5869194662810213 -2.024326912220049
32168 10502576 4.948264880168937 -1.523131877121878 1.76784 -1.5869194662810213 -2.024326912220049
32169 10502576 4.893712409685214 -1.5531163545782305 1.76784 -1.5869194662810213 -2.024326912220049
32170 10502576 4.83915993920149 -1.5831008320345827 1.76784 -1.5869194662810213 -2.024326912220049
32171 10502576 4.718894599898977 -1.6471967389288185 1.76784 -1.5869194662810213 -2.024326912220049
32172 10502576 4.657356076244432 -1.680012097767453 1.76784 -1.5869194662810213 -2.024326912220049
32173 10502576 4.595817552589887 -1.7128274566060877 1.76784 -1.5869194662810213 -2.024326912220049
32174 10502576 4.523711962469126 -1.752854634289955 1.76784 -1.5869194662810213 -2.024326912220049
32175 10502576 4.417082685427105 -1.814327697876732 1.76784 -1.5869194662810213 -2.024326912220049
32176 10502576 4.344642798360931 -1.8540111137047421 1.76784 -1.5869194662810213 -2.024326912220049
32177 10502576 4.258117662792226 -1.9014816205723164 1.76784 -1.5869194662810213 -2.024326912220049
32178 10502576 4.18419792349981 -1.9375275601364874 1.76784 -1.5869194662810213 -2.024326912220049
32179 10502576 4.075109153522935 -1.9997137447085251 1.76784 -1.5869194662810213 -2.024326912220049
32180 10502576 4.009044153478095 -2.0323633663775755 1.76784 -1.5869194662810213 -2.024326912220049
32181 10502576 3.9331118417326607 -2.0783806854670206 1.76784 -1.5869194662810213 -2.024326912220049
32182 10502576 3.8520070844566465 -2.1228270652790795 1.76784 -1.5869194662810213 -2.024326912220049
32183 10502576 3.7795402914232508 -2.1571249109196216 1.76784 -1.5869194662810213 -2.024326912220049
32184 10502576 3.700051129979851 -2.2006955166605473 1.76784 -1.5869194662810213 -2.024326912220049
32185 10502576 3.620561079296319 -2.2442652780158237 1.76784 -1.5869194662810213 -2.024326912220049
32186 10502576 3.516568708796761 -2.30168423345097 1.76784 -1.5869194662810213 -2.024326912220049
32187 10502576 3.4477087851792065 -2.342880304066911 1.76784 -1.5869194662810213 -2.024326912220049
32188 10502576 3.360140009573482 -2.391872461954447 1.76784 -1.5869194662810213 -2.024326912220049
32189 10502576 3.2698409093577094 -2.4399731286937194 1.76784 -1.5869194662810213 -2.024326912220049
32190 10502576 3.1903460264975037 -2.4835383228621155 1.76784 -1.5869194662810213 -2.024326912220049
32191 10502576 3.10376102510672 -2.5308637155881097 1.76784 -1.5869194662810213 -2.024326912220049
32192 10502576 3.0476095838989687 -2.5586822207781523 1.76784 -1.5869194662810213 -2.024326912220049
32193 10502576 2.9914581426912177 -2.5865007259681945 1.76784 -1.5869194662810213 -2.024326912220049
32194 10502576 2.9099871414386884 -2.6309376867975414 1.76784 -1.5869194662810213 -2.024326912220049
32195 10502576 2.8289052059026005 -2.6752674005612724 1.76784 -1.5869194662810213 -2.024326912220049
32196 10502576 2.7387379309519524 -2.7213042028913725 1.76784 -1.5869194662810213 -2.024326912220049
32197 10502576 2.668873902907035 -2.7590140194823434 1.76784 -1.5869194662810213 -2.024326912220049
32198 10502576 2.5770199026361604 -2.8020459804006492 1.76784 -1.5869194662810213 -2.024326912220049
32199 10502576 2.536259096617745 -2.824605218023413 1.76784 -1.5869194662810213 -2.024326912220049
32200 10502576 2.4003943100410865 -2.8941571085819384 1.76784 -1.5869194662810213 -2.024326912220049
32201 10502576 2.3212912175941596 -2.937844056246853 1.76784 -1.5869194662810213 -2.024326912220049
32202 10502576 2.2307753499054845 -2.980024892891054 1.76784 -1.5869194662810213 -2.024326912220049
32203 10502576 2.1828183574322964 -3.008294281789733 1.76784 -1.5869194662810213 -2.024326912220049
32204 10502576 2.1029119412763544 -3.0476289668519323 1.76784 -1.5869194662810213 -2.024326912220049
32205 10502576 1.9890777283830599 -3.1078958334452773 1.76784 -1.5869194662810213 -2.024326912220049
32206 10502576 1.9176592234088807 -3.142990873167793 1.76784 -1.5869194662810213 -2.024326912220049
32207 10502576 1.8385163764188528 -3.186778276151047 1.76784 -1.5869194662810213 -2.024326912220049
32208 10502576 1.7594415678963973 -3.230353710253656 1.76784 -1.5869194662810213 -2.024326912220049
32209 10502576 1.6750786831541382 -3.2724358956164212 1.76784 -1.5869194662810213 -2.024326912220049
32210 10502576 1.5873170936299057 -3.319482357112777 1.76784 -1.5869194662810213 -2.024326912220049
32211 10502576 1.5077367492063956 -3.3591528324205573 1.76784 -1.5869194662810213 -2.024326912220049
32212 10502576 1.4320642272086355 -3.404537663192322 1.76784 -1.5869194662810213 -2.024326912220049
32213 10502576 1.3398719096594514 -3.4515374398762457 1.76784 -1.5869194662810213 -2.024326912220049
32214 10502576 1.2517737554413972 -3.4982377698146205 1.76784 -1.5869194662810213 -2.024326912220049
32215 10502576 1.1723621252578817 -3.5373768413635323 1.76784 -1.5869194662810213 -2.024326912220049
32216 10502576 1.0856507820152663 -3.5825427585544674 1.76784 -1.5869194662810213 -2.024326912220049
32217 10502576 1.0065332142216112 -3.626215793979715 1.76784 -1.5869194662810213 -2.024326912220049
32218 10502576 0.9402203802668219 -3.6633221946164225 1.76784 -1.5869194662810213 -2.024326912220049
32219 10502576 0.8626524270513696 -3.702243357824915 1.76784 -1.5869194662810213 -2.024326912220049
32220 10502576 0.7995394369741368 -3.737706826699497 1.76784 -1.5869194662810213 -2.024326912220049
32221 10502576 0.736426446896904 -3.773170295574079 1.76784 -1.5869194662810213 -2.024326912220049
32222 10502576 0.7036085960025669 -3.789321683802559 1.76784 -1.5869194662810213 -2.024326912220049
32223 10502576 0.592024061570334 -3.849140898539001 1.76784 -1.5869194662810213 -2.024326912220049
32224 10502576 0.5011870118225147 -3.8949408676553694 1.76784 -1.5869194662810213 -2.024326912220049
32225 10502576 0.3921449897617112 -3.9567567014146516 1.76784 -1.5869194662810213 -2.024326912220049
32226 10502576 0.3125861967150345 -3.996308855750581 1.76784 -1.5869194662810213 -2.024326912220049
32227 10502576 0.22479574386976275 -4.0447371679286475 1.76784 -1.5869194662810213 -2.024326912220049
32228 10502576 0.177686069338573 -4.071989917504203 1.76784 -1.5869194662810213 -2.024326912220049
32229 10502576 0.08943583709221592 -4.119098784201542 1.76784 -1.5869194662810213 -2.024326912220049
32230 10502576 0.0009678015795947514 -4.164149817564352 1.76784 -1.5869194662810213 -2.024326912220049
32231 10502576 -0.07823074660834917 -4.208022506368848 1.76784 -1.5869194662810213 -2.024326912220049
32232 10502576 -0.16661223403554049 -4.258240742755744 1.76784 -1.5869194662810213 -2.024326912220049
32233 10502576 -0.2615119375572068 -4.3093663358915135 1.76784 -1.5869194662810213 -2.024326912220049
32234 10502576 -0.3307184261853564 -4.349842551175917 1.76784 -1.5869194662810213 -2.024326912220049
32235 10502576 -0.4246475607481004 -4.404788620322266 1.76784 -1.5869194662810213 -2.024326912220049
32236 10502576 -0.5135038851671949 -4.455082730505771 1.76784 -1.5869194662810213 -2.024326912220049
32237 10502576 -0.5785009561321302 -4.493544824341993 1.76784 -1.5869194662810213 -2.024326912220049
32238 10502576 -0.6387178596233455 -4.52825264917454 1.76784 -1.5869194662810213 -2.024326912220049
32239 10502576 -0.6989347631145608 -4.562960474007088 1.76784 -1.5869194662810213 -2.024326912220049
32240 10502576 -0.774757994141198 -4.608982663183417 1.76784 -1.5869194662810213 -2.024326912220049
