35362 10801356 -4.063771434929149 -0.010870299874854134 0.5181600000000001 -0.7988559315902777 -2.445003484775232
35363 10801356 -4.017937971977332 -0.007648518891083672 0.5181600000000001 -0.7988559315902777 -2.445003484775232
35364 10801356 -3.971365886970924 -0.009225464689536583 0.5181600000000001 -0.7988559315902777 -2.445003484775232
35365 10801356 -3.9396274327980625 -0.00997675493777797 0.5181600000000001 -0.7988559315902777 -2.445003484775232
35366 10801356 -3.907888978625201 -0.010728045186019358 0.5181600000000001 -0.7988559315902777 -2.445003484775232
35367 10801356 -3.8587158289204133 -0.01385699423985623 0.5181600000000001 -0.7988559315902777 -2.445003484775232
35368 10801356 -3.8150639013571537 -0.012139952124091163 0.5181600000000001 -0.7988559315902777 -2.445003484775232
35369 10801356 -3.767751013321911 -0.016879413892711664 0.5181600000000001 -0.7988559315902777 -2.445003484775232
35370 10801356 -3.718883384058082 -0.01686935893840183 0.5181600000000001 -0.7988559315902777 -2.445003484775232
35371 10801356 -3.671129233364205 -0.017546116012074592 0.5181600000000001 -0.7988559315902777 -2.445003484775232
35372 10801356 -3.6098953181082214 -0.015040191070366055 0.5181600000000001 -0.7988559315902777 -2.445003484775232
35373 10801356 -3.565178380850842 -0.014137797034094707 0.5181600000000001 -0.7988559315902777 -2.445003484775232
35374 10801356 -3.5255848855987395 -0.010973761437403834 0.48768 -0.7988559315902777 -2.445003484775232
35375 10801356 -3.450363553357688 -0.0026459219280262902 0.48768 -0.7988559315902777 -2.445003484775232
35376 10801356 -3.4058297559491333 -0.0012153038611461275 0.48768 -0.7988559315902777 -2.445003484775232
35377 10801356 -3.383293745711113 -0.0007632277986199532 0.48768 -0.7988559315902777 -2.445003484775232
35378 10801356 -3.3607577354730926 -0.0003111517360937788 0.48768 -0.7988559315902777 -2.445003484775232
35379 10801356 -3.305487258494254 0.0029806082040864934 0.48768 -0.7988559315902777 -2.445003484775232
35380 10801356 -3.2454023174630517 0.004696924216780113 0.48768 -0.7988559315902777 -2.445003484775232
35381 10801356 -3.196535777792888 0.00471057019701035 0.48768 -0.7988559315902777 -2.445003484775232
35382 10801356 -3.1492928435948926 -0.0002358420864968791 0.48768 -0.7988559315902777 -2.445003484775232
35383 10801356 -3.1231604462302522 -0.003180202700893725 0.48768 -0.7988559315902777 -2.445003484775232
35384 10801356 -3.073236574680444 -0.0012917544650112023 0.48768 -0.7988559315902777 -2.445003484775232
35385 10801356 -3.012998026670372 -0.004531429650832225 0.48768 -0.7988559315902777 -2.445003484775232
35386 10801356 -2.9696983731432276 -0.00795246641951644 0.48768 -0.7988559315902777 -2.445003484775232
35387 10801356 -2.929685611624997 -0.007843825583494862 0.45720000000000005 -0.7988559315902777 -2.445003484775232
35388 10801356 -2.8643511391383916 -0.007725700930809293 0.45720000000000005 -0.7988559315902777 -2.445003484775232
35389 10801356 -2.853726875162474 -0.008515099675118348 0.45720000000000005 -0.7988559315902777 -2.445003484775232
35390 10801356 -2.8431026111865565 -0.009304498419427404 0.45720000000000005 -0.7988559315902777 -2.445003484775232
35391 10801356 -2.7736646484869723 -0.006146783724466004 0.45720000000000005 -0.7988559315902777 -2.445003484775232
35392 10801356 -2.7326603713301196 -0.008435486631857309 0.45720000000000005 -0.7988559315902777 -2.445003484775232
35393 10801356 -2.6916560941732666 -0.010724189539248613 0.45720000000000005 -0.7988559315902777 -2.445003484775232
35394 10801356 -2.648718387717298 -0.009818575152084202 0.45720000000000005 -0.7988559315902777 -2.445003484775232
35395 10801356 -2.615816327885578 -0.009718395735853452 0.45720000000000005 -0.7988559315902777 -2.445003484775232
35396 10801356 -2.5502408791204827 -0.008858581575562324 0.45720000000000005 -0.7988559315902777 -2.445003484775232
35397 10801356 -2.5042186192397873 -0.008026730208045701 0.45720000000000005 -0.7988559315902777 -2.445003484775232
35398 10801356 -2.465699678682266 -0.009763777849574523 0.45720000000000005 -0.7988559315902777 -2.445003484775232
35399 10801356 -2.4296735150405766 -0.00554393959542257 0.42672000000000004 -0.7988559315902777 -2.445003484775232
35400 10801356 -2.3926559583438074 -0.006438855714216457 0.42672000000000004 -0.7988559315902777 -2.445003484775232
35401 10801356 -2.3428503696001073 -0.0062597055361083564 0.42672000000000004 -0.7988559315902777 -2.445003484775232
35402 10801356 -2.2974582862430557 -0.00463625318831265 0.42672000000000004 -0.7988559315902777 -2.445003484775232
35403 10801356 -2.2573824257936383 -0.008400585880461914 0.42672000000000004 -0.7988559315902777 -2.445003484775232
35404 10801356 -2.2321731066803663 -0.006015609766650415 0.42672000000000004 -0.7988559315902777 -2.445003484775232
35405 10801356 -2.206963787567094 -0.003630633652838916 0.42672000000000004 -0.7988559315902777 -2.445003484775232
35406 10801356 -2.148364332722302 -0.004808314048295542 0.42672000000000004 -0.7988559315902777 -2.445003484775232
35407 10801356 -2.114476652859336 -0.004677949863996528 0.42672000000000004 -0.7988559315902777 -2.445003484775232
35408 10801356 -2.0748747186837386 -0.0017431847331798311 0.42672000000000004 -0.7988559315902777 -2.445003484775232
35409 10801356 -2.0315071916245815 -0.0049473983976152935 0.42672000000000004 -0.7988559315902777 -2.445003484775232
35410 10801356 -1.9986059265953366 -0.004844359586106767 0.42672000000000004 -0.7988559315902777 -2.445003484775232
35411 10801356 -1.9465402171956347 -0.003182072006596509 0.42672000000000004 -0.7988559315902777 -2.445003484775232
35412 10801356 -1.9103173980436414 -0.006502022826414905 0.42672000000000004 -0.7988559315902777 -2.445003484775232
35413 10801356 -1.8667643410121453 -0.007779701692800983 0.39624000000000004 -0.7988559315902777 -2.445003484775232
35414 10801356 -1.821994605677167 -0.008053040856990573 0.39624000000000004 -0.7988559315902777 -2.445003484775232
35415 10801356 -1.7826563163662554 -0.004563221845064108 0.39624000000000004 -0.7988559315902777 -2.445003484775232
35416 10801356 -1.7413857466108744 -0.006028306226936314 0.39624000000000004 -0.7988559315902777 -2.445003484775232
35417 10801356 -1.7251704274029038 -0.006016043838013768 0.39624000000000004 -0.7988559315902777 -2.445003484775232
35418 10801356 -1.7089551081949332 -0.006003781449091222 0.39624000000000004 -0.7988559315902777 -2.445003484775232
35419 10801356 -1.6438998672069511 -0.006718801168645677 0.39624000000000004 -0.7988559315902777 -2.445003484775232
35420 10801356 -1.6061154092552712 -0.007977623292371977 0.39624000000000004 -0.7988559315902777 -2.445003484775232
35421 10801356 -1.5656429149251598 -0.005091386365260769 0.39624000000000004 -0.7988559315902777 -2.445003484775232
35422 10801356 -1.532271974368672 -0.00490631867484162 0.39624000000000004 -0.7988559315902777 -2.445003484775232
35423 10801356 -1.4978524339167112 -0.00015686745733348162 0.39624000000000004 -0.7988559315902777 -2.445003484775232
35424 10801356 -1.4420536215160797 -0.002282629599721392 0.39624000000000004 -0.7988559315902777 -2.445003484775232
35425 10801356 -1.3978893434402677 0.0002149071813925818 0.39624000000000004 -0.7988559315902777 -2.445003484775232
35426 10801356 -1.3810094299918625 -4.7906711884621034e-05 0.39624000000000004 -0.7988559315902777 -2.445003484775232
35427 10801356 -1.3477423016121566 -0.00017861703869362366 0.39624000000000004 -0.7988559315902777 -2.445003484775232
35428 10801356 -1.2891419819867986 0.0011034987928178752 0.39624000000000004 -0.7988559315902777 -2.445003484775232
35429 10801356 -1.2519318196781717 -0.0005499696906406115 0.39624000000000004 -0.7988559315902777 -2.445003484775232
35430 10801356 -1.2149140425945368 0.00019639187956674298 0.36576 -0.7988559315902777 -2.445003484775232
35431 10801356 -1.1801189606078843 0.0028381484654269318 0.36576 -0.7988559315902777 -2.445003484775232
35432 10801356 -1.142920150978174 0.0014225910026524902 0.36576 -0.7988559315902777 -2.445003484775232
35433 10801356 -1.1156889193895927 0.0013973908202223235 0.36576 -0.7988559315902777 -2.445003484775232
35434 10801356 -1.0884576878010117 0.001372190637792157 0.36576 -0.7988559315902777 -2.445003484775232
35435 10801356 -1.0612264562124305 0.0013469904553619905 0.36576 -0.7988559315902777 -2.445003484775232
35436 10801356 -1.0123294766614293 0.001481387736741252 0.36576 -0.7988559315902777 -2.445003484775232
35437 10801356 -0.9634324971104282 0.0016157850181205136 0.36576 -0.7988559315902777 -2.445003484775232
35438 10801356 -0.9256575936657703 0.003050623425724236 0.36576 -0.7988559315902777 -2.445003484775232
35439 10801356 -0.8918517759561315 0.0032130598713286662 0.36576 -0.7988559315902777 -2.445003484775232
35440 10801356 -0.8542408880545305 0.0014304895398239148 0.36576 -0.7988559315902777 -2.445003484775232
35441 10801356 -0.8160907947903551 -6.075950381814743e-05 0.36576 -0.7988559315902777 -2.445003484775232
35442 10801356 -0.7779407015261797 -0.0015520085474602097 0.36576 -0.7988559315902777 -2.445003484775232
35443 10801356 -0.738953722806559 -0.003199757921483276 0.36576 -0.7988559315902777 -2.445003484775232
35444 10801356 -0.7214426383841968 -0.002615986599459802 0.36576 -0.7988559315902777 -2.445003484775232
35445 10801356 -0.6658577047988754 0.0005913471268846615 0.33528 -0.7988559315902777 -2.445003484775232
35446 10801356 -0.6326492604988718 1.554716024146363e-05 0.33528 -0.7988559315902777 -2.445003484775232
35447 10801356 -0.6004831946936549 0.0005985146039378109 0.33528 -0.7988559315902777 -2.445003484775232
35448 10801356 -0.5568201662611906 0.0023884747090292813 0.33528 -0.7988559315902777 -2.445003484775232
35449 10801356 -0.5131571378287263 0.004178434814120752 0.33528 -0.7988559315902777 -2.445003484775232
35450 10801356 -0.47657783741242143 0.0033191288095439087 0.33528 -0.7988559315902777 -2.445003484775232
35451 10801356 -0.44280510764235814 0.005422142830311116 0.33528 -0.7988559315902777 -2.445003484775232
35452 10801356 -0.40903237787229485 0.007525156851078324 0.33528 -0.7988559315902777 -2.445003484775232
35453 10801356 -0.38118496654914147 0.007125793387207313 0.33528 -0.7988559315902777 -2.445003484775232
35454 10801356 -0.3533375552259881 0.006726429923336302 0.33528 -0.7988559315902777 -2.445003484775232
35455 10801356 -0.3145828563717146 0.0066368227528965556 0.33528 -0.7988559315902777 -2.445003484775232
35456 10801356 -0.2758281575174412 0.00654721558245681 0.33528 -0.7988559315902777 -2.445003484775232
35457 10801356 -0.23707345866316776 0.006457608412017063 0.33528 -0.7988559315902777 -2.445003484775232
35458 10801356 -0.20377327606226592 0.006437811794603315 0.33528 -0.7988559315902777 -2.445003484775232
35459 10801356 -0.15654461237903425 0.006460992316776724 0.32512 -0.7988559315902777 -2.445003484775232
35460 10801356 -0.10931594869580256 0.006484172838950132 0.31496 -0.7988559315902777 -2.445003484775232
35461 10801356 -0.06208728501257088 0.006507353361123541 0.3048 -0.7988559315902777 -2.445003484775232
35462 10801356 -0.029693261596221876 0.0064339933714136766 0.3048 -0.7988559315902777 -2.445003484775232
35463 10801356 0.01256253252067796 0.00664239610258871 0.3048 -0.7988559315902777 -2.445003484775232
35464 10801356 0.034816435308301766 0.007157588821162519 0.3048 -0.7988559315902777 -2.445003484775232
35465 10801356 0.05707033809592558 0.007672781539736329 0.3048 -0.7988559315902777 -2.445003484775232
35466 10801356 0.07932424088354939 0.008187974258310138 0.3048 -0.7988559315902777 -2.445003484775232
35467 10801356 0.11299668812158434 0.006139785503184817 0.3048 -0.7988559315902777 -2.445003484775232
35468 10801356 0.14666913535961928 0.004091596748059497 0.3048 -0.7988559315902777 -2.445003484775232
35469 10801356 0.1803415825976542 0.0020434079929341764 0.3048 -0.7988559315902777 -2.445003484775232
35470 10801356 0.22627247564803887 0.002629209395007784 0.3048 -0.7988559315902777 -2.445003484775232
35471 10801356 0.27220336869842354 0.0032150107970813913 0.3048 -0.7988559315902777 -2.445003484775232
35472 10801356 0.2959049372647433 0.002907359142446377 0.3048 -0.7988559315902777 -2.445003484775232
35473 10801356 0.3196065058310631 0.0025997074878113626 0.3048 -0.7988559315902777 -2.445003484775232
35474 10801356 0.34330807439738287 0.0022920558331763485 0.3048 -0.7988559315902777 -2.445003484775232
35475 10801356 0.3833411700278512 0.0052149435214836615 0.3048 -0.7988559315902777 -2.445003484775232
35476 10801356 0.4075472544309883 0.005059362221820307 0.3048 -0.7988559315902777 -2.445003484775232
35477 10801356 0.4317533388341255 0.004903780922156953 0.3048 -0.7988559315902777 -2.445003484775232
35478 10801356 0.4559594232372627 0.004748199622493599 0.3048 -0.7988559315902777 -2.445003484775232
35479 10801356 0.48016550764039984 0.004592618322830245 0.3048 -0.7988559315902777 -2.445003484775232
35480 10801356 0.504371592043537 0.004437037023166891 0.3048 -0.7988559315902777 -2.445003484775232
35481 10801356 0.5285776764466742 0.004281455723503537 0.3048 -0.7988559315902777 -2.445003484775232
35482 10801356 0.5527837608498114 0.004125874423840182 0.3048 -0.7988559315902777 -2.445003484775232
35483 10801356 0.5769898452529485 0.003970293124176828 0.3048 -0.7988559315902777 -2.445003484775232
35484 10801356 0.603786635961108 0.003080558925955698 0.3048 -0.7988559315902777 -2.445003484775232
35485 10801356 0.6305834266692675 0.002190824727734568 0.3048 -0.7988559315902777 -2.445003484775232
35486 10801356 0.657380217377427 0.0013010905295134378 0.3048 -0.7988559315902777 -2.445003484775232
35487 10801356 0.6713858143553507 0.002488222993108645 0.3048 -0.7988559315902777 -2.445003484775232
35488 10801356 0.6853914113332743 0.0036753554567038513 0.3048 -0.7988559315902777 -2.445003484775232
35489 10801356 0.699397008311198 0.004862487920299058 0.3048 -0.7988559315902777 -2.445003484775232
35490 10801356 0.7518821068283993 0.004448912207631613 0.3048 -0.7988559315902777 -2.445003484775232
35491 10801356 0.8043672053456006 0.004035336494964167 0.3048 -0.7988559315902777 -2.445003484775232
35492 10801356 0.8417065496123316 0.004005569832496372 0.3048 -0.7988559315902777 -2.445003484775232
35493 10801356 0.8790458938790625 0.003975803170028576 0.3048 -0.7988559315902777 -2.445003484775232
35494 10801356 0.9163852381457935 0.003946036507560781 0.3048 -0.7988559315902777 -2.445003484775232
35495 10801356 0.9537245824125246 0.003916269845092985 0.3048 -0.7988559315902777 -2.445003484775232
35496 10801356 0.9910639266792556 0.003886503182625189 0.3048 -0.7988559315902777 -2.445003484775232
35497 10801356 1.0284032709459865 0.0038567365201573937 0.3048 -0.7988559315902777 -2.445003484775232
35498 10801356 1.0657426152127174 0.0038269698576895977 0.3048 -0.7988559315902777 -2.445003484775232
35499 10801356 1.1030819594794485 0.003797203195221802 0.3048 -0.7988559315902777 -2.445003484775232
35500 10801356 1.1404213037461794 0.0037674365327540066 0.3048 -0.7988559315902777 -2.445003484775232
35501 10801356 1.2005297175722522 0.005626908832624802 0.3048 -0.7988559315902777 -2.445003484775232
35502 10801356 1.2411085325505318 0.004793422364343126 0.30988 -0.7988559315902777 -2.445003484775232
35503 10801356 1.2816873475288113 0.003959935896061449 0.31496 -0.7988559315902777 -2.445003484775232
35504 10801356 1.3222661625070908 0.0031264494277797733 0.32004 -0.7988559315902777 -2.445003484775232
35505 10801356 1.3675570875963379 0.001766750397296464 0.32766 -0.7988559315902777 -2.445003484775232
35506 10801356 1.412848012685585 0.0004070513668131548 0.33528 -0.7988559315902777 -2.445003484775232
35507 10801356 1.4481177552836302 -0.0003658412028843955 0.33528 -0.7988559315902777 -2.445003484775232
35508 10801356 1.501790250559214 -0.001892516357963142 0.33528 -0.7988559315902777 -2.445003484775232
35509 10801356 1.5275184141995575 -0.0046886568599628226 0.33528 -0.7988559315902777 -2.445003484775232
35510 10801356 1.5763072033502117 -0.004853281605619375 0.33528 -0.7988559315902777 -2.445003484775232
35511 10801356 1.613984078682073 -0.00641163513472183 0.33528 -0.7988559315902777 -2.445003484775232
35512 10801356 1.6580270465255755 -0.004792025535590494 0.33528 -0.7988559315902777 -2.445003484775232
35513 10801356 1.7106459380590984 -0.004103957749557935 0.33528 -0.7988559315902777 -2.445003484775232
35514 10801356 1.755810919841708 -0.004485771590267584 0.36576 -0.7988559315902777 -2.445003484775232
35515 10801356 1.7994179203359528 -0.002839810530857828 0.36576 -0.7988559315902777 -2.445003484775232
35516 10801356 1.849384891560431 -0.006191232563186683 0.36576 -0.7988559315902777 -2.445003484775232
35517 10801356 1.8903650893611443 -0.0057896798580859 0.36576 -0.7988559315902777 -2.445003484775232
35518 10801356 1.9557220215890239 -0.0055216384934677065 0.36576 -0.7988559315902777 -2.445003484775232
35519 10801356 1.983299004655265 -0.004013494890018204 0.36576 -0.7988559315902777 -2.445003484775232
35520 10801356 2.0158849407077195 -0.00484184757492849 0.381 -0.7988559315902777 -2.445003484775232
35521 10801356 2.048470876760174 -0.005670200259838776 0.39624000000000004 -0.7988559315902777 -2.445003484775232
35522 10801356 2.091764236553283 -0.009060304682611514 0.39624000000000004 -0.7988559315902777 -2.445003484775232
35523 10801356 2.1415268142930177 -0.008955261022362632 0.39624000000000004 -0.7988559315902777 -2.445003484775232
35524 10801356 2.1851410511294986 -0.012449606794838891 0.39624000000000004 -0.7988559315902777 -2.445003484775232
35525 10801356 2.2345135559369202 -0.01245022855207531 0.39624000000000004 -0.7988559315902777 -2.445003484775232
35526 10801356 2.2829660490943255 -0.016355640542446453 0.39624000000000004 -0.7988559315902777 -2.445003484775232
35527 10801356 2.3211687854505074 -0.01901676701540203 0.39624000000000004 -0.7988559315902777 -2.445003484775232
35528 10801356 2.359395197267172 -0.020517234620993058 0.39624000000000004 -0.7988559315902777 -2.445003484775232
35529 10801356 2.4047864430292343 -0.02400641394097583 0.42672000000000004 -0.7988559315902777 -2.445003484775232
35530 10801356 2.4461078217636185 -0.026633782278118828 0.42672000000000004 -0.7988559315902777 -2.445003484775232
35531 10801356 2.5105771186459203 -0.031795327267441637 0.42672000000000004 -0.7988559315902777 -2.445003484775232
35532 10801356 2.542086830776576 -0.03387628809003207 0.42672000000000004 -0.7988559315902777 -2.445003484775232
35533 10801356 2.573596542907231 -0.0359572489126225 0.42672000000000004 -0.7988559315902777 -2.445003484775232
35534 10801356 2.6169785141789093 -0.039919920914992385 0.43053 -0.7988559315902777 -2.445003484775232
35535 10801356 2.6603604854505876 -0.04388259291736227 0.43434000000000006 -0.7988559315902777 -2.445003484775232
35536 10801356 2.703742456722266 -0.04784526491973215 0.43815000000000004 -0.7988559315902777 -2.445003484775232
35537 10801356 2.7471244279939437 -0.05180793692210203 0.44196 -0.7988559315902777 -2.445003484775232
35538 10801356 2.790506399265622 -0.055770608924471915 0.44577000000000006 -0.7988559315902777 -2.445003484775232
35539 10801356 2.8338883705373004 -0.0597332809268418 0.44958000000000004 -0.7988559315902777 -2.445003484775232
35540 10801356 2.8772703418089787 -0.06369595292921168 0.45339000000000007 -0.7988559315902777 -2.445003484775232
35541 10801356 2.920652313080657 -0.06765862493158156 0.45720000000000005 -0.7988559315902777 -2.445003484775232
35542 10801356 2.9602449999502247 -0.07199036176819364 0.46274181818181825 -0.7988559315902777 -2.445003484775232
35543 10801356 2.999837686819793 -0.0763220986048057 0.4682836363636364 -0.7988559315902777 -2.445003484775232
35544 10801356 3.0394303736893606 -0.08065383544141777 0.4738254545454546 -0.7988559315902777 -2.445003484775232
35545 10801356 3.079023060558929 -0.08498557227802983 0.4793672727272728 -0.7988559315902777 -2.445003484775232
35546 10801356 3.1186157474284966 -0.0893173091146419 0.48490909090909096 -0.7988559315902777 -2.445003484775232
35547 10801356 3.1582084342980647 -0.09364904595125398 0.49045090909090916 -0.7988559315902777 -2.445003484775232
35548 10801356 3.1978011211676325 -0.09798078278786604 0.49599272727272736 -0.7988559315902777 -2.445003484775232
35549 10801356 3.2373938080372007 -0.1023125196244781 0.5015345454545456 -0.7988559315902777 -2.445003484775232
35550 10801356 3.2769864949067684 -0.10664425646109017 0.5070763636363637 -0.7988559315902777 -2.445003484775232
35551 10801356 3.316579181776336 -0.11097599329770225 0.5126181818181819 -0.7988559315902777 -2.445003484775232
35552 10801356 3.3561718686459043 -0.1153077301343143 0.5181600000000001 -0.7988559315902777 -2.445003484775232
35553 10801356 3.4012641163459385 -0.1189558753445776 0.5181600000000001 -0.7988559315902777 -2.445003484775232
35554 10801356 3.4463563640459722 -0.1226040205548409 0.5181600000000001 -0.7988559315902777 -2.445003484775232
35555 10801356 3.4855347913505326 -0.12124522587690736 0.52324 -0.7988559315902777 -2.445003484775232
35556 10801356 3.524713218655093 -0.11988643119897383 0.52832 -0.7988559315902777 -2.445003484775232
35557 10801356 3.5638916459596537 -0.11852763652104029 0.5334000000000001 -0.7988559315902777 -2.445003484775232
35558 10801356 3.603070073264214 -0.11716884184310675 0.5384800000000001 -0.7988559315902777 -2.445003484775232
35559 10801356 3.6422485005687744 -0.11581004716517321 0.54356 -0.7988559315902777 -2.445003484775232
35560 10801356 3.6814269278733347 -0.11445125248723967 0.54864 -0.7988559315902777 -2.445003484775232
35561 10801356 3.719040999897416 -0.09985847241679693 0.54864 -0.7988559315902777 -2.445003484775232
35562 10801356 3.7529850502833892 -0.08698823870886016 0.54864 -0.7988559315902777 -2.445003484775232
35563 10801356 3.7869291006693624 -0.07411800500092339 0.54864 -0.7988559315902777 -2.445003484775232
35564 10801356 3.8236632648038693 -0.052696235347283765 0.54864 -0.7988559315902777 -2.445003484775232
35565 10801356 3.8451352502137364 -0.020971992668394578 0.55245 -0.7988559315902777 -2.445003484775232
35566 10801356 3.8666072356236034 0.01075225001049461 0.55626 -0.7988559315902777 -2.445003484775232
35567 10801356 3.888079221033471 0.042476492689383805 0.56007 -0.7988559315902777 -2.445003484775232
35568 10801356 3.909551206443338 0.07420073536827299 0.5638799999999999 -0.7988559315902777 -2.445003484775232
35569 10801356 3.931023191853205 0.10592497804716217 0.56769 -0.7988559315902777 -2.445003484775232
35570 10801356 3.9524951772630725 0.13764922072605137 0.5715 -0.7988559315902777 -2.445003484775232
35571 10801356 3.9739671626729396 0.16937346340494056 0.57531 -0.7988559315902777 -2.445003484775232
35572 10801356 3.9954391480828066 0.20109770608382974 0.57912 -0.7988559315902777 -2.445003484775232
35573 10801356 4.00424638362313 0.24006208881971344 0.57912 -0.7988559315902777 -2.445003484775232
35574 10801356 4.013053619163452 0.2790264715555972 0.57912 -0.7988559315902777 -2.445003484775232
35575 10801356 4.0218608547037755 0.3179908542914809 0.57912 -0.7988559315902777 -2.445003484775232
35576 10801356 4.031113129433751 0.3640329023057014 0.57912 -0.7988559315902777 -2.445003484775232
35577 10801356 4.039044296781981 0.4046654296516998 0.57912 -0.7988559315902777 -2.445003484775232
35578 10801356 4.037696485467773 0.448150443461331 0.57912 -0.7988559315902777 -2.445003484775232
35579 10801356 4.036348674153565 0.49163545727096214 0.57912 -0.7988559315902777 -2.445003484775232
35580 10801356 4.031178500137067 0.5254458361399514 0.57912 -0.7988559315902777 -2.445003484775232
35581 10801356 4.026008326120567 0.5592562150089406 0.57912 -0.7988559315902777 -2.445003484775232
35582 10801356 4.0069558674024135 0.6273836907817051 0.57912 -0.7988559315902777 -2.445003484775232
35583 10801356 3.9727704340025403 0.6940248067299768 0.6096 -0.7988559315902777 -2.445003484775232
35584 10801356 3.9574655717993936 0.7151392220579834 0.6096 -0.7988559315902777 -2.445003484775232
35585 10801356 3.9294594546763295 0.7483418023665902 0.6096 -0.7988559315902777 -2.445003484775232
35586 10801356 3.9014533375532654 0.7815443826751971 0.6096 -0.7988559315902777 -2.445003484775232
35587 10801356 3.8672195046678546 0.8194662943749148 0.6096 -0.7988559315902777 -2.445003484775232
35588 10801356 3.8291519069780398 0.8483600016039439 0.6096 -0.7988559315902777 -2.445003484775232
35589 10801356 3.7657222332123004 0.8906707918777141 0.6096 -0.7988559315902777 -2.445003484775232
35590 10801356 3.737253982884144 0.9054518692560038 0.6096 -0.7988559315902777 -2.445003484775232
35591 10801356 3.672236358212797 0.9363669212488309 0.6096 -0.7988559315902777 -2.445003484775232
35592 10801356 3.6249136484739477 0.9573021080677097 0.6096 -0.7988559315902777 -2.445003484775232
35593 10801356 3.566470762736463 0.9778954254131228 0.6096 -0.7988559315902777 -2.445003484775232
35594 10628960 5.278442695732694 2.4363969075579104 0.6400800000000001 -0.7988559315902777 -2.445003484775232
35594 10801356 3.5151071248171766 0.9891697220916025 0.6096 -0.7988559315902777 -2.445003484775232
35595 10628960 5.208819663763137 2.4242997549764502 0.6400800000000001 -0.7988559315902777 -2.445003484775232
35595 10801356 3.4580238945563213 1.0019608524968553 0.6096 -0.7988559315902777 -2.445003484775232
35596 10628960 5.1666101865764205 2.4193799884122704 0.6400800000000001 -0.7988559315902777 -2.445003484775232
35596 10801356 3.4066948113546065 1.0133415083653403 0.6096 -0.7988559315902777 -2.445003484775232
35597 10628960 5.124400709389705 2.41446022184809 0.6400800000000001 -0.7988559315902777 -2.445003484775232
35597 10801356 3.3808525989654963 1.0190316178247094 0.6096 -0.7988559315902777 -2.445003484775232
35598 10801356 3.355010386576386 1.0247217272840785 0.6096 -0.7988559315902777 -2.445003484775232
35598 10628960 5.099184817570823 2.4133416744750025 0.6400800000000001 -0.7988559315902777 -2.445003484775232
35599 10628960 5.030468723628993 2.4057980208045704 0.6400800000000001 -0.7988559315902777 -2.445003484775232
35599 10801356 3.303268924205957 1.0364714088052434 0.6096 -0.7988559315902777 -2.445003484775232
35600 10801356 3.254923054444891 1.0515520890075822 0.6096 -0.7988559315902777 -2.445003484775232
35600 10628960 4.9617526296871635 2.398254367134138 0.6400800000000001 -0.7988559315902777 -2.445003484775232
35601 10801356 3.184908298641818 1.0638941597882283 0.6096 -0.7988559315902777 -2.445003484775232
35601 10628960 4.914186618377784 2.3975949503163476 0.6400800000000001 -0.7988559315902777 -2.445003484775232
35602 10628960 4.866620607068404 2.3969355334985574 0.6400800000000001 -0.7988559315902777 -2.445003484775232
35602 10801356 3.133132544088867 1.075539523960397 0.57912 -0.7988559315902777 -2.445003484775232
35603 10801356 3.0814370701042044 1.0871590763552432 0.57912 -0.7988559315902777 -2.445003484775232
35603 10628960 4.810571253184661 2.393807788424364 0.65024 -0.7988559315902777 -2.445003484775232
35604 10801356 3.0199608450722293 1.0960144185963747 0.57912 -0.7988559315902777 -2.445003484775232
35604 10628960 4.754521899300919 2.39068004335017 0.6604000000000001 -0.7988559315902777 -2.445003484775232
35605 10801356 2.96943444566495 1.1071363298675105 0.57912 -0.7988559315902777 -2.445003484775232
35605 10628960 4.698472545417176 2.3875522982759763 0.67056 -0.7988559315902777 -2.445003484775232
35606 10628960 4.66525904588638 2.391848166781427 0.67056 -0.7988559315902777 -2.445003484775232
35606 10801356 2.9145756164091905 1.1196730944651987 0.6096 -0.7988559315902777 -2.445003484775232
35607 10628960 4.581046599940602 2.3867361465851284 0.67056 -0.7988559315902777 -2.445003484775232
35607 10801356 2.871610174433326 1.1229535236786117 0.57912 -0.7988559315902777 -2.445003484775232
35608 10628960 4.539161678082497 2.3807790807353713 0.67056 -0.7988559315902777 -2.445003484775232
35608 10801356 2.799910754813635 1.1358495093648064 0.57912 -0.7988559315902777 -2.445003484775232
35609 10628960 4.484018757689545 2.3804335219725377 0.67056 -0.7988559315902777 -2.445003484775232
35609 10801356 2.7721833516889562 1.1421574558357723 0.57912 -0.7988559315902777 -2.445003484775232
35610 10801356 2.744455948564277 1.1484654023067384 0.57912 -0.7988559315902777 -2.445003484775232
35610 10628960 4.438195404278979 2.373631174233378 0.6667500000000001 -0.7988559315902777 -2.445003484775232
35611 10801356 2.693524439753621 1.1539974559222803 0.57912 -0.7988559315902777 -2.445003484775232
35611 10628960 4.3923720508684125 2.3668288264942183 0.6629400000000001 -0.7988559315902777 -2.445003484775232
35612 10628960 4.346548697457846 2.3600264787550587 0.6591300000000001 -0.7988559315902777 -2.445003484775232
35612 10801356 2.614798685927871 1.1684886676791757 0.57912 -0.7988559315902777 -2.445003484775232
35613 10801356 2.5562684368834807 1.1768533908565144 0.57912 -0.7988559315902777 -2.445003484775232
35613 10628960 4.300725344047281 2.3532241310158994 0.6553200000000001 -0.7988559315902777 -2.445003484775232
35614 10628960 4.254901990636715 2.34642178327674 0.65151 -0.7988559315902777 -2.445003484775232
35614 10801356 2.4986094231636997 1.185167737238813 0.57912 -0.7988559315902777 -2.445003484775232
35615 10628960 4.209078637226149 2.33961943553758 0.6477 -0.7988559315902777 -2.445003484775232
35615 10801356 2.444331968788231 1.1929623866767765 0.57912 -0.7988559315902777 -2.445003484775232
35616 10628960 4.163255283815583 2.3328170877984205 0.6438900000000001 -0.7988559315902777 -2.445003484775232
35616 10801356 2.393840338336614 1.2041939889802935 0.57912 -0.7988559315902777 -2.445003484775232
35617 10801356 2.3357331645276522 1.2111373401216585 0.57912 -0.7988559315902777 -2.445003484775232
35617 10628960 4.117431930405017 2.326014740059261 0.6400800000000001 -0.7988559315902777 -2.445003484775232
35618 10628960 4.0179431027595784 2.2942373040986426 0.6400800000000001 -0.7988559315902777 -2.445003484775232
35618 10801356 2.2687755753074463 1.2181678180922715 0.57912 -0.7988559315902777 -2.445003484775232
35619 10628960 3.9661393970013967 2.2763928894805674 0.6400800000000001 -0.7988559315902777 -2.445003484775232
35619 10801356 2.2133542360308356 1.229258361465338 0.57912 -0.7988559315902777 -2.445003484775232
35620 10801356 2.165517037654138 1.233666773566508 0.57912 -0.7988559315902777 -2.445003484775232
35620 10628960 3.914335691243215 2.258548474862492 0.6400800000000001 -0.7988559315902777 -2.445003484775232
35621 10801356 2.1140946271570273 1.242050191782123 0.57912 -0.7988559315902777 -2.445003484775232
35621 10628960 3.85592126281972 2.23731347256577 0.6400800000000001 -0.7988559315902777 -2.445003484775232
35622 10801356 2.053648094306137 1.2483580000459213 0.57912 -0.7988559315902777 -2.445003484775232
35622 10628960 3.7848478524617146 2.2099310220933925 0.6400800000000001 -0.7988559315902777 -2.445003484775232
35623 10628960 3.7312972154656148 2.1872845012559177 0.6400800000000001 -0.7988559315902777 -2.445003484775232
35623 10801356 2.0099396323323857 1.2548068047610987 0.57912 -0.7988559315902777 -2.445003484775232
35624 10628960 3.677746578469515 2.164637980418443 0.6400800000000001 -0.7988559315902777 -2.445003484775232
35624 10801356 1.9313015014549504 1.26413683536472 0.57912 -0.7988559315902777 -2.445003484775232
35625 10628960 3.651385553671953 2.151865464760554 0.6400800000000001 -0.7988559315902777 -2.445003484775232
35625 10801356 1.9009270632515354 1.2717217109294674 0.57912 -0.7988559315902777 -2.445003484775232
35626 10628960 3.5728092678098813 2.117821920456229 0.6400800000000001 -0.7988559315902777 -2.445003484775232
35626 10801356 1.848388630301392 1.275331339690251 0.57912 -0.7988559315902777 -2.445003484775232
35627 10801356 1.7910961415091737 1.2834148742236184 0.57912 -0.7988559315902777 -2.445003484775232
35627 10628960 3.525357190546721 2.089388940633647 0.6400800000000001 -0.7988559315902777 -2.445003484775232
35628 10801356 1.7202463258904004 1.2975630924619714 0.57912 -0.7988559315902777 -2.445003484775232
35628 10628960 3.4720623057356166 2.0659007943555174 0.6400800000000001 -0.7988559315902777 -2.445003484775232
35629 10801356 1.6692032239898142 1.307110918976083 0.57912 -0.7988559315902777 -2.445003484775232
35629 10628960 3.4253095235863062 2.0385249375731767 0.6096 -0.7988559315902777 -2.445003484775232
35630 10628960 3.378235538773783 2.011254127523365 0.6096 -0.7988559315902777 -2.445003484775232
35630 10801356 1.6171256155877218 1.3134923162511072 0.57912 -0.7988559315902777 -2.445003484775232
35631 10628960 3.3255802180783034 1.985922449891227 0.6096 -0.7988559315902777 -2.445003484775232
35631 10801356 1.5958832807956975 1.3150578492351865 0.57912 -0.7988559315902777 -2.445003484775232
35632 10801356 1.5746409460036734 1.3166233822192657 0.57912 -0.7988559315902777 -2.445003484775232
35632 10628960 3.282298377767437 1.9648320686792375 0.6096 -0.7988559315902777 -2.445003484775232
35633 10628960 3.2390165374565703 1.9437416874672482 0.6096 -0.7988559315902777 -2.445003484775232
35633 10801356 1.502872783876693 1.3293214363851122 0.57912 -0.7988559315902777 -2.445003484775232
35634 10628960 3.190405815248516 1.9172070062813769 0.6096 -0.7988559315902777 -2.445003484775232
35634 10801356 1.4458561564705121 1.3382522502215473 0.57912 -0.7988559315902777 -2.445003484775232
35635 10801356 1.3825120137206595 1.3481993748039234 0.57912 -0.7988559315902777 -2.445003484775232
35635 10628960 3.14035315032445 1.894414241900859 0.6096 -0.7988559315902777 -2.445003484775232
35636 10801356 1.3355508277914088 1.3582852421083127 0.57912 -0.7988559315902777 -2.445003484775232
35636 10628960 3.0885453621959256 1.8703256478852044 0.6096 -0.7988559315902777 -2.445003484775232
35637 10801356 1.2619825079549574 1.3706393132678953 0.57912 -0.7988559315902777 -2.445003484775232
35637 10628960 3.0344529025219966 1.841960023799542 0.6096 -0.7988559315902777 -2.445003484775232
35638 10801356 1.2355252783816262 1.373909754664461 0.57912 -0.7988559315902777 -2.445003484775232
35638 10628960 2.98509805706866 1.8185896832282489 0.6096 -0.7988559315902777 -2.445003484775232
35639 10628960 2.9283599116661536 1.7943593731823941 0.6096 -0.7988559315902777 -2.445003484775232
35639 10801356 1.1476838837722694 1.386605957423497 0.57912 -0.7988559315902777 -2.445003484775232
35640 10628960 2.8827993161105434 1.7717365593286478 0.6096 -0.7988559315902777 -2.445003484775232
35640 10801356 1.0952852418346066 1.3930960635018528 0.57912 -0.7988559315902777 -2.445003484775232
35641 10801356 1.043172996867352 1.3993761386527817 0.57912 0.9596587984065643 -2.3864760276694312
35641 10628960 2.8260949164291356 1.7476126012661348 0.6096 0.9596587984065643 -2.3864760276694312
35642 10628960 2.7745043840719372 1.7255573513044904 0.6096 0.9596587984065643 -2.3864760276694312
35642 10801356 0.9923152614082837 1.4108544174030317 0.57912 0.9596587984065643 -2.3864760276694312
35643 10801356 0.9405696484375794 1.4168986123315805 0.57912 0.9596587984065643 -2.3864760276694312
35643 10628960 2.729657360748917 1.7078422840565088 0.6096 0.9596587984065643 -2.3864760276694312
35644 10628960 2.6822059385606067 1.6875900663669665 0.6096 0.9596587984065643 -2.3864760276694312
35644 10801356 0.8932710183361392 1.4216067877000302 0.57912 0.9596587984065643 -2.3864760276694312
35645 10628960 2.6424225462927864 1.6738293568170386 0.6096 0.9596587984065643 -2.3864760276694312
35645 10801356 0.8463277620646467 1.4263159645289833 0.57912 0.9596587984065643 -2.3864760276694312
35646 10628960 2.602639154024966 1.6600686472671105 0.6096 0.9596587984065643 -2.3864760276694312
35646 10801356 0.7890808704558987 1.4342758616514886 0.57912 0.9596587984065643 -2.3864760276694312
35647 10628960 2.538074828988855 1.636351808212622 0.6096 0.9596587984065643 -2.3864760276694312
35647 10801356 0.7618409660050083 1.43447423544572 0.59436 0.9596587984065643 -2.3864760276694312
35648 10628960 2.484023154213344 1.6176427669108473 0.6096 0.9596587984065643 -2.3864760276694312
35648 10801356 0.7346010615541179 1.4346726092399515 0.6096 0.9596587984065643 -2.3864760276694312
35649 10628960 2.4299714794378335 1.5989337256090725 0.6096 0.9596587984065643 -2.3864760276694312
35649 10801356 0.6626652683503098 1.440073753197943 0.6096 0.9596587984065643 -2.3864760276694312
35650 10801356 0.626717765525141 1.4402561181251547 0.6096 0.9596587984065643 -2.3864760276694312
35650 10628960 2.380807281516288 1.582279762770794 0.6096 0.9596587984065643 -2.3864760276694312
35651 10628960 2.3316430835947424 1.5656257999325156 0.6096 0.9596587984065643 -2.3864760276694312
35651 10801356 0.5907702626999722 1.4404384830523662 0.6096 0.9596587984065643 -2.3864760276694312
35652 10801356 0.5435170627253991 1.445017222330504 0.6096 0.9596587984065643 -2.3864760276694312
35652 10628960 2.2546557589549012 1.5419376444984743 0.6096 0.9596587984065643 -2.3864760276694312
35653 10801356 0.47677876901383687 1.4432303206214236 0.6096 0.9596587984065643 -2.3864760276694312
35653 10628960 2.2161226634447284 1.53133340870952 0.6096 0.9596587984065643 -2.3864760276694312
35654 10801356 0.44970192585318863 1.4462388192016837 0.6096 0.9596587984065643 -2.3864760276694312
35654 10628960 2.1775895679345556 1.520729172920566 0.6096 0.9596587984065643 -2.3864760276694312
35655 10628960 2.1256040419908686 1.5110726640511483 0.6096 0.9596587984065643 -2.3864760276694312
35655 10801356 0.38363013874114466 1.4462209988398786 0.6096 0.9596587984065643 -2.3864760276694312
35656 10628960 2.074119512446414 1.4975144771033813 0.6096 0.9596587984065643 -2.3864760276694312
35656 10801356 0.33307033483741055 1.4463907794000146 0.6096 0.9596587984065643 -2.3864760276694312
35657 10801356 0.2831617983419008 1.444478694652508 0.6096 0.9596587984065643 -2.3864760276694312
35657 10628960 2.0251920785473487 1.48499053036027 0.6096 0.9596587984065643 -2.3864760276694312
35658 10628960 1.9799722497457706 1.4783820589873213 0.6096 0.9596587984065643 -2.3864760276694312
35658 10801356 0.23439007742890616 1.4444151293664085 0.6096 0.9596587984065643 -2.3864760276694312
35659 10628960 1.926083658825396 1.4696988010834289 0.6096 0.9596587984065643 -2.3864760276694312
35659 10801356 0.18192357065217557 1.441470519521299 0.6096 0.9596587984065643 -2.3864760276694312
35660 10801356 0.1324520340743589 1.4411690189375659 0.6096 0.9596587984065643 -2.3864760276694312
35660 10628960 1.888729892215319 1.4654280327967737 0.6096 0.9596587984065643 -2.3864760276694312
35661 10628960 1.8386341539934827 1.4550390953677887 0.6096 0.9596587984065643 -2.3864760276694312
35661 10801356 0.08656734174794745 1.4393447825204133 0.6096 0.9596587984065643 -2.3864760276694312
35662 10801356 0.042494134637002245 1.4376296175437824 0.6096 0.9596587984065643 -2.3864760276694312
35662 10628960 1.7638465528477307 1.4473424195977433 0.6096 0.9596587984065643 -2.3864760276694312
35663 10628960 1.7101837327535139 1.448867367051904 0.6096 0.9596587984065643 -2.3864760276694312
35663 10801356 -0.0026678398152297778 1.4363874639670255 0.6096 0.9596587984065643 -2.3864760276694312
35664 10801356 -0.04082161427909803 1.4381119474098043 0.6096 0.9596587984065643 -2.3864760276694312
35664 10628960 1.6801569101114047 1.4466433793222986 0.6096 0.9596587984065643 -2.3864760276694312
35665 10628960 1.6436474201455777 1.444960209218148 0.6096 0.9596587984065643 -2.3864760276694312
35665 10801356 -0.08277464587207528 1.4358211841838562 0.6096 0.9596587984065643 -2.3864760276694312
35666 10801356 -0.12645826037039254 1.4342132573063988 0.6096 0.9596587984065643 -2.3864760276694312
35666 10628960 1.6071379301797508 1.4432770391139973 0.6096 0.9596587984065643 -2.3864760276694312
35667 10628960 1.5356315194738357 1.4459010796062095 0.6096 0.9596587984065643 -2.3864760276694312
35667 10801356 -0.15575004982788077 1.4356114432576794 0.6096 0.9596587984065643 -2.3864760276694312
35668 10801356 -0.185041839285369 1.43700962920896 0.6096 0.9596587984065643 -2.3864760276694312
35668 10628960 1.5025880033117014 1.4454519347802046 0.6096 0.9596587984065643 -2.3864760276694312
35669 10628960 1.4695444871495669 1.4450027899542 0.6096 0.9596587984065643 -2.3864760276694312
35669 10801356 -0.22423290227046855 1.4339334453408443 0.6096 0.9596587984065643 -2.3864760276694312
35670 10628960 1.3920174126259315 1.4459151345782872 0.6096 0.9596587984065643 -2.3864760276694312
35670 10801356 -0.2683367764064477 1.4362024126910624 0.57912 0.9596587984065643 -2.3864760276694312
35671 10801356 -0.3043919779433435 1.4386440891383805 0.57912 0.9596587984065643 -2.3864760276694312
35671 10628960 1.3559871326009851 1.4453618046314065 0.6096 0.9596587984065643 -2.3864760276694312
35672 10801356 -0.34119345788345146 1.4401615961198317 0.57912 0.9596587984065643 -2.3864760276694312
35672 10628960 1.3199568525760388 1.4448084746845256 0.6096 0.9596587984065643 -2.3864760276694312
35673 10801356 -0.3782952799708561 1.4396744514822404 0.57912 0.9596587984065643 -2.3864760276694312
35673 10628960 1.2688124922634194 1.443177093407576 0.6096 0.9596587984065643 -2.3864760276694312
35674 10628960 1.208394636259862 1.4430573331288914 0.6096 0.9596587984065643 -2.3864760276694312
35674 10801356 -0.4315322369858976 1.4463326408699795 0.57912 0.9596587984065643 -2.3864760276694312
35675 10801356 -0.4638047800631315 1.4481224235870107 0.57912 0.9596587984065643 -2.3864760276694312
35675 10628960 1.1614848730047815 1.4462348860541214 0.6096 0.9596587984065643 -2.3864760276694312
35676 10801356 -0.509475057838424 1.4442453518116476 0.57912 0.9596587984065643 -2.3864760276694312
35676 10628960 1.1201309508728348 1.4446766281017274 0.6096 0.9596587984065643 -2.3864760276694312
35677 10801356 -0.5447151794155694 1.4478236888417977 0.57912 0.9596587984065643 -2.3864760276694312
35677 10628960 1.064036087761321 1.4458324734689592 0.6096 0.9596587984065643 -2.3864760276694312
35678 10628960 1.0171629382635967 1.451569182272823 0.6096 0.9596587984065643 -2.3864760276694312
35678 10801356 -0.5823882133652158 1.449393686162828 0.57912 0.9596587984065643 -2.3864760276694312
35679 10801356 -0.6241677707599846 1.449268974995359 0.57912 0.9596587984065643 -2.3864760276694312
35679 10628960 0.9941269397466299 1.447647526930007 0.6096 0.9596587984065643 -2.3864760276694312
35680 10628960 0.9195869350742933 1.4505091962742258 0.6096 0.9596587984065643 -2.3864760276694312
35680 10801356 -0.6573332648960462 1.4524031068343277 0.57912 0.9596587984065643 -2.3864760276694312
35681 10801356 -0.7161807920049448 1.4557572454562129 0.57912 0.9596587984065643 -2.3864760276694312
35681 10628960 0.8819157366610212 1.4520714124615366 0.6096 0.9596587984065643 -2.3864760276694312
35682 10801356 -0.7530517324830484 1.4570657937242097 0.54864 0.9596587984065643 -2.3864760276694312
35682 10628960 0.8298036117823564 1.4583530663421578 0.6096 0.9596587984065643 -2.3864760276694312
35683 10801356 -0.7955386108736267 1.4602110933529397 0.54864 0.9596587984065643 -2.3864760276694312
35683 10628960 0.7872152226333837 1.4611722038814638 0.6096 0.9596587984065643 -2.3864760276694312
35684 10801356 -0.8331428653046942 1.4619935226073493 0.54864 0.9596587984065643 -2.3864760276694312
35684 10628960 0.7548448896014008 1.4612948564832298 0.6096 0.9596587984065643 -2.3864760276694312
35685 10628960 0.722474556569418 1.4614175090849955 0.6096 0.9596587984065643 -2.3864760276694312
35685 10801356 -0.8744133233325815 1.466143511402767 0.54864 0.9596587984065643 -2.3864760276694312
35686 10801356 -0.9074111406196796 1.4657187952637987 0.54864 0.9596587984065643 -2.3864760276694312
35686 10628960 0.6989503963652965 1.4627967454621669 0.6096 0.9596587984065643 -2.3864760276694312
35687 10801356 -0.9458868159902525 1.4675531051252324 0.54864 0.9596587984065643 -2.3864760276694312
35687 10628960 0.6279117417663647 1.4709426570555264 0.6096 0.9596587984065643 -2.3864760276694312
35688 10628960 0.5857804379705549 1.4724452499631127 0.6096 0.9596587984065643 -2.3864760276694312
35688 10801356 -0.9716636524273177 1.470200052157906 0.54864 0.9596587984065643 -2.3864760276694312
35689 10628960 0.5480415542960092 1.4754332299356314 0.6096 0.9596587984065643 -2.3864760276694312
35689 10801356 -0.9974404888643829 1.4728469991905795 0.54864 0.9596587984065643 -2.3864760276694312
35690 10628960 0.499171100145095 1.4791389291235895 0.6096 0.9596587984065643 -2.3864760276694312
35690 10801356 -1.0351484950332466 1.4743138573875607 0.54864 0.9596587984065643 -2.3864760276694312
35691 10628960 0.45204066372176593 1.480290090002984 0.6096 0.9596587984065643 -2.3864760276694312
35691 10801356 -1.072432070184365 1.475992600396546 0.54864 0.9596587984065643 -2.3864760276694312
35692 10801356 -1.1143688430239693 1.47919347151511 0.54864 0.9596587984065643 -2.3864760276694312
35692 10628960 0.4060919400743697 1.4823404327216327 0.6096 0.9596587984065643 -2.3864760276694312
35693 10628960 0.36269214035544306 1.4881143329576616 0.6096 0.9596587984065643 -2.3864760276694312
35693 10801356 -1.1536995253942208 1.4757002273444322 0.54864 0.9596587984065643 -2.3864760276694312
35694 10628960 0.29140319361649647 1.4873492564961417 0.6096 0.9596587984065643 -2.3864760276694312
35694 10801356 -1.188113110037648 1.4709493755961949 0.54864 0.9596587984065643 -2.3864760276694312
35695 10801356 -1.2363741181408832 1.4591609350273884 0.54864 0.9596587984065643 -2.3864760276694312
35695 10628960 0.24864005430794323 1.4880087675810407 0.6096 0.9596587984065643 -2.3864760276694312
35696 10801356 -1.2784851268048418 1.4417390736623859 0.54864 0.9596587984065643 -2.3864760276694312
35696 10628960 0.20195101573414265 1.4839933931630547 0.6096 0.9596587984065643 -2.3864760276694312
35697 10801356 -1.3078536365421922 1.4279775552468275 0.54864 0.9596587984065643 -2.3864760276694312
35697 10628960 0.16081554549369947 1.4844718142810363 0.6096 0.9596587984065643 -2.3864760276694312
35698 10628960 0.12469307215329545 1.4850058872944962 0.6096 0.9596587984065643 -2.3864760276694312
35698 10801356 -1.3240306995326676 1.419248332799572 0.54864 0.9596587984065643 -2.3864760276694312
35699 10801356 -1.3496165588444606 1.40483383908684 0.54864 0.9596587984065643 -2.3864760276694312
35699 10628960 0.08857059881289142 1.485539960307956 0.6096 0.9596587984065643 -2.3864760276694312
35700 10628960 0.043400941063701015 1.4848844179161023 0.6096 0.9596587984065643 -2.3864760276694312
35700 10801356 -1.3752024181562537 1.3904193453741078 0.54864 0.9596587984065643 -2.3864760276694312
35701 10801356 -1.427850827265694 1.349747008975159 0.54864 0.9596587984065643 -2.3864760276694312
35701 10628960 -0.001768716685489391 1.4842288755242488 0.6096 0.9596587984065643 -2.3864760276694312
35702 10801356 -1.4510057056989205 1.328783128508079 0.5334000000000001 0.9596587984065643 -2.3864760276694312
35702 10628960 -0.04969798917229218 1.4788679126342732 0.6096 0.9596587984065643 -2.3864760276694312
35703 10801356 -1.4741605841321468 1.307819248040999 0.5181600000000001 0.9596587984065643 -2.3864760276694312
35703 10628960 -0.09146797151490904 1.4760500863565997 0.6096 0.9596587984065643 -2.3864760276694312
35704 10628960 -0.13868138860768586 1.4755962998878205 0.6096 0.9596587984065643 -2.3864760276694312
35704 10801356 -1.5185257854412229 1.2577193240138274 0.5181600000000001 0.9596587984065643 -2.3864760276694312
35705 10628960 -0.1792136421760635 1.4724911038925534 0.6096 0.9596587984065643 -2.3864760276694312
35705 10801356 -1.5386970962254594 1.227279423576739 0.5181600000000001 0.9596587984065643 -2.3864760276694312
35706 10628960 -0.22857095401387095 1.4722714474442185 0.6096 0.9596587984065643 -2.3864760276694312
35706 10801356 -1.5640688569842907 1.1822999146212758 0.5181600000000001 0.9596587984065643 -2.3864760276694312
35707 10628960 -0.2732917591029611 1.465862782694771 0.6096 0.9596587984065643 -2.3864760276694312
35707 10801356 -1.5839527415378616 1.1432366661438822 0.5181600000000001 0.9596587984065643 -2.3864760276694312
35708 10628960 -0.33853962881859556 1.4659322687966696 0.6096 0.9596587984065643 -2.3864760276694312
35708 10801356 -1.5958627428273158 1.1176889424586434 0.5181600000000001 0.9596587984065643 -2.3864760276694312
35709 10801356 -1.618250569259286 1.0563103972565815 0.5181600000000001 0.9596587984065643 -2.3864760276694312
35709 10628960 -0.3661494335280968 1.4643277537099486 0.6096 0.9596587984065643 -2.3864760276694312
35710 10628960 -0.4099387768936744 1.4607698195378493 0.6096 0.9596587984065643 -2.3864760276694312
35710 10801356 -1.630665830602635 1.011298763099682 0.5181600000000001 0.9596587984065643 -2.3864760276694312
35711 10801356 -1.6464446092889518 0.9630643327100876 0.5181600000000001 0.9596587984065643 -2.3864760276694312
35711 10628960 -0.47669258142321613 1.4575941128158239 0.6096 0.9596587984065643 -2.3864760276694312
35712 10628960 -0.5271335046482659 1.4527066971039293 0.6096 0.9596587984065643 -2.3864760276694312
35712 10801356 -1.6542674489785087 0.9228597881392906 0.5181600000000001 0.9596587984065643 -2.3864760276694312
35713 10801356 -1.6669387811880794 0.8841244762390922 0.5181600000000001 0.9596587984065643 -2.3864760276694312
35713 10628960 -0.5564022816630971 1.454449363932803 0.6096 0.9596587984065643 -2.3864760276694312
35714 10801356 -1.6826681562759866 0.819749920998355 0.5181600000000001 0.9596587984065643 -2.3864760276694312
35714 10628960 -0.5983477628683804 1.449471656922775 0.6096 0.9596587984065643 -2.3864760276694312
35715 10628960 -0.6524394058139855 1.450802772288695 0.6096 0.9596587984065643 -2.3864760276694312
35715 10801356 -1.6864202456417392 0.7794989959454415 0.5181600000000001 0.9596587984065643 -2.3864760276694312
35716 10628960 -0.7224655697833804 1.454190539010791 0.6096 0.9596587984065643 -2.3864760276694312
35716 10801356 -1.694060020981431 0.7387672318766141 0.5181600000000001 0.9596587984065643 -2.3864760276694312
35717 10801356 -1.7029446433545703 0.6926006792589698 0.5181600000000001 0.9596587984065643 -2.3864760276694312
35717 10628960 -0.7598542810360613 1.4539158827782879 0.6096 0.9596587984065643 -2.3864760276694312
35718 10801356 -1.7078173731324229 0.6451217603688071 0.5181600000000001 0.9596587984065643 -2.3864760276694312
35718 10628960 -0.8019055308533756 1.457035588414539 0.6096 0.9596587984065643 -2.3864760276694312
35719 10628960 -0.8249475680302254 1.4598976064875262 0.6096 0.9596587984065643 -2.3864760276694312
35719 10801356 -1.7148476202842893 0.6057095550794293 0.48768 0.9596587984065643 -2.3864760276694312
35720 10628960 -0.8479896052070752 1.4627596245605134 0.6096 0.9596587984065643 -2.3864760276694312
35720 10801356 -1.7133765332279258 0.560244891291452 0.48768 0.9596587984065643 -2.3864760276694312
35721 10628960 -0.9061684522053983 1.4695185397104022 0.6096 0.9596587984065643 -2.3864760276694312
35721 10801356 -1.716976917241919 0.5410924699861257 0.48768 0.9596587984065643 -2.3864760276694312
35722 10628960 -0.9523382345509965 1.4804121465408875 0.6096 0.9596587984065643 -2.3864760276694312
35722 10801356 -1.720577301255912 0.5219400486807992 0.48768 0.9596587984065643 -2.3864760276694312
35723 10628960 -0.9927111977359413 1.4873070813780063 0.6096 0.9596587984065643 -2.3864760276694312
35723 10801356 -1.7183656442717707 0.4624460730453459 0.48768 0.9596587984065643 -2.3864760276694312
35724 10801356 -1.719180920151379 0.44203209788331965 0.48768 0.9596587984065643 -2.3864760276694312
35724 10628960 -1.0373288525937365 1.4920853850448499 0.6096 0.9596587984065643 -2.3864760276694312
35725 10801356 -1.7194351624529618 0.37201136837662974 0.48768 0.9596587984065643 -2.3864760276694312
35725 10628960 -1.0744402491151597 1.5035222978673632 0.6096 0.9596587984065643 -2.3864760276694312
35726 10801356 -1.7159840916911826 0.33232538595274486 0.48768 0.9596587984065643 -2.3864760276694312
35726 10628960 -1.1208695710490189 1.5081926397149676 0.6096 0.9596587984065643 -2.3864760276694312
35727 10801356 -1.7114768719870386 0.2836478402399184 0.48768 0.9596587984065643 -2.3864760276694312
35727 10628960 -1.1661172993826765 1.5229923169341155 0.6096 0.9596587984065643 -2.3864760276694312
35728 10628960 -1.2113261323577855 1.531937625415255 0.6096 0.9596587984065643 -2.3864760276694312
35728 10801356 -1.702318094770675 0.2410433847664358 0.48768 0.9596587984065643 -2.3864760276694312
35729 10801356 -1.6929621893408708 0.20012710978690593 0.45720000000000005 0.9596587984065643 -2.3864760276694312
35729 10628960 -1.2591580688436481 1.5429096408493246 0.6096 0.9596587984065643 -2.3864760276694312
35730 10801356 -1.6812640919646469 0.16148260421810742 0.45720000000000005 0.9596587984065643 -2.3864760276694312
35730 10628960 -1.304485799956815 1.5577364495757395 0.6096 0.9596587984065643 -2.3864760276694312
35731 10801356 -1.6590325690035492 0.11810756627147764 0.45720000000000005 0.9596587984065643 -2.3864760276694312
35731 10628960 -1.3409722464040612 1.5642968453080317 0.6096 0.9596587984065643 -2.3864760276694312
35732 10801356 -1.6416404722571436 0.08437748407548826 0.45720000000000005 0.9596587984065643 -2.3864760276694312
35732 10628960 -1.3808221410310069 1.576864965331201 0.6096 0.9596587984065643 -2.3864760276694312
35733 10628960 -1.4260115466157444 1.592114741549163 0.6096 0.9596587984065643 -2.3864760276694312
35733 10801356 -1.616491601907162 0.044488416638807066 0.45720000000000005 0.9596587984065643 -2.3864760276694312
35734 10628960 -1.4642567802491289 1.6041584585417412 0.6400800000000001 0.9596587984065643 -2.3864760276694312
35734 10801356 -1.5844386917636286 0.01484323396625084 0.45720000000000005 0.9596587984065643 -2.3864760276694312
35735 10628960 -1.5010223484384448 1.6166530784653115 0.6400800000000001 0.9596587984065643 -2.3864760276694312
35735 10801356 -1.5523857816200952 -0.014801948706305385 0.45720000000000005 0.9596587984065643 -2.3864760276694312
35736 10628960 -1.5375827248674796 1.6281460567471353 0.6400800000000001 0.9596587984065643 -2.3864760276694312
35736 10801356 -1.5174745752158356 -0.04222700763400991 0.45720000000000005 0.9596587984065643 -2.3864760276694312
35737 10801356 -1.4791753133300645 -0.06526852331653102 0.45720000000000005 0.9596587984065643 -2.3864760276694312
35737 10628960 -1.601303760483072 1.6494595906478968 0.6400800000000001 0.9596587984065643 -2.3864760276694312
35738 10628960 -1.6455655536761584 1.6634727291343274 0.6400800000000001 0.9596587984065643 -2.3864760276694312
35738 10801356 -1.4456797181078673 -0.07692437321487358 0.42672000000000004 0.9596587984065643 -2.3864760276694312
35739 10801356 -1.4050759007035778 -0.09020372250490441 0.42672000000000004 0.9596587984065643 -2.3864760276694312
35739 10628960 -1.6815285535273221 1.675705829255323 0.6400800000000001 0.9596587984065643 -2.3864760276694312
35740 10628960 -1.7269639133338421 1.695361379567084 0.6400800000000001 0.9596587984065643 -2.3864760276694312
35740 10801356 -1.366935878500225 -0.09146068621426409 0.42672000000000004 0.9596587984065643 -2.3864760276694312
35741 10628960 -1.7500563244100011 1.7035008319017944 0.6400800000000001 0.9596587984065643 -2.3864760276694312
35741 10801356 -1.3288425175278886 -0.09340322154390371 0.42672000000000004 0.9596587984065643 -2.3864760276694312
35742 10628960 -1.811630213235974 1.7178045003162183 0.6400800000000001 0.9596587984065643 -2.3864760276694312
35742 10801356 -1.3021663971888195 -0.09114441544738186 0.42672000000000004 0.9596587984065643 -2.3864760276694312
35743 10801356 -1.2754902768497505 -0.08888560935086001 0.42672000000000004 0.9596587984065643 -2.3864760276694312
35743 10628960 -1.85575345791882 1.7322411370888806 0.6400800000000001 0.9596587984065643 -2.3864760276694312
35744 10801356 -1.2193872281091738 -0.07486875101576487 0.42672000000000004 0.9596587984065643 -2.3864760276694312
35744 10628960 -1.8785482056434417 1.7399331730161611 0.6400800000000001 0.9596587984065643 -2.3864760276694312
35745 10628960 -1.9013429533680635 1.7476252089434416 0.6400800000000001 0.9596587984065643 -2.3864760276694312
35745 10801356 -1.1812274915768868 -0.06275343264755553 0.41148000000000007 0.9596587984065643 -2.3864760276694312
35746 10628960 -1.9552151064125376 1.75941021413923 0.6400800000000001 0.9596587984065643 -2.3864760276694312
35746 10801356 -1.1430677550445998 -0.0506381142793462 0.39624000000000004 0.9596587984065643 -2.3864760276694312
35747 10628960 -2.0069276354836294 1.7655815509493802 0.6400800000000001 0.9596587984065643 -2.3864760276694312
35747 10801356 -1.1195292213918087 -0.0438476887279772 0.39624000000000004 0.9596587984065643 -2.3864760276694312
35748 10628960 -2.0460208002269193 1.7729987795749527 0.6400800000000001 0.9596587984065643 -2.3864760276694312
35748 10801356 -1.0683882927796668 -0.025987416810466263 0.39624000000000004 0.9596587984065643 -2.3864760276694312
35749 10801356 -1.0318426080618426 -0.01608942674131611 0.39624000000000004 0.9596587984065643 -2.3864760276694312
35749 10628960 -2.092478247262708 1.7799634413514027 0.6400800000000001 0.9596587984065643 -2.3864760276694312
35750 10801356 -0.9954351046437728 -0.006613452110099921 0.39624000000000004 0.9596587984065643 -2.3864760276694312
35750 10628960 -2.138935694298497 1.7869281031278528 0.6400800000000001 0.9596587984065643 -2.3864760276694312
35751 10628960 -2.1765746529114605 1.7886121549306409 0.6400800000000001 0.9596587984065643 -2.3864760276694312
35751 10801356 -0.9538032476568754 -0.0015328293614598476 0.39624000000000004 0.9596587984065643 -2.3864760276694312
35752 10628960 -2.227411407131335 1.7895910093852974 0.6400800000000001 0.9596587984065643 -2.3864760276694312
35752 10801356 -0.9145701682738461 0.00164513708690181 0.39624000000000004 0.9596587984065643 -2.3864760276694312
35753 10628960 -2.2712922101956394 1.7879432982408112 0.6400800000000001 0.9596587984065643 -2.3864760276694312
35753 10801356 -0.8710402342030674 0.0016658130822193307 0.39624000000000004 0.9596587984065643 -2.3864760276694312
35754 10628960 -2.292615957365431 1.789546742722801 0.6400800000000001 0.9596587984065643 -2.3864760276694312
35754 10801356 -0.84910528874487 -0.00024869344689285033 0.39624000000000004 0.9596587984065643 -2.3864760276694312
35755 10628960 -2.3654563406770786 1.7813690452797062 0.6400800000000001 0.9596587984065643 -2.3864760276694312
35755 10801356 -0.7939720804689387 -0.0016847824674920686 0.39624000000000004 0.9596587984065643 -2.3864760276694312
35756 10801356 -0.7558910498065834 -0.0033869116941982746 0.36576 0.9596587984065643 -2.3864760276694312
35756 10628960 -2.4201759913018597 1.7729285230037128 0.6400800000000001 0.9596587984065643 -2.3864760276694312
35757 10801356 -0.7224866463634827 -0.003092487334151267 0.36576 0.9596587984065643 -2.3864760276694312
35757 10628960 -2.4668454829526243 1.7601401728027255 0.6400800000000001 0.9596587984065643 -2.3864760276694312
35758 10628960 -2.5135149746033894 1.747351822601738 0.6400800000000001 0.9596587984065643 -2.3864760276694312
35758 10801356 -0.6837284032247462 -0.004080998260087371 0.36576 0.9596587984065643 -2.3864760276694312
35759 10628960 -2.560184466254154 1.7345634724007506 0.6400800000000001 0.9596587984065643 -2.3864760276694312
35759 10801356 -0.6461177359080561 -0.005862463770240772 0.36576 0.9596587984065643 -2.3864760276694312
35760 10628960 -2.581429729293818 1.7184981911944177 0.6400800000000001 0.9596587984065643 -2.3864760276694312
35760 10801356 -0.6020705810781877 -0.00425686469000694 0.36576 0.9596587984065643 -2.3864760276694312
35761 10628960 -2.633451536012382 1.6925253293419689 0.6400800000000001 0.9596587984065643 -2.3864760276694312
35761 10801356 -0.5648379516068929 -0.00556383757661974 0.36576 0.9596587984065643 -2.3864760276694312
35762 10801356 -0.5382208431005407 -0.0037506195502147732 0.36576 0.9596587984065643 -2.3864760276694312
35762 10628960 -2.6849804946426117 1.6585627751121965 0.6400800000000001 0.9596587984065643 -2.3864760276694312
35763 10628960 -2.7365094532728413 1.624600220882424 0.6400800000000001 0.9596587984065643 -2.3864760276694312
35763 10801356 -0.5116037345941886 -0.0019374015238098063 0.36576 0.9596587984065643 -2.3864760276694312
35764 10628960 -2.7624343912839118 1.5996676039155586 0.6400800000000001 0.9596587984065643 -2.3864760276694312
35764 10801356 -0.47327027712388636 -0.0031364857267417168 0.33528 0.9596587984065643 -2.3864760276694312
35765 10628960 -2.788359329294982 1.5747349869486933 0.6400800000000001 0.9596587984065643 -2.3864760276694312
35765 10801356 -0.43786731824581726 0.000828616051930936 0.33528 0.9596587984065643 -2.3864760276694312
35766 10801356 -0.3950972903032779 -0.0014699430842726458 0.33528 0.9596587984065643 -2.3864760276694312
35766 10628960 -2.8213997403704574 1.5324077624154477 0.6400800000000001 0.9596587984065643 -2.3864760276694312
35767 10628960 -2.8544401514459325 1.4900805378822024 0.6400800000000001 0.9596587984065643 -2.3864760276694312
35767 10801356 -0.3446311220527545 -0.0019613080405729566 0.33528 0.9596587984065643 -2.3864760276694312
35768 10801356 -0.31286263616851895 0.002841941324926406 0.33528 0.9596587984065643 -2.3864760276694312
35768 10628960 -2.887480562521408 1.4477533133489568 0.6400800000000001 0.9596587984065643 -2.3864760276694312
35769 10628960 -2.9205209735968833 1.4054260888157115 0.6400800000000001 0.9596587984065643 -2.3864760276694312
35769 10801356 -0.2836174542337977 0.0012850272634149507 0.33528 0.9596587984065643 -2.3864760276694312
35770 10628960 -2.9535613846723585 1.363098864282466 0.6400800000000001 0.9596587984065643 -2.3864760276694312
35770 10801356 -0.25437227229907644 -0.0002718867980965045 0.33528 0.9596587984065643 -2.3864760276694312
35771 10801356 -0.21269872465700135 0.0022287131580891184 0.32004 0.9596587984065643 -2.3864760276694312
35771 10628960 -2.96676213810136 1.3363384450132165 0.6400800000000001 0.9596587984065643 -2.3864760276694312
35772 10801356 -0.17102517701492626 0.004729313114274741 0.3048 0.9596587984065643 -2.3864760276694312
35772 10628960 -3.0100574108200004 1.2556301933628835 0.6248400000000001 0.9596587984065643 -2.3864760276694312
35773 10801356 -0.12797314241165442 0.003975820221358811 0.3048 0.9596587984065643 -2.3864760276694312
35773 10628960 -3.0233991083025633 1.2141931344537076 0.6210300000000001 0.9596587984065643 -2.3864760276694312
35774 10801356 -0.08492110780838258 0.003222327328442881 0.3048 0.9596587984065643 -2.3864760276694312
35774 10628960 -3.0367408057851266 1.1727560755445317 0.6172200000000001 0.9596587984065643 -2.3864760276694312
35775 10628960 -3.0500825032676895 1.1313190166353555 0.61341 0.9596587984065643 -2.3864760276694312
35775 10801356 -0.05469926502698136 0.003975755712124052 0.3048 0.9596587984065643 -2.3864760276694312
35776 10628960 -3.0634242007502523 1.0898819577261796 0.6096 0.9596587984065643 -2.3864760276694312
35776 10801356 -0.024477422245580138 0.004729184095805222 0.3048 0.9596587984065643 -2.3864760276694312
35777 10628960 -3.0722497768529067 1.0262846337260907 0.6096 0.9596587984065643 -2.3864760276694312
35777 10801356 0.01039285290222991 0.004080367916129687 0.3048 0.9596587984065643 -2.3864760276694312
35778 10801356 0.04526312805003996 0.0034315517364541526 0.3048 0.9596587984065643 -2.3864760276694312
35778 10628960 -3.0810753529555615 0.9626873097260016 0.6096 0.9596587984065643 -2.3864760276694312
35779 10628960 -3.0905773349271835 0.8739555512336536 0.6096 0.9596587984065643 -2.3864760276694312
35779 10801356 0.0757143801180256 0.0023970531725191575 0.3048 0.9596587984065643 -2.3864760276694312
35780 10628960 -3.091232730413028 0.8475289029565947 0.6096 0.9596587984065643 -2.3864760276694312
35780 10801356 0.10616563218601124 0.001362554608584162 0.3048 0.9596587984065643 -2.3864760276694312
35781 10801356 0.13661688425399687 0.0003280560446491665 0.3048 0.9596587984065643 -2.3864760276694312
35781 10628960 -3.0918881258988726 0.8211022546795356 0.6096 0.9596587984065643 -2.3864760276694312
35782 10628960 -3.0917254896883826 0.7553809140078254 0.6096 0.9596587984065643 -2.3864760276694312
35782 10801356 0.16104703285733057 0.00034651789679951417 0.3048 0.9596587984065643 -2.3864760276694312
35783 10628960 -3.0874638807725656 0.7016385232177428 0.6096 0.9596587984065643 -2.3864760276694312
35783 10801356 0.18547718146066428 0.00036497974894986185 0.3048 0.9596587984065643 -2.3864760276694312
35784 10628960 -3.0849334404169264 0.6225228353629122 0.6096 0.9596587984065643 -2.3864760276694312
35784 10801356 0.1966933231916389 0.0020734803185711304 0.3048 0.9596587984065643 -2.3864760276694312
35785 10801356 0.23297093804266014 0.00256248520741148 0.3048 0.9596587984065643 -2.3864760276694312
35785 10628960 -3.081764889871506 0.5996353695521127 0.6096 0.9596587984065643 -2.3864760276694312
35786 10801356 0.2692485528936814 0.00305149009625183 0.3048 0.9596587984065643 -2.3864760276694312
35786 10628960 -3.0640181232788937 0.5317227547149819 0.6096 0.9596587984065643 -2.3864760276694312
35787 10628960 -3.0462713566862814 0.463810139877851 0.6096 0.9596587984065643 -2.3864760276694312
35787 10801356 0.30552616774470265 0.0035404949850921796 0.3048 0.9596587984065643 -2.3864760276694312
35788 10801356 0.32720236827510696 0.0037390537629256684 0.3048 0.9596587984065643 -2.3864760276694312
35788 10628960 -3.0254676244718355 0.42355405404161295 0.6096 0.9596587984065643 -2.3864760276694312
35789 10801356 0.3488785688055112 0.003937612540759157 0.3048 0.9596587984065643 -2.3864760276694312
35789 10628960 -3.0046638922573896 0.38329796820537493 0.6096 0.9596587984065643 -2.3864760276694312
35790 10628960 -2.9838601600429437 0.3430418823691369 0.6096 0.9596587984065643 -2.3864760276694312
35790 10801356 0.3705547693359155 0.004136171318592646 0.3048 0.9596587984065643 -2.3864760276694312
35791 10801356 0.39151731583895477 0.004076610259488233 0.3048 0.9596587984065643 -2.3864760276694312
35791 10628960 -2.963056427828498 0.30278579653289883 0.6096 0.9596587984065643 -2.3864760276694312
35792 10801356 0.412479862341994 0.004017049200383819 0.3048 0.9596587984065643 -2.3864760276694312
35792 10628960 -2.9217513121462804 0.24848843474918514 0.6096 0.9596587984065643 -2.3864760276694312
35793 10801356 0.43344240884503327 0.003957488141279405 0.3048 0.9596587984065643 -2.3864760276694312
35793 10628960 -2.89347949068814 0.22019015308816597 0.6096 0.9596587984065643 -2.3864760276694312
35794 10628960 -2.86520766923 0.19189187142714678 0.6096 0.9596587984065643 -2.3864760276694312
35794 10801356 0.45440495534807246 0.0038979270821749915 0.3048 0.9596587984065643 -2.3864760276694312
35795 10801356 0.47536750185111176 0.0038383660230705777 0.3048 0.9596587984065643 -2.3864760276694312
35795 10628960 -2.817057491139722 0.15334950677164358 0.6096 0.9596587984065643 -2.3864760276694312
35796 10801356 0.49633004835415095 0.003778804963966164 0.3048 0.9596587984065643 -2.3864760276694312
35796 10628960 -2.781920116654784 0.12607669778232408 0.6096 0.9596587984065643 -2.3864760276694312
35797 10801356 0.5172925948571903 0.0037192439048617503 0.3048 0.9596587984065643 -2.3864760276694312
35797 10628960 -2.735501564817949 0.10504421978343523 0.6096 0.9596587984065643 -2.3864760276694312
35798 10628960 -2.6911285942021195 0.08047510803986743 0.57912 0.9596587984065643 -2.3864760276694312
35798 10801356 0.5382551413602294 0.0036596828457573366 0.3048 0.9596587984065643 -2.3864760276694312
35799 10801356 0.5662695337176118 0.0051367774455613885 0.3048 0.9596587984065643 -2.3864760276694312
35799 10628960 -2.630683317814545 0.060228257106066024 0.57912 0.9596587984065643 -2.3864760276694312
35800 10628960 -2.5811956381413026 0.044502231660689645 0.57912 0.9596587984065643 -2.3864760276694312
35801 10628960 -2.5572607931893376 0.03620301692273595 0.57912 0.9596587984065643 -2.3864760276694312
35802 10628960 -2.5113839072616804 0.02165903351479956 0.57912 0.9596587984065643 -2.3864760276694312
35803 10628960 -2.4625897782246016 0.010600884777316216 0.57912 0.9596587984065643 -2.3864760276694312
35804 10628960 -2.4041679489167214 -0.00021855908477155794 0.57912 0.9596587984065643 -2.3864760276694312
35805 10628960 -2.3620573008614083 -0.006085255399920347 0.57912 0.9596587984065643 -2.3864760276694312
35806 10628960 -2.3199466528060952 -0.011951951715069136 0.57912 0.9596587984065643 -2.3864760276694312
35807 10628960 -2.277836004750782 -0.017818648030217925 0.57912 0.9596587984065643 -2.3864760276694312
35808 10628960 -2.235725356695469 -0.023685344345366715 0.57912 0.9596587984065643 -2.3864760276694312
35809 10628960 -2.193614708640156 -0.029552040660515505 0.57912 0.9596587984065643 -2.3864760276694312
35810 10628960 -2.151504060584843 -0.03541873697566429 0.57912 0.9596587984065643 -2.3864760276694312
35811 10628960 -2.10939341252953 -0.041285433290813085 0.57912 0.9596587984065643 -2.3864760276694312
35812 10628960 -2.067282764474217 -0.04715212960596187 0.57912 0.9596587984065643 -2.3864760276694312
35813 10628960 -2.025172116418904 -0.05301882592111066 0.57912 0.9596587984065643 -2.3864760276694312
35814 10628960 -1.9830614683635905 -0.05888552223625945 0.57912 0.9596587984065643 -2.3864760276694312
35815 10628960 -1.9197726331922176 -0.07070887007048579 0.57912 0.9596587984065643 -2.3864760276694312
35816 10628960 -1.8982697657070837 -0.07014821157763654 0.57912 0.9596587984065643 -2.3864760276694312
35817 10628960 -1.850941186090448 -0.0693890584638844 0.57912 0.9596587984065643 -2.3864760276694312
35818 10628960 -1.8036126064738125 -0.06862990535013228 0.57912 0.9596587984065643 -2.3864760276694312
35819 10628960 -1.742180729597918 -0.06956243604365722 0.54864 0.9596587984065643 -2.3864760276694312
35820 10628960 -1.7009708297551438 -0.063879777002369 0.542544 0.9596587984065643 -2.3864760276694312
35821 10628960 -1.6597609299123697 -0.058197117961080784 0.536448 0.9596587984065643 -2.3864760276694312
35822 10628960 -1.6185510300695956 -0.05251445891979257 0.530352 0.9596587984065643 -2.3864760276694312
35823 10628960 -1.5773411302268214 -0.046831799878504346 0.524256 0.9596587984065643 -2.3864760276694312
35824 10628960 -1.5361312303840473 -0.04114914083721613 0.5181600000000001 0.9596587984065643 -2.3864760276694312
35825 10628960 -1.485662484765544 -0.036215571457000634 0.5181600000000001 0.9596587984065643 -2.3864760276694312
35826 10628960 -1.4351937391470406 -0.03128200207678514 0.5181600000000001 0.9596587984065643 -2.3864760276694312
35827 10628960 -1.3890523464389453 -0.024640643661691858 0.48768 0.9596587984065643 -2.3864760276694312
35828 10628960 -1.3442416272972901 -0.01826487882645525 0.48768 0.9596587984065643 -2.3864760276694312
35829 10628960 -1.3031267315124808 -0.014769521677163638 0.48768 0.9596587984065643 -2.3864760276694312
35830 10628960 -1.255038368302207 -0.010049362348224539 0.48768 0.9596587984065643 -2.3864760276694312
35831 10628960 -1.2116414555782964 -0.006365133100521808 0.48768 0.9596587984065643 -2.3864760276694312
35832 10628960 -1.165354112247724 -0.001990175986591264 0.45720000000000005 0.9596587984065643 -2.3864760276694312
35833 10628960 -1.1302159585763798 -0.00013209923227960885 0.45720000000000005 0.9596587984065643 -2.3864760276694312
35834 10628960 -1.0950778049050358 0.0017259775220320461 0.45720000000000005 0.9596587984065643 -2.3864760276694312
35835 10628960 -1.0505024858604814 0.003244075066142521 0.45720000000000005 0.9596587984065643 -2.3864760276694312
35836 10628960 -1.0059271668159269 0.004762172610252996 0.45720000000000005 0.9596587984065643 -2.3864760276694312
35837 10628960 -0.9576687660526868 0.00837695385025436 0.42672000000000004 0.9596587984065643 -2.3864760276694312
35838 10628960 -0.9129480735528692 0.006606001969118064 0.42672000000000004 0.9596587984065643 -2.3864760276694312
35839 10628960 -0.8743018111137328 0.007989833981951161 0.42672000000000004 0.9596587984065643 -2.3864760276694312
35840 10628960 -0.8205198317365257 0.008397367598834166 0.42672000000000004 0.9596587984065643 -2.3864760276694312
35841 10628960 -0.7746621763670216 0.008475330097040074 0.39624000000000004 0.9596587984065643 -2.3864760276694312
35842 10628960 -0.7295189318384874 0.005282111247603555 0.39624000000000004 0.9596587984065643 -2.3864760276694312
35843 10628960 -0.6817010607157876 0.004836566033941697 0.39624000000000004 0.9596587984065643 -2.3864760276694312
35844 10628960 -0.6317607645593928 0.005449921876027747 0.39624000000000004 0.9596587984065643 -2.3864760276694312
35845 10628960 -0.5844174321883968 0.0008372770310506039 0.36576 0.9596587984065643 -2.3864760276694312
35846 10628960 -0.540404932616632 0.0023377054015169263 0.36576 0.9596587984065643 -2.3864760276694312
35847 10628960 -0.49301023837051683 0.0033168404986421984 0.36576 0.9596587984065643 -2.3864760276694312
35848 10628960 -0.431465411592024 0.004110080559709045 0.36576 0.9596587984065643 -2.3864760276694312
35849 10628960 -0.3857877986361121 0.0025552624317452255 0.35052 0.9596587984065643 -2.3864760276694312
35850 10628960 -0.34011018568020024 0.001000444303781406 0.33528 0.9596587984065643 -2.3864760276694312
35851 10628960 -0.29853835372135995 0.004818888942079463 0.33528 0.9596587984065643 -2.3864760276694312
35852 10628960 -0.2629912847758894 0.004064438253128605 0.33528 0.9596587984065643 -2.3864760276694312
35853 10628960 -0.22744421583041885 0.0033099875641777465 0.33528 0.9596587984065643 -2.3864760276694312
35854 10628960 -0.1816204949773006 0.004921356136972893 0.33528 0.9596587984065643 -2.3864760276694312
35855 10628960 -0.15997245039120167 0.0032194554772607964 0.33528 0.9596587984065643 -2.3864760276694312
35856 10628960 -0.11738421429147272 0.0030848312130393463 0.33528 0.9596587984065643 -2.3864760276694312
35857 10628960 -0.06050800127164524 0.0031872074085217694 0.33528 0.9596587984065643 -2.3864760276694312
35858 10628960 -0.015888255837428256 0.005193068131288697 0.3048 0.9596587984065643 -2.3864760276694312
35859 10628960 0.006126403213148612 0.00325498215398326 0.3048 0.9596587984065643 -2.3864760276694312
35860 10628960 0.06232895906048119 0.006732860675529528 0.3048 0.9596587984065643 -2.3864760276694312
35861 10628960 0.10887722629710328 0.005130074805658247 0.3048 0.9596587984065643 -2.3864760276694312
35862 10628960 0.15542549353372537 0.0035272889357869652 0.3048 0.9596587984065643 -2.3864760276694312
35863 10628960 0.183956317629538 0.004951077382885027 0.3048 0.9596587984065643 -2.3864760276694312
35864 10628960 0.220416571651132 0.006587484873105301 0.3048 0.9596587984065643 -2.3864760276694312
35865 10628960 0.25687682567272596 0.008223892363325574 0.3048 0.9596587984065643 -2.3864760276694312
35866 10628960 0.2950772187133795 0.006896953480353629 0.3048 0.9596587984065643 -2.3864760276694312
35867 10628960 0.33327761175403303 0.005570014597381684 0.3048 0.9596587984065643 -2.3864760276694312
35868 10628960 0.3601234751279045 0.004828949199627369 0.3048 0.9596587984065643 -2.3864760276694312
35869 10628960 0.38696933850177595 0.0040878838018730546 0.3048 0.9596587984065643 -2.3864760276694312
35870 10628960 0.41381520187564746 0.00334681840411874 0.3048 0.9596587984065643 -2.3864760276694312
35871 10628960 0.4406610652495189 0.002605753006364425 0.3048 0.9596587984065643 -2.3864760276694312
35872 10628960 0.4650909256063074 0.002625261013358353 0.3048 0.9596587984065643 -2.3864760276694312
35873 10628960 0.4895207859630958 0.0026447690203522806 0.3048 0.9596587984065643 -2.3864760276694312
35874 10628960 0.51910981383743 0.003957735233975033 0.3048 0.9596587984065643 -2.3864760276694312
35875 10628960 0.5486988417117644 0.005270701447597786 0.3048 0.9596587984065643 -2.3864760276694312
35876 10628960 0.5782878695860987 0.006583667661220538 0.3048 0.9596587984065643 -2.3864760276694312
35877 10628960 0.5982313055652272 0.005557817341529238 0.3048 0.9596587984065643 -2.3864760276694312
35878 10628960 0.6181747415443557 0.004531967021837937 0.3048 0.9596587984065643 -2.3864760276694312
35879 10628960 0.6381181775234842 0.003506116702146636 0.3048 0.9596587984065643 -2.3864760276694312
35880 10628960 0.6713827790231812 0.00338486860118678 0.3048 0.9596587984065643 -2.3864760276694312
35881 10628960 0.6961288360243281 0.00464525966969484 0.3048 0.9596587984065643 -2.3864760276694312
35882 10628960 0.7159666266255409 0.005289766763848097 0.3048 0.9596587984065643 -2.3864760276694312
35883 10628960 0.7383004128237001 0.0016139564183529492 0.3048 0.9596587984065643 -2.3864760276694312
35884 10628960 0.7548481831468706 0.003333556536119539 0.3048 0.9596587984065643 -2.3864760276694312
35885 10628960 0.776012792231012 0.00015670711728382747 0.3048 0.9596587984065643 -2.3864760276694312
35886 10628960 0.7925260444595162 0.0017708370697614717 0.3048 0.9596587984065643 -2.3864760276694312
35887 10628960 0.8151736795067817 0.003133097081473052 0.3048 0.9596587984065643 -2.3864760276694312
35888 10628960 0.8262951463785002 0.0018358966136429317 0.3048 0.9596587984065643 -2.3864760276694312
35889 10628960 0.8483863170178636 0.002854375798386405 0.3048 0.9596587984065643 -2.3864760276694312
35890 10628960 0.8704774876572271 0.003872854983129878 0.3048 0.9596587984065643 -2.3864760276694312
35891 10628960 0.8842970911072665 0.0033590083342639188 0.3048 0.9596587984065643 -2.3864760276694312
35892 10628960 0.8981166945573058 0.0028451616853979594 0.3048 0.9596587984065643 -2.3864760276694312
35893 10628960 0.9119362980073452 0.002331315036532 0.3048 0.9596587984065643 -2.3864760276694312
35894 10628960 0.9257559014573846 0.0018174683876660408 0.3048 0.9596587984065643 -2.3864760276694312
35895 10628960 0.9401031310955257 0.004957359991612037 0.3048 0.9596587984065643 -2.3864760276694312
35896 10628960 0.9539767467025283 0.003929442522669593 0.3048 0.9596587984065643 -2.3864760276694312
35897 10628960 0.9692626324182418 0.005185563467833741 0.3048 0.9596587984065643 -2.3864760276694312
35898 10628960 0.981571313718126 0.00446453988221877 0.3048 0.9596587984065643 -2.3864760276694312
35899 10628960 0.9938799950180102 0.0037435162966037994 0.3048 0.9596587984065643 -2.3864760276694312
35900 10628960 1.0002465223782817 0.006920695909287872 0.3048 0.9596587984065643 -2.3864760276694312
35901 10628960 1.0215383648388174 0.005221711149946906 0.3048 0.9596587984065643 -2.3864760276694312
35902 10628960 1.0251817961681273 0.0016948748060361118 0.3048 0.9596587984065643 -2.3864760276694312
35903 10628960 1.037889575822065 0.005253720918609803 0.3048 0.9596587984065643 -2.3864760276694312
35904 10628960 1.043773269124384 0.006953112298469871 0.3048 0.9596587984065643 -2.3864760276694312
35905 10628960 1.0534025112815049 0.0038072434915767256 0.3048 0.9596587984065643 -2.3864760276694312
35906 10628960 1.0594294415510723 0.005401439726733563 0.3048 0.9596587984065643 -2.3864760276694312
35907 10628960 1.0654563718206398 0.006995635961890401 0.3048 0.9596587984065643 -2.3864760276694312
35908 10628960 1.0769915943509554 0.006965539440184132 0.3048 0.9596587984065643 -2.3864760276694312
35909 10628960 1.0834038275171238 0.01001101802913687 0.3048 0.9596587984065643 -2.3864760276694312
35910 10628960 1.0883689971922996 0.010258133100033526 0.3048 0.9596587984065643 -2.3864760276694312
35911 10628960 1.090842312470044 0.013071707032324829 0.3048 0.9596587984065643 -2.3864760276694312
35912 10628960 1.0933156277477882 0.01588528096461613 0.3048 0.9596587984065643 -2.3864760276694312
35913 10628960 1.0960067928608743 0.01868609791798796 0.3048 0.9596587984065643 -2.3864760276694312
35914 10628960 1.0986979579739602 0.021486914871359786 0.3048 0.9596587984065643 -2.3864760276694312
35915 10628960 1.0994944656922356 0.028002579483908385 0.3048 0.9596587984065643 -2.3864760276694312
35916 10628960 1.1002498055912908 0.026237083690100402 0.3048 0.9596587984065643 -2.3864760276694312
35917 10628960 1.1011152851796018 0.032963866690427515 0.3048 0.9596587984065643 -2.3864760276694312
35918 10628960 1.1026326481159412 0.037608476027481574 0.3048 0.9596587984065643 -2.3864760276694312
35919 10628960 1.101018517523346 0.04082278901819173 0.3048 0.9596587984065643 -2.3864760276694312
35920 10628960 1.0994043869307508 0.04403710200890189 0.3048 0.9596587984065643 -2.3864760276694312
35921 10628960 1.1015172714992816 0.04778620494566794 0.3048 0.9596587984065643 -2.3864760276694312
35922 10628960 1.1009907242560613 0.04889282894350854 0.3048 0.9596587984065643 -2.3864760276694312
35923 10628960 1.1025080904044346 0.0535374373532123 0.3048 0.9596587984065643 -2.3864760276694312
35924 10628960 1.1041289133488783 0.05849872364785515 0.3048 0.9596587984065643 -2.3864760276694312
35925 10628960 1.099474144821442 0.05920163191403549 0.3048 0.9596587984065643 -2.3864760276694312
35926 10628960 1.1009006698214097 0.06492734767472422 0.3048 0.9596587984065643 -2.3864760276694312
35927 10628960 1.101198427871483 0.06447959501428403 0.3048 0.9596587984065643 -2.3864760276694312
35928 10628960 1.1027502826278706 0.06922976184333361 0.3048 0.9596587984065643 -2.3864760276694312
35929 10628960 1.1025214961851768 0.06988863294174008 0.3048 0.9596587984065643 -2.3864760276694312
35930 10628960 1.102054892848499 0.0699826572334982 0.3048 0.9596587984065643 -2.3864760276694312
35931 10628960 1.1015882895118212 0.0700766815252563 0.3048 0.9596587984065643 -2.3864760276694312
35932 10628960 1.1011216861751434 0.07017070581701441 0.3048 0.9596587984065643 -2.3864760276694312
35933 10628960 1.1006550828384656 0.07026473010877252 0.3048 0.9596587984065643 -2.3864760276694312
35934 10628960 1.1001884795017878 0.07035875440053063 0.3048 0.9596587984065643 -2.3864760276694312
35935 10628960 1.09972187616511 0.07045277869228875 0.3048 0.9596587984065643 -2.3864760276694312
35936 10628960 1.0992552728284322 0.07054680298404685 0.3048 0.9596587984065643 -2.3864760276694312
35937 10628960 1.0987886694917544 0.07064082727580497 0.3048 0.9596587984065643 -2.3864760276694312
35938 10628960 1.0983220661550765 0.07073485156756307 0.3048 0.9596587984065643 -2.3864760276694312
35939 10628960 1.0978554628183987 0.07082887585932118 0.3048 0.9596587984065643 -2.3864760276694312
35940 10628960 1.0963036047585926 0.066078710109534 0.3048 0.9596587984065643 -2.3864760276694312
35941 10628960 1.0963353808155374 0.06618766696666342 0.3048 0.5306722116665529 -2.516863095951969
35942 10628960 1.0963671568724822 0.06629662382379284 0.3048 0.5306722116665529 -2.516863095951969
35943 10628960 1.0963989329294273 0.06640558068092227 0.3048 0.5306722116665529 -2.516863095951969
35944 10628960 1.096430708986372 0.06651453753805169 0.3048 0.5306722116665529 -2.516863095951969
35945 10628960 1.096462485043317 0.0666234943951811 0.3048 0.5306722116665529 -2.516863095951969
35946 10628960 1.0964942611002617 0.06673245125231052 0.3048 0.5306722116665529 -2.516863095951969
35947 10628960 1.0965260371572068 0.06684140810943993 0.3048 0.5306722116665529 -2.516863095951969
35948 10628960 1.0965578132141516 0.06695036496656936 0.3048 0.5306722116665529 -2.516863095951969
35949 10628960 1.0965895892710964 0.06705932182369878 0.3048 0.5306722116665529 -2.516863095951969
35950 10628960 1.0966213653280412 0.0671682786808282 0.3048 0.5306722116665529 -2.516863095951969
35951 10628960 1.0966531413849863 0.06727723553795761 0.3048 0.5306722116665529 -2.516863095951969
35952 10628960 1.096684917441931 0.06738619239508703 0.3048 0.5306722116665529 -2.516863095951969
35953 10628960 1.096716693498876 0.06749514925221646 0.3048 0.5306722116665529 -2.516863095951969
35954 10628960 1.0967484695558207 0.06760410610934588 0.3048 0.5306722116665529 -2.516863095951969
35955 10628960 1.0967802456127658 0.0677130629664753 0.3048 0.5306722116665529 -2.516863095951969
35956 10628960 1.0968120216697106 0.06782201982360471 0.3048 0.5306722116665529 -2.516863095951969
35957 10628960 1.0968437977266554 0.06793097668073413 0.3048 0.5306722116665529 -2.516863095951969
35958 10628960 1.0968755737836002 0.06803993353786356 0.3048 0.5306722116665529 -2.516863095951969
35959 10628960 1.096907349840545 0.06814889039499297 0.3048 0.5306722116665529 -2.516863095951969
35960 10628960 1.09693912589749 0.06825784725212239 0.3048 0.5306722116665529 -2.516863095951969
35961 10628960 1.096970901954435 0.0683668041092518 0.3048 0.5306722116665529 -2.516863095951969
35962 10628960 1.0970026780113797 0.06847576096638122 0.3048 0.5306722116665529 -2.516863095951969
35963 10628960 1.0970344540683246 0.06858471782351065 0.3048 0.5306722116665529 -2.516863095951969
35964 10628960 1.0970662301252696 0.06869367468064007 0.3048 0.5306722116665529 -2.516863095951969
35965 10628960 1.0970980061822144 0.06880263153776948 0.3048 0.5306722116665529 -2.516863095951969
35966 10628960 1.0971297822391592 0.0689115883948989 0.3048 0.5306722116665529 -2.516863095951969
35967 10628960 1.097161558296104 0.06902054525202833 0.3048 0.5306722116665529 -2.516863095951969
35968 10628960 1.097193334353049 0.06912950210915775 0.3048 0.5306722116665529 -2.516863095951969
35969 10628960 1.097225110409994 0.06923845896628716 0.3048 0.5306722116665529 -2.516863095951969
35970 10628960 1.0972568864669388 0.06934741582341658 0.3048 0.5306722116665529 -2.516863095951969
35971 10628960 1.0972886625238836 0.069456372680546 0.3048 0.5306722116665529 -2.516863095951969
35972 10628960 1.0973204385808286 0.06956532953767543 0.3048 0.5306722116665529 -2.516863095951969
35973 10628960 1.0973522146377734 0.06967428639480484 0.3048 0.5306722116665529 -2.516863095951969
35974 10628960 1.0973839906947183 0.06978324325193426 0.3048 0.5306722116665529 -2.516863095951969
35975 10628960 1.097415766751663 0.06989220010906368 0.3048 0.5306722116665529 -2.516863095951969
35976 10628960 1.0974475428086081 0.07000115696619309 0.3048 0.5306722116665529 -2.516863095951969
35977 10628960 1.097479318865553 0.07011011382332252 0.3048 0.5306722116665529 -2.516863095951969
35978 10628960 1.0975110949224978 0.07021907068045194 0.3048 0.5306722116665529 -2.516863095951969
35979 10628960 1.0975428709794426 0.07032802753758136 0.3048 0.5306722116665529 -2.516863095951969
35980 10628960 1.0975746470363874 0.07043698439471077 0.3048 0.5306722116665529 -2.516863095951969
35981 10628960 1.0976064230933325 0.07054594125184019 0.3048 0.5306722116665529 -2.516863095951969
35982 10628960 1.0976381991502773 0.07065489810896962 0.3048 0.5306722116665529 -2.516863095951969
35983 10628960 1.097669975207222 0.07076385496609904 0.3048 0.5306722116665529 -2.516863095951969
35984 10628960 1.097701751264167 0.07087281182322845 0.3048 0.5306722116665529 -2.516863095951969
35985 10628960 1.097733527321112 0.07098176868035787 0.3048 0.5306722116665529 -2.516863095951969
35986 10628960 1.0977653033780568 0.07109072553748728 0.3048 0.5306722116665529 -2.516863095951969
35987 10628960 1.0977970794350016 0.07119968239461671 0.3048 0.5306722116665529 -2.516863095951969
35988 10628960 1.0978288554919464 0.07130863925174613 0.3048 0.5306722116665529 -2.516863095951969
35989 10628960 1.0978606315488915 0.07141759610887555 0.3048 0.5306722116665529 -2.516863095951969
35990 10628960 1.0978924076058363 0.07152655296600496 0.3048 0.5306722116665529 -2.516863095951969
35991 10628960 1.097924183662781 0.07163550982313438 0.3048 0.5306722116665529 -2.516863095951969
35992 10628960 1.097955959719726 0.07174446668026381 0.3048 0.5306722116665529 -2.516863095951969
35993 10628960 1.097987735776671 0.07185342353739323 0.3048 0.5306722116665529 -2.516863095951969
35994 10628960 1.0980195118336158 0.07196238039452264 0.3048 0.5306722116665529 -2.516863095951969
35995 10628960 1.0980512878905606 0.07207133725165206 0.3048 0.5306722116665529 -2.516863095951969
35996 10628960 1.0980830639475054 0.07218029410878148 0.3048 0.5306722116665529 -2.516863095951969
35997 10628960 1.0981148400044503 0.0722892509659109 0.3048 0.5306722116665529 -2.516863095951969
35998 10628960 1.0981466160613953 0.07239820782304032 0.3048 0.5306722116665529 -2.516863095951969
35999 10628960 1.0981783921183401 0.07250716468016974 0.3048 0.5306722116665529 -2.516863095951969
36000 10628960 1.098210168175285 0.07261612153729916 0.3048 0.5306722116665529 -2.516863095951969
