36034 10628960 1.0967652774768024 0.076734250481619 0.3048 0.5306722116665529 -2.516863095951969
36035 10628960 1.094271776899139 0.07725680314066799 0.3048 0.5306722116665529 -2.516863095951969
36036 10628960 1.0940429916669967 0.0779156744797147 0.3048 0.5306722116665529 -2.516863095951969
36037 10628960 1.089457205518344 0.07882970794430766 0.3048 0.5306722116665529 -2.516863095951969
36038 10628960 1.0891481778969339 0.07951479455039405 0.3048 0.5306722116665529 -2.516863095951969
36039 10628960 1.0868954065549237 0.0799587052956903 0.3048 0.5306722116665529 -2.516863095951969
36040 10628960 1.0846426352129137 0.08040261604098654 0.3048 0.5306722116665529 -2.516863095951969
36041 10628960 1.077473766057871 0.0774875183550492 0.3048 0.5306722116665529 -2.516863095951969
36042 10628960 1.072659194835069 0.07906043464777579 0.3048 0.5306722116665529 -2.516863095951969
36043 10628960 1.0678446246889783 0.08063335423314844 0.3048 0.5306722116665529 -2.516863095951969
36044 10628960 1.0615816328267549 0.07777279624274437 0.3048 0.5306722116665529 -2.516863095951969
36045 10628960 1.056767061798624 0.07934572340510963 0.3048 0.5306722116665529 -2.516863095951969
36046 10628960 1.0519524918475311 0.08091865386005691 0.3048 0.5306722116665529 -2.516863095951969
36047 10628960 1.0460035317117167 0.07997076045791227 0.3048 0.5306722116665529 -2.516863095951969
36048 10628960 1.040054571575902 0.07902286705576762 0.3048 0.5306722116665529 -2.516863095951969
36049 10628960 1.0326114044498587 0.0795269642816296 0.3048 0.5306722116665529 -2.516863095951969
36050 10628960 1.0251682373238151 0.08003106150749156 0.3048 0.5306722116665529 -2.516863095951969
36051 10628960 1.0177250701977718 0.08053515873335354 0.3048 0.5306722116665529 -2.516863095951969
36052 10628960 1.0127233975494563 0.07772985597814352 0.3048 0.5306722116665529 -2.516863095951969
36053 10628960 1.0060280736010256 0.07898266694089329 0.3048 0.5306722116665529 -2.516863095951969
36054 10628960 1.0012135034006684 0.08055563209951506 0.3048 0.5306722116665529 -2.516863095951969
36055 10628960 0.9891955251692193 0.07910803242001277 0.3048 0.5306722116665529 -2.516863095951969
36056 10628960 0.9850765090003014 0.07601437008376632 0.3048 0.5306722116665529 -2.516863095951969
36057 10628960 0.976713666870904 0.07827931558637378 0.3048 0.5306722116665529 -2.516863095951969
36058 10628960 0.9683508247415067 0.08054426108898124 0.3048 0.5306722116665529 -2.516863095951969
36059 10628960 0.9638995590264525 0.07779281063394808 0.3048 0.5306722116665529 -2.516863095951969
36060 10628960 0.9575819108596314 0.07795402865080528 0.3048 0.5306722116665529 -2.516863095951969
36061 10628960 0.9512642626928103 0.07811524666766248 0.3048 0.5306722116665529 -2.516863095951969
36062 10628960 0.9449466145259892 0.0782764646845197 0.3048 0.5306722116665529 -2.516863095951969
36063 10628960 0.9386289663591679 0.0784376827013769 0.3048 0.5306722116665529 -2.516863095951969
36064 10628960 0.9323113181923468 0.0785989007182341 0.3048 0.5306722116665529 -2.516863095951969
36065 10628960 0.9259936700255257 0.0787601187350913 0.3048 0.5306722116665529 -2.516863095951969
36066 10628960 0.9196760218587046 0.07892133675194851 0.3048 0.5306722116665529 -2.516863095951969
36067 10628960 0.9133583736918834 0.07908255476880571 0.3048 0.5306722116665529 -2.516863095951969
36068 10628960 0.9070407255250623 0.07924377278566291 0.3048 0.5306722116665529 -2.516863095951969
36069 10628960 0.9007230773582411 0.07940499080252011 0.3048 0.5306722116665529 -2.516863095951969
36070 10628960 0.89440542919142 0.07956620881937733 0.3048 0.5306722116665529 -2.516863095951969
36071 10628960 0.8880877810245988 0.07972742683623453 0.3048 0.5306722116665529 -2.516863095951969
36072 10628960 0.8817701328577777 0.07988864485309173 0.3048 0.5306722116665529 -2.516863095951969
36073 10628960 0.8754524846909566 0.08004986286994893 0.3048 0.5306722116665529 -2.516863095951969
36074 10628960 0.8691348365241355 0.08021108088680613 0.3048 0.5306722116665529 -2.516863095951969
36075 10628960 0.8628171883573144 0.08037229890366335 0.3048 0.5306722116665529 -2.516863095951969
36076 10628960 0.8564995401904931 0.08053351692052055 0.3048 0.5306722116665529 -2.516863095951969
36077 10628960 0.850181892023672 0.08069473493737775 0.3048 0.5306722116665529 -2.516863095951969
36078 10628960 0.8438642438568509 0.08085595295423495 0.3048 0.5306722116665529 -2.516863095951969
36079 10628960 0.8375465956900298 0.08101717097109216 0.3048 0.5306722116665529 -2.516863095951969
36080 10628960 0.8312289475232086 0.08117838898794937 0.3048 0.5306722116665529 -2.516863095951969
36081 10628960 0.8249112993563874 0.08133960700480657 0.3048 0.5306722116665529 -2.516863095951969
36082 10628960 0.8185936511895664 0.08150082502166377 0.3048 0.5306722116665529 -2.516863095951969
36083 10628960 0.8122760030227452 0.08166204303852098 0.3048 0.5306722116665529 -2.516863095951969
36084 10628960 0.805958354855924 0.08182326105537818 0.3048 0.5306722116665529 -2.516863095951969
36085 10628960 0.7996407066891029 0.08198447907223538 0.3048 0.5306722116665529 -2.516863095951969
36086 10628960 0.7916899867890105 0.08347243197717694 0.3048 0.5306722116665529 -2.516863095951969
36087 10628960 0.7906100825397128 0.08641884206083383 0.3048 0.5306722116665529 -2.516863095951969
36088 10628960 0.789530178290415 0.08936525214449073 0.3048 0.5306722116665529 -2.516863095951969
36089 10628960 0.7884502740411174 0.09231166222814763 0.3048 0.5306722116665529 -2.516863095951969
36090 10628960 0.7873703697918197 0.09525807231180453 0.3048 0.5306722116665529 -2.516863095951969
36091 10628960 0.786290465542522 0.09820448239546142 0.3048 0.5306722116665529 -2.516863095951969
36092 10628960 0.7870793729339848 0.10089075772164109 0.3048 0.5306722116665529 -2.516863095951969
36093 10628960 0.7878682803254475 0.10357703304782077 0.3048 0.5306722116665529 -2.516863095951969
36094 10628960 0.7886571877169104 0.10626330837400044 0.3048 0.5306722116665529 -2.516863095951969
36095 10628960 0.7894460951083732 0.10894958370018012 0.3048 0.5306722116665529 -2.516863095951969
36096 10628960 0.7902350024998359 0.1116358590263598 0.3048 0.5306722116665529 -2.516863095951969
36097 10628960 0.7901583449597488 0.11461344744044433 0.3048 0.5306722116665529 -2.516863095951969
36098 10628960 0.7900816874196617 0.11759103585452887 0.3048 0.5306722116665529 -2.516863095951969
36099 10628960 0.7900050298795745 0.12056862426861341 0.3048 0.5306722116665529 -2.516863095951969
36100 10628960 0.7899283723394874 0.12354621268269794 0.3048 0.5306722116665529 -2.516863095951969
36101 10628960 0.7898517147994003 0.1265238010967825 0.3048 0.5306722116665529 -2.516863095951969
36102 10628960 0.7897750572593133 0.12950138951086704 0.3048 0.5306722116665529 -2.516863095951969
36103 10628960 0.7896983997192262 0.13247897792495156 0.3048 0.5306722116665529 -2.516863095951969
36104 10628960 0.789621742179139 0.1354565663390361 0.3048 0.5306722116665529 -2.516863095951969
36105 10628960 0.7895450846390519 0.13843415475312065 0.3048 0.5306722116665529 -2.516863095951969
36106 10628960 0.7894684270989648 0.14141174316720517 0.3048 0.5306722116665529 -2.516863095951969
36107 10628960 0.7893917695588777 0.14438933158128972 0.3048 0.5306722116665529 -2.516863095951969
36108 10628960 0.7909783205367651 0.14924498870359132 0.3048 0.5306722116665529 -2.516863095951969
36109 10628960 0.7877503527053866 0.15567375702192662 0.3048 0.5306722116665529 -2.516863095951969
36110 10628960 0.7877049625802502 0.15843402818995128 0.3048 0.5306722116665529 -2.516863095951969
36111 10628960 0.787659572455114 0.16119429935797597 0.3048 0.5306722116665529 -2.516863095951969
36112 10628960 0.7876141823299776 0.16395457052600065 0.3048 0.5306722116665529 -2.516863095951969
36113 10628960 0.7875687922048412 0.1667148416940253 0.3048 0.5306722116665529 -2.516863095951969
36114 10628960 0.787523402079705 0.16947511286204997 0.3048 0.5306722116665529 -2.516863095951969
36115 10628960 0.7874780119545686 0.17223538403007466 0.3048 0.5306722116665529 -2.516863095951969
36116 10628960 0.7887738488014981 0.17239611304353208 0.3048 0.5306722116665529 -2.516863095951969
36117 10628960 0.7855114125022015 0.17871932333956714 0.3048 0.5306722116665529 -2.516863095951969
36118 10628960 0.7841353345897618 0.17858481355015557 0.3048 0.5306722116665529 -2.516863095951969
36119 10628960 0.7806969105172308 0.18029243932172878 0.3048 0.5306722116665529 -2.516863095951969
36120 10628960 0.7805061889488589 0.1851446765329831 0.3048 0.5306722116665529 -2.516863095951969
36121 10628960 0.7752904832753099 0.18684888937090485 0.3048 0.5306722116665529 -2.516863095951969
36122 10628960 0.7728431142641428 0.18764856022930454 0.3048 0.5306722116665529 -2.516863095951969
36123 10628960 0.7703957452529756 0.1884482310877042 0.3048 0.5306722116665529 -2.516863095951969
36124 10628960 0.7674845277062461 0.1898667744685436 0.3048 0.5306722116665529 -2.516863095951969
36125 10628960 0.7645011591541981 0.19072475824932905 0.3048 0.5306722116665529 -2.516863095951969
36126 10628960 0.7615177906021502 0.1915827420301145 0.3048 0.5306722116665529 -2.516863095951969
36127 10628960 0.7570386946470604 0.19316311249156953 0.3048 0.5306722116665529 -2.516863095951969
36128 10628960 0.7525595986919705 0.19474348295302457 0.3048 0.5306722116665529 -2.516863095951969
36129 10628960 0.7488797484832321 0.19571222246423242 0.3048 0.5306722116665529 -2.516863095951969
36130 10628960 0.7451998982744938 0.19668096197544024 0.3048 0.5306722116665529 -2.516863095951969
36131 10628960 0.7393391739436053 0.19505220022857755 0.3048 0.5306722116665529 -2.516863095951969
36132 10628960 0.7334784496127168 0.19342343848171487 0.3048 0.5306722116665529 -2.516863095951969
36133 10628960 0.7276177252818282 0.19179467673485218 0.3048 0.5306722116665529 -2.516863095951969
36134 10628960 0.7230157791265149 0.19166279783522377 0.3048 0.5306722116665529 -2.516863095951969
36135 10628960 0.7184138329712016 0.19153091893559535 0.3048 0.5306722116665529 -2.516863095951969
36136 10628960 0.7138118868158884 0.19139904003596694 0.3048 0.5306722116665529 -2.516863095951969
36137 10628960 0.710819716154629 0.19202626660497493 0.3048 0.5306722116665529 -2.516863095951969
36138 10628960 0.7052698790291185 0.19189258821103408 0.3048 0.5306722116665529 -2.516863095951969
36139 10628960 0.6997200419036079 0.19175890981709326 0.3048 0.5306722116665529 -2.516863095951969
36140 10628960 0.6941702047780974 0.1916252314231524 0.3048 0.5306722116665529 -2.516863095951969
36141 10628960 0.6876713575378611 0.19456658288234846 0.3048 0.5306722116665529 -2.516863095951969
36142 10628960 0.6838190458203681 0.1950075691727579 0.3048 0.5306722116665529 -2.516863095951969
36143 10628960 0.6812357465358935 0.1911785764975142 0.3048 0.5306722116665529 -2.516863095951969
36144 10628960 0.6722022237440428 0.19342941268216882 0.3048 0.5306722116665529 -2.516863095951969
36145 10628960 0.668725091141336 0.19456560936091621 0.3048 0.5306722116665529 -2.516863095951969
36146 10628960 0.6652479585386294 0.19570180603966358 0.3048 0.5306722116665529 -2.516863095951969
36147 10628960 0.6617708259359226 0.19683800271841098 0.3048 0.5306722116665529 -2.516863095951969
36148 10628960 0.6601841847229721 0.19198237503712476 0.3048 0.5306722116665529 -2.516863095951969
36149 10628960 0.6551064541729142 0.19410890724817392 0.3048 0.5306722116665529 -2.516863095951969
36150 10628960 0.6500287236228564 0.19623543945922306 0.3048 0.5306722116665529 -2.516863095951969
36151 10628960 0.6464487338693077 0.19343310579989792 0.3048 0.5306722116665529 -2.516863095951969
36152 10628960 0.642868744115759 0.19063077214057278 0.3048 0.5306722116665529 -2.516863095951969
36153 10628960 0.6392887543622104 0.18782843848124764 0.3048 0.5306722116665529 -2.516863095951969
36154 10628960 0.6357087646086618 0.1850261048219225 0.3048 0.5306722116665529 -2.516863095951969
36155 10628960 0.6360627786466111 0.18339166072765872 0.3048 0.5306722116665529 -2.516863095951969
36156 10628960 0.6340876171064158 0.18006492478768843 0.3048 0.5306722116665529 -2.516863095951969
36157 10628960 0.6325009621164391 0.175209301812645 0.3048 0.5306722116665529 -2.516863095951969
36158 10628960 0.6317342616645791 0.1726364902002166 0.3048 0.5306722116665529 -2.516863095951969
36159 10628960 0.6309675612127191 0.17006367858778818 0.3048 0.5306722116665529 -2.516863095951969
36160 10628960 0.6302008607608591 0.16749086697535978 0.3048 0.5306722116665529 -2.516863095951969
36161 10628960 0.629434160308999 0.1649180553629314 0.3048 0.5306722116665529 -2.516863095951969
36162 10628960 0.628667459857139 0.16234524375050297 0.3048 0.5306722116665529 -2.516863095951969
36163 10628960 0.627900759405279 0.15977243213807457 0.3048 0.5306722116665529 -2.516863095951969
36164 10628960 0.6278929028337894 0.15808748389744906 0.3048 0.5306722116665529 -2.516863095951969
36165 10628960 0.6278850462622997 0.15640253565682358 0.3048 0.5306722116665529 -2.516863095951969
36166 10628960 0.6278771896908101 0.15471758741619807 0.3048 0.5306722116665529 -2.516863095951969
36167 10628960 0.6278693331193204 0.15303263917557258 0.3048 0.5306722116665529 -2.516863095951969
36168 10628960 0.6278614765478308 0.15134769093494707 0.3048 0.5306722116665529 -2.516863095951969
36169 10628960 0.627853619976341 0.1496627426943216 0.3048 0.5306722116665529 -2.516863095951969
36170 10628960 0.6278457634048514 0.14797779445369608 0.3048 0.5306722116665529 -2.516863095951969
36171 10628960 0.6278379068333617 0.1462928462130706 0.3048 0.5306722116665529 -2.516863095951969
36172 10628960 0.6278300502618721 0.14460789797244508 0.3048 0.5306722116665529 -2.516863095951969
