38086 10520887 1.3401759702580078 0.002357940425070291 0.3048 0.08556141830814712 -2.5707765526581845
38087 10520887 1.322437913163557 0.002836754306083024 0.3048 0.08556141830814712 -2.5707765526581845
38088 10520887 1.3046998560691063 0.003315568187095757 0.3048 0.08556141830814712 -2.5707765526581845
38089 10520887 1.2869617989746556 0.00379438206810849 0.3048 0.08556141830814712 -2.5707765526581845
38090 10520887 1.2560362888089815 0.0029152957365067775 0.3048 0.08556141830814712 -2.5707765526581845
38091 10520887 1.2251107786433075 0.002036209404905065 0.3048 0.08556141830814712 -2.5707765526581845
38092 10520887 1.2011431430848587 0.0020679096062139572 0.3048 0.08556141830814712 -2.5707765526581845
38093 10520887 1.1771755075264099 0.0020996098075228495 0.3048 0.08556141830814712 -2.5707765526581845
38094 10520887 1.1532078719679613 0.0021313100088317417 0.3048 0.08556141830814712 -2.5707765526581845
38095 10520887 1.1292402364095124 0.002163010210140634 0.3048 0.08556141830814712 -2.5707765526581845
38096 10520887 1.0987303666527408 0.005003935999716352 0.3048 0.08556141830814712 -2.5707765526581845
38097 10520887 1.066013768455333 0.00486699124547297 0.3048 0.08556141830814712 -2.5707765526581845
38098 10520887 1.0332971702579254 0.004730046491229588 0.3048 0.08556141830814712 -2.5707765526581845
38099 10520887 1.0005805720605176 0.004593101736986206 0.3048 0.08556141830814712 -2.5707765526581845
38100 10520887 0.96786397386311 0.004456156982742824 0.3048 0.08556141830814712 -2.5707765526581845
38101 10520887 0.9351473756657023 0.004319212228499441 0.3048 0.08556141830814712 -2.5707765526581845
38102 10520887 0.9024307774682945 0.004182267474256059 0.3048 0.08556141830814712 -2.5707765526581845
38103 10520887 0.8697141792708868 0.004045322720012677 0.3048 0.08556141830814712 -2.5707765526581845
38104 10520887 0.8369975810734791 0.003908377965769295 0.3048 0.08556141830814712 -2.5707765526581845
38105 10520887 0.8042809828760713 0.0037714332115259125 0.3048 0.08556141830814712 -2.5707765526581845
38106 10520887 0.7711981681188909 0.0017298295952544868 0.33528 0.08556141830814712 -2.5707765526581845
38107 10520887 0.7251158111660692 0.003935892004045614 0.33528 0.08556141830814712 -2.5707765526581845
38108 10520887 0.683624862511689 0.005109402640923435 0.33528 0.08556141830814712 -2.5707765526581845
38109 10520887 0.6421339138573088 0.006282913277801255 0.33528 0.08556141830814712 -2.5707765526581845
38110 10520887 0.606518199026339 0.006004510443730866 0.33528 0.08556141830814712 -2.5707765526581845
38111 10520887 0.5709024841953692 0.005726107609660476 0.33528 0.08556141830814712 -2.5707765526581845
38112 10520887 0.5352867693643993 0.005447704775590086 0.33528 0.08556141830814712 -2.5707765526581845
38113 10520887 0.49967105453342947 0.005169301941519697 0.33528 0.08556141830814712 -2.5707765526581845
38114 10520887 0.4634597412413851 0.005786906977423539 0.33528 0.08556141830814712 -2.5707765526581845
38115 10520887 0.42182192243848793 0.003388022572686347 0.36576 0.08556141830814712 -2.5707765526581845
38116 10520887 0.3833411700278512 0.0052149435214836615 0.36576 0.08556141830814712 -2.5707765526581845
38117 10520887 0.363324622212617 0.003753499677330005 0.36576 0.08556141830814712 -2.5707765526581845
38118 10520887 0.34330807439738287 0.0022920558331763485 0.36576 0.08556141830814712 -2.5707765526581845
38119 10520887 0.2951124367856375 0.0015699085087875486 0.36576 0.08556141830814712 -2.5707765526581845
38120 10520887 0.2469167991738921 0.0008477611843987487 0.36576 0.08556141830814712 -2.5707765526581845
38121 10520887 0.1987211615621467 0.00012561386000994879 0.36576 0.08556141830814712 -2.5707765526581845
38122 10520887 0.15749680345804362 -0.0010050595131795848 0.36576 0.08556141830814712 -2.5707765526581845
38123 10520887 0.12080203867834372 -0.0018634783731048543 0.36576 0.08556141830814712 -2.5707765526581845
38124 10520887 0.07725428670362477 0.001854688759886619 0.36576 0.08556141830814712 -2.5707765526581845
38125 10520887 0.054236883922887724 -0.001721221447873067 0.39624000000000004 0.08556141830814712 -2.5707765526581845
38126 10520887 0.020957176699006208 -0.0046299991088809556 0.39624000000000004 0.08556141830814712 -2.5707765526581845
38127 10520887 -0.022767849951607966 -0.006344371486351447 0.39624000000000004 0.08556141830814712 -2.5707765526581845
38128 10520887 -0.08320036636809491 -0.008088581984736193 0.39624000000000004 0.08556141830814712 -2.5707765526581845
38129 10520887 -0.12546762777355225 -0.008059080355965725 0.39624000000000004 0.08556141830814712 -2.5707765526581845
38130 10520887 -0.14195159055757345 -0.008220493635177795 0.39624000000000004 0.08556141830814712 -2.5707765526581845
38131 10520887 -0.15843555334159465 -0.008381906914389864 0.39624000000000004 0.08556141830814712 -2.5707765526581845
38132 10520887 -0.17585554210244547 -0.01004819661175968 0.39624000000000004 0.08556141830814712 -2.5707765526581845
38133 10520887 -0.21530318813801608 -0.011173530379757685 0.39624000000000004 0.08556141830814712 -2.5707765526581845
38134 10520887 -0.2911614519803667 -0.0150005414047574 0.39624000000000004 0.08556141830814712 -2.5707765526581845
38135 10520887 -0.3333271675362228 -0.0162882728942865 0.42672000000000004 0.08556141830814712 -2.5707765526581845
38136 10520887 -0.36807279600168985 -0.01661326510348851 0.42672000000000004 0.08556141830814712 -2.5707765526581845
38137 10520887 -0.42319809913161444 -0.019505650308697914 0.42672000000000004 0.08556141830814712 -2.5707765526581845
38138 10520887 -0.4441474467020987 -0.01838192994272017 0.42672000000000004 0.08556141830814712 -2.5707765526581845
38139 10520887 -0.4895127894095661 -0.01967433314178682 0.42672000000000004 0.08556141830814712 -2.5707765526581845
38140 10520887 -0.5339843104292092 -0.021492354396215024 0.45720000000000005 0.08556141830814712 -2.5707765526581845
38141 10520887 -0.5811376607692609 -0.02173235773604118 0.45720000000000005 0.08556141830814712 -2.5707765526581845
38142 10520887 -0.6299649951600423 -0.021658457256325064 0.45720000000000005 0.08556141830814712 -2.5707765526581845
38143 10520887 -0.651879917578563 -0.022671969438554457 0.45720000000000005 0.08556141830814712 -2.5707765526581845
38144 10520887 -0.6737948399970837 -0.02368548162078385 0.45720000000000005 0.08556141830814712 -2.5707765526581845
38145 10520887 -0.7159284436636885 -0.026500496528282097 0.45720000000000005 0.08556141830814712 -2.5707765526581845
38146 10520887 -0.7452137014208793 -0.029952641025041055 0.45720000000000005 0.08556141830814712 -2.5707765526581845
38147 10520887 -0.77449895917807 -0.03340478552180001 0.45720000000000005 0.08556141830814712 -2.5707765526581845
38148 10520887 -0.808630813238755 -0.038368234940788865 0.48768 0.08556141830814712 -2.5707765526581845
38149 10520887 -0.8638953641020302 -0.04167941116779636 0.48768 0.08556141830814712 -2.5707765526581845
38150 10520887 -0.8801788234858487 -0.041495942132319136 0.48768 0.08556141830814712 -2.5707765526581845
38151 10520887 -0.931930032180823 -0.05144666965603198 0.48768 0.08556141830814712 -2.5707765526581845
38152 10520887 -0.9665644297363583 -0.054142125811113356 0.48768 0.08556141830814712 -2.5707765526581845
38153 10520887 -1.000481001895312 -0.061161398467646594 0.48768 0.08556141830814712 -2.5707765526581845
38154 10520887 -1.0376324758921254 -0.06910896096966448 0.48768 0.08556141830814712 -2.5707765526581845
38155 10520887 -1.0704249557200232 -0.07567768797824839 0.48768 0.08556141830814712 -2.5707765526581845
38156 10520887 -1.1037481994757925 -0.08522730474940035 0.48768 0.08556141830814712 -2.5707765526581845
38157 10520887 -1.1579887945486866 -0.09518052919905032 0.5181600000000001 0.08556141830814712 -2.5707765526581845
38158 10520887 -1.1984894977614957 -0.10331739741351545 0.5181600000000001 0.08556141830814712 -2.5707765526581845
38159 10520887 -1.2329433716320188 -0.10817386217290684 0.5181600000000001 0.08556141830814712 -2.5707765526581845
38160 10520887 -1.2733295507639644 -0.11623100126179134 0.5181600000000001 0.08556141830814712 -2.5707765526581845
38161 10520887 -1.2972718083663897 -0.11950073772573969 0.5181600000000001 0.08556141830814712 -2.5707765526581845
38162 10520887 -1.321214065968815 -0.12277047418968803 0.5181600000000001 0.08556141830814712 -2.5707765526581845
38163 10520887 -1.3642365135760863 -0.12938086762847348 0.5181600000000001 0.08556141830814712 -2.5707765526581845
38164 10520887 -1.4032208338492824 -0.13450758556255452 0.54864 0.08556141830814712 -2.5707765526581845
38165 10520887 -1.4391120018766015 -0.1423982909725995 0.54864 0.08556141830814712 -2.5707765526581845
38166 10520887 -1.4794037707423195 -0.14744757996048022 0.54864 0.08556141830814712 -2.5707765526581845
38167 10520887 -1.5206510050333157 -0.15568932105463487 0.54864 0.08556141830814712 -2.5707765526581845
38168 10520887 -1.5723963210210246 -0.16832548594502497 0.54864 0.08556141830814712 -2.5707765526581845
38169 10520887 -1.6070328448283993 -0.18188358815679165 0.54864 0.08556141830814712 -2.5707765526581845
38170 10520887 -1.6467519779320068 -0.19740117990473607 0.54864 0.08556141830814712 -2.5707765526581845
38171 10520887 -1.6625862933483648 -0.20507440403951402 0.54864 0.08556141830814712 -2.5707765526581845
38172 10520887 -1.6784206087647229 -0.21274762817429196 0.54864 0.08556141830814712 -2.5707765526581845
38173 10520887 -1.7195040860811572 -0.23786682019847818 0.54864 0.08556141830814712 -2.5707765526581845
38174 10520887 -1.7640382668583328 -0.27190533387720817 0.57912 0.08556141830814712 -2.5707765526581845
38175 10520887 -1.802147473268031 -0.30313801215737024 0.57912 0.08556141830814712 -2.5707765526581845
38176 10520887 -1.834413748706041 -0.33931958881882174 0.57912 0.08556141830814712 -2.5707765526581845
38177 10520887 -1.8623049308627577 -0.37027235203117603 0.57912 0.08556141830814712 -2.5707765526581845
38178 10520887 -1.8855110291587087 -0.4059122106221862 0.57912 0.08556141830814712 -2.5707765526581845
38179 10520887 -1.9201262826415493 -0.46013641942891736 0.57912 0.08556141830814712 -2.5707765526581845
38180 10520887 -1.9377151957836218 -0.49761361462484865 0.57912 0.08556141830814712 -2.5707765526581845
38181 10520887 -1.9539070699694354 -0.5471148644689126 0.57912 0.08556141830814712 -2.5707765526581845
38182 10520887 -1.9670354661915936 -0.5953982282230122 0.57912 0.08556141830814712 -2.5707765526581845
38183 10520887 -1.977336362891073 -0.6228159440753802 0.57912 0.08556141830814712 -2.5707765526581845
38184 10520887 -1.9876372595905523 -0.6502336599277483 0.57912 0.08556141830814712 -2.5707765526581845
38185 10520887 -1.9902162910943868 -0.7002151152804695 0.6096 0.08556141830814712 -2.5707765526581845
38186 10520887 -1.9964019513979838 -0.74492745698441 0.6096 0.08556141830814712 -2.5707765526581845
38187 10520887 -2.0021953347562205 -0.7979468326828544 0.6096 0.08556141830814712 -2.5707765526581845
38188 10520887 -2.0003684576959433 -0.8466820637389297 0.6096 0.08556141830814712 -2.5707765526581845
38189 10520887 -2.0013467622142906 -0.9121423699903827 0.6096 0.08556141830814712 -2.5707765526581845
38190 10520887 -2.0009253713504744 -0.9461634491073766 0.6096 0.08556141830814712 -2.5707765526581845
38191 10520887 -2.0005039804866582 -0.9801845282243705 0.6096 0.08556141830814712 -2.5707765526581845
38192 10520887 -1.996943064394541 -1.0171018887471484 0.6096 0.08556141830814712 -2.5707765526581845
38193 10520887 -1.9864839149236324 -1.070412961930878 0.6096 0.08556141830814712 -2.5707765526581845
38194 10520887 -1.9698600134098834 -1.1187299760592466 0.6096 0.08556141830814712 -2.5707765526581845
38195 10520887 -1.960527456018206 -1.1431638259194745 0.6096 0.08556141830814712 -2.5707765526581845
38196 10520887 -1.9329648580449124 -1.2055737478540811 0.6400800000000001 0.08556141830814712 -2.5707765526581845
38197 10520887 -1.9147648192063522 -1.2395674380495485 0.6400800000000001 0.08556141830814712 -2.5707765526581845
38198 10520887 -1.8870129559783313 -1.275867150873163 0.6400800000000001 0.08556141830814712 -2.5707765526581845
38199 10520887 -1.8554083648681032 -1.3134266998158377 0.6400800000000001 0.08556141830814712 -2.5707765526581845
38200 10520887 -1.80644144777133 -1.3647259902791422 0.6400800000000001 0.08556141830814712 -2.5707765526581845
38201 10520887 -1.7880593354868457 -1.3791499387131065 0.6400800000000001 0.08556141830814712 -2.5707765526581845
38202 10520887 -1.755401077705814 -1.4080568890934562 0.6400800000000001 0.08556141830814712 -2.5707765526581845
38203 10520887 -1.7316255579828186 -1.4312545755287671 0.6400800000000001 0.08556141830814712 -2.5707765526581845
38204 10520887 -1.7078500382598232 -1.454452261964078 0.6400800000000001 0.08556141830814712 -2.5707765526581845
38205 10520887 -1.6668303206060935 -1.4838730928550057 0.67056 0.08556141830814712 -2.5707765526581845
38206 10520887 -1.6307366229375224 -1.5077103167576926 0.67056 0.08556141830814712 -2.5707765526581845
38207 10520887 -1.5793618587797644 -1.5396988019411715 0.67056 0.08556141830814712 -2.5707765526581845
38208 10520887 -1.5406760482015158 -1.5640325306051637 0.67056 0.08556141830814712 -2.5707765526581845
38209 10520887 -1.5235165556845132 -1.574725876118873 0.67056 0.08556141830814712 -2.5707765526581845
38210 10520887 -1.5063570631675105 -1.5854192216325822 0.67056 0.08556141830814712 -2.5707765526581845
38211 10520887 -1.4558426316038087 -1.6184103906923644 0.67056 0.08556141830814712 -2.5707765526581845
38212 10520887 -1.4132514231612825 -1.63759427635056 0.67056 0.08556141830814712 -2.5707765526581845
38213 10520887 -1.3803083670211913 -1.659114453056919 0.7010400000000001 0.08556141830814712 -2.5707765526581845
38214 10520887 -1.353087086146785 -1.6791141245175984 0.7010400000000001 0.08556141830814712 -2.5707765526581845
38215 10520887 -1.3101286172937059 -1.698534153273124 0.7010400000000001 0.08556141830814712 -2.5707765526581845
38216 10520887 -1.2721509912122595 -1.7212324122909257 0.7010400000000001 0.08556141830814712 -2.5707765526581845
38217 10520887 -1.2415357146483348 -1.742808507868539 0.7010400000000001 0.08556141830814712 -2.5707765526581845
38218 10520887 -1.1989601971791652 -1.767476836456186 0.7010400000000001 0.08556141830814712 -2.5707765526581845
38219 10520887 -1.1494007103472648 -1.7936102638150635 0.7010400000000001 0.08556141830814712 -2.5707765526581845
38220 10520887 -1.1134979273043235 -1.8158627592543168 0.7010400000000001 0.08556141830814712 -2.5707765526581845
38221 10520887 -1.0822353045483262 -1.8327425905921155 0.73152 0.08556141830814712 -2.5707765526581845
38222 10520887 -1.06330857652512 -1.843603301845882 0.73152 0.08556141830814712 -2.5707765526581845
38223 10520887 -1.0443818485019138 -1.8544640130996481 0.73152 0.08556141830814712 -2.5707765526581845
38224 10520887 -0.9841814763965819 -1.8850092530511722 0.73152 0.08556141830814712 -2.5707765526581845
38225 10520887 -0.9464041824651026 -1.9026159953726143 0.73152 0.08556141830814712 -2.5707765526581845
38226 10520887 -0.9062892634253601 -1.9228559438713166 0.73152 0.08556141830814712 -2.5707765526581845
38227 10520887 -0.8696176314074602 -1.9329740375195417 0.73152 0.08556141830814712 -2.5707765526581845
38228 10520887 -0.8364580246680535 -1.9456825310299968 0.73152 0.08556141830814712 -2.5707765526581845
38229 10520887 -0.7914386228471793 -1.95852886672466 0.762 0.08556141830814712 -2.5707765526581845
38230 10520887 -0.7595813783282199 -1.9654370262665746 0.762 0.08556141830814712 -2.5707765526581845
38231 10520887 -0.722998253783611 -1.9720204436652333 0.762 0.08556141830814712 -2.5707765526581845
38232 10520887 -0.6664978042005802 -1.985347352737828 0.762 0.08556141830814712 -2.5707765526581845
38233 10520887 -0.6347763955934531 -1.990224414416099 0.762 0.08556141830814712 -2.5707765526581845
38234 10520887 -0.6181711084601413 -1.9937824806085394 0.762 0.08556141830814712 -2.5707765526581845
38235 10520887 -0.5643455378498368 -1.9965373859132962 0.762 0.08556141830814712 -2.5707765526581845
38236 10520887 -0.5235646067571496 -2.0033234534284303 0.762 0.08556141830814712 -2.5707765526581845
38237 10520887 -0.4940223708692646 -2.0080717566290605 0.762 0.08556141830814712 -2.5707765526581845
38238 10520887 -0.46448013498137963 -2.0128200598296906 0.762 0.08556141830814712 -2.5707765526581845
38239 10520887 -0.4276103982365296 -2.0196124319300877 0.762 0.08556141830814712 -2.5707765526581845
38240 10520887 -0.38370627042951244 -2.0222779143388023 0.7924800000000001 0.08556141830814712 -2.5707765526581845
38241 10520887 -0.3431442608635935 -2.0302765115779944 0.7924800000000001 0.08556141830814712 -2.5707765526581845
38242 10520887 -0.31119401728133145 -2.0358110540868832 0.7924800000000001 0.08556141830814712 -2.5707765526581845
38243 10520887 -0.27614718709357167 -2.041656421932792 0.7924800000000001 0.08556141830814712 -2.5707765526581845
38244 10520887 -0.24300420649767784 -2.047346773359186 0.7924800000000001 0.08556141830814712 -2.5707765526581845
38245 10520887 -0.20439111974568802 -2.0542403608874436 0.7924800000000001 0.08556141830814712 -2.5707765526581845
38246 10520887 -0.1642416656548018 -2.0618694378546074 0.82296 0.08556141830814712 -2.5707765526581845
38247 10520887 -0.11773979451606653 -2.0718077116074824 0.82296 0.08556141830814712 -2.5707765526581845
38248 10520887 -0.09367828240026582 -2.0742961107743803 0.82296 0.08556141830814712 -2.5707765526581845
38249 10520887 -0.06961677028446511 -2.0767845099412776 0.82296 0.08556141830814712 -2.5707765526581845
38250 10520887 -0.029857335945932983 -2.0845190223551437 0.82296 0.08556141830814712 -2.5707765526581845
38251 10520887 0.005762691028518674 -2.0907839268011874 0.82296 0.08556141830814712 -2.5707765526581845
38252 10520887 0.023811616620169396 -2.096447740304995 0.82296 0.08556141830814712 -2.5707765526581845
38253 10520887 0.07314991531961268 -2.102054316038224 0.82296 0.08556141830814712 -2.5707765526581845
38254 10520887 0.10377078007549512 -2.1062179859325454 0.82296 0.08556141830814712 -2.5707765526581845
38255 10520887 0.13599699632332296 -2.1109060427490838 0.82296 0.08556141830814712 -2.5707765526581845
38256 10520887 0.175801648141094 -2.119588761827348 0.82296 0.08556141830814712 -2.5707765526581845
38257 10520887 0.2114217094480263 -2.1258526279949432 0.82296 0.08556141830814712 -2.5707765526581845
38258 10520887 0.2618730261297342 -2.1307701135716464 0.82296 0.08556141830814712 -2.5707765526581845
38259 10520887 0.28326951062719685 -2.1386951736437183 0.82296 0.08556141830814712 -2.5707765526581845
38260 10520887 0.34503803001449684 -2.148127263385215 0.8534400000000001 0.08556141830814712 -2.5707765526581845
38261 10520887 0.38588685579827253 -2.1563321213320847 0.8534400000000001 0.08556141830814712 -2.5707765526581845
38262 10520887 0.4168858750154638 -2.160968448400236 0.8534400000000001 0.08556141830814712 -2.5707765526581845
38263 10520887 0.45532784430449746 -2.166751057090126 0.8534400000000001 0.08556141830814712 -2.5707765526581845
38264 10520887 0.4815027793966278 -2.172965359275041 0.8534400000000001 0.08556141830814712 -2.5707765526581845
38265 10520887 0.5076777144887581 -2.1791796614599557 0.8534400000000001 0.08556141830814712 -2.5707765526581845
38266 10520887 0.5364747202591308 -2.1836217746218893 0.8534400000000001 0.08556141830814712 -2.5707765526581845
38267 10520887 0.5652717260295035 -2.188063887783823 0.8534400000000001 0.08556141830814712 -2.5707765526581845
38268 10520887 0.5958439530590292 -2.1961815499952677 0.8534400000000001 0.08556141830814712 -2.5707765526581845
38269 10520887 0.6498558586510224 -2.2103202299328295 0.8534400000000001 0.08556141830814712 -2.5707765526581845
38270 10520887 0.690773800150017 -2.2183122012419427 0.8534400000000001 0.08556141830814712 -2.5707765526581845
38271 10520887 0.7268756124901199 -2.2247307823537663 0.8534400000000001 0.08556141830814712 -2.5707765526581845
38272 10520887 0.7677935835911808 -2.2327223068086863 0.8534400000000001 0.08556141830814712 -2.5707765526581845
38273 10520887 0.8089998119560249 -2.2384712838765393 0.8534400000000001 0.08556141830814712 -2.5707765526581845
38274 10520887 0.845527789865757 -2.2422247044125307 0.8534400000000001 0.08556141830814712 -2.5707765526581845
38275 10520887 0.8823385711295229 -2.25191143608875 0.8534400000000001 0.08556141830814712 -2.5707765526581845
38276 10520887 0.9434672174695836 -2.257858222531018 0.8534400000000001 0.08556141830814712 -2.5707765526581845
38277 10520887 0.9839052019498026 -2.263238449669896 0.8534400000000001 0.08556141830814712 -2.5707765526581845
38278 10520887 1.0029546219471825 -2.2654296476133817 0.8534400000000001 0.08556141830814712 -2.5707765526581845
38279 10520887 1.0220040419445624 -2.2676208455568676 0.8534400000000001 0.08556141830814712 -2.5707765526581845
38280 10520887 1.0837381864209812 -2.2771520315816347 0.8534400000000001 0.08556141830814712 -2.5707765526581845
38281 10520887 1.1262765344966887 -2.2801800539047385 0.8534400000000001 0.08556141830814712 -2.5707765526581845
38282 10520887 1.168711421999606 -2.2835245083556424 0.8534400000000001 0.08556141830814712 -2.5707765526581845
38283 10520887 1.2139089110128176 -2.289289572820558 0.8534400000000001 0.08556141830814712 -2.5707765526581845
38284 10520887 1.258019085324764 -2.2913114783189097 0.8534400000000001 0.08556141830814712 -2.5707765526581845
38285 10520887 1.3005907655440851 -2.2958680508019267 0.8534400000000001 0.08556141830814712 -2.5707765526581845
38286 10520887 1.3426709563896149 -2.2975770134661606 0.8534400000000001 0.08556141830814712 -2.5707765526581845
38287 10520887 1.3873069427252553 -2.302339903484308 0.8534400000000001 0.08556141830814712 -2.5707765526581845
38288 10520887 1.4533104108406911 -2.306953776910718 0.8534400000000001 0.08556141830814712 -2.5707765526581845
38289 10520887 1.485137582127638 -2.307416720516598 0.88392 0.08556141830814712 -2.5707765526581845
38290 10520887 1.5335357723435217 -2.3115380862496466 0.88392 0.08556141830814712 -2.5707765526581845
38291 10520887 1.563404376635103 -2.3121496418614447 0.88392 0.08556141830814712 -2.5707765526581845
38292 10520887 1.593272980926684 -2.312761197473243 0.88392 0.08556141830814712 -2.5707765526581845
38293 10520887 1.638325774100502 -2.3152929624060796 0.88392 0.08556141830814712 -2.5707765526581845
38294 10520887 1.6833785672743202 -2.3178247273389165 0.88392 0.08556141830814712 -2.5707765526581845
38295 10520887 1.7267680637213496 -2.3155199416042103 0.88392 0.08556141830814712 -2.5707765526581845
38296 10520887 1.7636034581016822 -2.3224064311088943 0.88392 0.08556141830814712 -2.5707765526581845
38297 10520887 1.8116022434340089 -2.322306962229393 0.88392 0.08556141830814712 -2.5707765526581845
38298 10520887 1.8511358886319385 -2.3236489605582094 0.88392 0.08556141830814712 -2.5707765526581845
38299 10520887 1.8981594977822023 -2.323814670512173 0.88392 0.08556141830814712 -2.5707765526581845
38300 10520887 1.9518114256105181 -2.3254430975540443 0.88392 0.08556141830814712 -2.5707765526581845
38301 10520887 1.9874814100219729 -2.3236538970708898 0.88392 0.08556141830814712 -2.5707765526581845
38302 10520887 2.0231513944334276 -2.3218646965877348 0.88392 0.08556141830814712 -2.5707765526581845
38303 10520887 2.0678800492284015 -2.3236165221410046 0.88392 0.08556141830814712 -2.5707765526581845
38304 10520887 2.1063694253645844 -2.3254340250593275 0.88392 0.08556141830814712 -2.5707765526581845
38305 10520887 2.1665581053859833 -2.3274423306438914 0.88392 0.08556141830814712 -2.5707765526581845
38306 10520887 2.226746785407382 -2.329450636228455 0.88392 0.08556141830814712 -2.5707765526581845
38307 10520887 2.2803981445271955 -2.3310765776932816 0.88392 0.08556141830814712 -2.5707765526581845
38308 10520887 2.306901511613133 -2.3342373250159385 0.8534400000000001 0.08556141830814712 -2.5707765526581845
38309 10520887 2.3906357521445822 -2.336219799406123 0.8534400000000001 0.08556141830814712 -2.5707765526581845
38310 10520887 2.41826400638202 -2.337294146489773 0.8534400000000001 0.08556141830814712 -2.5707765526581845
38311 10520887 2.445892260619458 -2.3383684935734235 0.8534400000000001 0.08556141830814712 -2.5707765526581845
38312 10520887 2.4936589109089535 -2.3416934590127316 0.8534400000000001 0.08556141830814712 -2.5707765526581845
38313 10520887 2.5438578511036 -2.343008421440724 0.8534400000000001 0.08556141830814712 -2.5707765526581845
38314 10520887 2.594628480992715 -2.3480140591006236 0.8534400000000001 0.08556141830814712 -2.5707765526581845
38315 10520887 2.6425914369063204 -2.3480145380599873 0.8534400000000001 0.08556141830814712 -2.5707765526581845
38316 10520887 2.695632270049997 -2.3542276497937507 0.8534400000000001 0.08556141830814712 -2.5707765526581845
38317 10520887 2.766956307146546 -2.35612747878083 0.8534400000000001 0.08556141830814712 -2.5707765526581845
38318 10520887 2.8043201137477967 -2.360027077675913 0.8534400000000001 0.08556141830814712 -2.5707765526581845
38319 10520887 2.841683920349047 -2.363926676570996 0.8534400000000001 0.08556141830814712 -2.5707765526581845
38320 10520887 2.891974708834285 -2.3638675501896405 0.8534400000000001 0.08556141830814712 -2.5707765526581845
38321 10520887 2.9668509892478694 -2.3722980559588125 0.8534400000000001 0.08556141830814712 -2.5707765526581845
38322 10520887 2.998676663585714 -2.3727542061742453 0.8534400000000001 0.08556141830814712 -2.5707765526581845
38323 10520887 3.0700787561209184 -2.3787650578580104 0.8534400000000001 0.08556141830814712 -2.5707765526581845
38324 10520887 3.119391696252639 -2.385510856957635 0.8534400000000001 0.08556141830814712 -2.5707765526581845
38325 10520887 3.188362772516558 -2.390260085204212 0.8534400000000001 0.08556141830814712 -2.5707765526581845
38326 10520887 3.2154175151234643 -2.3900931278917352 0.8534400000000001 0.08556141830814712 -2.5707765526581845
38327 10520887 3.245246343327049 -2.393400973149712 0.8534400000000001 0.08556141830814712 -2.5707765526581845
38328 10520887 3.2750751715306334 -2.396708818407689 0.8534400000000001 0.08556141830814712 -2.5707765526581845
38329 10520887 3.368193357976746 -2.401216511543576 0.8534400000000001 0.08556141830814712 -2.5707765526581845
38330 10520887 3.40832921544728 -2.4054625909149845 0.8534400000000001 0.08556141830814712 -2.5707765526581845
38331 10520887 3.4484650729178146 -2.4097086702863924 0.8534400000000001 0.08556141830814712 -2.5707765526581845
38332 10520887 3.526552437881662 -2.4167280513485387 0.8534400000000001 0.08556141830814712 -2.5707765526581845
38333 10520887 3.5803166716204604 -2.418264762188436 0.8534400000000001 0.08556141830814712 -2.5707765526581845
38334 10520887 3.6063837016151976 -2.421395231105565 0.8534400000000001 0.08556141830814712 -2.5707765526581845
38335 10520887 3.632450731609935 -2.4245257000226936 0.8534400000000001 0.08556141830814712 -2.5707765526581845
38336 10520887 3.712121268300895 -2.4291393632015343 0.8534400000000001 0.08556141830814712 -2.5707765526581845
38337 10520887 3.7690026494630144 -2.43718155343099 0.8534400000000001 0.08556141830814712 -2.5707765526581845
38338 10520887 3.844372742112909 -2.4402741855795997 0.8534400000000001 0.08556141830814712 -2.5707765526581845
38339 10520887 3.8694992188648705 -2.4435641943023287 0.8534400000000001 0.08556141830814712 -2.5707765526581845
38340 10520887 3.928859202596426 -2.4464564299231992 0.8534400000000001 0.08556141830814712 -2.5707765526581845
38341 10520887 4.007140181216188 -2.455870018851179 0.8534400000000001 -0.6390847452722221 -1.956002787820186
38342 10520887 4.027954972101575 -2.457402734552655 0.8534400000000001 -0.6390847452722221 -1.956002787820186
38343 10520887 4.085755153991129 -2.4599017791953917 0.8534400000000001 -0.6390847452722221 -1.956002787820186
38344 10520887 4.1762385823051735 -2.4683875469928593 0.8534400000000001 -0.6390847452722221 -1.956002787820186
38345 10520887 4.189489891300248 -2.469964367658928 0.8534400000000001 -0.6390847452722221 -1.956002787820186
38346 10520887 4.202741200295321 -2.4715411883249963 0.8534400000000001 -0.6390847452722221 -1.956002787820186
38347 10520887 4.274290677725394 -2.4781724862566112 0.8534400000000001 -0.6390847452722221 -1.956002787820186
38348 10520887 4.3245217488398815 -2.479369252295847 0.8534400000000001 -0.6390847452722221 -1.956002787820186
38349 10520887 4.423972463196984 -2.4903091425963275 0.8534400000000001 -0.6390847452722221 -1.956002787820186
38350 10520887 4.446977822926992 -2.490569351226107 0.8534400000000001 -0.6390847452722221 -1.956002787820186
38351 10520887 4.48760861220808 -2.496693770503751 0.8534400000000001 -0.6390847452722221 -1.956002787820186
38352 10520887 4.5282394014891665 -2.5028181897813946 0.8534400000000001 -0.6390847452722221 -1.956002787820186
38353 10520887 4.570625976900027 -2.5035577755086558 0.8534400000000001 -0.6390847452722221 -1.956002787820186
38354 10520887 4.629204661498118 -2.5091097652349754 0.8534400000000001 -0.6390847452722221 -1.956002787820186
38355 10520887 4.702989691029601 -2.517049860093985 0.8534400000000001 -0.6390847452722221 -1.956002787820186
38356 10520887 4.747072281253162 -2.523480808773533 0.8534400000000001 -0.6390847452722221 -1.956002787820186
38357 10520887 4.821797643530101 -2.531259081564963 0.8534400000000001 -0.6390847452722221 -1.956002787820186
38358 10520887 4.870685567754237 -2.5365695626353797 0.8534400000000001 -0.6390847452722221 -1.956002787820186
38359 10520887 4.908030979886828 -2.5405108355465793 0.8534400000000001 -0.6390847452722221 -1.956002787820186
38360 10520887 4.945376392019418 -2.544452108457779 0.8534400000000001 -0.6390847452722221 -1.956002787820186
38361 10520887 4.994355425608637 -2.5532955246314946 0.8534400000000001 -0.6390847452722221 -1.956002787820186
38362 10520887 5.018701613075648 -2.5576119744542383 0.8534400000000001 -0.6390847452722221 -1.956002787820186
38363 10520887 5.01873083501278 -2.5540405211041715 0.8533030727762804 -0.6390847452722221 -1.956002787820186
38364 10520887 5.018760056949913 -2.550469067754105 0.8531661455525608 -0.6390847452722221 -1.956002787820186
38365 10520887 5.018789278887045 -2.5468976144040383 0.853029218328841 -0.6390847452722221 -1.956002787820186
38366 10520887 5.018818500824177 -2.5433261610539715 0.8528922911051214 -0.6390847452722221 -1.956002787820186
38367 10520887 5.0188477227613095 -2.539754707703905 0.8527553638814017 -0.6390847452722221 -1.956002787820186
38368 10520887 5.018876944698442 -2.5361832543538383 0.852618436657682 -0.6390847452722221 -1.956002787820186
38369 10520887 5.018906166635574 -2.5326118010037715 0.8524815094339624 -0.6390847452722221 -1.956002787820186
38370 10520887 5.018935388572706 -2.5290403476537047 0.8523445822102427 -0.6390847452722221 -1.956002787820186
38371 10520887 5.018964610509839 -2.5254688943036383 0.852207654986523 -0.6390847452722221 -1.956002787820186
38372 10520887 5.018993832446971 -2.5218974409535715 0.8520707277628033 -0.6390847452722221 -1.956002787820186
38373 10520887 5.019023054384103 -2.5183259876035047 0.8519338005390836 -0.6390847452722221 -1.956002787820186
38374 10520887 5.0190522763212355 -2.5147545342534383 0.851796873315364 -0.6390847452722221 -1.956002787820186
38375 10520887 5.019081498258368 -2.5111830809033715 0.8516599460916443 -0.6390847452722221 -1.956002787820186
38376 10520887 5.0191107201955 -2.5076116275533047 0.8515230188679246 -0.6390847452722221 -1.956002787820186
38377 10520887 5.019139942132632 -2.5040401742032383 0.851386091644205 -0.6390847452722221 -1.956002787820186
38378 10520887 5.019169164069765 -2.5004687208531715 0.8512491644204853 -0.6390847452722221 -1.956002787820186
38379 10520887 5.019198386006897 -2.4968972675031047 0.8511122371967655 -0.6390847452722221 -1.956002787820186
38380 10520887 5.019227607944029 -2.493325814153038 0.8509753099730459 -0.6390847452722221 -1.956002787820186
38381 10520887 5.0192568298811615 -2.4897543608029715 0.8508383827493262 -0.6390847452722221 -1.956002787820186
38382 10520887 5.019286051818294 -2.4861829074529047 0.8507014555256066 -0.6390847452722221 -1.956002787820186
38383 10520887 5.019315273755426 -2.482611454102838 0.8505645283018869 -0.6390847452722221 -1.956002787820186
38384 10520887 5.019344495692558 -2.4790400007527715 0.8504276010781672 -0.6390847452722221 -1.956002787820186
38385 10520887 5.019373717629691 -2.4754685474027047 0.8502906738544476 -0.6390847452722221 -1.956002787820186
38386 10520887 5.019402939566823 -2.471897094052638 0.8501537466307278 -0.6390847452722221 -1.956002787820186
38387 10520887 5.019432161503955 -2.4683256407025715 0.8500168194070081 -0.6390847452722221 -1.956002787820186
38388 10520887 5.0194613834410875 -2.4647541873525047 0.8498798921832885 -0.6390847452722221 -1.956002787820186
38389 10520887 5.019490605378219 -2.461182734002438 0.8497429649595688 -0.6390847452722221 -1.956002787820186
38390 10520887 5.019519827315351 -2.457611280652371 0.8496060377358492 -0.6390847452722221 -1.956002787820186
38391 10520887 5.0195490492524835 -2.4540398273023047 0.8494691105121295 -0.6390847452722221 -1.956002787820186
38392 10520887 5.019578271189616 -2.450468373952238 0.8493321832884098 -0.6390847452722221 -1.956002787820186
38393 10520887 5.019607493126748 -2.446896920602171 0.8491952560646902 -0.6390847452722221 -1.956002787820186
38394 10520887 5.01963671506388 -2.4433254672521048 0.8490583288409704 -0.6390847452722221 -1.956002787820186
38395 10520887 5.019665937001013 -2.439754013902038 0.8489214016172507 -0.6390847452722221 -1.956002787820186
38396 10520887 5.019695158938145 -2.436182560551971 0.8487844743935311 -0.6390847452722221 -1.956002787820186
38397 10520887 5.019724380875277 -2.4326111072019048 0.8486475471698114 -0.6390847452722221 -1.956002787820186
38398 10520887 5.0197536028124095 -2.429039653851838 0.8485106199460918 -0.6390847452722221 -1.956002787820186
38399 10520887 5.019782824749542 -2.425468200501771 0.8483736927223721 -0.6390847452722221 -1.956002787820186
38400 10520887 5.019812046686674 -2.4218967471517043 0.8482367654986523 -0.6390847452722221 -1.956002787820186
38401 10520887 5.019841268623806 -2.418325293801638 0.8480998382749327 -0.6390847452722221 -1.956002787820186
38402 10520887 5.019870490560939 -2.414753840451571 0.847962911051213 -0.6390847452722221 -1.956002787820186
38403 10520887 5.019899712498071 -2.4111823871015043 0.8478259838274933 -0.6390847452722221 -1.956002787820186
38404 10520887 5.019928934435203 -2.407610933751438 0.8476890566037737 -0.6390847452722221 -1.956002787820186
38405 10520887 5.0199581563723354 -2.404039480401371 0.847552129380054 -0.6390847452722221 -1.956002787820186
38406 10520887 5.019987378309468 -2.4004680270513044 0.8474152021563344 -0.6390847452722221 -1.956002787820186
38407 10520887 5.0200166002466 -2.396896573701238 0.8472782749326147 -0.6390847452722221 -1.956002787820186
38408 10520887 5.020045822183732 -2.393325120351171 0.8471413477088949 -0.6390847452722221 -1.956002787820186
38409 10520887 5.020075044120865 -2.3897536670011044 0.8470044204851753 -0.6390847452722221 -1.956002787820186
38410 10520887 5.020104266057997 -2.386182213651038 0.8468674932614556 -0.6390847452722221 -1.956002787820186
38411 10520887 5.020133487995129 -2.382610760300971 0.8467305660377359 -0.6390847452722221 -1.956002787820186
38412 10520887 5.020162709932261 -2.3790393069509044 0.8465936388140163 -0.6390847452722221 -1.956002787820186
38413 10520887 5.020191931869394 -2.3754678536008376 0.8464567115902966 -0.6390847452722221 -1.956002787820186
38414 10520887 5.020221153806526 -2.371896400250771 0.846319784366577 -0.6390847452722221 -1.956002787820186
38415 10520887 5.020250375743658 -2.3683249469007044 0.8461828571428572 -0.6390847452722221 -1.956002787820186
38416 10520887 5.020279597680791 -2.3647534935506376 0.8460459299191375 -0.6390847452722221 -1.956002787820186
38417 10520887 5.020308819617923 -2.361182040200571 0.8459090026954179 -0.6390847452722221 -1.956002787820186
38418 10520887 5.020338041555055 -2.3576105868505044 0.8457720754716982 -0.6390847452722221 -1.956002787820186
38419 10520887 5.020367263492187 -2.3540391335004376 0.8456351482479785 -0.6390847452722221 -1.956002787820186
38420 10520887 5.02039648542932 -2.3504676801503708 0.8454982210242589 -0.6390847452722221 -1.956002787820186
38421 10520887 5.020425707366452 -2.3468962268003044 0.8453612938005391 -0.6390847452722221 -1.956002787820186
38422 10520887 5.020454929303584 -2.3433247734502376 0.8452243665768195 -0.6390847452722221 -1.956002787820186
