40235 10520887 0.1101543937803976 0.00360262483489171 0.3048 -1.6958058802865732 -3.176793915693223
40236 10520887 0.1289937185507377 0.002819585646615927 0.3048 -1.6958058802865732 -3.176793915693223
40237 10520887 0.14783304332107783 0.002036546458340144 0.3048 -1.6958058802865732 -3.176793915693223
40238 10520887 0.16667236809141794 0.0012535072700643607 0.3048 -1.6958058802865732 -3.176793915693223
40239 10520887 0.1896637259737356 0.001625443623818272 0.3048 -1.6958058802865732 -3.176793915693223
40240 10520887 0.21265508385605325 0.0019973799775721834 0.3048 -1.6958058802865732 -3.176793915693223
40241 10520887 0.22915604251121902 0.0022124126974792935 0.3048 -1.6958058802865732 -3.176793915693223
40242 10520887 0.2895989616044943 0.00372194226662953 0.3048 -1.6958058802865732 -3.176793915693223
40243 10520887 0.30237718808658876 0.0020577793016417906 0.3048 -1.6958058802865732 -3.176793915693223
40244 10520887 0.31515541456868323 0.00039361633665405127 0.3048 -1.6958058802865732 -3.176793915693223
40245 10520887 0.3481226981252492 0.0007186407027334474 0.3048 -1.6958058802865732 -3.176793915693223
40246 10520887 0.3836660531112185 -0.0033029032925894902 0.3048 -1.6958058802865732 -3.176793915693223
40247 10520887 0.4187585184045059 -0.007118094368200737 0.30988000000000004 -1.6958058802865732 -3.176793915693223
40248 10520887 0.45385098369779325 -0.010933285443811985 0.31496 -1.6958058802865732 -3.176793915693223
40249 10520887 0.48894344899108066 -0.01474847651942323 0.32004 -1.6958058802865732 -3.176793915693223
40250 10520887 0.524035914284368 -0.01856366759503448 0.32512 -1.6958058802865732 -3.176793915693223
40251 10520887 0.5591283795776554 -0.022378858670645724 0.33020000000000005 -1.6958058802865732 -3.176793915693223
40252 10520887 0.5942208448709428 -0.02619404974625697 0.33528 -1.6958058802865732 -3.176793915693223
40253 10520887 0.6222839666295487 -0.0313624475511854 0.33528 -1.6958058802865732 -3.176793915693223
40254 10520887 0.6503470883881546 -0.036530845356113825 0.33528 -1.6958058802865732 -3.176793915693223
40255 10520887 0.6784102101467604 -0.04169924316104225 0.33528 -1.6958058802865732 -3.176793915693223
40256 10520887 0.7064733319053662 -0.04686764096597068 0.33528 -1.6958058802865732 -3.176793915693223
40257 10520887 0.7427791870778787 -0.04665006214058705 0.341376 -1.6958058802865732 -3.176793915693223
40258 10520887 0.7790850422503912 -0.04643248331520342 0.347472 -1.6958058802865732 -3.176793915693223
40259 10520887 0.8153908974229037 -0.04621490448981979 0.353568 -1.6958058802865732 -3.176793915693223
40260 10520887 0.8516967525954162 -0.045997325664436164 0.359664 -1.6958058802865732 -3.176793915693223
40261 10520887 0.8880026077679287 -0.04577974683905253 0.36576 -1.6958058802865732 -3.176793915693223
40262 10520887 0.9099372663044707 -0.04687110598355554 0.36576 -1.6958058802865732 -3.176793915693223
40263 10520887 0.9318719248410127 -0.047962465128058546 0.36576 -1.6958058802865732 -3.176793915693223
40264 10520887 0.9538065833775546 -0.04905382427256155 0.36576 -1.6958058802865732 -3.176793915693223
40265 10520887 0.9757412419140965 -0.05014518341706456 0.36576 -1.6958058802865732 -3.176793915693223
40266 10520887 0.9976759004506385 -0.051236542561567566 0.36576 -1.6958058802865732 -3.176793915693223
40267 10520887 1.0627829900765309 -0.05106921112226294 0.36576 -1.6958058802865732 -3.176793915693223
40268 10520887 1.1278900797024232 -0.05090187968295831 0.36576 -1.6958058802865732 -3.176793915693223
40269 10520887 1.1472587655486337 -0.04870108827237085 0.36576 -1.6958058802865732 -3.176793915693223
40270 10520887 1.1861824190742898 -0.04780646514190129 0.36576 -1.6958058802865732 -3.176793915693223
40271 10520887 1.2251060725999459 -0.046911842011431726 0.36576 -1.6958058802865732 -3.176793915693223
40272 10520887 1.275707435978563 -0.046969437047696905 0.36576 -1.6958058802865732 -3.176793915693223
40273 10520887 1.308535734906509 -0.04706218828426187 0.39624000000000004 -1.6958058802865732 -3.176793915693223
40274 10520887 1.3637272537919651 -0.04231012606888715 0.39624000000000004 -1.6958058802865732 -3.176793915693223
40275 10520887 1.3898961435745274 -0.04384867805095296 0.39624000000000004 -1.6958058802865732 -3.176793915693223
40276 10520887 1.4160650333570894 -0.04538723003301876 0.39624000000000004 -1.6958058802865732 -3.176793915693223
40277 10520887 1.4422339231396517 -0.04692578201508457 0.39624000000000004 -1.6958058802865732 -3.176793915693223
40278 10520887 1.4812182588552165 -0.04856131941043362 0.39624000000000004 -1.6958058802865732 -3.176793915693223
40279 10520887 1.5131059494477213 -0.04881326221163029 0.39624000000000004 -1.6958058802865732 -3.176793915693223
40280 10520887 1.5540806850229014 -0.05658923931207757 0.39624000000000004 -1.6958058802865732 -3.176793915693223
40281 10520887 1.593412787041871 -0.05308074717687272 0.39624000000000004 -1.6958058802865732 -3.176793915693223
40282 10520887 1.623570078133914 -0.051832466063526456 0.42672000000000004 -1.6958058802865732 -3.176793915693223
40283 10520887 1.6616138497780626 -0.053627167751895494 0.42672000000000004 -1.6958058802865732 -3.176793915693223
40284 10520887 1.695943154801913 -0.0545589835659214 0.42672000000000004 -1.6958058802865732 -3.176793915693223
40285 10520887 1.7451111593612367 -0.05356125658640548 0.42672000000000004 -1.6958058802865732 -3.176793915693223
40286 10520887 1.7820765381711203 -0.05593773354122636 0.42672000000000004 -1.6958058802865732 -3.176793915693223
40287 10520887 1.8049051969134196 -0.056734511316644365 0.42672000000000004 -1.6958058802865732 -3.176793915693223
40288 10520887 1.842550507697487 -0.05430941307252202 0.42672000000000004 -1.6958058802865732 -3.176793915693223
40289 10520887 1.8962226136510423 -0.05583309398892278 0.45720000000000005 -1.6958058802865732 -3.176793915693223
40290 10520887 1.9226009142688611 -0.05527704603728463 0.45720000000000005 -1.6958058802865732 -3.176793915693223
40291 10520887 1.9489792148866802 -0.05472099808564648 0.45720000000000005 -1.6958058802865732 -3.176793915693223
40292 10520887 1.983539934214507 -0.05222247283046297 0.45720000000000005 -1.6958058802865732 -3.176793915693223
40293 10520887 2.022708412139243 -0.05192943086003776 0.45720000000000005 -1.6958058802865732 -3.176793915693223
40294 10520887 2.0604443035493283 -0.050584273663952295 0.45720000000000005 -1.6958058802865732 -3.176793915693223
40295 10520887 2.1004495723285115 -0.050447279613333396 0.45720000000000005 -1.6958058802865732 -3.176793915693223
40296 10520887 2.1365459771131796 -0.04868321050676977 0.45720000000000005 -1.6958058802865732 -3.176793915693223
40297 10520887 2.1722490296940418 -0.05193062205970206 0.48768 -1.6958058802865732 -3.176793915693223
40298 10520887 2.2278593468848413 -0.05186531812840264 0.48768 -1.6958058802865732 -3.176793915693223
40299 10520887 2.2385572316831457 -0.05173706753181448 0.48768 -1.6958058802865732 -3.176793915693223
40300 10520887 2.298786011894806 -0.054931601910197775 0.48768 -1.6958058802865732 -3.176793915693223
40301 10520887 2.3352709458219016 -0.054695313090685954 0.48768 -1.6958058802865732 -3.176793915693223
40302 10520887 2.3749408171666637 -0.05830242312666509 0.5181600000000001 -1.6958058802865732 -3.176793915693223
40303 10520887 2.399046467499899 -0.06062412453164878 0.5181600000000001 -1.6958058802865732 -3.176793915693223
40304 10520887 2.4231521178331343 -0.06294582593663248 0.5181600000000001 -1.6958058802865732 -3.176793915693223
40305 10520887 2.455196038932007 -0.06815127611617325 0.5181600000000001 -1.6958058802865732 -3.176793915693223
40306 10520887 2.4915623875242146 -0.07371644726234963 0.5181600000000001 -1.6958058802865732 -3.176793915693223
40307 10520887 2.5243892908848027 -0.07380357165714987 0.54864 -1.6958058802865732 -3.176793915693223
40308 10520887 2.561946925447165 -0.08115914492166212 0.54864 -1.6958058802865732 -3.176793915693223
40309 10520887 2.60738402128347 -0.0847787827880854 0.54864 -1.6958058802865732 -3.176793915693223
40310 10520887 2.6304176135977295 -0.08698335819920755 0.54864 -1.6958058802865732 -3.176793915693223
40311 10520887 2.6534512059119897 -0.0891879336103297 0.54864 -1.6958058802865732 -3.176793915693223
40312 10520887 2.682300194586283 -0.08785889449344034 0.54864 -1.6958058802865732 -3.176793915693223
40313 10520887 2.7164488502126583 -0.08253581790448553 0.54864 -1.6958058802865732 -3.176793915693223
40314 10520887 2.7512620173839935 -0.0778968076311565 0.54864 -1.6958058802865732 -3.176793915693223
40315 10520887 2.7863533114404997 -0.06832531129706729 0.54864 -1.6958058802865732 -3.176793915693223
40316 10520887 2.8143037374401114 -0.05478714199678156 0.54864 -1.6958058802865732 -3.176793915693223
40317 10520887 2.8526366747563787 -0.03120424339732028 0.57912 -1.6958058802865732 -3.176793915693223
40318 10520887 2.866854313315675 -0.012131635493850962 0.57912 -1.6958058802865732 -3.176793915693223
40319 10520887 2.8861277597904875 0.006108286873620611 0.57912 -1.6958058802865732 -3.176793915693223
40320 10520887 2.895309112568446 0.02063366370880207 0.57912 -1.6958058802865732 -3.176793915693223
40321 10520887 2.904490465346404 0.03515904054398353 0.57912 -1.6958058802865732 -3.176793915693223
40322 10520887 2.923027897881874 0.06882543839547259 0.57912 -1.6958058802865732 -3.176793915693223
40323 10520887 2.926993579376755 0.10409454043857289 0.57912 -1.6958058802865732 -3.176793915693223
40324 10520887 2.931724778447988 0.1349083521183929 0.57912 -1.6958058802865732 -3.176793915693223
40325 10520887 2.9333497289570154 0.16708662026410856 0.57912 -1.6958058802865732 -3.176793915693223
40326 10520887 2.9246318805685743 0.1975012708180963 0.57912 -1.6958058802865732 -3.176793915693223
40327 10520887 2.919810502078535 0.2248917314295986 0.57912 -1.6958058802865732 -3.176793915693223
40328 10520887 2.9153461721984613 0.2547356365941975 0.57912 -1.6958058802865732 -3.176793915693223
40329 10520887 2.90919951316054 0.28010563673808175 0.59436 -1.6958058802865732 -3.176793915693223
40330 10520887 2.9030528541226186 0.305475636881966 0.6096 -1.6958058802865732 -3.176793915693223
40331 10520887 2.8992260737948365 0.3277520033296476 0.6096 -1.6958058802865732 -3.176793915693223
40332 10520887 2.887606864725777 0.3560767762988958 0.6096 -1.6958058802865732 -3.176793915693223
40333 10520887 2.882527919237039 0.392195978785422 0.6096 -1.6958058802865732 -3.176793915693223
40334 10520887 2.869763547341363 0.42217969863350235 0.6096 -1.6958058802865732 -3.176793915693223
40335 10520887 2.86862367398712 0.4502376057217775 0.6096 -1.6958058802865732 -3.176793915693223
40336 10520887 2.8587900536132205 0.4908295971185044 0.6096 -1.6958058802865732 -3.176793915693223
40337 10520887 2.848227555808659 0.5210291843872158 0.6096 -1.6958058802865732 -3.176793915693223
40338 10520887 2.845082626858109 0.5331536063110704 0.6096 -1.6958058802865732 -3.176793915693223
40339 10520887 2.833541335405491 0.573952804769903 0.6096 -1.6958058802865732 -3.176793915693223
40340 10520887 2.826618954791445 0.5949036858192553 0.6096 -1.6958058802865732 -3.176793915693223
40341 10520887 2.8196965741773985 0.6158545668686076 0.6096 -1.6958058802865732 -3.176793915693223
40342 10520887 2.804226739449642 0.6446192362617934 0.6400800000000001 -1.6958058802865732 -3.176793915693223
40343 10520887 2.789766219083544 0.6737553723782164 0.6096 -1.6958058802865732 -3.176793915693223
40344 10520887 2.7782288089596427 0.7020540461738297 0.6096 -1.6958058802865732 -3.176793915693223
40345 10520887 2.7665570087396625 0.7348357626998427 0.6096 -1.6958058802865732 -3.176793915693223
40346 10520887 2.7496102313496684 0.7656015851272092 0.6400800000000001 -1.6958058802865732 -3.176793915693223
40347 10520887 2.7376167145460393 0.7968530200825809 0.6096 -1.6958058802865732 -3.176793915693223
40348 10520887 2.7216805769282804 0.829625422181733 0.6400800000000001 -1.6958058802865732 -3.176793915693223
40349 10520887 2.7063593456794157 0.8561225494900438 0.6400800000000001 -1.6958058802865732 -3.176793915693223
40350 10520887 2.6955545676521204 0.8814955814432046 0.6400800000000001 -1.6958058802865732 -3.176793915693223
40351 10520887 2.684749789624825 0.9068686133963654 0.6400800000000001 -1.6958058802865732 -3.176793915693223
40352 10520887 2.675071333673367 0.9359626409488034 0.6400800000000001 -1.6958058802865732 -3.176793915693223
40353 10520887 2.663353301957918 0.9664235852819106 0.6400800000000001 -1.6958058802865732 -3.176793915693223
40354 10520887 2.639952297230379 1.011680358234084 0.6400800000000001 -1.6958058802865732 -3.176793915693223
40355 10520887 2.628521119910359 1.041930987047312 0.6400800000000001 -1.6958058802865732 -3.176793915693223
40356 10520887 2.616677641413516 1.0725499423328 0.6400800000000001 -1.6958058802865732 -3.176793915693223
40357 10520887 2.598629758343851 1.0999379768369408 0.6400800000000001 -1.6958058802865732 -3.176793915693223
40358 10520887 2.5751609416265273 1.1449837893566348 0.6400800000000001 -1.6958058802865732 -3.176793915693223
40359 10520887 2.5522651793912576 1.1738382561882792 0.6400800000000001 -1.6958058802865732 -3.176793915693223
40360 10520887 2.5431440695928043 1.1875057630282921 0.6400800000000001 -1.6958058802865732 -3.176793915693223
40361 10520887 2.534022959794351 1.201173269868305 0.6400800000000001 -1.6958058802865732 -3.176793915693223
40362 10520887 2.516177763575536 1.2226545147941432 0.6400800000000001 -1.6958058802865732 -3.176793915693223
40363 10520887 2.476537766692468 1.2573276831991567 0.6400800000000001 -1.6958058802865732 -3.176793915693223
40364 10520887 2.4455315707751497 1.2782005275666346 0.6400800000000001 -1.6958058802865732 -3.176793915693223
40365 10520887 2.41872061963456 1.298053999119731 0.6400800000000001 -1.6958058802865732 -3.176793915693223
40366 10520887 2.381578435282383 1.3150899445744952 0.6400800000000001 -1.6958058802865732 -3.176793915693223
40367 10520887 2.3471992499215575 1.332158367099281 0.6400800000000001 -1.6958058802865732 -3.176793915693223
40368 10520887 2.2950388301481404 1.3486088423696325 0.67056 -1.6958058802865732 -3.176793915693223
40369 10520887 2.2747676472311236 1.3526006654638283 0.67056 -1.6958058802865732 -3.176793915693223
40370 10520887 2.2544964643141068 1.356592488558024 0.67056 -1.6958058802865732 -3.176793915693223
40371 10520887 2.2073370235373986 1.3617141268477477 0.67056 -1.6958058802865732 -3.176793915693223
40372 10520887 2.173895923028075 1.361537852371896 0.67056 -1.6958058802865732 -3.176793915693223
40373 10520887 2.131893564736248 1.3645083649577474 0.67056 -1.6958058802865732 -3.176793915693223
40374 10520887 2.083365505760919 1.3643534688594259 0.67056 -1.6958058802865732 -3.176793915693223
40375 10520887 2.0243108481758556 1.3613286443246533 0.67056 -1.6958058802865732 -3.176793915693223
40376 10520887 1.977681477095339 1.3561149460830266 0.67056 -1.6958058802865732 -3.176793915693223
40377 10520887 1.9441246758950135 1.3550428513824262 0.67056 -1.6958058802865732 -3.176793915693223
40378 10520887 1.8820711266823638 1.3444704570323678 0.67056 -1.6958058802865732 -3.176793915693223
40379 10520887 1.8698047191190659 1.344972494956588 0.67056 -1.6958058802865732 -3.176793915693223
40380 10520887 1.8575383115557682 1.3454745328808084 0.67056 -1.6958058802865732 -3.176793915693223
40381 10520887 1.7879295808170117 1.3351510462765346 0.7010400000000001 -1.6958058802865732 -3.176793915693223
40382 10520887 1.7467909308101948 1.3298974247238213 0.7010400000000001 -1.6958058802865732 -3.176793915693223
40383 10520887 1.6963548194320572 1.3249942147169662 0.7010400000000001 -1.6958058802865732 -3.176793915693223
40384 10520887 1.6504472493394038 1.3203643256655213 0.7010400000000001 -1.6958058802865732 -3.176793915693223
40385 10520887 1.5890821233820815 1.3119056733359749 0.7010400000000001 -1.6958058802865732 -3.176793915693223
40386 10520887 1.548788845321403 1.303806685877777 0.67056 -1.6958058802865732 -3.176793915693223
40387 10520887 1.499235333312208 1.29943410618831 0.67056 -1.6958058802865732 -3.176793915693223
40388 10520887 1.4531533207736347 1.2926425919735638 0.67056 -1.6958058802865732 -3.176793915693223
40389 10520887 1.412669012565919 1.289396518647739 0.67056 -1.6958058802865732 -3.176793915693223
40390 10520887 1.3824050734562692 1.285907478991707 0.67056 -1.6958058802865732 -3.176793915693223
40391 10520887 1.3521411343466194 1.282418439335675 0.67056 -1.6958058802865732 -3.176793915693223
40392 10520887 1.3017037864286092 1.2775180161863773 0.67056 -1.6958058802865732 -3.176793915693223
40393 10520887 1.2582274035535275 1.2748998011137416 0.67056 -1.6958058802865732 -3.176793915693223
40394 10520887 1.21200818311025 1.269322704487148 0.67056 -1.6958058802865732 -3.176793915693223
40395 10520887 1.1674188814676265 1.2660171565920857 0.67056 -1.6958058802865732 -3.176793915693223
40396 10520887 1.1237187192175222 1.2697814653713453 0.67056 -1.6958058802865732 -3.176793915693223
40397 10520887 1.082249938437159 1.2689616044525927 0.67056 -1.6958058802865732 -3.176793915693223
40398 10520887 1.0286971750183826 1.2681183730081707 0.67056 -1.6958058802865732 -3.176793915693223
40399 10520887 0.9909128520744772 1.2720532942829443 0.67056 -1.6958058802865732 -3.176793915693223
40400 10520887 0.9420267478421205 1.2719054943892918 0.6400800000000001 -1.6958058802865732 -3.176793915693223
40401 10520887 0.8883612910670677 1.2734366303246658 0.6400800000000001 -1.6958058802865732 -3.176793915693223
40402 10520887 0.8473855252318898 1.2730410559758414 0.6400800000000001 -1.6958058802865732 -3.176793915693223
40403 10520887 0.827259029066106 1.2731341793981166 0.6400800000000001 -1.6958058802865732 -3.176793915693223
40404 10520887 0.8071325329003223 1.273227302820392 0.6400800000000001 -1.6958058802865732 -3.176793915693223
40405 10520887 0.7357845247690651 1.2711917124354317 0.6400800000000001 -1.6958058802865732 -3.176793915693223
40406 10520887 0.684886684851824 1.2659783119775174 0.6400800000000001 -1.6958058802865732 -3.176793915693223
40407 10520887 0.6468019842103958 1.2679101857496304 0.6400800000000001 -1.6958058802865732 -3.176793915693223
40408 10520887 0.594998113946626 1.26264296205116 0.6400800000000001 -1.6958058802865732 -3.176793915693223
40409 10520887 0.5371889104767803 1.2599229356843187 0.6400800000000001 -1.6958058802865732 -3.176793915693223
40410 10520887 0.5055335833148635 1.2595205264836864 0.6400800000000001 -1.6958058802865732 -3.176793915693223
40411 10520887 0.45587870743055714 1.2597438458294143 0.6400800000000001 -1.6958058802865732 -3.176793915693223
40412 10520887 0.42991913908167423 1.2570712621627584 0.6248400000000001 -1.6958058802865732 -3.176793915693223
40413 10520887 0.4039595707327913 1.2543986784961028 0.6096 -1.6958058802865732 -3.176793915693223
40414 10520887 0.3426887412805343 1.2530451515752241 0.6096 -1.6958058802865732 -3.176793915693223
40415 10520887 0.2997454049075521 1.246636137597702 0.6096 -1.6958058802865732 -3.176793915693223
40416 10520887 0.25768151752806734 1.248351758068126 0.6096 -1.6958058802865732 -3.176793915693223
40417 10520887 0.22309721623442136 1.2430662777202286 0.6096 -1.6958058802865732 -3.176793915693223
40418 10520887 0.1772806834959566 1.2414525261586784 0.6096 -1.6958058802865732 -3.176793915693223
40419 10520887 0.14034961530834456 1.2398553076128882 0.6096 -1.6958058802865732 -3.176793915693223
40420 10520887 0.08109246005669035 1.2351583972990416 0.6096 -1.6958058802865732 -3.176793915693223
40421 10520887 0.041728494346290224 1.2315529461634858 0.6096 -1.6958058802865732 -3.176793915693223
40422 10520887 0.00325292273629163 1.2333820762136802 0.6096 -1.6958058802865732 -3.176793915693223
40423 10520887 -0.041727279247131266 1.2316130134255276 0.6096 -1.6958058802865732 -3.176793915693223
40424 10520887 -0.061581062336439896 1.2301004176363437 0.59436 -1.6958058802865732 -3.176793915693223
40425 10520887 -0.08143484542574853 1.2285878218471598 0.57912 -1.6958058802865732 -3.176793915693223
40426 10520887 -0.1211200684680821 1.2250881844828876 0.57912 -1.6958058802865732 -3.176793915693223
40427 10520887 -0.15234241593524644 1.223028006680044 0.57912 -1.6958058802865732 -3.176793915693223
40428 10520887 -0.20457641811765592 1.2251501648046197 0.57912 -1.6958058802865732 -3.176793915693223
40429 10520887 -0.24329388931940432 1.2262417688356768 0.57912 -1.6958058802865732 -3.176793915693223
40430 10520887 -0.27601571927410196 1.2266585022311178 0.57912 -1.6958058802865732 -3.176793915693223
40431 10520887 -0.3282342915204344 1.2326320046031538 0.57912 -1.6958058802865732 -3.176793915693223
40432 10520887 -0.3626298133507877 1.2333626610966493 0.57912 -1.6958058802865732 -3.176793915693223
40433 10520887 -0.38028050890002263 1.2337009065072766 0.57912 -1.6958058802865732 -3.176793915693223
40434 10520887 -0.39793120444925756 1.2340391519179037 0.57912 -1.6958058802865732 -3.176793915693223
40435 10520887 -0.4500463494936473 1.240330207238497 0.57912 -1.6958058802865732 -3.176793915693223
40436 10520887 -0.48702143852247315 1.241320694038629 0.57912 -1.6958058802865732 -3.176793915693223
40437 10520887 -0.5285857460250614 1.250004229572338 0.57912 -1.6958058802865732 -3.176793915693223
40438 10520887 -0.5623862276700953 1.2498402185030268 0.54864 -1.6958058802865732 -3.176793915693223
40439 10520887 -0.5967298839119108 1.2561631048893 0.54864 -1.6958058802865732 -3.176793915693223
40440 10520887 -0.634679282985769 1.267754491186596 0.54864 -1.6958058802865732 -3.176793915693223
40441 10520887 -0.6669593385148092 1.2738702857405961 0.54864 0.1368982692930354 -4.113242484253095
40442 10520887 -0.7174523180962484 1.2851241558324895 0.54864 0.1368982692930354 -4.113242484253095
40443 10520887 -0.7526168802456967 1.2954550444914557 0.54864 0.1368982692930354 -4.113242484253095
40444 10520887 -0.78596785703856 1.3075297819197818 0.54864 0.1368982692930354 -4.113242484253095
40445 10520887 -0.8033807607773913 1.3153856947422058 0.54864 0.1368982692930354 -4.113242484253095
40446 10520887 -0.8207936645162226 1.3232416075646298 0.54864 0.1368982692930354 -4.113242484253095
40447 10520887 -0.8481161645711524 1.3331115408049234 0.54864 0.1368982692930354 -4.113242484253095
40448 10520887 -0.8994343247844341 1.3543341857578681 0.54864 0.1368982692930354 -4.113242484253095
40449 10520887 -0.9296794270610633 1.3650434476520206 0.54864 0.1368982692930354 -4.113242484253095
40450 10520887 -0.9700351191707814 1.3774237864058054 0.54864 0.1368982692930354 -4.113242484253095
40451 10520887 -1.0045331503661354 1.3887064624947068 0.54864 0.1368982692930354 -4.113242484253095
40452 10520887 -1.0390592640221818 1.395558655467835 0.54864 0.1368982692930354 -4.113242484253095
40453 10520887 -1.0711056325877752 1.4051051360039086 0.54864 0.1368982692930354 -4.113242484253095
40454 10520887 -1.0996603374740028 1.4101214357988476 0.54864 0.1368982692930354 -4.113242484253095
40455 10520887 -1.1352546418377136 1.4153372302009053 0.54864 0.1368982692930354 -4.113242484253095
40456 10520887 -1.167873243752479 1.4160747409800034 0.5181600000000001 0.1368982692930354 -4.113242484253095
40457 10520887 -1.1998116273948158 1.4199782356483008 0.5181600000000001 0.1368982692930354 -4.113242484253095
40458 10520887 -1.2273567396609733 1.4207507616545043 0.5181600000000001 0.1368982692930354 -4.113242484253095
40459 10520887 -1.2549018519271307 1.4215232876607076 0.5181600000000001 0.1368982692930354 -4.113242484253095
40460 10520887 -1.2864256549319821 1.417463304413604 0.5181600000000001 0.1368982692930354 -4.113242484253095
40461 10520887 -1.3304324856996173 1.415967746871163 0.5181600000000001 0.1368982692930354 -4.113242484253095
40462 10520887 -1.3527170906937809 1.410287925238413 0.5181600000000001 0.1368982692930354 -4.113242484253095
40463 10520887 -1.4016348904788776 1.3964951980415872 0.5181600000000001 0.1368982692930354 -4.113242484253095
40464 10520887 -1.4424856152022147 1.3883594961042058 0.5181600000000001 0.1368982692930354 -4.113242484253095
40465 10520887 -1.4799597276450938 1.3756142032910053 0.5181600000000001 0.1368982692930354 -4.113242484253095
40466 10520887 -1.5168307064272233 1.3592833766980197 0.5181600000000001 0.1368982692930354 -4.113242484253095
40467 10520887 -1.5477110896392052 1.3381887942990107 0.5181600000000001 0.1368982692930354 -4.113242484253095
40468 10520887 -1.5750190347831348 1.322585578011544 0.5181600000000001 0.1368982692930354 -4.113242484253095
40469 10520887 -1.6023269799270643 1.3069823617240772 0.5181600000000001 0.1368982692930354 -4.113242484253095
40470 10520887 -1.623856501588275 1.2818942320345819 0.5181600000000001 0.1368982692930354 -4.113242484253095
40471 10520887 -1.6537725790517783 1.2528897752051769 0.5181600000000001 0.1368982692930354 -4.113242484253095
40472 10520887 -1.6762590140113518 1.2330220798621003 0.5181600000000001 0.1368982692930354 -4.113242484253095
40473 10520887 -1.7091549616347776 1.186765353154491 0.5181600000000001 0.1368982692930354 -4.113242484253095
40474 10520887 -1.7314201490833676 1.1512854670470845 0.5181600000000001 0.1368982692930354 -4.113242484253095
40475 10520887 -1.7533401470119523 1.1168610822745297 0.5181600000000001 0.1368982692930354 -4.113242484253095
40476 10520887 -1.772977144296642 1.0742119878143275 0.48768 0.1368982692930354 -4.113242484253095
40477 10520887 -1.7840955067909154 1.0402264714687284 0.48768 0.1368982692930354 -4.113242484253095
40478 10520887 -1.7970093803895633 1.0007526132328184 0.48768 0.1368982692930354 -4.113242484253095
40479 10520887 -1.8097851367920217 0.9617009378012906 0.48768 0.1368982692930354 -4.113242484253095
40480 10520887 -1.822398139658681 0.9057708835055752 0.48768 0.1368982692930354 -4.113242484253095
40481 10520887 -1.8299586635003815 0.8650130576535793 0.48768 0.1368982692930354 -4.113242484253095
40482 10520887 -1.8312151049372158 0.8455611042835238 0.48768 0.1368982692930354 -4.113242484253095
40483 10520887 -1.8324715463740502 0.8261091509134684 0.48768 0.1368982692930354 -4.113242484253095
40484 10520887 -1.8408392592297849 0.7815259730994444 0.48768 0.1368982692930354 -4.113242484253095
40485 10520887 -1.8398265696843719 0.7373792870271826 0.48768 0.1368982692930354 -4.113242484253095
40486 10520887 -1.8390593715247519 0.6892235130444698 0.48768 0.1368982692930354 -4.113242484253095
40487 10520887 -1.8358316068055347 0.6274103429990913 0.48768 0.1368982692930354 -4.113242484253095
40488 10520887 -1.8370469020455056 0.5894841449262901 0.48768 0.1368982692930354 -4.113242484253095
40489 10520887 -1.8312031549631105 0.5476129406181296 0.48768 0.1368982692930354 -4.113242484253095
40490 10520887 -1.8262058838548858 0.49772301995595214 0.45720000000000005 0.1368982692930354 -4.113242484253095
40491 10520887 -1.8226722849763344 0.4751268543526987 0.45720000000000005 0.1368982692930354 -4.113242484253095
40492 10520887 -1.819138686097783 0.45253068874944524 0.45720000000000005 0.1368982692930354 -4.113242484253095
40493 10520887 -1.8149199620740173 0.4032460956417979 0.45720000000000005 0.1368982692930354 -4.113242484253095
40494 10520887 -1.7986081343038716 0.349655131301842 0.45720000000000005 0.1368982692930354 -4.113242484253095
40495 10520887 -1.795479258564485 0.3092565156039253 0.45720000000000005 0.1368982692930354 -4.113242484253095
40496 10520887 -1.7800628690749754 0.27383518466261947 0.45720000000000005 0.1368982692930354 -4.113242484253095
40497 10520887 -1.7629369118458371 0.23902312963385883 0.45720000000000005 0.1368982692930354 -4.113242484253095
40498 10520887 -1.7366643380380749 0.19035319969944772 0.45720000000000005 0.1368982692930354 -4.113242484253095
40499 10520887 -1.710467661910622 0.15502800932675673 0.45720000000000005 0.1368982692930354 -4.113242484253095
40500 10520887 -1.6903103261799142 0.12296366298116976 0.45720000000000005 0.1368982692930354 -4.113242484253095
40501 10520887 -1.6774967965638485 0.10673801943339631 0.45720000000000005 0.1368982692930354 -4.113242484253095
40502 10520887 -1.6345790748618285 0.07201966928605949 0.45720000000000005 0.1368982692930354 -4.113242484253095
40503 10520887 -1.603824457821646 0.05062705953739474 0.45720000000000005 0.1368982692930354 -4.113242484253095
40504 10520887 -1.5709078648038057 0.03448626949065778 0.45720000000000005 0.1368982692930354 -4.113242484253095
40505 10520887 -1.551170732751924 0.025577245518562303 0.45720000000000005 0.1368982692930354 -4.113242484253095
40506 10520887 -1.5314336007000422 0.016668221546466827 0.45720000000000005 0.1368982692930354 -4.113242484253095
40507 10520887 -1.4942126736814438 0.003910420523036334 0.45720000000000005 0.1368982692930354 -4.113242484253095
40508 10520887 -1.4681961281245595 0.0008928654997792662 0.45720000000000005 0.1368982692930354 -4.113242484253095
40509 10520887 -1.427987641985452 -0.00653242132056589 0.42672000000000004 0.1368982692930354 -4.113242484253095
40510 10520887 -1.4111534213785737 -0.006663514696923306 0.42672000000000004 0.1368982692930354 -4.113242484253095
40511 10520887 -1.3629030428555529 -0.011227154487882945 0.42672000000000004 0.1368982692930354 -4.113242484253095
40512 10520887 -1.3426537819748623 -0.013409651597307809 0.42672000000000004 0.1368982692930354 -4.113242484253095
40513 10520887 -1.3095749156410614 -0.017918420575846056 0.42672000000000004 0.1368982692930354 -4.113242484253095
40514 10520887 -1.2642192603931732 -0.016393914816810323 0.42672000000000004 0.1368982692930354 -4.113242484253095
40515 10520887 -1.2391751683802328 -0.017223205490048604 0.41148000000000007 0.1368982692930354 -4.113242484253095
40516 10520887 -1.2141310763672923 -0.018052496163286885 0.39624000000000004 0.1368982692930354 -4.113242484253095
40517 10520887 -1.1995939393673425 -0.02140437350337479 0.39624000000000004 0.1368982692930354 -4.113242484253095
40518 10520887 -1.1550521265749787 -0.019379418990336378 0.39624000000000004 0.1368982692930354 -4.113242484253095
40519 10520887 -1.1212199942715846 -0.01642248292792539 0.39624000000000004 0.1368982692930354 -4.113242484253095
40520 10520887 -1.0917452722000145 -0.01320888468994888 0.39624000000000004 0.1368982692930354 -4.113242484253095
40521 10520887 -1.0562911771973764 -0.01615651766720952 0.36576 0.1368982692930354 -4.113242484253095
40522 10520887 -1.0302204425171522 -0.01112858546863052 0.36576 0.1368982692930354 -4.113242484253095
40523 10520887 -0.9922081021762905 -0.013043082276060797 0.36576 0.1368982692930354 -4.113242484253095
40524 10520887 -0.9605031807528377 -0.009798766433121026 0.36576 0.1368982692930354 -4.113242484253095
40525 10520887 -0.9287982593293849 -0.006554450590181254 0.36576 0.1368982692930354 -4.113242484253095
40526 10520887 -0.8951649618332829 -0.006919779973926149 0.36576 0.1368982692930354 -4.113242484253095
40527 10520887 -0.8639993788252416 -0.009398966745911258 0.36576 0.1368982692930354 -4.113242484253095
40528 10520887 -0.8151716832375273 -0.009474479128965235 0.36576 0.1368982692930354 -4.113242484253095
40529 10520887 -0.7879235109537543 -0.007634801097207405 0.36576 0.1368982692930354 -4.113242484253095
40530 10520887 -0.7694598446736941 -0.006311057887846666 0.36576 0.1368982692930354 -4.113242484253095
40531 10520887 -0.7509961783936339 -0.004987314678485927 0.36576 0.1368982692930354 -4.113242484253095
40532 10520887 -0.7024256917231664 -0.009651399158503687 0.36576 0.1368982692930354 -4.113242484253095
40533 10520887 -0.664068665098404 -0.010508624170854436 0.36576 0.1368982692930354 -4.113242484253095
40534 10520887 -0.6252718120522684 -0.007303436643268962 0.36576 0.1368982692930354 -4.113242484253095
40535 10520887 -0.5797233366770282 -0.006539046413442745 0.33528 0.1368982692930354 -4.113242484253095
40536 10520887 -0.5616514839956883 -0.006956062054252338 0.33528 0.1368982692930354 -4.113242484253095
40537 10520887 -0.5435796313143484 -0.00737307769506193 0.33528 0.1368982692930354 -4.113242484253095
40538 10520887 -0.49475253671550923 -0.0074463865097762205 0.33528 0.1368982692930354 -4.113242484253095
40539 10520887 -0.46125128370950375 -0.0016913496061259636 0.33528 0.1368982692930354 -4.113242484253095
40540 10520887 -0.4344329386600301 -0.004967432360464569 0.33528 0.1368982692930354 -4.113242484253095
40541 10520887 -0.3950972903032779 -0.0014699430842726458 0.33528 0.1368982692930354 -4.113242484253095
40542 10520887 -0.3663138004818649 -0.000364396208164558 0.33528 0.1368982692930354 -4.113242484253095
40543 10520887 -0.34120192386798354 0.004453424840706766 0.33528 0.1368982692930354 -4.113242484253095
40544 10520887 -0.31609004725410217 0.00927124588957809 0.33528 0.1368982692930354 -4.113242484253095
40545 10520887 -0.2683162749172707 0.011412961688285511 0.33528 0.1368982692930354 -4.113242484253095
40546 10520887 -0.23313279109621177 0.014165532909078543 0.33528 0.1368982692930354 -4.113242484253095
40547 10520887 -0.2020826261683415 0.01160993298910104 0.33528 0.1368982692930354 -4.113242484253095
40548 10520887 -0.17428717737537536 0.011052996160564682 0.3048 0.1368982692930354 -4.113242484253095
40549 10520887 -0.12383038213985986 0.01325322691196254 0.3048 0.1368982692930354 -4.113242484253095
40550 10520887 -0.10859743913028513 0.0123048031479438 0.3048 0.1368982692930354 -4.113242484253095
40551 10520887 -0.0933644961207104 0.011356379383925058 0.3048 0.1368982692930354 -4.113242484253095
40552 10520887 -0.05892095038871248 0.008042697826326467 0.3048 0.1368982692930354 -4.113242484253095
40553 10520887 -0.02757474610176125 0.00340493293530017 0.3048 0.1368982692930354 -4.113242484253095
40554 10520887 0.0108464604328522 -0.0013253536382409892 0.3048 0.1368982692930354 -4.113242484253095
40555 10520887 0.05337439563550206 -0.0043600879250772495 0.3048 0.1368982692930354 -4.113242484253095
40556 10520887 0.08135491093398983 -0.002990458169202015 0.3048 0.1368982692930354 -4.113242484253095
40557 10520887 0.11446947028280818 -0.004934324847746613 0.3048 0.1368982692930354 -4.113242484253095
40558 10520887 0.13587662063680495 -0.006556609840520505 0.3048 0.1368982692930354 -4.113242484253095
40559 10520887 0.1572837709908017 -0.008178894833294398 0.3048 0.1368982692930354 -4.113242484253095
40560 10520887 0.19652156757260003 -0.0038871119116076075 0.28956000000000004 0.1368982692930354 -4.113242484253095
40561 10520887 0.2230138022099159 -0.004352437282667678 0.29337 0.1368982692930354 -4.113242484253095
40562 10520887 0.2495060368472318 -0.004817762653727749 0.29718 0.1368982692930354 -4.113242484253095
40563 10520887 0.2759982714845477 -0.005283088024787819 0.30099000000000004 0.1368982692930354 -4.113242484253095
40564 10520887 0.30249050612186357 -0.00574841339584789 0.3048 0.1368982692930354 -4.113242484253095
40565 10520887 0.33040173084397173 -0.0045889145857133384 0.3048 0.1368982692930354 -4.113242484253095
40566 10520887 0.3440768398266057 -0.003508547132455339 0.3048 0.1368982692930354 -4.113242484253095
40567 10520887 0.35775194880923966 -0.00242817967919734 0.3048 0.1368982692930354 -4.113242484253095
40568 10520887 0.3969826010546503 0.0007570201151054501 0.3048 0.1368982692930354 -4.113242484253095
40569 10520887 0.40821672721056695 -0.00291419107648401 0.3048 0.1368982692930354 -4.113242484253095
40570 10520887 0.4224418703116416 -0.002188677837747087 0.3048 0.1368982692930354 -4.113242484253095
40571 10520887 0.4366670134127163 -0.0014631645990101638 0.3048 0.1368982692930354 -4.113242484253095
40572 10520887 0.46827436257843746 0.004213574023615746 0.3048 0.1368982692930354 -4.113242484253095
40573 10520887 0.4766400373375439 0.0037229535582880948 0.3048 0.1368982692930354 -4.113242484253095
40574 10520887 0.4850057120966503 0.003232333092960443 0.3048 0.1368982692930354 -4.113242484253095
40575 10520887 0.4933713868557567 0.0027417126276327915 0.3048 0.1368982692930354 -4.113242484253095
40576 10520887 0.5017370616148631 0.0022510921623051404 0.3048 0.1368982692930354 -4.113242484253095
40577 10520887 0.5101027363739695 0.0017604716969774892 0.3048 0.1368982692930354 -4.113242484253095
40578 10520887 0.5283499537958913 0.005961802139661812 0.3048 0.1368982692930354 -4.113242484253095
40579 10520887 0.5369624974873664 0.007178042421342519 0.3048 0.1368982692930354 -4.113242484253095
40580 10520887 0.5455750411788413 0.008394282703023226 0.3048 0.1368982692930354 -4.113242484253095
40581 10520887 0.5541875848703162 0.009610522984703933 0.3048 0.1368982692930354 -4.113242484253095
40582 10520887 0.5628001285617912 0.01082676326638464 0.3048 0.1368982692930354 -4.113242484253095
40583 10520887 0.5646282420172297 0.016421280083910375 0.3048 0.1368982692930354 -4.113242484253095
40584 10520887 0.5676909091098874 0.01764023016772924 0.3048 0.1368982692930354 -4.113242484253095
40585 10520887 0.5707535762025451 0.018859180251548105 0.3048 0.1368982692930354 -4.113242484253095
40586 10520887 0.5771548464885861 0.022141541295011877 0.3048 0.1368982692930354 -4.113242484253095
40587 10520887 0.5783366995003142 0.023040458584561496 0.3048 0.1368982692930354 -4.113242484253095
40588 10520887 0.5851082733265758 0.030173972620452835 0.3048 0.1368982692930354 -4.113242484253095
40589 10520887 0.5849180105759831 0.03016258252641093 0.3048 0.1368982692930354 -4.113242484253095
40590 10520887 0.5847277478253904 0.03015119243236902 0.3048 0.1368982692930354 -4.113242484253095
40591 10520887 0.5845374850747977 0.030139802338327113 0.3048 0.1368982692930354 -4.113242484253095
40592 10520887 0.584347222324205 0.030128412244285203 0.3048 0.1368982692930354 -4.113242484253095
40593 10520887 0.5841569595736124 0.030117022150243297 0.3048 0.1368982692930354 -4.113242484253095
40594 10520887 0.5839666968230196 0.03010563205620139 0.3048 0.1368982692930354 -4.113242484253095
40595 10520887 0.583776434072427 0.03009424196215948 0.3048 0.1368982692930354 -4.113242484253095
40596 10520887 0.5835861713218342 0.030082851868117575 0.3048 0.1368982692930354 -4.113242484253095
40597 10520887 0.5833959085712416 0.030071461774075665 0.3048 0.1368982692930354 -4.113242484253095
40598 10520887 0.5832056458206488 0.03006007168003376 0.3048 0.1368982692930354 -4.113242484253095
40599 10520887 0.5830153830700562 0.030048681585991853 0.3048 0.1368982692930354 -4.113242484253095
40600 10520887 0.5828251203194634 0.030037291491949943 0.3048 0.1368982692930354 -4.113242484253095
40601 10520887 0.5826348575688708 0.030025901397908037 0.3048 0.1368982692930354 -4.113242484253095
40602 10520887 0.582444594818278 0.030014511303866127 0.3048 0.1368982692930354 -4.113242484253095
40603 10520887 0.5822543320676854 0.03000312120982422 0.3048 0.1368982692930354 -4.113242484253095
40604 10520887 0.5820640693170926 0.029991731115782315 0.3048 0.1368982692930354 -4.113242484253095
40605 10520887 0.5818738065665 0.029980341021740405 0.3048 0.1368982692930354 -4.113242484253095
40606 10520887 0.5816835438159073 0.0299689509276985 0.3048 0.1368982692930354 -4.113242484253095
40607 10520887 0.5814932810653146 0.02995756083365659 0.3048 0.1368982692930354 -4.113242484253095
40608 10520887 0.5813030183147219 0.029946170739614683 0.3048 0.1368982692930354 -4.113242484253095
40609 10520887 0.5811127555641292 0.029934780645572777 0.3048 0.1368982692930354 -4.113242484253095
40610 10520887 0.5809224928135365 0.029923390551530867 0.3048 0.1368982692930354 -4.113242484253095
40611 10520887 0.5807322300629438 0.02991200045748896 0.3048 0.1368982692930354 -4.113242484253095
40612 10520887 0.5805419673123511 0.02990061036344705 0.3048 0.1368982692930354 -4.113242484253095
40613 10520887 0.5803517045617584 0.029889220269405145 0.3048 0.1368982692930354 -4.113242484253095
40614 10520887 0.5801614418111657 0.02987783017536324 0.3048 0.1368982692930354 -4.113242484253095
40615 10520887 0.579971179060573 0.02986644008132133 0.3048 0.1368982692930354 -4.113242484253095
40616 10520887 0.5797809163099803 0.029855049987279423 0.3048 0.1368982692930354 -4.113242484253095
40617 10520887 0.5795906535593877 0.029843659893237513 0.3048 0.1368982692930354 -4.113242484253095
40618 10520887 0.5794003908087949 0.029832269799195607 0.3048 0.1368982692930354 -4.113242484253095
40619 10520887 0.5792101280582023 0.0298208797051537 0.3048 0.1368982692930354 -4.113242484253095
40620 10520887 0.5790198653076095 0.02980948961111179 0.3048 0.1368982692930354 -4.113242484253095
40621 10520887 0.5788296025570169 0.029798099517069885 0.3048 0.1368982692930354 -4.113242484253095
40622 10520887 0.5786393398064241 0.029786709423027975 0.3048 0.1368982692930354 -4.113242484253095
40623 10520887 0.5784490770558315 0.02977531932898607 0.3048 0.1368982692930354 -4.113242484253095
40624 10520887 0.5782588143052387 0.029763929234944163 0.3048 0.1368982692930354 -4.113242484253095
40625 10520887 0.5780685515546461 0.029752539140902253 0.3048 0.1368982692930354 -4.113242484253095
40626 10520887 0.5778782888040533 0.029741149046860347 0.3048 0.1368982692930354 -4.113242484253095
40627 10520887 0.5776880260534607 0.029729758952818437 0.3048 0.1368982692930354 -4.113242484253095
40628 10520887 0.577497763302868 0.02971836885877653 0.3048 0.1368982692930354 -4.113242484253095
40629 10520887 0.5773075005522753 0.029706978764734625 0.3048 0.1368982692930354 -4.113242484253095
40630 10520887 0.5771172378016827 0.029695588670692715 0.3048 0.1368982692930354 -4.113242484253095
40631 10520887 0.5769269750510899 0.02968419857665081 0.3048 0.1368982692930354 -4.113242484253095
40632 10520887 0.5767367123004973 0.0296728084826089 0.3048 0.1368982692930354 -4.113242484253095
40633 10520887 0.5765464495499045 0.029661418388566993 0.3048 0.1368982692930354 -4.113242484253095
40634 10520887 0.5763561867993119 0.029650028294525087 0.3048 0.1368982692930354 -4.113242484253095
40635 10520887 0.5761659240487191 0.029638638200483177 0.3048 0.1368982692930354 -4.113242484253095
40636 10520887 0.5759756612981265 0.02962724810644127 0.3048 0.1368982692930354 -4.113242484253095
40637 10520887 0.5757853985475337 0.02961585801239936 0.3048 0.1368982692930354 -4.113242484253095
40638 10520887 0.5755951357969411 0.029604467918357455 0.3048 0.1368982692930354 -4.113242484253095
40639 10520887 0.5754048730463484 0.02959307782431555 0.3048 0.1368982692930354 -4.113242484253095
40640 10520887 0.5752146102957557 0.02958168773027364 0.3048 0.1368982692930354 -4.113242484253095
40641 10520887 0.575024347545163 0.029570297636231733 0.3048 0.1368982692930354 -4.113242484253095
40642 10520887 0.5748340847945703 0.029558907542189823 0.3048 0.1368982692930354 -4.113242484253095
40643 10520887 0.5746438220439776 0.029547517448147917 0.3048 0.1368982692930354 -4.113242484253095
40644 10520887 0.5744535592933849 0.02953612735410601 0.3048 0.1368982692930354 -4.113242484253095
40645 10520887 0.5742632965427922 0.0295247372600641 0.3048 0.1368982692930354 -4.113242484253095
40646 10520887 0.5740730337921995 0.029513347166022195 0.3048 0.1368982692930354 -4.113242484253095
40647 10520887 0.5738827710416068 0.029501957071980285 0.3048 0.1368982692930354 -4.113242484253095
40648 10520887 0.5736925082910141 0.02949056697793838 0.3048 0.1368982692930354 -4.113242484253095
