41566 10690071 1.4429408328515243 0.007166353124868088 0.381 -1.1183983042263885 -3.4230048786853255
41567 10690071 1.5033763279296841 0.0029632961864553414 0.39624000000000004 -1.1183983042263885 -3.4230048786853255
41568 10690071 1.5781879106107417 -0.004532980678637527 0.40386 -1.1183983042263885 -3.4230048786853255
41569 10690071 1.6104806316803324 -0.007078028392874074 0.40767 -1.1183983042263885 -3.4230048786853255
41570 10690071 1.6427733527499229 -0.00962307610711062 0.41148 -1.1183983042263885 -3.4230048786853255
41571 10690071 1.7069758204836547 -0.020779117311770873 0.41910000000000003 -1.1183983042263885 -3.4230048786853255
41572 10690071 1.77953678902148 -0.03244478801154371 0.42672000000000004 -1.1183983042263885 -3.4230048786853255
41573 10690071 1.8826702571045395 -0.054911848240860206 0.44196 -1.1183983042263885 -3.4230048786853255
41574 10690071 1.9497700218021954 -0.07133422090712338 0.44196 -1.1183983042263885 -3.4230048786853255
41575 10690071 2.0099535251836436 -0.09098793898909002 0.45720000000000005 -1.1183983042263885 -3.4230048786853255
41576 10690071 2.1213092815977137 -0.12933707540809497 0.46482000000000007 -1.1183983042263885 -3.4230048786853255
41577 10690071 2.1864968816680603 -0.15950147065862477 0.47243999999999997 -1.1183983042263885 -3.4230048786853255
41578 10690071 2.227574589647164 -0.17647731165114997 0.47624999999999995 -1.1183983042263885 -3.4230048786853255
41579 10690071 2.268652297626268 -0.19345315264367516 0.48006 -1.1183983042263885 -3.4230048786853255
41580 10690071 2.3309136089001554 -0.228501428435861 0.48768 -1.1183983042263885 -3.4230048786853255
41581 10690071 2.423974131372896 -0.2807306834048925 0.50292 -1.1183983042263885 -3.4230048786853255
41582 10690071 2.482773085699394 -0.3168663722534757 0.51054 -1.1183983042263885 -3.4230048786853255
41583 10690071 2.548341716081894 -0.3649073956793041 0.5181600000000001 -1.1183983042263885 -3.4230048786853255
41584 10690071 2.6189204711274874 -0.41528406681627694 0.5334 -1.1183983042263885 -3.4230048786853255
41585 10690071 2.6730121175261514 -0.4644830285072712 0.54102 -1.1183983042263885 -3.4230048786853255
41586 10690071 2.758628827556426 -0.5476859683768505 0.55626 -1.1183983042263885 -3.4230048786853255
41587 10690071 2.8177172844114455 -0.6047055919311793 0.5715 -1.1183983042263885 -3.4230048786853255
41588 10690071 2.856511304003964 -0.6511281973785976 0.5791200000000001 -1.1183983042263885 -3.4230048786853255
41589 10690071 2.8953053235964825 -0.6975508028260158 0.58674 -1.1183983042263885 -3.4230048786853255
41590 10690071 2.9493231124162564 -0.7633100823560014 0.6019800000000001 -1.1183983042263885 -3.4230048786853255
41591 10690071 2.9941817571990725 -0.8258456007300382 0.6096 -1.1183983042263885 -3.4230048786853255
41592 10690071 3.0507263715006543 -0.9097167310752309 0.61722 -1.1183983042263885 -3.4230048786853255
41593 10690071 3.099745674080083 -0.9799168346443482 0.6248400000000001 -1.1183983042263885 -3.4230048786853255
41594 10690071 3.149584886363006 -1.0639342326068657 0.63246 -1.1183983042263885 -3.4230048786853255
41595 10690071 3.180080941383652 -1.1242330169845385 0.6362700000000001 -1.1183983042263885 -3.4230048786853255
41596 10690071 3.2105769964042983 -1.184531801362211 0.6400800000000001 -1.1183983042263885 -3.4230048786853255
41597 10690071 3.244337360671727 -1.255240365119443 0.6477 -1.1183983042263885 -3.4230048786853255
41598 10690071 3.2791973037427633 -1.3307462014224272 0.65532 -1.1183983042263885 -3.4230048786853255
41599 10690071 3.3197066628398426 -1.4433723257601443 0.6629400000000001 -1.1183983042263885 -3.4230048786853255
41600 10690071 3.356377443941751 -1.5269439378550491 0.67056 -1.1183983042263885 -3.4230048786853255
41601 10690071 3.4040486583304856 -1.661179348741723 0.6781800000000001 -1.1183983042263885 -3.4230048786853255
41602 10690071 3.4281903603881574 -1.7396103829975937 0.6858000000000001 -1.1183983042263885 -3.4230048786853255
41603 10690071 3.4654203647982955 -1.8405339238251932 0.69342 -1.1183983042263885 -3.4230048786853255
41604 10690071 3.4938185893541682 -1.9195352501951966 0.69342 -1.1183983042263885 -3.4230048786853255
41605 10690071 3.523968314965254 -2.00950373381808 0.7010400000000001 -1.1183983042263885 -3.4230048786853255
41606 10690071 3.557464802657176 -2.1082730694060645 0.7086600000000001 -1.1183983042263885 -3.4230048786853255
41607 10690071 3.588809212227564 -2.2000320410042025 0.7239000000000001 -1.1183983042263885 -3.4230048786853255
41608 10690071 3.6066665759939895 -2.246565735273808 0.7277100000000001 -1.1183983042263885 -3.4230048786853255
41609 10690071 3.624523939760415 -2.2930994295434135 0.73152 -1.1183983042263885 -3.4230048786853255
41610 10690071 3.674757213001862 -2.4276971859252128 0.74676 -1.1183983042263885 -3.4230048786853255
41611 10690071 3.708540257092726 -2.510905207190065 0.74676 -1.1183983042263885 -3.4230048786853255
41612 10690071 3.7596654185256853 -2.6318918433216196 0.76962 -1.1183983042263885 -3.4230048786853255
41613 10690071 3.8017072960527205 -2.720829548716795 0.77724 -1.1183983042263885 -3.4230048786853255
41614 10690071 3.8408231276304408 -2.8203761161040517 0.7924800000000001 -1.1183983042263885 -3.4230048786853255
41615 10690071 3.8847498376759733 -2.905722217957575 0.80772 -1.1183983042263885 -3.4230048786853255
41616 10690071 3.90817468638425 -2.954536715439887 0.8115300000000001 -1.1183983042263885 -3.4230048786853255
41617 10690071 3.931599535092527 -3.0033512129221993 0.8153400000000001 -1.1183983042263885 -3.4230048786853255
41618 10690071 3.9964151363075393 -3.136857887125894 0.8382000000000001 -1.1183983042263885 -3.4230048786853255
41619 10690071 4.041385286627252 -3.2236511747158225 0.8496300000000001 -1.1183983042263885 -3.4230048786853255
41620 10690071 4.086355436946963 -3.3104444623057505 0.86106 -1.1183983042263885 -3.4230048786853255
41621 10690071 4.1137920197274624 -3.360857629166983 0.8686800000000001 -1.1183983042263885 -3.4230048786853255
41622 10690071 4.197285140155379 -3.517737709056391 0.8915400000000001 -1.1183983042263885 -3.4230048786853255
