42162 10817673 0.16707736676585216 0.005210169055507308 0.32004000000000005 -4.211528800839097 -3.7796157615957195
42163 10817673 0.20508817484888342 0.003302089599273972 0.32004000000000005 -4.211528800839097 -3.7796157615957195
42164 10817673 0.23560327994725017 0.005362690424144889 0.32004000000000005 -4.211528800839097 -3.7796157615957195
42165 10817673 0.26798569481977175 0.005528024802757048 0.31242000000000003 -4.211528800839097 -3.7796157615957195
42166 10817673 0.2758630613601549 0.005173387660240586 0.31242000000000003 -4.211528800839097 -3.7796157615957195
42167 10817673 0.2837404279005381 0.004818750517724124 0.31242000000000003 -4.211528800839097 -3.7796157615957195
42168 10817673 0.3253819873940891 0.00485022768433134 0.31242000000000003 -4.211528800839097 -3.7796157615957195
42169 10817673 0.36702354688764 0.004881704850938556 0.31242000000000003 -4.211528800839097 -3.7796157615957195
42170 10817673 0.4086651063811909 0.0049131820175457724 0.31242000000000003 -4.211528800839097 -3.7796157615957195
42171 10817673 0.4503066658747419 0.0049446591841529886 0.31242000000000003 -4.211528800839097 -3.7796157615957195
42172 10817673 0.5122849083317015 0.005720522649987125 0.32004000000000005 -4.211528800839097 -3.7796157615957195
42173 10817673 0.5383001721664666 0.0027103427185453666 0.32004000000000005 -4.211528800839097 -3.7796157615957195
42174 10817673 0.5771330541385518 0.00386517617918989 0.32385 -4.211528800839097 -3.7796157615957195
42175 10817673 0.6159659361106368 0.0050200096398344135 0.32766 -4.211528800839097 -3.7796157615957195
42176 10817673 0.657380217377427 0.0013010905295134378 0.33528 -4.211528800839097 -3.7796157615957195
42177 10817673 0.701023701852733 0.003045866312280099 0.33528 -4.211528800839097 -3.7796157615957195
42178 10817673 0.7887461103424783 0.006510686384986128 0.34290000000000004 -4.211528800839097 -3.7796157615957195
42179 10817673 0.8349883944866778 0.005922536656794648 0.3450771428571429 -4.211528800839097 -3.7796157615957195
42180 10817673 0.8812306786308773 0.005334386928603169 0.34725428571428574 -4.211528800839097 -3.7796157615957195
42181 10817673 0.9274729627750768 0.004746237200411689 0.3494314285714286 -4.211528800839097 -3.7796157615957195
42182 10817673 0.9737152469192764 0.00415808747222021 0.3516085714285715 -4.211528800839097 -3.7796157615957195
42183 10817673 1.0199575310634759 0.0035699377440287306 0.35378571428571437 -4.211528800839097 -3.7796157615957195
42184 10817673 1.0661998152076753 0.0029817880158372508 0.3559628571428572 -4.211528800839097 -3.7796157615957195
42185 10817673 1.1124420993518749 0.002393638287645772 0.35814000000000007 -4.211528800839097 -3.7796157615957195
42186 10817673 1.1500505502610898 0.0006216999319063332 0.35814000000000007 -4.211528800839097 -3.7796157615957195
42187 10817673 1.2065885030752594 -0.0030113805790032144 0.36576 -4.211528800839097 -3.7796157615957195
42188 10817673 1.278515839198104 -0.00466176733255691 0.37338 -4.211528800839097 -3.7796157615957195
42189 10817673 1.327832952052872 -0.00429959115609263 0.381 -4.211528800839097 -3.7796157615957195
42190 10817673 1.3747613757664803 -0.008530740904156925 0.381 -4.211528800839097 -3.7796157615957195
42191 10817673 1.4280943289339896 -0.004573102126112269 0.38862 -4.211528800839097 -3.7796157615957195
42192 10817673 1.4474202783258414 -0.005219824279597336 0.39624000000000004 -4.211528800839097 -3.7796157615957195
42193 10817673 1.4667462277176933 -0.0058665464330824035 0.40386 -4.211528800839097 -3.7796157615957195
42194 10817673 1.5392039041835561 -0.0028979710585788215 0.41148 -4.211528800839097 -3.7796157615957195
42195 10561439 0.8044466675947141 0.23667050420383648 0.0 -4.211528800839097 -3.7796157615957195
42195 10817673 1.5603117627717282 -0.004885809763987448 0.41148 -4.211528800839097 -3.7796157615957195
42196 10817673 1.6496328562845304 -0.006022346999001976 0.41910000000000003 -4.211528800839097 -3.7796157615957195
42196 10561439 0.8039024283563581 0.2358202514875131 0.0 -4.211528800839097 -3.7796157615957195
42197 10561439 0.803358189118002 0.23496999877118974 0.0 -4.211528800839097 -3.7796157615957195
42197 10817673 1.6992928225584039 -0.006237089618911368 0.42672000000000004 -4.211528800839097 -3.7796157615957195
42198 10817673 1.7491595574546572 -0.005818111192777559 0.43434000000000006 -4.211528800839097 -3.7796157615957195
42198 10561439 0.8028139498796462 0.23411974605486635 0.0 -4.211528800839097 -3.7796157615957195
42199 10817673 1.7971989705198346 -0.010993593850547656 0.43434000000000006 -4.211528800839097 -3.7796157615957195
42199 10561439 0.8022697106412902 0.233269493338543 0.0 -4.211528800839097 -3.7796157615957195
42200 10817673 1.8510278076058464 -0.017475388453153107 0.44196 -4.211528800839097 -3.7796157615957195
42200 10561439 0.8017254714029342 0.2324192406222196 0.0 -4.211528800839097 -3.7796157615957195
42201 10561439 0.7980456413201273 0.2333879536093241 0.0 -4.211528800839097 -3.7796157615957195
42201 10817673 1.9003207212851945 -0.017452127593547195 0.44196 -4.211528800839097 -3.7796157615957195
42202 10817673 1.9561115512133378 -0.022003825159936707 0.44958000000000004 -4.211528800839097 -3.7796157615957195
42202 10561439 0.7976490003414017 0.23217404021291968 0.0 -4.211528800839097 -3.7796157615957195
42203 10561439 0.7972523593626761 0.23096012681651526 0.0 -4.211528800839097 -3.7796157615957195
42203 10817673 2.0004653801588743 -0.017796905420900788 0.45720000000000005 -4.211528800839097 -3.7796157615957195
42204 10561439 0.7968557183839506 0.22974621342011084 0.0 -4.211528800839097 -3.7796157615957195
42204 10817673 2.0499761503201714 -0.01737655639797786 0.46482000000000007 -4.211528800839097 -3.7796157615957195
42205 10561439 0.796459077405225 0.22853230002370642 0.0 -4.211528800839097 -3.7796157615957195
42205 10817673 2.1054068360495775 -0.011879802179853488 0.47243999999999997 -4.211528800839097 -3.7796157615957195
42206 10817673 2.155129857937707 -0.0026497639598760114 0.47243999999999997 -4.211528800839097 -3.7796157615957195
42206 10561439 0.7934056518143864 0.2246232466792097 0.0 -4.211528800839097 -3.7796157615957195
42207 10817673 2.207556118695634 0.002894170866875073 0.48768 -4.211528800839097 -3.7796157615957195
42207 10561439 0.7932859496162912 0.21882099296599422 0.0 -4.211528800839097 -3.7796157615957195
42208 10561439 0.7923891961319219 0.21607649321071104 0.0 -4.211528800839097 -3.7796157615957195
42208 10817673 2.2594114301763963 0.01212946145860369 0.4953 -4.211528800839097 -3.7796157615957195
42209 10561439 0.7914924426475526 0.21333199345542786 0.0 -4.211528800839097 -3.7796157615957195
42209 10817673 2.3116112266953373 0.02242077389395844 0.4953 -4.211528800839097 -3.7796157615957195
42210 10561439 0.7905956891631833 0.21058749370014468 0.0 -4.211528800839097 -3.7796157615957195
42210 10817673 2.3541319778887053 0.030265411791866453 0.50292 -4.211528800839097 -3.7796157615957195
42211 10561439 0.789698935678814 0.20784299394486147 0.0 -4.211528800839097 -3.7796157615957195
42211 10817673 2.40231921586039 0.041867417836471216 0.51054 -4.211528800839097 -3.7796157615957195
42212 10817673 2.462843239050345 0.05317990358706173 0.5181600000000001 -4.211528800839097 -3.7796157615957195
42212 10561439 0.7888021821944448 0.2050984941895783 0.0 -4.211528800839097 -3.7796157615957195
42213 10817673 2.4900871419186834 0.0550321346817548 0.52578 -4.211528800839097 -3.7796157615957195
42213 10561439 0.7879054287100754 0.2023539944342951 0.0 -4.211528800839097 -3.7796157615957195
42214 10817673 2.528244240588255 0.0624333169682903 0.52959 -4.211528800839097 -3.7796157615957195
42214 10561439 0.7870086752257062 0.19960949467901193 0.0 -4.211528800839097 -3.7796157615957195
42215 10561439 0.7871086025487076 0.19583837032254786 0.04064 -4.211528800839097 -3.7796157615957195
42215 10817673 2.566401339257826 0.0698344992548258 0.5334 -4.211528800839097 -3.7796157615957195
42216 10817673 2.613403533459509 0.07645090026684961 0.54102 -4.211528800839097 -3.7796157615957195
42216 10561439 0.787208529871709 0.1920672459660838 0.08128 -4.211528800839097 -3.7796157615957195
42217 10561439 0.7873084571947104 0.18829612160961973 0.12192 -4.211528800839097 -3.7796157615957195
42217 10817673 2.6625963300474997 0.0843382919242561 0.54864 -4.211528800839097 -3.7796157615957195
42218 10817673 2.7079491360196757 0.09406368499102111 0.54864 -4.211528800839097 -3.7796157615957195
42218 10561439 0.7879339514315299 0.18454798471837522 0.13208 -4.211528800839097 -3.7796157615957195
42219 10561439 0.7885594456683493 0.18079984782713068 0.14224 -4.211528800839097 -3.7796157615957195
42219 10817673 2.7646612378819713 0.0991463996227667 0.55626 -4.211528800839097 -3.7796157615957195
42220 10561439 0.7891849399051687 0.17705171093588618 0.15239999999999998 -4.211528800839097 -3.7796157615957195
42220 10817673 2.8186608207531005 0.11224086892616977 0.56388 -4.211528800839097 -3.7796157615957195
42221 10817673 2.8668117438252643 0.12374041776745823 0.5715 -4.211528800839097 -3.7796157615957195
42221 10561439 0.7898104341419881 0.17330357404464167 0.16255999999999998 -4.211528800839097 -3.7796157615957195
42222 10561439 0.7904359283788076 0.16955543715339713 0.17271999999999998 -4.211528800839097 -3.7796157615957195
42222 10817673 2.9271366404541137 0.1317334229870972 0.5715 -4.211528800839097 -3.7796157615957195
42223 10817673 2.9791958548467523 0.1416073154409538 0.57912 -4.211528800839097 -3.7796157615957195
42223 10561439 0.7910614226156271 0.16580730026215262 0.18288 -4.211528800839097 -3.7796157615957195
42224 10561439 0.7906483241764216 0.16046600219892235 0.1905 -4.211528800839097 -3.7796157615957195
42224 10817673 3.0491207654430736 0.15616320171489204 0.57912 -4.211528800839097 -3.7796157615957195
42225 10817673 3.1007551274068206 0.16582604188378933 0.58674 -4.211528800839097 -3.7796157615957195
42225 10561439 0.7902352257372162 0.15512470413569207 0.19812 -4.211528800839097 -3.7796157615957195
42226 10561439 0.7898221272980107 0.1497834060724618 0.20573999999999998 -4.211528800839097 -3.7796157615957195
42226 10817673 3.1267671457623667 0.17071083263226314 0.59055 -4.211528800839097 -3.7796157615957195
42227 10817673 3.152779164117913 0.17559562338073695 0.59436 -4.211528800839097 -3.7796157615957195
42227 10561439 0.7894090288588052 0.14444210800923152 0.21336 -4.211528800839097 -3.7796157615957195
42228 10817673 3.2048029882899227 0.18536558155058555 0.59436 -4.211528800839097 -3.7796157615957195
42228 10561439 0.7889959304195997 0.13910080994600124 0.22098 -4.211528800839097 -3.7796157615957195
42229 10561439 0.7885828319803942 0.13375951188277097 0.2286 -4.211528800839097 -3.7796157615957195
42229 10817673 3.2811719028180413 0.20307665875275246 0.6019800000000001 -4.211528800839097 -3.7796157615957195
42230 10561439 0.7881697335411888 0.1284182138195407 0.23621999999999999 -4.211528800839097 -3.7796157615957195
42230 10817673 3.344614452170955 0.21274174653254438 0.6019800000000001 -4.211528800839097 -3.7796157615957195
42231 10561439 0.7877566351019833 0.12307691575631041 0.24384 -4.211528800839097 -3.7796157615957195
42231 10817673 3.3980936224918574 0.2226219192844596 0.6096 -4.211528800839097 -3.7796157615957195
42232 10561439 0.787672872743795 0.11901533359683023 0.24384 -4.211528800839097 -3.7796157615957195
42232 10817673 3.4435947081044613 0.23580710644281797 0.6096 -4.211528800839097 -3.7796157615957195
42233 10561439 0.7878053080673446 0.11491649096486822 0.24819428571428573 -4.211528800839097 -3.7796157615957195
42233 10817673 3.502131350438641 0.24894350144059893 0.61722 -4.211528800839097 -3.7796157615957195
42234 10817673 3.56210340118494 0.26675163975665717 0.61722 -4.211528800839097 -3.7796157615957195
42234 10561439 0.7879377433908941 0.11081764833290624 0.25254857142857146 -4.211528800839097 -3.7796157615957195
42235 10817673 3.6171804236595717 0.28615763583178266 0.61722 -4.211528800839097 -3.7796157615957195
42235 10561439 0.7880701787144436 0.10671880570094423 0.25690285714285716 -4.211528800839097 -3.7796157615957195
42236 10817673 3.680332678288405 0.3134418823315821 0.6248400000000001 -4.211528800839097 -3.7796157615957195
42236 10561439 0.7882026140379932 0.10261996306898223 0.26125714285714285 -4.211528800839097 -3.7796157615957195
42237 10561439 0.7883350493615428 0.09852112043702024 0.26561142857142855 -4.211528800839097 -3.7796157615957195
42237 10817673 3.727807525578368 0.3324090401234093 0.6248400000000001 -4.211528800839097 -3.7796157615957195
42238 10561439 0.7884674846850922 0.09442227780505824 0.2699657142857143 -4.211528800839097 -3.7796157615957195
42238 10817673 3.7822690642175916 0.360544150894735 0.63246 -4.211528800839097 -3.7796157615957195
42239 10561439 0.7885999200086418 0.09032343517309624 0.27432 -4.211528800839097 -3.7796157615957195
42239 10817673 3.8230507299775205 0.3848498555160753 0.63246 -4.211528800839097 -3.7796157615957195
42240 10561439 0.7859488842860239 0.08900497192065185 0.277368 -4.211528800839097 -3.7796157615957195
42240 10817673 3.871276877452484 0.41700595761913894 0.6400800000000001 -4.211528800839097 -3.7796157615957195
42241 10817673 3.9147572419362744 0.45094448005128074 0.6400800000000001 0.7429410963331737 -3.5236083343327564
42241 10561439 0.7832978485634062 0.08768650866820746 0.280416 0.7429410963331737 -3.5236083343327564
42242 10561439 0.7806468128407884 0.08636804541576308 0.283464 0.7429410963331737 -3.5236083343327564
42242 10817673 3.966917768023931 0.4883586083964746 0.6477 0.7429410963331737 -3.5236083343327564
42243 10817673 4.011337604628249 0.5224581363026762 0.6477 0.7429410963331737 -3.5236083343327564
42243 10561439 0.7779957771181706 0.08504958216331869 0.286512 0.7429410963331737 -3.5236083343327564
42244 10817673 4.055165654316023 0.5656286312135681 0.65532 0.7429410963331737 -3.5236083343327564
42244 10561439 0.7753447413955528 0.0837311189108743 0.28956000000000004 0.7429410963331737 -3.5236083343327564
42245 10817673 4.116562702375166 0.6204715853497504 0.6629400000000001 0.7429410963331737 -3.5236083343327564
42245 10561439 0.772693705672935 0.08241265565842991 0.29260800000000003 0.7429410963331737 -3.5236083343327564
42246 10561439 0.7700426699503172 0.08109419240598552 0.29565600000000003 0.7429410963331737 -3.5236083343327564
42246 10817673 4.154515845790669 0.6551630323672187 0.67056 0.7429410963331737 -3.5236083343327564
42247 10561439 0.7673916342276994 0.07977572915354114 0.298704 0.7429410963331737 -3.5236083343327564
42247 10817673 4.178177877769806 0.6773462484903072 0.6743700000000001 0.7429410963331737 -3.5236083343327564
42248 10561439 0.7647405985050817 0.07845726590109675 0.301752 0.7429410963331737 -3.5236083343327564
42248 10817673 4.201839909748943 0.6995294646133957 0.6781800000000001 0.7429410963331737 -3.5236083343327564
42249 10817673 4.240503652118904 0.7350405724631532 0.6781800000000001 0.7429410963331737 -3.5236083343327564
42249 10561439 0.7620895627824639 0.07713880264865236 0.3048 0.7429410963331737 -3.5236083343327564
42250 10817673 4.277582614017473 0.765695528418302 0.6858000000000001 0.7429410963331737 -3.5236083343327564
42250 10561439 0.7560391461664624 0.07832716421985743 0.3048 0.7429410963331737 -3.5236083343327564
42251 10817673 4.34214614633129 0.8302528955121897 0.69342 0.7429410963331737 -3.5236083343327564
42251 10561439 0.7499887295504609 0.0795155257910625 0.3048 0.7429410963331737 -3.5236083343327564
42252 10561439 0.7439383129344594 0.08070388736226757 0.3048 0.7429410963331737 -3.5236083343327564
42252 10817673 4.382802570709094 0.8637124787122973 0.69342 0.7429410963331737 -3.5236083343327564
42253 10561439 0.737887896318458 0.08189224893347263 0.3048 0.7429410963331737 -3.5236083343327564
42253 10817673 4.419347808248794 0.9063398371219584 0.7010400000000001 0.7429410963331737 -3.5236083343327564
42254 10817673 4.4602022587462615 0.9472109144888233 0.7010400000000001 0.7429410963331737 -3.5236083343327564
42254 10561439 0.7315420241218522 0.08285589095110239 0.3048 0.7429410963331737 -3.5236083343327564
42255 10817673 4.492245037035201 0.9964470548855626 0.7086600000000001 0.7429410963331737 -3.5236083343327564
42255 10561439 0.7251961519252466 0.08381953296873215 0.3048 0.7429410963331737 -3.5236083343327564
42256 10561439 0.7181667958479201 0.0833709369630285 0.3048 0.7429410963331737 -3.5236083343327564
42256 10817673 4.523618958457682 1.038191943078354 0.7086600000000001 0.7429410963331737 -3.5236083343327564
42257 10817673 4.561530781645494 1.087732782997935 0.7162800000000001 0.7429410963331737 -3.5236083343327564
42257 10561439 0.7111374397705936 0.08292234095732483 0.3048 0.7429410963331737 -3.5236083343327564
42258 10561439 0.7041080836932673 0.08247374495162116 0.3048 0.7429410963331737 -3.5236083343327564
42258 10817673 4.589229085031007 1.1386200530595085 0.7162800000000001 0.7429410963331737 -3.5236083343327564
42259 10817673 4.602309292586265 1.1623871885831827 0.7239000000000001 0.7429410963331737 -3.5236083343327564
42259 10561439 0.6970787276159408 0.0820251489459175 0.3048 0.7429410963331737 -3.5236083343327564
42260 10817673 4.645131783337686 1.2446683450444267 0.73152 0.7429410963331737 -3.5236083343327564
42260 10561439 0.6910523990967887 0.08124882713504855 0.3048 0.7429410963331737 -3.5236083343327564
42261 10561439 0.6850260705776366 0.08047250532417961 0.3048 0.7429410963331737 -3.5236083343327564
42261 10817673 4.667270330320086 1.2962014148427983 0.73152 0.7429410963331737 -3.5236083343327564
42262 10817673 4.687903422732455 1.3403993389441107 0.73914 0.7429410963331737 -3.5236083343327564
42262 10561439 0.6762039232673869 0.08201167687073399 0.3048 0.7429410963331737 -3.5236083343327564
42263 10817673 4.716830906143538 1.3977775011978986 0.74676 0.7429410963331737 -3.5236083343327564
42263 10561439 0.6673817759571371 0.08355084841728835 0.3048 0.7429410963331737 -3.5236083343327564
42264 10561439 0.6599275981732285 0.08248173470635169 0.3048 0.7429410963331737 -3.5236083343327564
42264 10817673 4.7480599646688635 1.4730944757963682 0.762 0.7429410963331737 -3.5236083343327564
42265 10561439 0.6524734203893201 0.08141262099541502 0.3048 0.7429410963331737 -3.5236083343327564
42265 10817673 4.775252847161286 1.5237963301771167 0.762 0.7429410963331737 -3.5236083343327564
42266 10817673 4.783750046995254 1.5525629971045536 0.76962 0.7429410963331737 -3.5236083343327564
42266 10561439 0.6450192426054115 0.08034350728447835 0.3048 0.7429410963331737 -3.5236083343327564
42267 10561439 0.6353901051436437 0.08348993472002927 0.3048 0.7429410963331737 -3.5236083343327564
42267 10817673 4.807677033338592 1.6054984400022834 0.76962 0.7429410963331737 -3.5236083343327564
42268 10817673 4.842135669998327 1.6760239225010938 0.77724 0.7429410963331737 -3.5236083343327564
42268 10561439 0.6271334840262933 0.08268306477445032 0.3048 0.7429410963331737 -3.5236083343327564
42269 10817673 4.855699126967368 1.7045395170263833 0.78105 0.7429410963331737 -3.5236083343327564
42269 10561439 0.618876862908943 0.08187619482887137 0.3048 0.7429410963331737 -3.5236083343327564
42270 10817673 4.869262583936408 1.7330551115516728 0.78486 0.7429410963331737 -3.5236083343327564
42270 10561439 0.6106202417915925 0.08106932488329241 0.3048 0.7429410963331737 -3.5236083343327564
42271 10817673 4.888587036427467 1.7748766006906616 0.7924800000000001 0.7429410963331737 -3.5236083343327564
42271 10561439 0.6023636206742421 0.08026245493771346 0.3048 0.7429410963331737 -3.5236083343327564
42272 10817673 4.927075312238038 1.8585720045380347 0.7924800000000001 0.7429410963331737 -3.5236083343327564
42272 10561439 0.5935325161618308 0.08002722117306854 0.3048 0.7429410963331737 -3.5236083343327564
42273 10817673 4.949212898460494 1.9101055055943923 0.8001 0.7429410963331737 -3.5236083343327564
42273 10561439 0.5847014116494194 0.07979198740842361 0.3048 0.7429410963331737 -3.5236083343327564
42274 10817673 4.97492807413343 1.9644434349774158 0.80772 0.7429410963331737 -3.5236083343327564
42274 10561439 0.575870307137008 0.07955675364377869 0.3048 0.7429410963331737 -3.5236083343327564
42275 10561439 0.5670392026245967 0.07932151987913377 0.3048 0.7429410963331737 -3.5236083343327564
42275 10817673 4.998335549935556 2.0117079429543034 0.8153400000000001 0.7429410963331737 -3.5236083343327564
42276 10817673 5.008663735079026 2.0352048988023443 0.8153400000000001 0.7429410963331737 -3.5236083343327564
42276 10561439 0.5582080981121854 0.07908628611448885 0.3048 0.7429410963331737 -3.5236083343327564
42277 10561439 0.549376993599774 0.07885105234984392 0.3048 0.7429410963331737 -3.5236083343327564
42277 10817673 5.042644601540354 2.114880771694166 0.82296 0.7429410963331737 -3.5236083343327564
42278 10561439 0.5405458890873627 0.078615818585199 0.3048 0.7429410963331737 -3.5236083343327564
42278 10817673 5.073199082289374 2.174531825837236 0.82296 0.7429410963331737 -3.5236083343327564
42279 10561439 0.5309332713965753 0.0809976126011443 0.3048 0.7429410963331737 -3.5236083343327564
42279 10817673 5.099532360746911 2.228317750580026 0.8305800000000001 0.7429410963331737 -3.5236083343327564
42280 10817673 5.117908711594817 2.277574038105424 0.8382000000000001 0.7429410963331737 -3.5236083343327564
42280 10561439 0.5213206537057878 0.08337940661708958 0.3048 0.7429410963331737 -3.5236083343327564
42281 10561439 0.5047397957227697 0.08318992177667933 0.3048 0.7429410963331737 -3.5236083343327564
42281 10817673 5.144976393447031 2.3333397953136843 0.84582 0.7429410963331737 -3.5236083343327564
42282 10561439 0.4967245810433526 0.08312209837530771 0.3048 0.7429410963331737 -3.5236083343327564
42282 10817673 5.155914255896735 2.36142709801226 0.84582 0.7429410963331737 -3.5236083343327564
42283 10817673 5.18225763003027 2.413340814384948 0.8534400000000001 0.7429410963331737 -3.5236083343327564
42283 10561439 0.4887093663639355 0.08305427497393607 0.3048 0.7429410963331737 -3.5236083343327564
42284 10817673 5.221065802030404 2.4985674282377333 0.86106 0.7429410963331737 -3.5236083343327564
42284 10561439 0.48069415168451846 0.08298645157256443 0.3048 0.7429410963331737 -3.5236083343327564
42285 10817673 5.218747193194658 2.497946258011073 0.860980625 0.7429410963331737 -3.5236083343327564
42285 10561439 0.47267893700510133 0.0829186281711928 0.3048 0.7429410963331737 -3.5236083343327564
42286 10817673 5.216428584358912 2.4973250877844126 0.8609012500000001 0.7429410963331737 -3.5236083343327564
42286 10561439 0.46101609846484315 0.08147258802080526 0.3048 0.7429410963331737 -3.5236083343327564
42287 10561439 0.4533593355508124 0.08110409296965526 0.3048 0.7429410963331737 -3.5236083343327564
42287 10817673 5.214109975523165 2.4967039175577526 0.8608218750000001 0.7429410963331737 -3.5236083343327564
42288 10561439 0.44570257263678165 0.08073559791850528 0.3048 0.7429410963331737 -3.5236083343327564
42288 10817673 5.211791366687419 2.496082747331092 0.8607425000000001 0.7429410963331737 -3.5236083343327564
42289 10817673 5.209472757851673 2.495461577104432 0.8606631250000001 0.7429410963331737 -3.5236083343327564
42289 10561439 0.4380458097227509 0.08036710286735528 0.3048 0.7429410963331737 -3.5236083343327564
42290 10817673 5.207154149015927 2.494840406877772 0.8605837500000001 0.7429410963331737 -3.5236083343327564
42290 10561439 0.4303890468087202 0.07999860781620528 0.3048 0.7429410963331737 -3.5236083343327564
42291 10561439 0.4227322838946895 0.07963011276505529 0.3048 0.7429410963331737 -3.5236083343327564
42291 10817673 5.204835540180181 2.4942192366511113 0.8605043750000001 0.7429410963331737 -3.5236083343327564
42292 10817673 5.202516931344434 2.4935980664244513 0.860425 0.7429410963331737 -3.5236083343327564
42292 10561439 0.4150755209806587 0.0792616177139053 0.3048 0.7429410963331737 -3.5236083343327564
42293 10817673 5.200198322508688 2.492976896197791 0.860345625 0.7429410963331737 -3.5236083343327564
42293 10561439 0.407418758066628 0.0788931226627553 0.3048 0.7429410963331737 -3.5236083343327564
42294 10817673 5.1978797136729415 2.4923557259711306 0.86026625 0.7429410963331737 -3.5236083343327564
42294 10561439 0.39996414301599015 0.07999741601925638 0.3048 0.7429410963331737 -3.5236083343327564
42295 10561439 0.3925095279653523 0.08110170937575745 0.3048 0.7429410963331737 -3.5236083343327564
42295 10817673 5.1955611048371955 2.4917345557444706 0.860186875 0.7429410963331737 -3.5236083343327564
42296 10561439 0.38505491291471455 0.0822060027322585 0.3048 0.7429410963331737 -3.5236083343327564
42296 10817673 5.193242496001449 2.49111338551781 0.8601075 0.7429410963331737 -3.5236083343327564
42297 10817673 5.190923887165702 2.49049221529115 0.860028125 0.7429410963331737 -3.5236083343327564
42297 10561439 0.37760029786407673 0.08331029608875958 0.3048 0.7429410963331737 -3.5236083343327564
42298 10817673 5.188605278329956 2.48987104506449 0.85994875 0.7429410963331737 -3.5236083343327564
42298 10561439 0.3701456828134389 0.08441458944526065 0.3048 0.7429410963331737 -3.5236083343327564
42299 10817673 5.18628666949421 2.4892498748378293 0.859869375 0.7429410963331737 -3.5236083343327564
42299 10561439 0.36160210758177974 0.08340969697197292 0.3048 0.7429410963331737 -3.5236083343327564
42300 10817673 5.183968060658464 2.4886287046111693 0.85979 0.7429410963331737 -3.5236083343327564
42300 10561439 0.3530585323501205 0.08240480449868519 0.3048 0.7429410963331737 -3.5236083343327564
42301 10817673 5.181649451822718 2.4880075343845087 0.8597106250000001 0.7429410963331737 -3.5236083343327564
42301 10561439 0.34451495711846136 0.08139991202539745 0.3048 0.7429410963331737 -3.5236083343327564
42302 10561439 0.3359713818868022 0.08039501955210973 0.3048 0.7429410963331737 -3.5236083343327564
42302 10817673 5.179330842986971 2.4873863641578486 0.8596312500000001 0.7429410963331737 -3.5236083343327564
42303 10561439 0.3309498356945175 0.08133510824649107 0.3048 0.7429410963331737 -3.5236083343327564
42303 10817673 5.177012234151225 2.4867651939311886 0.8595518750000001 0.7429410963331737 -3.5236083343327564
42304 10817673 5.174693625315479 2.486144023704528 0.8594725000000001 0.7429410963331737 -3.5236083343327564
42304 10561439 0.3222246272411387 0.08235623990698339 0.3048 0.7429410963331737 -3.5236083343327564
42305 10817673 5.172375016479733 2.485522853477868 0.8593931250000001 0.7429410963331737 -3.5236083343327564
42305 10561439 0.31349941878775994 0.08337737156747572 0.3048 0.7429410963331737 -3.5236083343327564
42306 10817673 5.170056407643987 2.484901683251208 0.8593137500000001 0.7429410963331737 -3.5236083343327564
42306 10561439 0.3047742103343811 0.08439850322796805 0.3048 0.7429410963331737 -3.5236083343327564
42307 10817673 5.16773779880824 2.4842805130245473 0.859234375 0.7429410963331737 -3.5236083343327564
42307 10561439 0.2980068305724233 0.08217062645612658 0.3048 0.7429410963331737 -3.5236083343327564
42308 10817673 5.165419189972494 2.4836593427978872 0.859155 0.7429410963331737 -3.5236083343327564
42308 10561439 0.29377533776908005 0.08185949463140912 0.3048 0.7429410963331737 -3.5236083343327564
42309 10561439 0.28954384496573676 0.08154836280669166 0.3048 0.7429410963331737 -3.5236083343327564
42309 10817673 5.163100581136748 2.4830381725712267 0.859075625 0.7429410963331737 -3.5236083343327564
42310 10561439 0.279458374385538 0.08098904281674363 0.3048 0.7429410963331737 -3.5236083343327564
42310 10817673 5.1607819723010016 2.4824170023445666 0.85899625 0.7429410963331737 -3.5236083343327564
42311 10561439 0.2693729038053393 0.08042972282679561 0.3048 0.7429410963331737 -3.5236083343327564
42311 10817673 5.1584633634652555 2.4817958321179066 0.858916875 0.7429410963331737 -3.5236083343327564
42312 10817673 5.1561447546295085 2.481174661891246 0.8588375 0.7429410963331737 -3.5236083343327564
42312 10561439 0.26088966273618097 0.08273484926961353 0.3048 0.7429410963331737 -3.5236083343327564
42313 10817673 5.153826145793762 2.480553491664586 0.858758125 0.7429410963331737 -3.5236083343327564
42313 10561439 0.2552014158834701 0.08190677554239269 0.3048 0.7429410963331737 -3.5236083343327564
42314 10561439 0.24951316903075926 0.08107870181517185 0.3048 0.7429410963331737 -3.5236083343327564
42314 10817673 5.151507536958016 2.4799323214379254 0.85867875 0.7429410963331737 -3.5236083343327564
42315 10561439 0.2417995601708361 0.0813131399580553 0.3048 0.7429410963331737 -3.5236083343327564
42315 10817673 5.14918892812227 2.4793111512112653 0.858599375 0.7429410963331737 -3.5236083343327564
42316 10561439 0.23408595131091295 0.08154757810093874 0.3048 0.7429410963331737 -3.5236083343327564
42316 10817673 5.146870319286524 2.4786899809846052 0.8585200000000001 0.7429410963331737 -3.5236083343327564
42317 10561439 0.22637234245098978 0.08178201624382218 0.3048 0.7429410963331737 -3.5236083343327564
42317 10817673 5.144551710450777 2.4780688107579447 0.8584406250000001 0.7429410963331737 -3.5236083343327564
42318 10817673 5.142233101615031 2.4774476405312846 0.8583612500000001 0.7429410963331737 -3.5236083343327564
42318 10561439 0.2186587335910666 0.08201645438670561 0.3048 0.7429410963331737 -3.5236083343327564
42319 10817673 5.139914492779285 2.4768264703046246 0.8582818750000001 0.7429410963331737 -3.5236083343327564
42319 10561439 0.21094512473114346 0.08225089252958906 0.3048 0.7429410963331737 -3.5236083343327564
42320 10817673 5.137595883943539 2.476205300077964 0.8582025000000001 0.7429410963331737 -3.5236083343327564
42320 10561439 0.2032315158712203 0.0824853306724725 0.3048 0.7429410963331737 -3.5236083343327564
42321 10561439 0.19551790701129712 0.08271976881535595 0.3048 0.7429410963331737 -3.5236083343327564
42321 10817673 5.135277275107793 2.475584129851304 0.8581231250000001 0.7429410963331737 -3.5236083343327564
42322 10817673 5.132958666272046 2.4749629596246434 0.85804375 0.7429410963331737 -3.5236083343327564
42322 10561439 0.1870616236517222 0.08251085476124348 0.3048 0.7429410963331737 -3.5236083343327564
42323 10561439 0.17860534029214725 0.08230194070713101 0.3048 0.7429410963331737 -3.5236083343327564
42323 10817673 5.1306400574363 2.4743417893979833 0.857964375 0.7429410963331737 -3.5236083343327564
42324 10817673 5.128321448600554 2.4737206191713232 0.857885 0.7429410963331737 -3.5236083343327564
42324 10561439 0.17014905693257232 0.08209302665301854 0.3048 0.7429410963331737 -3.5236083343327564
42325 10817673 5.126002839764808 2.4730994489446627 0.857805625 0.7429410963331737 -3.5236083343327564
42325 10561439 0.16169277357299738 0.08188411259890607 0.3048 0.7429410963331737 -3.5236083343327564
42326 10561439 0.15323649021342245 0.0816751985447936 0.3048 0.7429410963331737 -3.5236083343327564
42326 10817673 5.123684230929062 2.4724782787180026 0.85772625 0.7429410963331737 -3.5236083343327564
42327 10817673 5.121365622093315 2.471857108491342 0.857646875 0.7429410963331737 -3.5236083343327564
42327 10561439 0.14478020685384752 0.08146628449068113 0.3048 0.7429410963331737 -3.5236083343327564
42328 10817673 5.1190470132575685 2.471235938264682 0.8575675 0.7429410963331737 -3.5236083343327564
42328 10561439 0.13632392349427258 0.08125737043656867 0.3048 0.7429410963331737 -3.5236083343327564
42329 10561439 0.12786764013469765 0.0810484563824562 0.3048 0.7429410963331737 -3.5236083343327564
42329 10817673 5.116728404421822 2.470614768038022 0.857488125 0.7429410963331737 -3.5236083343327564
42330 10817673 5.114409795586076 2.4699935978113614 0.85740875 0.7429410963331737 -3.5236083343327564
42330 10561439 0.11941135677512271 0.08083954232834373 0.3048 0.7429410963331737 -3.5236083343327564
42331 10817673 5.11209118675033 2.4693724275847013 0.8573293750000001 0.7429410963331737 -3.5236083343327564
42331 10561439 0.11247929828979011 0.08041809602852609 0.3048 0.7429410963331737 -3.5236083343327564
42332 10817673 5.109772577914583 2.468751257358041 0.8572500000000001 0.7429410963331737 -3.5236083343327564
42332 10561439 0.10554723980445752 0.07999664972870846 0.3048 0.7429410963331737 -3.5236083343327564
42333 10561439 0.09861518131912492 0.07957520342889082 0.3048 0.7429410963331737 -3.5236083343327564
42333 10817673 5.107453969078837 2.4681300871313807 0.8571706250000001 0.7429410963331737 -3.5236083343327564
42334 10817673 5.105135360243091 2.4675089169047206 0.8570912500000001 0.7429410963331737 -3.5236083343327564
42334 10561439 0.09168312283379232 0.07915375712907319 0.3048 0.7429410963331737 -3.5236083343327564
42335 10561439 0.08173301251642706 0.08240584783392382 0.3048 0.7429410963331737 -3.5236083343327564
42335 10817673 5.102816751407345 2.46688774667806 0.8570118750000001 0.7429410963331737 -3.5236083343327564
42336 10561439 0.07638944952333153 0.08236094454438195 0.3048 0.7429410963331737 -3.5236083343327564
42336 10817673 5.100498142571599 2.4662665764514 0.8569325000000001 0.7429410963331737 -3.5236083343327564
42337 10561439 0.07104588653023598 0.08231604125484007 0.3048 0.7429410963331737 -3.5236083343327564
42337 10817673 5.098179533735852 2.46564540622474 0.856853125 0.7429410963331737 -3.5236083343327564
42338 10561439 0.06570232353714045 0.0822711379652982 0.3048 0.7429410963331737 -3.5236083343327564
42338 10817673 5.095860924900106 2.4650242359980794 0.85677375 0.7429410963331737 -3.5236083343327564
42339 10561439 0.06161440592676032 0.08226369650660875 0.3048 0.7429410963331737 -3.5236083343327564
42339 10817673 5.09354231606436 2.4644030657714193 0.856694375 0.7429410963331737 -3.5236083343327564
42340 10817673 5.091223707228614 2.463781895544759 0.856615 0.7429410963331737 -3.5236083343327564
42340 10561439 0.05752648831638019 0.0822562550479193 0.3048 0.7429410963331737 -3.5236083343327564
42341 10817673 5.088905098392868 2.4631607253180987 0.856535625 0.7429410963331737 -3.5236083343327564
42341 10561439 0.053438570706000055 0.08224881358922984 0.3048 0.7429410963331737 -3.5236083343327564
42342 10561439 0.04935065309561992 0.08224137213054039 0.3048 0.7429410963331737 -3.5236083343327564
42342 10817673 5.086586489557121 2.4625395550914386 0.85645625 0.7429410963331737 -3.5236083343327564
42343 10561439 0.043519104528193964 0.08151869869851233 0.3048 0.7429410963331737 -3.5236083343327564
42343 10817673 5.084267880721375 2.461918384864778 0.856376875 0.7429410963331737 -3.5236083343327564
42344 10817673 5.0819492718856285 2.461297214638118 0.8562975 0.7429410963331737 -3.5236083343327564
42344 10561439 0.037687555960768004 0.08079602526648427 0.3048 0.7429410963331737 -3.5236083343327564
42345 10561439 0.03411836697042873 0.08165105689387323 0.3048 0.7429410963331737 -3.5236083343327564
42346 10561439 0.030549177980089454 0.08250608852126218 0.3048 0.7429410963331737 -3.5236083343327564
42347 10561439 0.02697998898975018 0.08336112014865113 0.3048 0.7429410963331737 -3.5236083343327564
42348 10561439 0.026505906993581907 0.07919333405813545 0.3048 0.7429410963331737 -3.5236083343327564
42349 10561439 0.02639116387063285 0.07911400686014282 0.3048 0.7429410963331737 -3.5236083343327564
42350 10561439 0.02627642074768379 0.07903467966215019 0.3048 0.7429410963331737 -3.5236083343327564
42351 10561439 0.026161677624734737 0.07895535246415758 0.3048 0.7429410963331737 -3.5236083343327564
42352 10561439 0.02604693450178568 0.07887602526616495 0.3048 0.7429410963331737 -3.5236083343327564
42353 10561439 0.025932191378836622 0.07879669806817233 0.3048 0.7429410963331737 -3.5236083343327564
42354 10561439 0.025817448255887564 0.0787173708701797 0.3048 0.7429410963331737 -3.5236083343327564
42355 10561439 0.025702705132938507 0.07863804367218707 0.3048 0.7429410963331737 -3.5236083343327564
42356 10561439 0.025587962009989453 0.07855871647419446 0.3048 0.7429410963331737 -3.5236083343327564
42357 10561439 0.025473218887040395 0.07847938927620184 0.3048 0.7429410963331737 -3.5236083343327564
42358 10561439 0.025358475764091337 0.07840006207820921 0.3048 0.7429410963331737 -3.5236083343327564
42359 10561439 0.025323025843947192 0.07839648133947658 0.30490694736842106 0.7429410963331737 -3.5236083343327564
42360 10561439 0.02528757592380305 0.07839290060074393 0.3050138947368421 0.7429410963331737 -3.5236083343327564
42361 10561439 0.025252126003658906 0.0783893198620113 0.3051208421052632 0.7429410963331737 -3.5236083343327564
42362 10561439 0.02521667608351476 0.07838573912327865 0.30522778947368423 0.7429410963331737 -3.5236083343327564
42363 10561439 0.02518122616337062 0.07838215838454601 0.30533473684210527 0.7429410963331737 -3.5236083343327564
42364 10561439 0.025145776243226475 0.07837857764581337 0.3054416842105263 0.7429410963331737 -3.5236083343327564
42365 10561439 0.02511032632308233 0.07837499690708073 0.3055486315789474 0.7429410963331737 -3.5236083343327564
42366 10561439 0.02507487640293819 0.07837141616834808 0.30565557894736844 0.7429410963331737 -3.5236083343327564
42367 10561439 0.025039426482794044 0.07836783542961545 0.3057625263157895 0.7429410963331737 -3.5236083343327564
42368 10561439 0.0250039765626499 0.0783642546908828 0.3058694736842105 0.7429410963331737 -3.5236083343327564
42369 10561439 0.024968526642505758 0.07836067395215017 0.3059764210526316 0.7429410963331737 -3.5236083343327564
42370 10561439 0.024933076722361613 0.07835709321341752 0.30608336842105266 0.7429410963331737 -3.5236083343327564
42371 10561439 0.024897626802217472 0.07835351247468489 0.3061903157894737 0.7429410963331737 -3.5236083343327564
42372 10561439 0.024862176882073327 0.07834993173595224 0.30629726315789474 0.7429410963331737 -3.5236083343327564
42373 10561439 0.024826726961929182 0.07834635099721961 0.3064042105263158 0.7429410963331737 -3.5236083343327564
42374 10561439 0.02479127704178504 0.07834277025848696 0.3065111578947369 0.7429410963331737 -3.5236083343327564
42375 10561439 0.024755827121640896 0.07833918951975433 0.3066181052631579 0.7429410963331737 -3.5236083343327564
42376 10561439 0.02472037720149675 0.07833560878102169 0.30672505263157895 0.7429410963331737 -3.5236083343327564
42377 10561439 0.02468492728135261 0.07833202804228905 0.306832 0.7429410963331737 -3.5236083343327564
42378 10561439 0.024649477361208465 0.07832844730355641 0.3069389473684211 0.7429410963331737 -3.5236083343327564
42379 10561439 0.02461402744106432 0.07832486656482376 0.30704589473684213 0.7429410963331737 -3.5236083343327564
42380 10561439 0.02457857752092018 0.07832128582609113 0.30715284210526317 0.7429410963331737 -3.5236083343327564
42381 10561439 0.024543127600776034 0.07831770508735848 0.3072597894736842 0.7429410963331737 -3.5236083343327564
42382 10561439 0.02450767768063189 0.07831412434862585 0.3073667368421053 0.7429410963331737 -3.5236083343327564
42383 10561439 0.02447222776048775 0.0783105436098932 0.30747368421052634 0.7429410963331737 -3.5236083343327564
42384 10561439 0.024436777840343604 0.07830696287116057 0.3075806315789474 0.7429410963331737 -3.5236083343327564
42385 10561439 0.02440132792019946 0.07830338213242792 0.3076875789473684 0.7429410963331737 -3.5236083343327564
42386 10561439 0.024365878000055317 0.07829980139369529 0.30779452631578946 0.7429410963331737 -3.5236083343327564
42387 10561439 0.024330428079911173 0.07829622065496264 0.30790147368421056 0.7429410963331737 -3.5236083343327564
42388 10561439 0.024294978159767028 0.07829263991623 0.3080084210526316 0.7429410963331737 -3.5236083343327564
42389 10561439 0.024259528239622886 0.07828905917749736 0.30811536842105264 0.7429410963331737 -3.5236083343327564
42390 10561439 0.02422407831947874 0.07828547843876472 0.3082223157894737 0.7429410963331737 -3.5236083343327564
42391 10561439 0.024188628399334597 0.07828189770003208 0.3083292631578948 0.7429410963331737 -3.5236083343327564
42392 10561439 0.024153178479190456 0.07827831696129944 0.3084362105263158 0.7429410963331737 -3.5236083343327564
42393 10561439 0.02411772855904631 0.07827473622256681 0.30854315789473685 0.7429410963331737 -3.5236083343327564
42394 10561439 0.024082278638902166 0.07827115548383416 0.3086501052631579 0.7429410963331737 -3.5236083343327564
42395 10561439 0.024046828718758025 0.07826757474510153 0.308757052631579 0.7429410963331737 -3.5236083343327564
42396 10561439 0.02401137879861388 0.07826399400636888 0.308864 0.7429410963331737 -3.5236083343327564
42397 10561439 0.02397592887846974 0.07826041326763625 0.30897094736842107 0.7429410963331737 -3.5236083343327564
42398 10561439 0.023940478958325594 0.0782568325289036 0.3090778947368421 0.7429410963331737 -3.5236083343327564
42399 10561439 0.02390502903818145 0.07825325179017097 0.3091848421052632 0.7429410963331737 -3.5236083343327564
42400 10561439 0.023869579118037308 0.07824967105143832 0.30929178947368424 0.7429410963331737 -3.5236083343327564
42401 10561439 0.023834129197893163 0.07824609031270569 0.3093987368421053 0.7429410963331737 -3.5236083343327564
42402 10561439 0.023798679277749018 0.07824250957397304 0.3095056842105263 0.7429410963331737 -3.5236083343327564
42403 10561439 0.023763229357604877 0.0782389288352404 0.30961263157894736 0.7429410963331737 -3.5236083343327564
42404 10561439 0.023727779437460732 0.07823534809650776 0.30971957894736846 0.7429410963331737 -3.5236083343327564
42405 10561439 0.023692329517316587 0.07823176735777512 0.3098265263157895 0.7429410963331737 -3.5236083343327564
42406 10561439 0.023656879597172446 0.07822818661904248 0.30993347368421054 0.7429410963331737 -3.5236083343327564
42407 10561439 0.0236214296770283 0.07822460588030984 0.3100404210526316 0.7429410963331737 -3.5236083343327564
42408 10561439 0.023585979756884156 0.0782210251415772 0.31014736842105267 0.7429410963331737 -3.5236083343327564
42409 10561439 0.023550529836740015 0.07821744440284456 0.3102543157894737 0.7429410963331737 -3.5236083343327564
42410 10561439 0.02351507991659587 0.07821386366411193 0.31036126315789475 0.7429410963331737 -3.5236083343327564
42411 10561439 0.023479629996451725 0.07821028292537928 0.3104682105263158 0.7429410963331737 -3.5236083343327564
42412 10561439 0.023444180076307584 0.07820670218664665 0.3105751578947369 0.7429410963331737 -3.5236083343327564
42413 10561439 0.02340873015616344 0.078203121447914 0.3106821052631579 0.7429410963331737 -3.5236083343327564
42414 10561439 0.023373280236019298 0.07819954070918136 0.31078905263157897 0.7429410963331737 -3.5236083343327564
42415 10561439 0.023337830315875153 0.07819595997044872 0.310896 0.7429410963331737 -3.5236083343327564
42416 10561439 0.023302380395731008 0.07819237923171608 0.31100294736842105 0.7429410963331737 -3.5236083343327564
42417 10561439 0.023266930475586867 0.07818879849298344 0.31110989473684214 0.7429410963331737 -3.5236083343327564
42418 10561439 0.023231480555442722 0.0781852177542508 0.3112168421052632 0.7429410963331737 -3.5236083343327564
