48013 11289096 0.4745677768192839 0.19740687742734725 0.31242000000000003 -0.31954237263611107 -0.978001393910093
48014 11289096 0.47510285778732175 0.1963265950836539 0.32004 -0.31954237263611107 -0.978001393910093
48015 11289096 0.47563793875535965 0.19524631273996057 0.32766 -0.31954237263611107 -0.978001393910093
48016 11289096 0.4761730197233975 0.19416603039626723 0.33528 -0.31954237263611107 -0.978001393910093
48017 11289096 0.4772094038723115 0.19428006274045428 0.33147000000000004 -0.31954237263611107 -0.978001393910093
48018 11289096 0.4782457880212254 0.19439409508464137 0.32766 -0.31954237263611107 -0.978001393910093
48019 11289096 0.4792821721701394 0.19450812742882845 0.32384999999999997 -0.31954237263611107 -0.978001393910093
48020 11289096 0.4803185563190534 0.1946221597730155 0.32004 -0.31954237263611107 -0.978001393910093
48021 11289096 0.48137188187200497 0.19376890560423704 0.3178628571428571 -0.31954237263611107 -0.978001393910093
48022 11289096 0.4824252074249566 0.1929156514354586 0.3156857142857143 -0.31954237263611107 -0.978001393910093
48023 11289096 0.48347853297790816 0.19206239726668015 0.3135085714285714 -0.31954237263611107 -0.978001393910093
48024 11289096 0.4845318585308598 0.19120914309790168 0.3113314285714286 -0.31954237263611107 -0.978001393910093
48025 11289096 0.48558518408381135 0.19035588892912322 0.3091542857142857 -0.31954237263611107 -0.978001393910093
48026 11289096 0.486638509636763 0.1895026347603448 0.3069771428571429 -0.31954237263611107 -0.978001393910093
48027 11289096 0.48769183518971454 0.18864938059156633 0.3048 -0.31954237263611107 -0.978001393910093
48028 11289096 0.4909285275439994 0.18578082608599178 0.3048 -0.31954237263611107 -0.978001393910093
48029 11289096 0.49416521989828427 0.1829122715804172 0.3048 -0.31954237263611107 -0.978001393910093
48030 11289096 0.49421126284569583 0.18027507065920245 0.3048 -0.31954237263611107 -0.978001393910093
48031 11289096 0.49425730579310745 0.1776378697379877 0.3048 -0.31954237263611107 -0.978001393910093
48032 11289096 0.494303348740519 0.17500066881677295 0.3048 -0.31954237263611107 -0.978001393910093
48033 11289096 0.4943493916879306 0.1723634678955582 0.3048 -0.31954237263611107 -0.978001393910093
48034 11289096 0.4943954346353422 0.16972626697434345 0.3048 -0.31954237263611107 -0.978001393910093
48035 11289096 0.49444147758275375 0.1670890660531287 0.3048 -0.31954237263611107 -0.978001393910093
48036 11289096 0.4944875205301653 0.16445186513191395 0.3048 -0.31954237263611107 -0.978001393910093
48037 11289096 0.49453356347757693 0.1618146642106992 0.3048 -0.31954237263611107 -0.978001393910093
48038 11289096 0.4945796064249885 0.15917746328948446 0.3048 -0.31954237263611107 -0.978001393910093
48039 11289096 0.49658908077595865 0.1559505673095935 0.3048 -0.31954237263611107 -0.978001393910093
48040 11289096 0.49859855512692886 0.15272367132970255 0.3048 -0.31954237263611107 -0.978001393910093
48041 11289096 0.4988783612679229 0.14872682225476722 0.3048 -0.31954237263611107 -0.978001393910093
48042 11289096 0.49915816740891694 0.14472997317983188 0.3048 -0.31954237263611107 -0.978001393910093
48043 11289096 0.499437973549911 0.14073312410489655 0.3048 -0.31954237263611107 -0.978001393910093
48044 11289096 0.4997177796909051 0.13673627502996122 0.3048 -0.31954237263611107 -0.978001393910093
48045 11289096 0.4999975858318991 0.13273942595502589 0.3048 -0.31954237263611107 -0.978001393910093
48046 11289096 0.5002773919728931 0.12874257688009055 0.3048 -0.31954237263611107 -0.978001393910093
48047 11289096 0.5005571981138872 0.12474572780515521 0.3048 -0.31954237263611107 -0.978001393910093
48048 11289096 0.4994533882342806 0.12136791999542393 0.3048 -0.31954237263611107 -0.978001393910093
48049 11289096 0.49834957835467397 0.11799011218569266 0.3048 -0.31954237263611107 -0.978001393910093
48050 11289096 0.49724576847506735 0.11461230437596139 0.3048 -0.31954237263611107 -0.978001393910093
48051 11289096 0.49600096070626054 0.11170894385830836 0.3048 -0.31954237263611107 -0.978001393910093
48052 11289096 0.4947561529374538 0.10880558334065533 0.3048 -0.31954237263611107 -0.978001393910093
48053 11289096 0.493511345168647 0.10590222282300231 0.3048 -0.31954237263611107 -0.978001393910093
48054 11289096 0.49226653739984017 0.10299886230534928 0.3048 -0.31954237263611107 -0.978001393910093
48055 11289096 0.4910217296310334 0.10009550178769626 0.3048 -0.31954237263611107 -0.978001393910093
48056 11289096 0.4897769218622266 0.09719214127004323 0.3048 -0.31954237263611107 -0.978001393910093
48057 11289096 0.4885321140934198 0.09428878075239021 0.3048 -0.31954237263611107 -0.978001393910093
48058 11289096 0.48728730632461303 0.09138542023473718 0.3048 -0.31954237263611107 -0.978001393910093
48059 11289096 0.4860424985558062 0.08848205971708416 0.3048 -0.31954237263611107 -0.978001393910093
48060 11289096 0.4847976907869994 0.08557869919943113 0.3048 -0.31954237263611107 -0.978001393910093
48061 11289096 0.48355288301819266 0.08267533868177811 0.3048 -0.31954237263611107 -0.978001393910093
48062 11289096 0.48230807524938585 0.07977197816412508 0.3048 -0.31954237263611107 -0.978001393910093
48063 11289096 0.47689984309624456 0.07998159609260959 0.3048 -0.31954237263611107 -0.978001393910093
48064 11289096 0.47149161094310327 0.08019121402109411 0.3048 -0.31954237263611107 -0.978001393910093
48065 11289096 0.466083378789962 0.08040083194957862 0.3048 -0.31954237263611107 -0.978001393910093
48066 11289096 0.46067514663682074 0.08061044987806312 0.3048 -0.31954237263611107 -0.978001393910093
48067 11289096 0.45526691448367945 0.08082006780654764 0.3048 -0.31954237263611107 -0.978001393910093
48068 11289096 0.44985868233053816 0.08102968573503215 0.3048 -0.31954237263611107 -0.978001393910093
48069 11289096 0.4444841582211404 0.0810836676751918 0.3048 -0.31954237263611107 -0.978001393910093
48070 11289096 0.43910963411174264 0.08113764961535146 0.3048 -0.31954237263611107 -0.978001393910093
48071 11289096 0.4337351100023449 0.08119163155551111 0.3048 -0.31954237263611107 -0.978001393910093
48072 11289096 0.4283605858929471 0.08124561349567078 0.3048 -0.31954237263611107 -0.978001393910093
48073 11289096 0.42298606178354936 0.08129959543583043 0.3048 -0.31954237263611107 -0.978001393910093
48074 11289096 0.4176115376741516 0.08135357737599008 0.3048 -0.31954237263611107 -0.978001393910093
48075 11289096 0.41223701356475384 0.08140755931614974 0.3048 -0.31954237263611107 -0.978001393910093
48076 11289096 0.4042008911634458 0.0815024434023886 0.3048 -0.31954237263611107 -0.978001393910093
48077 11289096 0.39616476876213774 0.08159732748862746 0.3048 -0.31954237263611107 -0.978001393910093
48078 11289096 0.3881286463608297 0.08169221157486632 0.3048 -0.31954237263611107 -0.978001393910093
48079 11289096 0.3800925239595217 0.08178709566110519 0.3048 -0.31954237263611107 -0.978001393910093
48080 11289096 0.3720564015582136 0.08188197974734404 0.3048 -0.31954237263611107 -0.978001393910093
48081 11289096 0.3640202791569056 0.08197686383358291 0.3048 -0.31954237263611107 -0.978001393910093
48082 11289096 0.35841230678009534 0.08112248424503196 0.3048 -0.31954237263611107 -0.978001393910093
48083 11289096 0.35280433440328507 0.08026810465648102 0.3048 -0.31954237263611107 -0.978001393910093
48084 11289096 0.3431842133005054 0.08072493082639531 0.3048 -0.31954237263611107 -0.978001393910093
48085 11289096 0.3335640921977258 0.08118175699630963 0.3048 -0.31954237263611107 -0.978001393910093
48086 11289096 0.3239439710949462 0.08163858316622394 0.3048 -0.31954237263611107 -0.978001393910093
48087 11289096 0.31432384999216656 0.08209540933613824 0.3048 -0.31954237263611107 -0.978001393910093
48088 11289096 0.30966902070733504 0.08279883774455277 0.3048 -0.31954237263611107 -0.978001393910093
48089 11289096 0.2980068305724233 0.08217062645612658 0.3048 -0.31954237263611107 -0.978001393910093
48090 11289096 0.2895632470321344 0.0818795646114675 0.3048 -0.31954237263611107 -0.978001393910093
48091 11289096 0.2811196634918455 0.08158850276680842 0.3048 -0.31954237263611107 -0.978001393910093
48092 11289096 0.27267607995155657 0.08129744092214934 0.3048 -0.31954237263611107 -0.978001393910093
48093 11289096 0.26423249641126767 0.08100637907749025 0.3048 -0.31954237263611107 -0.978001393910093
48094 11289096 0.2557889128709787 0.08071531723283118 0.3048 -0.31954237263611107 -0.978001393910093
48095 11289096 0.2473453293306898 0.08042425538817209 0.3048 -0.31954237263611107 -0.978001393910093
48096 11289096 0.2389017457904009 0.08013319354351302 0.3048 -0.31954237263611107 -0.978001393910093
48097 11289096 0.230458162250112 0.07984213169885393 0.3048 -0.31954237263611107 -0.978001393910093
48098 11289096 0.2220145787098231 0.07955106985419486 0.3048 -0.31954237263611107 -0.978001393910093
48099 11289096 0.21479272439746344 0.08191132316219027 0.3048 -0.31954237263611107 -0.978001393910093
48100 11289096 0.2031409746488958 0.08022836966793331 0.3048 -0.31954237263611107 -0.978001393910093
48101 11289096 0.19583745801860286 0.08014396954479816 0.3048 -0.31954237263611107 -0.978001393910093
48102 11289096 0.18853394138830995 0.08005956942166302 0.3048 -0.31954237263611107 -0.978001393910093
48103 11289096 0.181230424758017 0.07997516929852787 0.3048 -0.31954237263611107 -0.978001393910093
48104 11289096 0.17392690812772407 0.07989076917539271 0.3048 -0.31954237263611107 -0.978001393910093
48105 11289096 0.16662339149743116 0.07980636905225758 0.3048 -0.31954237263611107 -0.978001393910093
48106 11289096 0.15931987486713822 0.07972196892912242 0.3048 -0.31954237263611107 -0.978001393910093
48107 11289096 0.15201635823684528 0.07963756880598727 0.3048 -0.31954237263611107 -0.978001393910093
48108 11289096 0.14471284160655234 0.07955316868285212 0.3048 -0.31954237263611107 -0.978001393910093
48109 11289096 0.13740932497625943 0.07946876855971698 0.3048 -0.31954237263611107 -0.978001393910093
48110 11289096 0.1301058083459665 0.07938436843658182 0.3048 -0.31954237263611107 -0.978001393910093
48111 11289096 0.12280229171567357 0.07929996831344667 0.3048 -0.31954237263611107 -0.978001393910093
48112 11289096 0.11549877508538064 0.07921556819031153 0.3048 -0.31954237263611107 -0.978001393910093
48113 11289096 0.1081952584550877 0.07913116806717638 0.3048 -0.31954237263611107 -0.978001393910093
48114 11289096 0.1033765889387289 0.07879009551042106 0.3048 -0.31954237263611107 -0.978001393910093
48115 11289096 0.0985579194223701 0.07844902295366574 0.3048 -0.31954237263611107 -0.978001393910093
48116 11289096 0.09373924990601132 0.07810795039691042 0.3048 -0.31954237263611107 -0.978001393910093
48117 10520887 0.16060163586923304 0.008494901434055652 0.3048 -0.31954237263611107 -0.978001393910093
48117 11289096 0.08892058038965252 0.0777668778401551 0.3048 -0.31954237263611107 -0.978001393910093
48118 10520887 0.1790614531256043 0.0065508302770796445 0.3048 -0.31954237263611107 -0.978001393910093
48118 11289096 0.08410191087329372 0.07742580528339979 0.3048 -0.31954237263611107 -0.978001393910093
48119 10520887 0.20176592084996603 0.006724528937190777 0.3048 -0.31954237263611107 -0.978001393910093
48119 11289096 0.07928324135693492 0.07708473272664447 0.3048 -0.31954237263611107 -0.978001393910093
48120 10520887 0.22447038857432777 0.006898227597301909 0.3048 -0.31954237263611107 -0.978001393910093
48120 11289096 0.07446457184057612 0.07674366016988915 0.3048 -0.31954237263611107 -0.978001393910093
48121 11289096 0.06964590232421733 0.07640258761313383 0.3048 -1.269535573024817 -1.6194615297760395
48121 10520887 0.24717485629868952 0.0070719262574130415 0.3048 -1.269535573024817 -1.6194615297760395
48122 10520887 0.27220336869842354 0.0032150107970813913 0.3048 -1.269535573024817 -1.6194615297760395
48122 11289096 0.06482723280785851 0.07606151505637851 0.3048 -1.269535573024817 -1.6194615297760395
48123 11289096 0.06000856329149973 0.07572044249962319 0.3048 -1.269535573024817 -1.6194615297760395
48123 10520887 0.30081503462909764 0.005430606511823838 0.3048 -1.269535573024817 -1.6194615297760395
48124 11289096 0.05518989377514093 0.07537936994286787 0.3048 -1.269535573024817 -1.6194615297760395
48124 10520887 0.31677672707887694 0.005354740134747515 0.3048 -1.269535573024817 -1.6194615297760395
48125 11289096 0.05037122425878213 0.07503829738611255 0.3048 -1.269535573024817 -1.6194615297760395
48125 10520887 0.3524662594175563 0.00449814795314786 0.3048 -1.269535573024817 -1.6194615297760395
48126 10520887 0.3881557917562357 0.003641555771548205 0.3048 -1.269535573024817 -1.6194615297760395
48126 11289096 0.045552554742423326 0.07469722482935723 0.3048 -1.269535573024817 -1.6194615297760395
48127 10520887 0.41700730053729135 0.004961387297645892 0.3048 -1.269535573024817 -1.6194615297760395
48127 11289096 0.04073388522606454 0.07435615227260191 0.3048 -1.269535573024817 -1.6194615297760395
48128 10520887 0.4500630567411125 0.003520604115567545 0.30861 -1.269535573024817 -1.6194615297760395
48128 11289096 0.03591521570970574 0.07401507971584659 0.3048 -1.269535573024817 -1.6194615297760395
48129 10520887 0.48311881294493375 0.0020798209334891987 0.31242000000000003 -1.269535573024817 -1.6194615297760395
48129 11289096 0.03109654619334694 0.07367400715909128 0.3048 -1.269535573024817 -1.6194615297760395
48130 11289096 0.026277876676988138 0.07333293460233596 0.3048 -1.269535573024817 -1.6194615297760395
48130 10520887 0.5161745691487549 0.0006390377514108522 0.31623 -1.269535573024817 -1.6194615297760395
48131 11289096 0.021459207160629337 0.07299186204558064 0.3048 -1.269535573024817 -1.6194615297760395
48131 10520887 0.5492303253525761 -0.0008017454306674943 0.32004 -1.269535573024817 -1.6194615297760395
48132 10520887 0.5822860815563973 -0.0022425286127458408 0.32385 -1.269535573024817 -1.6194615297760395
48132 11289096 0.01664053764427055 0.07265078948882532 0.3048 -1.269535573024817 -1.6194615297760395
48133 10520887 0.6153418377602184 -0.0036833117948241872 0.32766 -1.269535573024817 -1.6194615297760395
48133 11289096 0.01182186812791175 0.07230971693207 0.3048 -1.269535573024817 -1.6194615297760395
48134 10520887 0.6483975939640397 -0.005124094976902534 0.33147000000000004 -1.269535573024817 -1.6194615297760395
48134 11289096 0.011859341790713221 0.07151859644845236 0.3048 -1.269535573024817 -1.6194615297760395
48135 11289096 0.011896815453514694 0.07072747596483474 0.3048 -1.269535573024817 -1.6194615297760395
48135 10520887 0.6814533501678609 -0.00656487815898088 0.33528 -1.269535573024817 -1.6194615297760395
48136 11289096 0.011934289116316166 0.0699363554812171 0.3048 -1.269535573024817 -1.6194615297760395
48136 10520887 0.7127463038688575 -0.008506164621631326 0.338328 -1.269535573024817 -1.6194615297760395
48137 10520887 0.744039257569854 -0.010447451084281772 0.341376 -1.269535573024817 -1.6194615297760395
48137 11289096 0.011971762779117637 0.06914523499759946 0.3048 -1.269535573024817 -1.6194615297760395
48138 10520887 0.7753322112708505 -0.012388737546932219 0.344424 -1.269535573024817 -1.6194615297760395
48138 11289096 0.01200923644191911 0.06835411451398184 0.3048 -1.269535573024817 -1.6194615297760395
48139 11289096 0.012046710104720582 0.0675629940303642 0.3048 -1.269535573024817 -1.6194615297760395
48139 10520887 0.8066251649718471 -0.014330024009582665 0.347472 -1.269535573024817 -1.6194615297760395
48140 11289096 0.01194329943069038 0.06744745353017066 0.3048 -1.269535573024817 -1.6194615297760395
48140 10520887 0.8379181186728437 -0.01627131047223311 0.35052 -1.269535573024817 -1.6194615297760395
48141 11289096 0.011839888756660179 0.06733191302997711 0.3048 -1.269535573024817 -1.6194615297760395
48141 10520887 0.8692110723738402 -0.018212596934883557 0.353568 -1.269535573024817 -1.6194615297760395
48142 11289096 0.011736478082629977 0.06721637252978357 0.3048 -1.269535573024817 -1.6194615297760395
48142 10520887 0.9005040260748367 -0.020153883397534003 0.356616 -1.269535573024817 -1.6194615297760395
48143 10520887 0.9317969797758333 -0.02209516986018445 0.359664 -1.269535573024817 -1.6194615297760395
48143 11289096 0.011633067408599776 0.06710083202959002 0.3048 -1.269535573024817 -1.6194615297760395
48144 11289096 0.011529656734569573 0.06698529152939649 0.3048 -1.269535573024817 -1.6194615297760395
48144 10520887 0.9630899334768299 -0.024036456322834895 0.362712 -1.269535573024817 -1.6194615297760395
48145 11289096 0.011426246060539371 0.06686975102920294 0.3048 -1.269535573024817 -1.6194615297760395
48145 10520887 0.9943828871778264 -0.02597774278548534 0.36576 -1.269535573024817 -1.6194615297760395
48146 10520887 1.0238316343152534 -0.031977025272909326 0.36576 -1.269535573024817 -1.6194615297760395
48146 11289096 0.01132283538650917 0.0667542105290094 0.3048 -1.269535573024817 -1.6194615297760395
48147 10520887 1.0532803814526803 -0.03797630776033331 0.36576 -1.269535573024817 -1.6194615297760395
48147 11289096 0.011219424712478969 0.06663867002881585 0.3048 -1.269535573024817 -1.6194615297760395
48148 10520887 1.0827291285901073 -0.043975590247757296 0.36576 -1.269535573024817 -1.6194615297760395
48148 11289096 0.011116014038448767 0.06652312952862231 0.3048 -1.269535573024817 -1.6194615297760395
48149 10520887 1.1315159021166918 -0.0526701665528359 0.36576 -1.269535573024817 -1.6194615297760395
48149 11289096 0.011012603364418566 0.06640758902842878 0.3048 -1.269535573024817 -1.6194615297760395
48150 11289096 0.010909192690388364 0.06629204852823523 0.3048 -1.269535573024817 -1.6194615297760395
48150 10520887 1.1803026756432764 -0.0613647428579145 0.36576 -1.269535573024817 -1.6194615297760395
48151 11289096 0.010805782016358161 0.06617650802804169 0.3048 -1.269535573024817 -1.6194615297760395
48151 10520887 1.229089449169861 -0.0700593191629931 0.36576 -1.269535573024817 -1.6194615297760395
48152 11289096 0.01070237134232796 0.06606096752784814 0.3048 -1.269535573024817 -1.6194615297760395
48152 10520887 1.2502069951603731 -0.07473809388592806 0.36576 -1.269535573024817 -1.6194615297760395
48153 10520887 1.2779049412156203 -0.08115743631866842 0.381 -1.269535573024817 -1.6194615297760395
48153 11289096 0.010598960668297758 0.0659454270276546 0.3048 -1.269535573024817 -1.6194615297760395
48154 10520887 1.3056028872708674 -0.08757677875140879 0.39624000000000004 -1.269535573024817 -1.6194615297760395
48154 11289096 0.010495549994267557 0.06582988652746105 0.3048 -1.269535573024817 -1.6194615297760395
48155 10520887 1.339473209871042 -0.08964526730529349 0.39624000000000004 -1.269535573024817 -1.6194615297760395
48155 11289096 0.010392139320237356 0.06571434602726751 0.3048 -1.269535573024817 -1.6194615297760395
48156 11289096 0.010288728646207154 0.06559880552707396 0.3048 -1.269535573024817 -1.6194615297760395
48156 10520887 1.3885197938092697 -0.09854007516185107 0.39624000000000004 -1.269535573024817 -1.6194615297760395
48157 10520887 1.4229248176791265 -0.10603990171923253 0.39624000000000004 -1.269535573024817 -1.6194615297760395
48157 11289096 0.010185317972176953 0.06548326502688043 0.3048 -1.269535573024817 -1.6194615297760395
48158 11289096 0.010081907298146751 0.06536772452668689 0.3048 -1.269535573024817 -1.6194615297760395
48158 10520887 1.4546262862834405 -0.11026152249232839 0.39624000000000004 -1.269535573024817 -1.6194615297760395
48159 11289096 0.00997849662411655 0.06525218402649334 0.3048 -1.269535573024817 -1.6194615297760395
48159 10520887 1.4863277548877545 -0.11448314326542425 0.39624000000000004 -1.269535573024817 -1.6194615297760395
48160 10520887 1.5243939357487943 -0.11757080014473456 0.39624000000000004 -1.269535573024817 -1.6194615297760395
48160 11289096 0.009875085950086349 0.0651366435262998 0.3048 -1.269535573024817 -1.6194615297760395
48161 11289096 0.009771675276056145 0.06502110302610625 0.3048 -1.269535573024817 -1.6194615297760395
48161 10520887 1.5600966579019935 -0.12245641193238127 0.39624000000000004 -1.269535573024817 -1.6194615297760395
48162 10520887 1.593932991354924 -0.12381168242820398 0.39624000000000004 -1.269535573024817 -1.6194615297760395
48162 11289096 0.009668264602025944 0.06490556252591272 0.3048 -1.269535573024817 -1.6194615297760395
48163 11289096 0.009564853927995743 0.06479002202571917 0.3048 -1.269535573024817 -1.6194615297760395
48163 10520887 1.6375485226239874 -0.12730938634394356 0.39624000000000004 -1.269535573024817 -1.6194615297760395
48164 10520887 1.6645323903084013 -0.13033975946202775 0.39624000000000004 -1.269535573024817 -1.6194615297760395
48164 11289096 0.009461443253965541 0.06467448152552563 0.3048 -1.269535573024817 -1.6194615297760395
48165 11289096 0.00935803257993534 0.06455894102533208 0.3048 -1.269535573024817 -1.6194615297760395
48165 10520887 1.6915162579928151 -0.13337013258011196 0.39624000000000004 -1.269535573024817 -1.6194615297760395
48166 11289096 0.009254621905905137 0.06444340052513854 0.3048 -1.269535573024817 -1.6194615297760395
48166 10520887 1.7323189508172063 -0.1416728813456128 0.39624000000000004 -1.269535573024817 -1.6194615297760395
48167 11289096 0.009151211231874935 0.064327860024945 0.3048 -1.269535573024817 -1.6194615297760395
48167 10520887 1.7685482676374953 -0.14766401571619783 0.42672000000000004 -1.269535573024817 -1.6194615297760395
48168 10520887 1.8108524780591608 -0.15680714460009806 0.42672000000000004 -1.269535573024817 -1.6194615297760395
48168 11289096 0.009047800557844734 0.06421231952475145 0.3048 -1.269535573024817 -1.6194615297760395
48169 10520887 1.8711364065154366 -0.1652797532586369 0.42672000000000004 -1.269535573024817 -1.6194615297760395
48169 11289096 0.008944389883814532 0.06409677902455792 0.3048 -1.269535573024817 -1.6194615297760395
48170 10520887 1.9119736405263306 -0.17347589917113496 0.42672000000000004 -1.269535573024817 -1.6194615297760395
48170 11289096 0.008840979209784331 0.06398123852436437 0.3048 -1.269535573024817 -1.6194615297760395
48171 11289096 0.00873756853575413 0.06386569802417083 0.3048 -1.269535573024817 -1.6194615297760395
48171 10520887 1.9320848854730361 -0.17443615525784031 0.42672000000000004 -1.269535573024817 -1.6194615297760395
48172 11289096 0.008634157861723928 0.06375015752397728 0.3048 -1.269535573024817 -1.6194615297760395
48172 10520887 1.9898235266087914 -0.18254383780005032 0.42672000000000004 -1.269535573024817 -1.6194615297760395
48173 10520887 2.0223615495052196 -0.1873282448765545 0.45720000000000005 -1.269535573024817 -1.6194615297760395
48173 11289096 0.008530747187693727 0.06363461702378374 0.3048 -1.269535573024817 -1.6194615297760395
48174 11289096 0.008427336513663525 0.0635190765235902 0.3048 -1.269535573024817 -1.6194615297760395
48174 10520887 2.0619374826778705 -0.19557891444856837 0.45720000000000005 -1.269535573024817 -1.6194615297760395
48175 10520887 2.0992133797162085 -0.19700364694252595 0.45720000000000005 -1.269535573024817 -1.6194615297760395
48175 11289096 0.008323925839633324 0.06340353602339666 0.3048 -1.269535573024817 -1.6194615297760395
48176 10520887 2.1397183592378077 -0.20485632796127343 0.45720000000000005 -1.269535573024817 -1.6194615297760395
48176 11289096 0.008220515165603123 0.06328799552320312 0.3048 -1.269535573024817 -1.6194615297760395
48177 10520887 2.1824514861984756 -0.2072448735448876 0.45720000000000005 -1.269535573024817 -1.6194615297760395
48177 11289096 0.00811710449157292 0.06317245502300957 0.3048 -1.269535573024817 -1.6194615297760395
48178 11289096 0.008013693817542718 0.06305691452281603 0.3048 -1.269535573024817 -1.6194615297760395
48178 10520887 2.2241601614110396 -0.21549010930151477 0.45720000000000005 -1.269535573024817 -1.6194615297760395
48179 10520887 2.270718102813743 -0.22520163356528364 0.45720000000000005 -1.269535573024817 -1.6194615297760395
48179 11289096 0.007910283143512517 0.06294137402262248 0.3048 -1.269535573024817 -1.6194615297760395
48180 11289096 0.007806872469482315 0.06282583352242894 0.3048 -1.269535573024817 -1.6194615297760395
48180 10520887 2.3145240029804572 -0.23518246730111028 0.45720000000000005 -1.269535573024817 -1.6194615297760395
48181 11289096 0.007703461795452114 0.0627102930222354 0.3048 -1.269535573024817 -1.6194615297760395
48181 10520887 2.336591792967757 -0.24238771232417705 0.45720000000000005 -1.269535573024817 -1.6194615297760395
48182 10520887 2.358659582955057 -0.24959295734724382 0.45720000000000005 -1.269535573024817 -1.6194615297760395
48182 11289096 0.007600051121421912 0.06259475252204186 0.3048 -1.269535573024817 -1.6194615297760395
48183 10520887 2.397453714403084 -0.26132463500491143 0.45720000000000005 -1.269535573024817 -1.6194615297760395
48183 11289096 0.00749664044739171 0.062479212021848314 0.3048 -1.269535573024817 -1.6194615297760395
48184 10520887 2.456560646460103 -0.2815570566943105 0.48768 -1.269535573024817 -1.6194615297760395
48184 11289096 0.007393229773361509 0.06236367152165477 0.3048 -1.269535573024817 -1.6194615297760395
48185 11289096 0.0072898190993313065 0.06224813102146123 0.3048 -1.269535573024817 -1.6194615297760395
48185 10520887 2.4896836427289966 -0.28617980692873113 0.48768 -1.269535573024817 -1.6194615297760395
48186 10520887 2.526356044894631 -0.2989702800184173 0.48768 -1.269535573024817 -1.6194615297760395
48186 11289096 0.007186408425301105 0.06213259052126768 0.3048 -1.269535573024817 -1.6194615297760395
48187 10520887 2.566036698600402 -0.30526630210696826 0.48768 -1.269535573024817 -1.6194615297760395
48187 11289096 0.007082997751270904 0.06201705002107415 0.3048 -1.269535573024817 -1.6194615297760395
48188 11289096 0.006979587077240702 0.061901509520880596 0.3048 -1.269535573024817 -1.6194615297760395
48188 10520887 2.608134583904816 -0.3150380426791488 0.48768 -1.269535573024817 -1.6194615297760395
48189 10520887 2.6445708973360236 -0.3203912767777397 0.48768 -1.269535573024817 -1.6194615297760395
48189 11289096 0.006876176403210501 0.06178596902068706 0.3048 -1.269535573024817 -1.6194615297760395
48190 10520887 2.705894765578466 -0.33492022727925364 0.5181600000000001 -1.269535573024817 -1.6194615297760395
48190 11289096 0.006772765729180299 0.061670428520493516 0.3048 -1.269535573024817 -1.6194615297760395
48191 10520887 2.726117161153543 -0.3415217618841788 0.5181600000000001 -1.269535573024817 -1.6194615297760395
48191 11289096 0.006669355055150097 0.06155488802029997 0.3048 -1.269535573024817 -1.6194615297760395
48192 10520887 2.7544234143906436 -0.34784165774549863 0.5181600000000001 -1.269535573024817 -1.6194615297760395
48192 11289096 0.006565944381119896 0.06143934752010643 0.3048 -1.269535573024817 -1.6194615297760395
48193 10520887 2.782729667627745 -0.35416155360681845 0.5181600000000001 -1.269535573024817 -1.6194615297760395
48193 11289096 0.0064625337070896936 0.061323807019912885 0.3048 -1.269535573024817 -1.6194615297760395
48194 10520887 2.826275067504747 -0.3594981629032682 0.5181600000000001 -1.269535573024817 -1.6194615297760395
48194 11289096 0.006359123033059492 0.06120826651971934 0.3048 -1.269535573024817 -1.6194615297760395
48195 11289096 0.006255712359029291 0.0610927260195258 0.3048 -1.269535573024817 -1.6194615297760395
48195 10520887 2.87613311454491 -0.3737872579613717 0.5181600000000001 -1.269535573024817 -1.6194615297760395
48196 11289096 0.006152301684999089 0.06097718551933226 0.3048 -1.269535573024817 -1.6194615297760395
48196 10520887 2.920982341447301 -0.3849224102598574 0.5181600000000001 -1.269535573024817 -1.6194615297760395
48197 11289096 0.006048891010968888 0.06086164501913872 0.3048 -1.269535573024817 -1.6194615297760395
48197 10520887 2.9627123393234243 -0.39690816858328903 0.5181600000000001 -1.269535573024817 -1.6194615297760395
48198 10520887 2.9815956649139306 -0.39945054268015945 0.5181600000000001 -1.269535573024817 -1.6194615297760395
48198 11289096 0.005945480336938686 0.060746104518945174 0.3048 -1.269535573024817 -1.6194615297760395
48199 10520887 3.039409885985047 -0.41656896745403704 0.54864 -1.269535573024817 -1.6194615297760395
48199 11289096 0.005842069662908484 0.06063056401875163 0.3048 -1.269535573024817 -1.6194615297760395
48200 10520887 3.081370356935879 -0.42676015407996837 0.54864 -1.269535573024817 -1.6194615297760395
48201 10520887 3.1213813335219838 -0.4374829416379443 0.54864 -1.269535573024817 -1.6194615297760395
48202 10520887 3.1607966026445338 -0.44731017205308443 0.54864 -1.269535573024817 -1.6194615297760395
48203 10520887 3.19688856260591 -0.45371624217098727 0.54864 -1.269535573024817 -1.6194615297760395
48204 10520887 3.2410255127032324 -0.4681212000540348 0.54864 -1.269535573024817 -1.6194615297760395
48205 10520887 3.272723946785497 -0.47846633679814876 0.54864 -1.269535573024817 -1.6194615297760395
48206 10520887 3.304422380867762 -0.48881147354226273 0.54864 -1.269535573024817 -1.6194615297760395
48207 10520887 3.3585104891030877 -0.5064632302274744 0.5181600000000001 -1.269535573024817 -1.6194615297760395
48208 10520887 3.4023267711705323 -0.5207624198340187 0.5181600000000001 -1.269535573024817 -1.6194615297760395
48209 10520887 3.4439289607381642 -0.5374927289542677 0.5181600000000001 -1.269535573024817 -1.6194615297760395
48210 10520887 3.4890168759863096 -0.5544257373522797 0.5181600000000001 -1.269535573024817 -1.6194615297760395
48211 10520887 3.537969471845437 -0.5704000971003405 0.5181600000000001 -1.269535573024817 -1.6194615297760395
48212 10520887 3.5580320432217007 -0.5769468675080115 0.5181600000000001 -1.269535573024817 -1.6194615297760395
48213 10520887 3.6003541571070024 -0.5996348451209154 0.5181600000000001 -1.269535573024817 -1.6194615297760395
48214 10520887 3.6408807388003046 -0.6128589033215409 0.5181600000000001 -1.269535573024817 -1.6194615297760395
48215 10520887 3.6853593601729955 -0.6343809466745408 0.5181600000000001 -1.269535573024817 -1.6194615297760395
48216 10520887 3.722662111578841 -0.6520426946161981 0.5181600000000001 -1.269535573024817 -1.6194615297760395
48217 10520887 3.7751669504196617 -0.674547558482052 0.54864 -1.269535573024817 -1.6194615297760395
48218 10520887 3.8147408483193033 -0.6909639659141352 0.54864 -1.269535573024817 -1.6194615297760395
48219 10520887 3.8749150754517157 -0.7177224402906613 0.54864 -1.269535573024817 -1.6194615297760395
48220 10520887 3.9150141291636924 -0.7401500532119248 0.54864 -1.269535573024817 -1.6194615297760395
48221 10520887 3.936893198915012 -0.7499748305928127 0.54864 -1.269535573024817 -1.6194615297760395
48222 10520887 3.9587722686663316 -0.7597996079737005 0.54864 -1.269535573024817 -1.6194615297760395
48223 10520887 4.010473202778235 -0.7877638084059776 0.57912 -1.269535573024817 -1.6194615297760395
48224 10520887 4.051514153353214 -0.8075774934385144 0.57912 -1.269535573024817 -1.6194615297760395
48225 10520887 4.092372669946993 -0.8252288025181539 0.57912 -1.269535573024817 -1.6194615297760395
48226 10520887 4.131476465972301 -0.8441763524028875 0.57912 -1.269535573024817 -1.6194615297760395
48227 10520887 4.174031627767819 -0.863431864688814 0.57912 -1.269535573024817 -1.6194615297760395
48228 10520887 4.212643129350196 -0.8811669970946796 0.6096 -1.269535573024817 -1.6194615297760395
48229 10520887 4.247954826137461 -0.8926858908817945 0.6096 -1.269535573024817 -1.6194615297760395
48230 10520887 4.30979837007252 -0.9072523665703168 0.6096 -1.269535573024817 -1.6194615297760395
48231 10520887 4.3440935423564 -0.9082768443795318 0.6096 -1.269535573024817 -1.6194615297760395
48232 10520887 4.381243981739064 -0.9087140067178042 0.6096 -1.269535573024817 -1.6194615297760395
48233 10520887 4.401327664214996 -0.9070299669349317 0.6248400000000001 -1.269535573024817 -1.6194615297760395
48234 10520887 4.421411346690929 -0.9053459271520591 0.6400800000000001 -1.269535573024817 -1.6194615297760395
48235 10520887 4.472221140299162 -0.8965715386725829 0.6400800000000001 -1.269535573024817 -1.6194615297760395
48236 10520887 4.49275907639749 -0.890771996018375 0.6400800000000001 -1.269535573024817 -1.6194615297760395
48237 10520887 4.538628983752265 -0.8753632795054608 0.6400800000000001 -1.269535573024817 -1.6194615297760395
48238 10520887 4.563664931093255 -0.8595835633555432 0.6400800000000001 -1.269535573024817 -1.6194615297760395
48239 10520887 4.592071424690989 -0.8449031227997852 0.6400800000000001 -1.269535573024817 -1.6194615297760395
48240 10520887 4.639252052595632 -0.8173063115769338 0.6400800000000001 -1.269535573024817 -1.6194615297760395
48241 10520887 4.667305287127337 -0.7952684465675454 0.6400800000000001 -1.269535573024817 -1.6194615297760395
48242 10520887 4.695861575073947 -0.7771324063237902 0.67056 -1.269535573024817 -1.6194615297760395
48243 10520887 4.713410092802999 -0.7600784474129868 0.67056 -1.269535573024817 -1.6194615297760395
48244 10520887 4.730958610532049 -0.7430244885021834 0.67056 -1.269535573024817 -1.6194615297760395
48245 10520887 4.764808034970424 -0.7018516400023831 0.67056 -1.269535573024817 -1.6194615297760395
48246 10520887 4.776042072312993 -0.6919075332058794 0.67056 -1.269535573024817 -1.6194615297760395
48247 10520887 4.787276109655562 -0.6819634264093757 0.67056 -1.269535573024817 -1.6194615297760395
48248 10520887 4.808429177712335 -0.6511337392545402 0.67056 -1.269535573024817 -1.6194615297760395
48249 10520887 4.841922352977676 -0.6107790183921017 0.67056 -1.269535573024817 -1.6194615297760395
48250 10520887 4.849793443209373 -0.5937225810342187 0.7010400000000001 -1.269535573024817 -1.6194615297760395
48251 10520887 4.87950238016754 -0.5543529625433374 0.7010400000000001 -1.269535573024817 -1.6194615297760395
48252 10520887 4.907648431351593 -0.5252197660404295 0.7010400000000001 -1.269535573024817 -1.6194615297760395
48253 10520887 4.921945347848146 -0.49227080812997615 0.7010400000000001 -1.269535573024817 -1.6194615297760395
48254 10520887 4.942981246514411 -0.46724309367207706 0.7010400000000001 -1.269535573024817 -1.6194615297760395
48254 11289096 0.00015448259124739572 0.05427583650810677 0.3048 -1.269535573024817 -1.6194615297760395
48255 11289096 0.0010220448934132875 0.05013685498642975 0.3048 -1.269535573024817 -1.6194615297760395
48255 10520887 4.962446512004054 -0.4415863313438422 0.7010400000000001 -1.269535573024817 -1.6194615297760395
48256 10520887 4.978545619336525 -0.4017495078528065 0.7010400000000001 -1.269535573024817 -1.6194615297760395
48256 11289096 0.00664864718947218 0.048637058483660595 0.3048 -1.269535573024817 -1.6194615297760395
48257 10520887 5.0021291572642035 -0.36890894325812296 0.7010400000000001 -1.269535573024817 -1.6194615297760395
48257 11289096 0.012275249485531072 0.04713726198089144 0.3048 -1.269535573024817 -1.6194615297760395
48258 10520887 5.017961905169914 -0.33669443192409854 0.73152 -1.269535573024817 -1.6194615297760395
48258 11289096 0.017901851781589963 0.04563746547812228 0.3048 -1.269535573024817 -1.6194615297760395
48259 11289096 0.023528454077648857 0.04413766897535312 0.3048 -1.269535573024817 -1.6194615297760395
48259 10520887 5.029261666028332 -0.3170183245001745 0.73152 -1.269535573024817 -1.6194615297760395
48260 10520887 5.04056142688675 -0.2973422170762504 0.73152 -1.269535573024817 -1.6194615297760395
48260 11289096 0.02915505637370775 0.04263787247258397 0.3048 -1.269535573024817 -1.6194615297760395
48261 11289096 0.03478165866976664 0.041138075969814815 0.3048 -1.269535573024817 -1.6194615297760395
48261 10520887 5.057368682431232 -0.2648614655872904 0.73152 -1.269535573024817 -1.6194615297760395
48262 11289096 0.04040826096582553 0.03963827946704566 0.3048 -1.269535573024817 -1.6194615297760395
48262 10520887 5.0687597260189 -0.2462663682304891 0.73152 -1.269535573024817 -1.6194615297760395
48263 11289096 0.046034863261884426 0.0381384829642765 0.3048 -1.269535573024817 -1.6194615297760395
48263 10520887 5.084729998519319 -0.2136294564005338 0.73152 -1.269535573024817 -1.6194615297760395
48264 10520887 5.104463699083392 -0.17217455361938186 0.73152 -1.269535573024817 -1.6194615297760395
48264 11289096 0.05166146555794332 0.03663868646150734 0.3048 -1.269535573024817 -1.6194615297760395
48265 11289096 0.057288067854002214 0.035138889958738186 0.3048 -1.269535573024817 -1.6194615297760395
48265 10520887 5.118460786190957 -0.14286554035606538 0.73152 -1.269535573024817 -1.6194615297760395
48266 10520887 5.129695632607336 -0.11113724259920002 0.762 -1.269535573024817 -1.6194615297760395
48266 11289096 0.06291467015006111 0.033639093455969035 0.3048 -1.269535573024817 -1.6194615297760395
48267 11289096 0.06854127244611999 0.03213929695319988 0.3048 -1.269535573024817 -1.6194615297760395
48267 10520887 5.145655190894766 -0.07581028447798635 0.762 -1.269535573024817 -1.6194615297760395
48268 11289096 0.07416787474217888 0.030639500450430717 0.3048 -1.269535573024817 -1.6194615297760395
48268 10520887 5.161394792474382 -0.04660229372862426 0.762 -1.269535573024817 -1.6194615297760395
48269 10520887 5.171686620249069 -0.023210080193578314 0.762 -1.269535573024817 -1.6194615297760395
48269 11289096 0.07979447703823778 0.029139703947661563 0.3048 -1.269535573024817 -1.6194615297760395
48270 11289096 0.08542107933429667 0.027639907444892406 0.3048 -1.269535573024817 -1.6194615297760395
48270 10520887 5.181978448023757 0.00018213334146763294 0.762 -1.269535573024817 -1.6194615297760395
48271 11289096 0.09104768163035556 0.02614011094212325 0.3048 -1.269535573024817 -1.6194615297760395
48271 10520887 5.1914467335965115 0.02921597872641732 0.762 -1.269535573024817 -1.6194615297760395
48272 10520887 5.207387884372575 0.07809841977065277 0.762 -1.269535573024817 -1.6194615297760395
48272 11289096 0.09667428392641446 0.02464031443935409 0.3048 -1.269535573024817 -1.6194615297760395
48273 10520887 5.213516448034963 0.09689123834182375 0.762 -1.269535573024817 -1.6194615297760395
48273 11289096 0.10230088622247335 0.023140517936584934 0.3048 -1.269535573024817 -1.6194615297760395
48274 10520887 5.224947252607658 0.1319430138787093 0.762 -1.269535573024817 -1.6194615297760395
48274 11289096 0.10792748851853225 0.02164072143381578 0.3048 -1.269535573024817 -1.6194615297760395
48275 11289096 0.11355409081459114 0.020140924931046623 0.3048 -1.269535573024817 -1.6194615297760395
48275 10520887 5.236314916650986 0.18313457513632922 0.762 -1.269535573024817 -1.6194615297760395
48276 10520887 5.248090048696597 0.21924212412176045 0.762 -1.269535573024817 -1.6194615297760395
48276 11289096 0.11918069311065002 0.01864112842827747 0.3048 -1.269535573024817 -1.6194615297760395
48277 11289096 0.12480729540670892 0.01714133192550831 0.3048 -1.269535573024817 -1.6194615297760395
48277 10520887 5.25387432431019 0.2369791665264481 0.762 -1.269535573024817 -1.6194615297760395
48278 10520887 5.2609966620545485 0.2778746190137006 0.762 -1.269535573024817 -1.6194615297760395
48278 11289096 0.1304338977027678 0.015641535422739154 0.3048 -1.269535573024817 -1.6194615297760395
48279 10520887 5.276363079531974 0.32227227773599665 0.7924800000000001 -1.269535573024817 -1.6194615297760395
48279 11289096 0.1360604999988267 0.014141738919969997 0.3048 -1.269535573024817 -1.6194615297760395
48280 11289096 0.1416871022948856 0.01264194241720084 0.3048 -1.269535573024817 -1.6194615297760395
48280 10520887 5.29054835894058 0.36577026127634527 0.7924800000000001 -1.269535573024817 -1.6194615297760395
48281 11289096 0.14731370459094448 0.011142145914431682 0.3048 -1.269535573024817 -1.6194615297760395
48281 10520887 5.29259465713867 0.381572557717616 0.7924800000000001 -1.269535573024817 -1.6194615297760395
48282 11289096 0.15294030688700339 0.009642349411662525 0.3048 -1.269535573024817 -1.6194615297760395
48282 10520887 5.294640955336759 0.39737485415888674 0.7924800000000001 -1.269535573024817 -1.6194615297760395
48283 11289096 0.15856690918306227 0.008142552908893375 0.3048 -1.269535573024817 -1.6194615297760395
48283 10520887 5.302669160700278 0.4383253274044613 0.7924800000000001 -1.269535573024817 -1.6194615297760395
48284 11289096 0.16419351147912117 0.006642756406124217 0.3048 -1.269535573024817 -1.6194615297760395
48284 10520887 5.312309687119305 0.4678870547059527 0.7924800000000001 -1.269535573024817 -1.6194615297760395
48285 11289096 0.16982011377518005 0.00514295990335506 0.3048 -1.269535573024817 -1.6194615297760395
48285 10520887 5.323333125207016 0.5172052178520711 0.7924800000000001 -1.269535573024817 -1.6194615297760395
48286 11289096 0.17544671607123896 0.0036431634005859026 0.3048 -1.269535573024817 -1.6194615297760395
48286 10520887 5.332253807677891 0.5531340153944911 0.7924800000000001 -1.269535573024817 -1.6194615297760395
48287 10520887 5.3411744901487666 0.5890628129369112 0.7924800000000001 -1.269535573024817 -1.6194615297760395
48287 11289096 0.20552499800924456 0.004502926912365396 0.3048 -1.269535573024817 -1.6194615297760395
48288 10520887 5.349489426466417 0.629802996508923 0.7924800000000001 -1.269535573024817 -1.6194615297760395
48288 11289096 0.23560327994725017 0.005362690424144889 0.3048 -1.269535573024817 -1.6194615297760395
48289 11289096 0.2652631642982523 0.005205227987837112 0.3048 -1.269535573024817 -1.6194615297760395
48289 10520887 5.354776349723888 0.6661575986595453 0.7924800000000001 -1.269535573024817 -1.6194615297760395
48290 10520887 5.362839313750041 0.7072135799520544 0.7924800000000001 -1.269535573024817 -1.6194615297760395
48290 11289096 0.29492304864925445 0.005047765551529336 0.3048 -1.269535573024817 -1.6194615297760395
48291 11289096 0.32458293300025665 0.004890303115221559 0.3048 -1.269535573024817 -1.6194615297760395
48291 10520887 5.3687796116846105 0.743121505998474 0.7924800000000001 -1.269535573024817 -1.6194615297760395
48292 10520887 5.380387514273152 0.7909642401558413 0.7924800000000001 -1.269535573024817 -1.6194615297760395
48292 11289096 0.3542428173512588 0.004732840678913783 0.3048 -1.269535573024817 -1.6194615297760395
48293 11289096 0.38390270170226093 0.004575378242606006 0.3048 -1.269535573024817 -1.6194615297760395
48293 10520887 5.391051313330088 0.8280182872929279 0.7924800000000001 -1.269535573024817 -1.6194615297760395
48294 10520887 5.395139436907876 0.8465421121391117 0.80772 -1.269535573024817 -1.6194615297760395
48294 11289096 0.4135625860532631 0.00441791580629823 0.3048 -1.269535573024817 -1.6194615297760395
48295 10520887 5.399227560485663 0.8650659369852954 0.82296 -1.269535573024817 -1.6194615297760395
48295 11289096 0.44322247040426527 0.004260453369990453 0.3048 -1.269535573024817 -1.6194615297760395
48296 10520887 5.408599150357732 0.9101338103530016 0.82296 -1.269535573024817 -1.6194615297760395
48296 11289096 0.4728823547552674 0.004102990933682677 0.3048 -1.269535573024817 -1.6194615297760395
48297 11289096 0.5025422391062695 0.0039455284973749 0.3048 -1.269535573024817 -1.6194615297760395
48297 10520887 5.414117704335018 0.9515523916393952 0.82296 -1.269535573024817 -1.6194615297760395
48298 10520887 5.428605423883128 1.0052307425891327 0.82296 -1.269535573024817 -1.6194615297760395
48298 11289096 0.5322021234572717 0.003788066061067124 0.3048 -1.269535573024817 -1.6194615297760395
48299 10520887 5.436504464208396 1.0365285022547952 0.82296 -1.269535573024817 -1.6194615297760395
48299 11289096 0.5618620078082739 0.003630603624759347 0.3048 -1.269535573024817 -1.6194615297760395
48300 11289096 0.591521892159276 0.0034731411884515707 0.3048 -1.269535573024817 -1.6194615297760395
48300 10520887 5.445993219480679 1.0585473475745162 0.82296 -1.269535573024817 -1.6194615297760395
48301 10520887 5.450799966897091 1.0966938979994452 0.82296 -0.5070087616291326 -3.565209570562619
48301 11289096 0.6211817765102782 0.003315678752143794 0.3048 -0.5070087616291326 -3.565209570562619
48302 11289096 0.6603773826601382 0.003062881645135496 0.3075709090909091 -0.5070087616291326 -3.565209570562619
48302 10520887 5.464186668813507 1.148628821674506 0.82296 -0.5070087616291326 -3.565209570562619
48303 11289096 0.6995729888099984 0.0028100845381271986 0.3103418181818182 -0.5070087616291326 -3.565209570562619
48303 10520887 5.467140687652407 1.1685737830494625 0.82296 -0.5070087616291326 -3.565209570562619
48304 10520887 5.470094706491307 1.1885187444244192 0.82296 -0.5070087616291326 -3.565209570562619
48304 11289096 0.7387685949598585 0.002557287431118901 0.31311272727272726 -0.5070087616291326 -3.565209570562619
48305 10520887 5.483691437224702 1.2492624744633596 0.82296 -0.5070087616291326 -3.565209570562619
48305 11289096 0.7779642011097185 0.002304490324110603 0.31588363636363637 -0.5070087616291326 -3.565209570562619
48306 10520887 5.495532576917001 1.2774057263434695 0.82296 -0.5070087616291326 -3.565209570562619
48306 11289096 0.8171598072595787 0.002051693217102305 0.31865454545454547 -0.5070087616291326 -3.565209570562619
48307 11289096 0.8563554134094388 0.0017988961100940076 0.32142545454545457 -0.5070087616291326 -3.565209570562619
48307 10520887 5.50614757024276 1.3344496362474985 0.8534400000000001 -0.5070087616291326 -3.565209570562619
48308 10520887 5.515860684925585 1.3723978053240073 0.8534400000000001 -0.5070087616291326 -3.565209570562619
48308 11289096 0.8955510195592988 0.0015460990030857099 0.32419636363636367 -0.5070087616291326 -3.565209570562619
48309 10520887 5.525436098852261 1.4099236598526022 0.8534400000000001 -0.5070087616291326 -3.565209570562619
48309 11289096 0.934746625709159 0.001293301896077412 0.3269672727272728 -0.5070087616291326 -3.565209570562619
48310 10520887 5.534729276662903 1.43025419599935 0.8534400000000001 -0.5070087616291326 -3.565209570562619
48310 11289096 0.9739422318590192 0.0010405047890691141 0.3297381818181818 -0.5070087616291326 -3.565209570562619
48311 11289096 1.0131378380088791 0.0007877076820608166 0.3325090909090909 -0.5070087616291326 -3.565209570562619
48311 10520887 5.5473036957359145 1.4851406206503543 0.8534400000000001 -0.5070087616291326 -3.565209570562619
48312 10520887 5.557464516742506 1.5244612778244375 0.8534400000000001 -0.5070087616291326 -3.565209570562619
48312 11289096 1.0523334441587393 0.000534910575052519 0.33528 -0.5070087616291326 -3.565209570562619
48313 10520887 5.567105435241944 1.554022934082233 0.8534400000000001 -0.5070087616291326 -3.565209570562619
48313 11289096 1.0910742652159031 0.00386053998717735 0.33528 -0.5070087616291326 -3.565209570562619
48314 11289096 1.129815086273067 0.007186169399302181 0.33528 -0.5070087616291326 -3.565209570562619
48314 10520887 5.57454098467481 1.5727399758796947 0.8534400000000001 -0.5070087616291326 -3.565209570562619
48315 10520887 5.5819765341076755 1.5914570176771563 0.8534400000000001 -0.5070087616291326 -3.565209570562619
48315 11289096 1.168555907330231 0.010511798811427012 0.33528 -0.5070087616291326 -3.565209570562619
48316 10520887 5.594647443589084 1.6303094892219931 0.8534400000000001 -0.5070087616291326 -3.565209570562619
48316 11289096 1.2072967283873948 0.013837428223551843 0.33528 -0.5070087616291326 -3.565209570562619
48317 10520887 5.607149683239481 1.676809400510837 0.8534400000000001 -0.5070087616291326 -3.565209570562619
48317 11289096 1.2460375494445586 0.017163057635676673 0.33528 -0.5070087616291326 -3.565209570562619
48318 10520887 5.606023887648018 1.6780053102111887 0.8534280329799765 -0.5070087616291326 -3.565209570562619
48318 11289096 1.2877175553656983 0.016982437597575346 0.35052 -0.5070087616291326 -3.565209570562619
48319 10520887 5.604898092056555 1.6792012199115405 0.853416065959953 -0.5070087616291326 -3.565209570562619
48319 11289096 1.329397561286838 0.01680181755947402 0.36576 -0.5070087616291326 -3.565209570562619
48320 11289096 1.3727419513640133 0.01899845921665745 0.36576 -0.5070087616291326 -3.565209570562619
48320 10520887 5.603772296465091 1.6803971296118925 0.8534040989399294 -0.5070087616291326 -3.565209570562619
48321 11289096 1.4129297233039038 0.01696936028102615 0.36576 -0.5070087616291326 -3.565209570562619
48321 10520887 5.602646500873628 1.6815930393122442 0.8533921319199058 -0.5070087616291326 -3.565209570562619
48322 11289096 1.4528416079370836 0.01409600220743594 0.36576 -0.5070087616291326 -3.565209570562619
48322 10520887 5.601520705282165 1.682788949012596 0.8533801648998823 -0.5070087616291326 -3.565209570562619
48323 10520887 5.600394909690702 1.6839848587129478 0.8533681978798587 -0.5070087616291326 -3.565209570562619
48323 11289096 1.4885312462842317 0.007812233823192891 0.36576 -0.5070087616291326 -3.565209570562619
48324 11289096 1.5373087511973302 0.007884671478791017 0.36576 -0.5070087616291326 -3.565209570562619
48324 10520887 5.599269114099239 1.6851807684132996 0.8533562308598351 -0.5070087616291326 -3.565209570562619
48325 10520887 5.598143318507775 1.6863766781136513 0.8533442638398117 -0.5070087616291326 -3.565209570562619
48325 11289096 1.5709282923729222 0.00858591898197332 0.36576 -0.5070087616291326 -3.565209570562619
48326 10520887 5.597017522916312 1.6875725878140033 0.8533322968197881 -0.5070087616291326 -3.565209570562619
48326 11289096 1.617190570284029 0.003405598401996973 0.36576 -0.5070087616291326 -3.565209570562619
48327 10520887 5.595891727324849 1.688768497514355 0.8533203297997645 -0.5070087616291326 -3.565209570562619
48327 11289096 1.657550492325422 0.0019056963613223454 0.36576 -0.5070087616291326 -3.565209570562619
48328 10520887 5.594765931733386 1.6899644072147069 0.853308362779741 -0.5070087616291326 -3.565209570562619
48328 11289096 1.7010166850781172 -0.0009589880034424347 0.36576 -0.5070087616291326 -3.565209570562619
48329 11289096 1.7457804475343714 -0.0012098255092399812 0.36576 -0.5070087616291326 -3.565209570562619
48329 10520887 5.593640136141923 1.6911603169150586 0.8532963957597174 -0.5070087616291326 -3.565209570562619
48330 10520887 5.592514340550459 1.6923562266154104 0.8532844287396938 -0.5070087616291326 -3.565209570562619
48330 11289096 1.7788618222701302 0.0008363135821010115 0.39624000000000004 -0.5070087616291326 -3.565209570562619
48331 10520887 5.591388544958996 1.6935521363157622 0.8532724617196703 -0.5070087616291326 -3.565209570562619
48331 11289096 1.836693289845468 -0.004265945805942445 0.39624000000000004 -0.5070087616291326 -3.565209570562619
48332 10520887 5.590262749367533 1.6947480460161142 0.8532604946996467 -0.5070087616291326 -3.565209570562619
48332 11289096 1.874369838321548 -0.005822915775427262 0.39624000000000004 -0.5070087616291326 -3.565209570562619
48333 10520887 5.5891369537760704 1.695943955716466 0.8532485276796232 -0.5070087616291326 -3.565209570562619
48333 11289096 1.9156133162298201 -0.0059744993611935415 0.39624000000000004 -0.5070087616291326 -3.565209570562619
48334 11289096 1.9487102072085785 -0.0059186054774405805 0.39624000000000004 -0.5070087616291326 -3.565209570562619
48334 10520887 5.5880111581846075 1.6971398654168177 0.8532365606595996 -0.5070087616291326 -3.565209570562619
48335 10520887 5.586885362593144 1.6983357751171695 0.853224593639576 -0.5070087616291326 -3.565209570562619
48335 11289096 1.9818070981873366 -0.0058627115936876195 0.39624000000000004 -0.5070087616291326 -3.565209570562619
48336 10520887 5.585759567001681 1.6995316848175213 0.8532126266195525 -0.5070087616291326 -3.565209570562619
48336 11289096 2.0028784987340824 -0.010407467701858047 0.39624000000000004 -0.5070087616291326 -3.565209570562619
48337 11289096 2.0631108767844024 -0.008698665978886327 0.39624000000000004 -0.5070087616291326 -3.565209570562619
48337 10520887 5.584633771410218 1.700727594517873 0.853200659599529 -0.5070087616291326 -3.565209570562619
48338 10520887 5.583507975818755 1.701923504218225 0.8531886925795054 -0.5070087616291326 -3.565209570562619
48338 11289096 2.108561799679598 -0.009288613640876048 0.39624000000000004 -0.5070087616291326 -3.565209570562619
48339 11289096 2.149093473273243 -0.010257897108188224 0.39624000000000004 -0.5070087616291326 -3.565209570562619
48339 10520887 5.582382180227292 1.7031194139185768 0.8531767255594819 -0.5070087616291326 -3.565209570562619
48340 10520887 5.581256384635829 1.7043153236189286 0.8531647585394583 -0.5070087616291326 -3.565209570562619
48340 11289096 2.1916215752227304 -0.009192009715780963 0.39624000000000004 -0.5070087616291326 -3.565209570562619
48341 11289096 2.2324316840808773 -0.005228517317498321 0.39624000000000004 -0.5070087616291326 -3.565209570562619
48341 10520887 5.580130589044365 1.7055112333192803 0.8531527915194347 -0.5070087616291326 -3.565209570562619
48342 11289096 2.2694307687587685 -0.00749689272885809 0.39624000000000004 -0.5070087616291326 -3.565209570562619
48342 10520887 5.579004793452902 1.7067071430196321 0.8531408244994112 -0.5070087616291326 -3.565209570562619
48343 11289096 2.3099649623225815 -0.0043774724818181066 0.42672000000000004 -0.5070087616291326 -3.565209570562619
48343 10520887 5.577878997861439 1.7079030527199839 0.8531288574793876 -0.5070087616291326 -3.565209570562619
48344 10520887 5.576753202269976 1.7090989624203359 0.853116890459364 -0.5070087616291326 -3.565209570562619
48344 11289096 2.3577058693282726 -0.009101451028358604 0.42672000000000004 -0.5070087616291326 -3.565209570562619
48345 11289096 2.3998792468551646 -0.006399965751560627 0.42672000000000004 -0.5070087616291326 -3.565209570562619
48345 10520887 5.575627406678513 1.7102948721206876 0.8531049234393405 -0.5070087616291326 -3.565209570562619
48346 11289096 2.4487009188198883 -0.006453027939866268 0.42672000000000004 -0.5070087616291326 -3.565209570562619
48346 10520887 5.574501611087049 1.7114907818210394 0.8530929564193169 -0.5070087616291326 -3.565209570562619
48347 10520887 5.573375815495586 1.7126866915213912 0.8530809893992933 -0.5070087616291326 -3.565209570562619
48347 11289096 2.481178078845074 -0.006250939654442761 0.42672000000000004 -0.5070087616291326 -3.565209570562619
48348 11289096 2.5136552388702595 -0.006048851369019254 0.42672000000000004 -0.5070087616291326 -3.565209570562619
48348 10520887 5.572250019904123 1.713882601221743 0.8530690223792698 -0.5070087616291326 -3.565209570562619
48349 11289096 2.5354050324082964 -0.007425817785340155 0.42672000000000004 -0.5070087616291326 -3.565209570562619
48349 10520887 5.57112422431266 1.7150785109220947 0.8530570553592463 -0.5070087616291326 -3.565209570562619
48350 11289096 2.595372187984843 -0.005976803160024663 0.42672000000000004 -0.5070087616291326 -3.565209570562619
48350 10520887 5.569998428721197 1.7162744206224467 0.8530450883392227 -0.5070087616291326 -3.565209570562619
48351 11289096 2.6141534282711656 -0.005566647427171806 0.42672000000000004 -0.5070087616291326 -3.565209570562619
48351 10520887 5.568872633129733 1.7174703303227985 0.8530331213191992 -0.5070087616291326 -3.565209570562619
48352 11289096 2.665071837932361 -0.0073542477023244845 0.42672000000000004 -0.5070087616291326 -3.565209570562619
48352 10520887 5.56774683753827 1.7186662400231503 0.8530211542991756 -0.5070087616291326 -3.565209570562619
48353 10520887 5.566621041946807 1.719862149723502 0.853009187279152 -0.5070087616291326 -3.565209570562619
48353 11289096 2.709112861390853 -0.005728121918866486 0.45720000000000005 -0.5070087616291326 -3.565209570562619
48354 10520887 5.565495246355344 1.7210580594238538 0.8529972202591285 -0.5070087616291326 -3.565209570562619
48354 11289096 2.7689515253711425 -0.007389904696992605 0.45720000000000005 -0.5070087616291326 -3.565209570562619
48355 11289096 2.8117074476004964 -0.006979118465969242 0.45720000000000005 -0.5070087616291326 -3.565209570562619
48355 10520887 5.5643694507638815 1.7222539691242056 0.8529852532391049 -0.5070087616291326 -3.565209570562619
48356 10520887 5.563243655172418 1.7234498788245576 0.8529732862190813 -0.5070087616291326 -3.565209570562619
48356 11289096 2.8489928953564343 -0.00863726120514266 0.45720000000000005 -0.5070087616291326 -3.565209570562619
48357 11289096 2.891253425176574 -0.011919272608058334 0.45720000000000005 -0.5070087616291326 -3.565209570562619
48357 10520887 5.562117859580955 1.7246457885249094 0.8529613191990578 -0.5070087616291326 -3.565209570562619
48358 11289096 2.933446966919478 -0.012141945702429796 0.45720000000000005 -0.5070087616291326 -3.565209570562619
48358 10520887 5.560992063989492 1.7258416982252611 0.8529493521790342 -0.5070087616291326 -3.565209570562619
48359 11289096 2.975946680747845 -0.017954699060497098 0.45720000000000005 -0.5070087616291326 -3.565209570562619
48359 10520887 5.559866268398029 1.727037607925613 0.8529373851590107 -0.5070087616291326 -3.565209570562619
48360 10520887 5.558740472806566 1.7282335176259647 0.8529254181389871 -0.5070087616291326 -3.565209570562619
48360 11289096 3.037000827244589 -0.018609340850407913 0.45720000000000005 -0.5070087616291326 -3.565209570562619
48361 11289096 3.069148989513666 -0.02104255845605929 0.45720000000000005 -0.5070087616291326 -3.565209570562619
48361 10520887 5.557614677215102 1.7294294273263164 0.8529134511189636 -0.5070087616291326 -3.565209570562619
48362 11289096 3.1012971517827426 -0.023475776061710668 0.45720000000000005 -0.5070087616291326 -3.565209570562619
48362 10520887 5.556488881623639 1.7306253370266684 0.8529014840989401 -0.5070087616291326 -3.565209570562619
48363 10520887 5.555363086032176 1.7318212467270202 0.8528895170789165 -0.5070087616291326 -3.565209570562619
48363 11289096 3.1323740169895693 -0.02456613321423684 0.45720000000000005 -0.5070087616291326 -3.565209570562619
48364 11289096 3.163450882196396 -0.025656490366763013 0.45720000000000005 -0.5070087616291326 -3.565209570562619
48364 10520887 5.554237290440713 1.733017156427372 0.8528775500588929 -0.5070087616291326 -3.565209570562619
48365 11289096 3.2107207066791137 -0.03045489403425608 0.45720000000000005 -0.5070087616291326 -3.565209570562619
48365 10520887 5.55311149484925 1.7342130661277237 0.8528655830388694 -0.5070087616291326 -3.565209570562619
48366 10520887 5.551985699257786 1.7354089758280755 0.8528536160188458 -0.5070087616291326 -3.565209570562619
48366 11289096 3.2479821876355883 -0.033271387503089694 0.48768 -0.5070087616291326 -3.565209570562619
48367 10520887 5.550859903666323 1.7366048855284273 0.8528416489988222 -0.5070087616291326 -3.565209570562619
48367 11289096 3.2948629770443096 -0.0365404955775889 0.48768 -0.5070087616291326 -3.565209570562619
48368 11289096 3.353702359883626 -0.03962373680214651 0.48768 -0.5070087616291326 -3.565209570562619
48368 10520887 5.54973410807486 1.7378007952287793 0.8528296819787987 -0.5070087616291326 -3.565209570562619
48369 10520887 5.548608312483397 1.738996704929131 0.8528177149587751 -0.5070087616291326 -3.565209570562619
48369 11289096 3.395836400329914 -0.04274478612373314 0.48768 -0.5070087616291326 -3.565209570562619
48370 10520887 5.547482516891934 1.7401926146294828 0.8528057479387515 -0.5070087616291326 -3.565209570562619
48370 11289096 3.4373855786474783 -0.04602516404140747 0.48768 -0.5070087616291326 -3.565209570562619
48371 11289096 3.4871802719267713 -0.0458051097255561 0.48768 -0.5070087616291326 -3.565209570562619
48371 10520887 5.546356721300471 1.7413885243298346 0.852793780918728 -0.5070087616291326 -3.565209570562619
48372 11289096 3.5304720522127155 -0.04918641614293298 0.48768 -0.5070087616291326 -3.565209570562619
48372 10520887 5.545230925709007 1.7425844340301864 0.8527818138987044 -0.5070087616291326 -3.565209570562619
48373 10520887 5.544105130117544 1.7437803437305381 0.8527698468786808 -0.5070087616291326 -3.565209570562619
48373 11289096 3.574600691585567 -0.05272375489859252 0.48768 -0.5070087616291326 -3.565209570562619
48374 10520887 5.542979334526081 1.7449762534308901 0.8527578798586574 -0.5070087616291326 -3.565209570562619
48374 11289096 3.6191074077101595 -0.05673464799744801 0.5181600000000001 -0.5070087616291326 -3.565209570562619
48375 10520887 5.541853538934618 1.746172163131242 0.8527459128386338 -0.5070087616291326 -3.565209570562619
48375 11289096 3.676292716593828 -0.06488259997575976 0.5181600000000001 -0.5070087616291326 -3.565209570562619
48376 11289096 3.699961877481694 -0.06717451608698968 0.5181600000000001 -0.5070087616291326 -3.565209570562619
48376 10520887 5.540727743343155 1.7473680728315937 0.8527339458186102 -0.5070087616291326 -3.565209570562619
48377 11289096 3.72363103836956 -0.0694664321982196 0.5181600000000001 -0.5070087616291326 -3.565209570562619
48377 10520887 5.539601947751692 1.7485639825319454 0.8527219787985867 -0.5070087616291326 -3.565209570562619
48378 11289096 3.7719784666415928 -0.07367836429318289 0.5181600000000001 -0.5070087616291326 -3.565209570562619
48379 11289096 3.8156712627273563 -0.07718884689085428 0.5181600000000001 -0.5070087616291326 -3.565209570562619
48380 11289096 3.8538846883137046 -0.0784439230249954 0.5181600000000001 -0.5070087616291326 -3.565209570562619
48381 11289096 3.897565265481984 -0.08335167892931697 0.5181600000000001 -0.5070087616291326 -3.565209570562619
48382 11289096 3.9605977257134306 -0.09153625905791699 0.5181600000000001 -0.5070087616291326 -3.565209570562619
48383 11289096 4.001733130778998 -0.09608018799970922 0.5181600000000001 -0.5070087616291326 -3.565209570562619
48384 11289096 4.04903678039391 -0.10076741311048168 0.54864 -0.5070087616291326 -3.565209570562619
48385 11289096 4.089025247841047 -0.10610474666933992 0.54864 -0.5070087616291326 -3.565209570562619
48386 11289096 4.113910044872016 -0.10739020705563854 0.54864 -0.5070087616291326 -3.565209570562619
48387 11289096 4.138794841902986 -0.10867566744193716 0.54864 -0.5070087616291326 -3.565209570562619
48388 11289096 4.180284840617001 -0.11485281032059427 0.54864 -0.5070087616291326 -3.565209570562619
48389 11289096 4.226647431961376 -0.12133444571577137 0.54864 -0.5070087616291326 -3.565209570562619
48390 11289096 4.293530782814864 -0.13240776607774 0.54864 -0.5070087616291326 -3.565209570562619
48391 11289096 4.333186847406222 -0.13740167605545486 0.54864 -0.5070087616291326 -3.565209570562619
48392 11289096 4.374984370044921 -0.14835037427968958 0.54864 -0.5070087616291326 -3.565209570562619
48393 11289096 4.41665828478056 -0.15341802971467125 0.54864 -0.5070087616291326 -3.565209570562619
48394 11289096 4.461161152504959 -0.16559914040547333 0.57912 -0.5070087616291326 -3.565209570562619
48395 11289096 4.4956668026458875 -0.17685502415157864 0.57912 -0.5070087616291326 -3.565209570562619
48396 11289096 4.5535023134247545 -0.1928005740803185 0.57912 -0.5070087616291326 -3.565209570562619
48397 11289096 4.591948307872569 -0.2137514382662026 0.57912 -0.5070087616291326 -3.565209570562619
48398 11289096 4.635429460005298 -0.23015358252220466 0.57912 -0.5070087616291326 -3.565209570562619
48399 11289096 4.657757575501201 -0.24608028401417872 0.57912 -0.5070087616291326 -3.565209570562619
48400 11289096 4.680683208708206 -0.2588143120076121 0.57912 -0.5070087616291326 -3.565209570562619
48401 11289096 4.703608841915213 -0.27154834000104555 0.57912 -0.5070087616291326 -3.565209570562619
48402 11289096 4.730157845660889 -0.31590980842503336 0.5810864516129032 -0.5070087616291326 -3.565209570562619
48403 11289096 4.756706849406566 -0.3602712768490212 0.5830529032258064 -0.5070087616291326 -3.565209570562619
48404 11289096 4.783255853152242 -0.4046327452730091 0.5850193548387097 -0.5070087616291326 -3.565209570562619
48405 11289096 4.809804856897918 -0.4489942136969969 0.5869858064516129 -0.5070087616291326 -3.565209570562619
48406 11289096 4.8363538606435945 -0.4933556821209847 0.5889522580645161 -0.5070087616291326 -3.565209570562619
48407 11289096 4.86290286438927 -0.5377171505449725 0.5909187096774193 -0.5070087616291326 -3.565209570562619
48408 11289096 4.889451868134946 -0.5820786189689604 0.5928851612903225 -0.5070087616291326 -3.565209570562619
48409 11289096 4.916000871880623 -0.6264400873929482 0.5948516129032259 -0.5070087616291326 -3.565209570562619
48410 11289096 4.942549875626299 -0.670801555816936 0.5968180645161291 -0.5070087616291326 -3.565209570562619
48411 11289096 4.969098879371976 -0.7151630242409239 0.5987845161290323 -0.5070087616291326 -3.565209570562619
48412 11289096 4.995647883117652 -0.7595244926649117 0.6007509677419355 -0.5070087616291326 -3.565209570562619
48413 11289096 5.022196886863328 -0.8038859610888995 0.6027174193548387 -0.5070087616291326 -3.565209570562619
48414 11289096 5.048745890609005 -0.8482474295128873 0.604683870967742 -0.5070087616291326 -3.565209570562619
48415 11289096 5.0752948943546805 -0.8926088979368753 0.6066503225806452 -0.5070087616291326 -3.565209570562619
48416 11289096 5.101843898100356 -0.9369703663608631 0.6086167741935484 -0.5070087616291326 -3.565209570562619
48417 11289096 5.128392901846033 -0.9813318347848509 0.6105832258064516 -0.5070087616291326 -3.565209570562619
48418 11289096 5.154941905591709 -1.0256933032088387 0.6125496774193548 -0.5070087616291326 -3.565209570562619
48419 11289096 5.181490909337385 -1.0700547716328264 0.614516129032258 -0.5070087616291326 -3.565209570562619
48420 11289096 5.208039913083062 -1.1144162400568143 0.6164825806451614 -0.5070087616291326 -3.565209570562619
48421 11289096 5.234588916828738 -1.1587777084808022 0.6184490322580646 -0.5070087616291326 -3.565209570562619
48422 11289096 5.261137920574415 -1.20313917690479 0.6204154838709678 -0.5070087616291326 -3.565209570562619
48423 11289096 5.287686924320091 -1.247500645328778 0.622381935483871 -0.5070087616291326 -3.565209570562619
48424 11289096 5.3142359280657665 -1.2918621137527655 0.6243483870967743 -0.5070087616291326 -3.565209570562619
48425 11289096 5.340784931811443 -1.3362235821767534 0.6263148387096775 -0.5070087616291326 -3.565209570562619
48426 11289096 5.367333935557119 -1.3805850506007413 0.6282812903225807 -0.5070087616291326 -3.565209570562619
48427 11289096 5.393882939302795 -1.4249465190247292 0.6302477419354839 -0.5070087616291326 -3.565209570562619
48428 11289096 5.420431943048472 -1.4693079874487172 0.6322141935483871 -0.5070087616291326 -3.565209570562619
48429 11289096 5.446980946794148 -1.513669455872705 0.6341806451612904 -0.5070087616291326 -3.565209570562619
48430 11289096 5.473529950539824 -1.5580309242966925 0.6361470967741937 -0.5070087616291326 -3.565209570562619
48431 11289096 5.500078954285501 -1.6023923927206805 0.6381135483870969 -0.5070087616291326 -3.565209570562619
48432 11289096 5.526627958031177 -1.6467538611446682 0.6400800000000001 -0.5070087616291326 -3.565209570562619
48433 11289096 5.526548053383489 -1.645519200772116 0.6400935889433795 -0.5070087616291326 -3.565209570562619
48434 11289096 5.5264681487358 -1.6442845403995638 0.6401071778867589 -0.5070087616291326 -3.565209570562619
48435 11289096 5.526388244088112 -1.6430498800270117 0.6401207668301383 -0.5070087616291326 -3.565209570562619
48436 11289096 5.5263083394404235 -1.6418152196544598 0.6401343557735177 -0.5070087616291326 -3.565209570562619
48437 11289096 5.526228434792736 -1.6405805592819076 0.6401479447168971 -0.5070087616291326 -3.565209570562619
48438 11289096 5.526148530145047 -1.6393458989093554 0.6401615336602765 -0.5070087616291326 -3.565209570562619
48439 11289096 5.526068625497359 -1.6381112385368033 0.6401751226036559 -0.5070087616291326 -3.565209570562619
48440 11289096 5.5259887208496705 -1.6368765781642511 0.6401887115470353 -0.5070087616291326 -3.565209570562619
48441 11289096 5.525908816201983 -1.635641917791699 0.6402023004904147 -0.5070087616291326 -3.565209570562619
48442 11289096 5.525828911554294 -1.6344072574191468 0.6402158894337941 -0.5070087616291326 -3.565209570562619
48443 11289096 5.525749006906606 -1.6331725970465947 0.6402294783771735 -0.5070087616291326 -3.565209570562619
48444 11289096 5.5256691022589175 -1.6319379366740427 0.6402430673205529 -0.5070087616291326 -3.565209570562619
48445 11289096 5.52558919761123 -1.6307032763014906 0.6402566562639324 -0.5070087616291326 -3.565209570562619
48446 11289096 5.525509292963542 -1.6294686159289384 0.6402702452073117 -0.5070087616291326 -3.565209570562619
48447 11289096 5.525429388315853 -1.6282339555563863 0.6402838341506911 -0.5070087616291326 -3.565209570562619
48448 11289096 5.525349483668165 -1.6269992951838341 0.6402974230940706 -0.5070087616291326 -3.565209570562619
48449 11289096 5.525269579020477 -1.625764634811282 0.6403110120374499 -0.5070087616291326 -3.565209570562619
48450 11289096 5.525189674372789 -1.6245299744387298 0.6403246009808293 -0.5070087616291326 -3.565209570562619
48451 11289096 5.5251097697251 -1.6232953140661779 0.6403381899242088 -0.5070087616291326 -3.565209570562619
48452 11289096 5.525029865077412 -1.6220606536936257 0.6403517788675881 -0.5070087616291326 -3.565209570562619
48453 11289096 5.524949960429724 -1.6208259933210736 0.6403653678109675 -0.5070087616291326 -3.565209570562619
48454 11289096 5.524870055782036 -1.6195913329485214 0.640378956754347 -0.5070087616291326 -3.565209570562619
48455 11289096 5.524790151134347 -1.6183566725759693 0.6403925456977263 -0.5070087616291326 -3.565209570562619
48456 11289096 5.524710246486659 -1.6171220122034171 0.6404061346411057 -0.5070087616291326 -3.565209570562619
48457 11289096 5.524630341838971 -1.615887351830865 0.6404197235844852 -0.5070087616291326 -3.565209570562619
48458 11289096 5.524550437191283 -1.6146526914583128 0.6404333125278645 -0.5070087616291326 -3.565209570562619
48459 11289096 5.524470532543595 -1.6134180310857609 0.640446901471244 -0.5070087616291326 -3.565209570562619
48460 11289096 5.524390627895906 -1.6121833707132087 0.6404604904146234 -0.5070087616291326 -3.565209570562619
48461 11289096 5.5243107232482185 -1.6109487103406566 0.6404740793580027 -0.5070087616291326 -3.565209570562619
48462 11289096 5.52423081860053 -1.6097140499681044 0.6404876683013822 -0.5070087616291326 -3.565209570562619
48463 11289096 5.524150913952842 -1.6084793895955523 0.6405012572447616 -0.5070087616291326 -3.565209570562619
48464 11289096 5.524071009305153 -1.607244729223 0.640514846188141 -0.5070087616291326 -3.565209570562619
48465 11289096 5.5239911046574655 -1.606010068850448 0.6405284351315204 -0.5070087616291326 -3.565209570562619
48466 11289096 5.523911200009777 -1.604775408477896 0.6405420240748998 -0.5070087616291326 -3.565209570562619
48467 11289096 5.523831295362089 -1.6035407481053439 0.6405556130182792 -0.5070087616291326 -3.565209570562619
48468 11289096 5.5237513907144 -1.6023060877327917 0.6405692019616586 -0.5070087616291326 -3.565209570562619
48469 11289096 5.523671486066712 -1.6010714273602396 0.640582790905038 -0.5070087616291326 -3.565209570562619
48470 11289096 5.523591581419024 -1.5998367669876874 0.6405963798484174 -0.5070087616291326 -3.565209570562619
48471 11289096 5.523511676771336 -1.5986021066151352 0.6406099687917968 -0.5070087616291326 -3.565209570562619
48472 11289096 5.523431772123648 -1.597367446242583 0.6406235577351762 -0.5070087616291326 -3.565209570562619
48473 11289096 5.523351867475959 -1.596132785870031 0.6406371466785556 -0.5070087616291326 -3.565209570562619
48474 11289096 5.523271962828272 -1.594898125497479 0.640650735621935 -0.5070087616291326 -3.565209570562619
48475 11289096 5.523192058180583 -1.5936634651249268 0.6406643245653144 -0.5070087616291326 -3.565209570562619
48476 11289096 5.523112153532895 -1.5924288047523747 0.6406779135086939 -0.5070087616291326 -3.565209570562619
48477 11289096 5.523032248885206 -1.5911941443798225 0.6406915024520732 -0.5070087616291326 -3.565209570562619
48478 11289096 5.522952344237519 -1.5899594840072704 0.6407050913954526 -0.5070087616291326 -3.565209570562619
48479 11289096 5.52287243958983 -1.5887248236347182 0.6407186803388321 -0.5070087616291326 -3.565209570562619
48480 11289096 5.522792534942142 -1.587490163262166 0.6407322692822114 -0.5070087616291326 -3.565209570562619
48481 11289096 5.522712630294453 -1.586255502889614 0.6407458582255908 -0.5070087616291326 -3.565209570562619
48482 11289096 5.5226327256467656 -1.585020842517062 0.6407594471689703 -0.5070087616291326 -3.565209570562619
48483 11289096 5.522552820999077 -1.5837861821445098 0.6407730361123496 -0.5070087616291326 -3.565209570562619
48484 11289096 5.522472916351389 -1.5825515217719577 0.640786625055729 -0.5070087616291326 -3.565209570562619
48485 11289096 5.522393011703701 -1.5813168613994055 0.6408002139991085 -0.5070087616291326 -3.565209570562619
48486 11289096 5.5223131070560125 -1.5800822010268534 0.6408138029424878 -0.5070087616291326 -3.565209570562619
48487 11289096 5.522233202408325 -1.5788475406543012 0.6408273918858672 -0.5070087616291326 -3.565209570562619
48488 11289096 5.522153297760636 -1.577612880281749 0.6408409808292467 -0.5070087616291326 -3.565209570562619
48489 11289096 5.522073393112948 -1.5763782199091971 0.640854569772626 -0.5070087616291326 -3.565209570562619
48490 11289096 5.5219934884652595 -1.575143559536645 0.6408681587160054 -0.5070087616291326 -3.565209570562619
48491 11289096 5.521913583817572 -1.5739088991640928 0.6408817476593849 -0.5070087616291326 -3.565209570562619
48492 11289096 5.521833679169883 -1.5726742387915407 0.6408953366027642 -0.5070087616291326 -3.565209570562619
