48816 10836345 5.140130201005288 -2.167718763220885 0.80772 -1.2781694905444443 -3.912005575640372
48817 10836345 5.042673775702788 -2.0717040395113373 0.80772 -1.2781694905444443 -3.912005575640372
48818 10836345 4.965112651368117 -1.9909343409951392 0.8001 -1.2781694905444443 -3.912005575640372
48819 10836345 4.909735975425103 -1.9401734995866364 0.7924800000000001 -1.2781694905444443 -3.912005575640372
48820 10836345 4.776802945277496 -1.808640536280527 0.78486 -1.2781694905444443 -3.912005575640372
48821 10836345 4.711606247661085 -1.7417092943294268 0.78105 -1.2781694905444443 -3.912005575640372
48822 10836345 4.646409550044674 -1.6747780523783269 0.77724 -1.2781694905444443 -3.912005575640372
48823 10836345 4.558928839302061 -1.586327661721672 0.76962 -1.2781694905444443 -3.912005575640372
48824 10836345 4.4296190100273245 -1.4600540972081861 0.762 -1.2781694905444443 -3.912005575640372
48825 10836345 4.344206930890528 -1.3734422056426925 0.75438 -1.2781694905444443 -3.912005575640372
48826 10836345 4.2666027563752555 -1.2955662719784915 0.74676 -1.2781694905444443 -3.912005575640372
48827 10836345 4.161501503658453 -1.1903805202601239 0.74676 -1.2781694905444443 -3.912005575640372
48828 10836345 4.073929182174704 -1.1022410441473645 0.73914 -1.2781694905444443 -3.912005575640372
48829 10836345 4.009088920565105 -1.0362917052144849 0.73533 -1.2781694905444443 -3.912005575640372
48830 10836345 3.9442486589555052 -0.9703423662816054 0.73152 -1.2781694905444443 -3.912005575640372
48831 10836345 3.8584468607192983 -0.8835938850332029 0.7239000000000001 -1.2781694905444443 -3.912005575640372
48832 10836345 3.7585067985728893 -0.7762276116950708 0.7162800000000001 -1.2781694905444443 -3.912005575640372
48833 10836345 3.6728586911830705 -0.6892919958710154 0.7086600000000001 -1.2781694905444443 -3.912005575640372
48834 10836345 3.5889233453724465 -0.5976570435206031 0.7010400000000001 -1.2781694905444443 -3.912005575640372
48835 10836345 3.503279413894962 -0.5107194451217401 0.7010400000000001 -1.2781694905444443 -3.912005575640372
48836 10836345 3.4608081990250152 -0.46672200800554464 0.69342 -1.2781694905444443 -3.912005575640372
48837 10836345 3.33631619598761 -0.3230647893410614 0.6858000000000001 -1.2781694905444443 -3.912005575640372
48838 10836345 3.261466110728329 -0.2395281889006389 0.6858000000000001 -1.2781694905444443 -3.912005575640372
48839 10836345 3.1825167237291394 -0.1495124152544269 0.6858000000000001 -1.2781694905444443 -3.912005575640372
48840 10836345 3.0649777529834745 -0.01722796337971369 0.6858000000000001 -1.2781694905444443 -3.912005575640372
48841 10836345 3.0208079620132082 0.03311094982513915 0.6858000000000001 -0.5794385847190086 -4.074525223500136
48842 10836345 2.976638171042942 0.083449863029992 0.6858000000000001 -0.5794385847190086 -4.074525223500136
48843 10836345 2.8975814872950467 0.17338929488255458 0.6858000000000001 -0.5794385847190086 -4.074525223500136
48844 10836345 2.7833459278131816 0.3086920008998322 0.6858000000000001 -0.5794385847190086 -4.074525223500136
48845 10836345 2.702381018134929 0.4006599852433066 0.6858000000000001 -0.5794385847190086 -4.074525223500136
48846 10836345 2.6264614091899627 0.4903981807952762 0.6858000000000001 -0.5794385847190086 -4.074525223500136
48847 10836345 2.5402661358350986 0.5894507430641195 0.6858000000000001 -0.5794385847190086 -4.074525223500136
48848 10836345 2.461335687232422 0.6794741829691219 0.6781800000000001 -0.5794385847190086 -4.074525223500136
48849 10836345 2.3773578633252965 0.7785070347506765 0.6781800000000001 -0.5794385847190086 -4.074525223500136
48850 10836345 2.312214273109766 0.8546570130476867 0.6781800000000001 -0.5794385847190086 -4.074525223500136
48851 10836345 2.2470706828942353 0.9308069913446969 0.6781800000000001 -0.5794385847190086 -4.074525223500136
48852 10836345 2.176221273599611 1.007829538643653 0.6781800000000001 -0.5794385847190086 -4.074525223500136
48853 10836345 2.1053718643049866 1.0848520859426092 0.6781800000000001 -0.5794385847190086 -4.074525223500136
48854 10836345 2.0335728286491257 1.1613396296170848 0.67056 -0.5794385847190086 -4.074525223500136
48855 10836345 1.950268107368185 1.2556052822456005 0.67056 -0.5794385847190086 -4.074525223500136
48856 10836345 1.8523866321923177 1.3541667660057295 0.67056 -0.5794385847190086 -4.074525223500136
48857 10836345 1.766832599111955 1.4401752711482398 0.67056 -0.5794385847190086 -4.074525223500136
48858 10836345 1.6866134541721731 1.5153302664731727 0.67056 -0.5794385847190086 -4.074525223500136
48859 10836345 1.6174387743111216 1.5808035869372299 0.67056 -0.5794385847190086 -4.074525223500136
48860 10836345 1.538585722017082 1.6546971214265784 0.6781800000000001 -0.5794385847190086 -4.074525223500136
48861 10836345 1.451747854714842 1.7204527684287805 0.6781800000000001 -0.5794385847190086 -4.074525223500136
48862 10836345 1.3618134982597256 1.7957500598353986 0.67056 -0.5794385847190086 -4.074525223500136
48863 10836345 1.315907586849109 1.8278064743288396 0.6743700000000001 -0.5794385847190086 -4.074525223500136
48864 10836345 1.2700016754384924 1.8598628888222808 0.6781800000000001 -0.5794385847190086 -4.074525223500136
48865 10836345 1.14027021924154 1.9492196268204323 0.6781800000000001 -0.5794385847190086 -4.074525223500136
48866 10836345 1.029070731916359 2.0192048543046526 0.6781800000000001 -0.5794385847190086 -4.074525223500136
48867 10836345 0.9048587259162423 2.0863184533086105 0.6781800000000001 -0.5794385847190086 -4.074525223500136
48868 10836345 0.8637427545735408 2.1077589921999333 0.6781800000000001 -0.5794385847190086 -4.074525223500136
48869 10836345 0.8226267832308393 2.1291995310912566 0.6781800000000001 -0.5794385847190086 -4.074525223500136
48870 10836345 0.6878238026622779 2.184007130706172 0.6781800000000001 -0.5794385847190086 -4.074525223500136
48871 10836345 0.5820559340676009 2.224420038586983 0.6781800000000001 -0.5794385847190086 -4.074525223500136
48872 10836345 0.4922115287308786 2.2537880110846866 0.6781800000000001 -0.5794385847190086 -4.074525223500136
48873 10836345 0.3951650222477181 2.2801372897486574 0.6781800000000001 -0.5794385847190086 -4.074525223500136
48874 10836345 0.30921122778061916 2.3023943261842192 0.6781800000000001 -0.5794385847190086 -4.074525223500136
48875 10836345 0.22508602160294333 2.319381316538246 0.6781800000000001 -0.5794385847190086 -4.074525223500136
48876 10836345 0.11846494584360645 2.332741676973195 0.67056 -0.5794385847190086 -4.074525223500136
48877 10836345 -0.033044050894861066 2.350031302320898 0.67056 -0.5794385847190086 -4.074525223500136
48878 10836345 -0.13919156644320752 2.3566978463260697 0.6629400000000001 -0.5794385847190086 -4.074525223500136
48879 10836345 -0.22048046904958762 2.3579245854590725 0.6629400000000001 -0.5794385847190086 -4.074525223500136
48880 10836345 -0.2887330302591441 2.356116378664938 0.65913 -0.5794385847190086 -4.074525223500136
48881 10836345 -0.35698559146870057 2.354308171870804 0.65532 -0.5794385847190086 -4.074525223500136
48882 10836345 -0.4404346632331071 2.3519206362879457 0.65532 -0.5794385847190086 -4.074525223500136
48883 10836345 -0.5425002297416597 2.350715014731252 0.6477 -0.5794385847190086 -4.074525223500136
48884 10836345 -0.643062143878949 2.341891832859057 0.6400800000000001 -0.5794385847190086 -4.074525223500136
48885 10836345 -0.7258288548122442 2.3358958070888645 0.6400800000000001 -0.5794385847190086 -4.074525223500136
48886 10836345 -0.8291253652561583 2.3322923235998094 0.6248400000000001 -0.5794385847190086 -4.074525223500136
48887 10836345 -0.9206659673210134 2.3239102493586246 0.6248400000000001 -0.5794385847190086 -4.074525223500136
48888 10836345 -1.0543913626463342 2.3098156800603182 0.61722 -0.5794385847190086 -4.074525223500136
48889 10836345 -1.0983964039570187 2.3058662053574035 0.61722 -0.5794385847190086 -4.074525223500136
48890 10836345 -1.230203212896653 2.2870574358431393 0.6096 -0.5794385847190086 -4.074525223500136
48891 10836345 -1.2780198289234352 2.2793317566131686 0.6096 -0.5794385847190086 -4.074525223500136
48892 10836345 -1.3258364449502176 2.2716060773831983 0.6096 -0.5794385847190086 -4.074525223500136
48893 10836345 -1.4140170177757072 2.2572228535587007 0.6019800000000001 -0.5794385847190086 -4.074525223500136
48894 10836345 -1.506010369448896 2.2382458364731637 0.59436 -0.5794385847190086 -4.074525223500136
48895 10836345 -1.6247438943215753 2.2075711780732252 0.59436 -0.5794385847190086 -4.074525223500136
48896 10836345 -1.7110062837757456 2.1800611297732027 0.58674 -0.5794385847190086 -4.074525223500136
48897 10836345 -1.783087538968912 2.1524686356170264 0.58674 -0.5794385847190086 -4.074525223500136
48898 10836345 -1.85614426029201 2.1246116207160886 0.58674 -0.5794385847190086 -4.074525223500136
48899 10836345 -1.9422234068481512 2.081386566834369 0.58674 -0.5794385847190086 -4.074525223500136
48900 10836345 -2.0020930379102158 2.0476965047876012 0.57912 -0.5794385847190086 -4.074525223500136
48901 10836345 -2.0744598261179448 1.9975318607380865 0.57912 -0.5794385847190086 -4.074525223500136
48902 10836345 -2.146826614325674 1.9473672166885716 0.57912 -0.5794385847190086 -4.074525223500136
48903 10836345 -2.2169371965524247 1.8878183189140951 0.57912 -0.5794385847190086 -4.074525223500136
48904 10836345 -2.258778129405699 1.8427378805487156 0.5715 -0.5794385847190086 -4.074525223500136
48905 10836345 -2.3166014778974082 1.781388430232144 0.5715 -0.5794385847190086 -4.074525223500136
48906 10836345 -2.3651996939464235 1.7170201111387886 0.5715 -0.5794385847190086 -4.074525223500136
48907 10836345 -2.4081481061425363 1.6509197468129517 0.56388 -0.5794385847190086 -4.074525223500136
48908 10836345 -2.451833309755119 1.5744276425491148 0.56388 -0.5794385847190086 -4.074525223500136
48909 10836345 -2.49002230504765 1.501161197123235 0.56388 -0.5794385847190086 -4.074525223500136
48910 10836345 -2.518588915553683 1.4382997227950938 0.55626 -0.5794385847190086 -4.074525223500136
48911 10836345 -2.5426983912069456 1.364631918775397 0.55626 -0.5794385847190086 -4.074525223500136
48912 10836345 -2.575523114664045 1.2561921358383348 0.54102 -0.5794385847190086 -4.074525223500136
48913 10836345 -2.589394123201271 1.1730976339979582 0.54102 -0.5794385847190086 -4.074525223500136
48914 10836345 -2.59543932023518 1.1369844518350982 0.53721 -0.5794385847190086 -4.074525223500136
48915 10836345 -2.601484517269089 1.1008712696722385 0.5334 -0.5794385847190086 -4.074525223500136
48916 10836345 -2.6104719910140863 1.0164123040410107 0.52578 -0.5794385847190086 -4.074525223500136
48917 10836345 -2.617660103518845 0.9483070734200196 0.5181600000000001 -0.5794385847190086 -4.074525223500136
48918 10836345 -2.6202043614090798 0.8536772910687939 0.51054 -0.5794385847190086 -4.074525223500136
48919 10836345 -2.618239221697271 0.778253434602365 0.50292 -0.5794385847190086 -4.074525223500136
48920 10836345 -2.6164749868381287 0.6978711022248513 0.4953 -0.5794385847190086 -4.074525223500136
48921 10836345 -2.60743155601173 0.6239869627001429 0.48768 -0.5794385847190086 -4.074525223500136
48922 10836345 -2.5916307464538377 0.5609782355310526 0.48768 -0.5794385847190086 -4.074525223500136
48923 10836345 -2.5641912781304255 0.4520972364193503 0.48006 -0.5794385847190086 -4.074525223500136
48924 10836345 -2.542830943001447 0.39521513418234333 0.48006 -0.5794385847190086 -4.074525223500136
48925 10836345 -2.5161708164842214 0.3436681930292888 0.47624999999999995 -0.5794385847190086 -4.074525223500136
48926 10836345 -2.4895106899669956 0.2921212518762343 0.47243999999999997 -0.5794385847190086 -4.074525223500136
48927 10836345 -2.4547231353187238 0.23283264084158736 0.47243999999999997 -0.5794385847190086 -4.074525223500136
48928 10836345 -2.4077868516296412 0.16723250228174044 0.46482000000000007 -0.5794385847190086 -4.074525223500136
48929 10836345 -2.36614390459848 0.12346178769380275 0.46482000000000007 -0.5794385847190086 -4.074525223500136
48930 10836345 -2.3167422336778536 0.07516664913696489 0.45720000000000005 -0.5794385847190086 -4.074525223500136
48931 10836345 -2.2366343004347184 0.02243431550269845 0.44958000000000004 -0.5794385847190086 -4.074525223500136
48932 10836345 -2.206427794878855 0.0034381808683814075 0.44958000000000004 -0.5794385847190086 -4.074525223500136
48933 10836345 -2.1077112447527133 -0.03423202025666608 0.44196 -0.5794385847190086 -4.074525223500136
48934 10836345 -2.0553024951528203 -0.05324656890607307 0.43434000000000006 -0.5794385847190086 -4.074525223500136
48935 10836345 -1.9846497027530308 -0.06374062023115681 0.42672000000000004 -0.5794385847190086 -4.074525223500136
48936 10836345 -1.9190821146761874 -0.06859795191172549 0.41910000000000003 -0.5794385847190086 -4.074525223500136
48937 10836345 -1.8901804447507757 -0.07121694735563441 0.41910000000000003 -0.5794385847190086 -4.074525223500136
48938 10836345 -1.861278774825364 -0.07383594279954334 0.41910000000000003 -0.5794385847190086 -4.074525223500136
48939 10836345 -1.7915581775185918 -0.06708146418943753 0.41148 -0.5794385847190086 -4.074525223500136
48940 10836345 -1.6987042053777166 -0.05749439204951126 0.40386 -0.5794385847190086 -4.074525223500136
48941 10836345 -1.6322546699615257 -0.05258962236568013 0.40386 -0.5794385847190086 -4.074525223500136
48942 10836345 -1.5753656450715636 -0.04432368708549775 0.39624000000000004 -0.5794385847190086 -4.074525223500136
48943 10836345 -1.5117075493854777 -0.03301356656389745 0.39624000000000004 -0.5794385847190086 -4.074525223500136
48944 10836345 -1.4112405265758692 -0.023225963509878517 0.38862 -0.5794385847190086 -4.074525223500136
48945 10836345 -1.3597453021101404 -0.017868057227241524 0.38862 -0.5794385847190086 -4.074525223500136
48946 10836345 -1.3314360168113106 -0.01631878945220258 0.38481 -0.5794385847190086 -4.074525223500136
48947 10836345 -1.3031267315124808 -0.014769521677163638 0.381 -0.5794385847190086 -4.074525223500136
48948 10836345 -1.22821239980543 -0.006787916208494865 0.381 -0.5794385847190086 -4.074525223500136
48949 10836345 -1.1393377565596896 -0.005006521909422329 0.37338 -0.5794385847190086 -4.074525223500136
48950 10836345 -1.0819950054718679 0.00031030677365426196 0.37338 -0.5794385847190086 -4.074525223500136
48951 10836345 -1.013882559519689 -0.003268525150240703 0.36576 -0.5794385847190086 -4.074525223500136
48952 10836345 -0.9426554207607345 -3.72221141189677e-05 0.36576 -0.5794385847190086 -4.074525223500136
48953 10836345 -0.8870371528588477 0.001638799989204992 0.35814000000000007 -0.5794385847190086 -4.074525223500136
48954 10836345 -0.825570754734585 0.0032724282970113816 0.35814000000000007 -0.5794385847190086 -4.074525223500136
48955 10836345 -0.7567669925908487 0.003442210974345744 0.35814000000000007 -0.5794385847190086 -4.074525223500136
48956 10836345 -0.7324447474517088 0.0036683961067283666 0.35433000000000003 -0.5794385847190086 -4.074525223500136
48957 10836345 -0.708122502312569 0.003894581239110989 0.35052000000000005 -0.5794385847190086 -4.074525223500136
48958 10836345 -0.6158500562325362 -0.00021921195608862187 0.35052000000000005 -0.5794385847190086 -4.074525223500136
48959 10836345 -0.5212329846031409 0.00121060800722525 0.34290000000000004 -0.5794385847190086 -4.074525223500136
48960 10836345 -0.45962947792283804 0.0032696108985769967 0.33528 -0.5794385847190086 -4.074525223500136
48961 10836345 -0.4054840481373678 0.000990879165159414 0.33528 -0.5794385847190086 -4.074525223500136
48962 10836345 -0.35024818510004074 -0.00012510397624140857 0.32766 -0.5794385847190086 -4.074525223500136
48963 10836345 -0.2847781850211788 0.004526787888867706 0.32766 -0.5794385847190086 -4.074525223500136
48964 10836345 -0.23381149246042754 0.00013389481104050804 0.32766 -0.5794385847190086 -4.074525223500136
48965 10836345 -0.17102517701492626 0.004729313114274741 0.32004000000000005 -0.5794385847190086 -4.074525223500136
48966 10836345 -0.11560526700237128 0.00472315111624752 0.32004000000000005 -0.5794385847190086 -4.074525223500136
48967 10836345 -0.03124579325402521 0.0016840511089783183 0.31242000000000003 -0.5794385847190086 -4.074525223500136
48968 10836345 0.0012172112581427807 0.001821941263688287 0.31242000000000003 -0.5794385847190086 -4.074525223500136
48969 10836345 0.09408907802639555 0.0033622912808212446 0.3048 -0.5794385847190086 -4.074525223500136
48970 10836345 0.11908020625657606 0.0023794622264954185 0.3048 -0.5794385847190086 -4.074525223500136
48971 10836345 0.14407133448675657 0.0013966331721695924 0.3048 -0.5794385847190086 -4.074525223500136
48972 10836345 0.1987211615621467 0.00012561386000994879 0.29718 -0.5794385847190086 -4.074525223500136
48973 10836345 0.22426117610233642 0.003812134162888614 0.29718 -0.5794385847190086 -4.074525223500136
48974 10836345 0.3272084086445285 0.00194563886513624 0.3048 -0.5794385847190086 -4.074525223500136
48975 10836345 0.37683628547104975 0.001616085657986377 0.3048 -0.5794385847190086 -4.074525223500136
48976 10836345 0.43576619911395625 0.004205327404858877 0.3048 -0.5794385847190086 -4.074525223500136
48977 10836345 0.4843049450667382 0.0043491974605934375 0.3048 -0.5794385847190086 -4.074525223500136
