52657 10562261 5.220434838080114 -2.3299727560291257 1.59258 -0.5070087616291326 -3.565209570562619
52658 10562261 5.233796983315427 -2.2961347376453585 1.59258 -0.5070087616291326 -3.565209570562619
52659 10562261 5.247159128550741 -2.2622967192615913 1.59258 -0.5070087616291326 -3.565209570562619
52660 10562261 5.263532607507861 -2.221264288387691 1.59258 -0.5070087616291326 -3.565209570562619
52661 10562261 5.27990608646498 -2.180231857513791 1.59258 -0.5070087616291326 -3.565209570562619
52662 10562261 5.302574621408869 -2.12431538821253 1.59258 -0.5070087616291326 -3.565209570562619
52663 10562261 5.31830411119839 -2.076064923226377 1.59258 -0.5070087616291326 -3.565209570562619
52664 10562261 5.33888403315809 -2.029278875245791 1.6002 -0.5070087616291326 -3.565209570562619
52665 10562261 5.357526737794933 -1.9775396456093397 1.6002 -0.5070087616291326 -3.565209570562619
52666 10562261 5.381491972927666 -1.9149209836673335 1.6002 -0.5070087616291326 -3.565209570562619
52667 10562261 5.398894589634039 -1.8724330527103827 1.6002 -0.5070087616291326 -3.565209570562619
52668 10562261 5.416297206340411 -1.8299451217534317 1.6002 -0.5070087616291326 -3.565209570562619
52669 10562261 5.4336998230467835 -1.787457190796481 1.6002 -0.5070087616291326 -3.565209570562619
52670 10562261 5.452101440126177 -1.736456950343923 1.6002 -0.5070087616291326 -3.565209570562619
52671 10562261 5.4651929734211535 -1.690850534293944 1.6002 -0.5070087616291326 -3.565209570562619
52672 10562261 5.480978747696835 -1.6478744396531284 1.6002 -0.5070087616291326 -3.565209570562619
52673 10562261 5.5015018436849354 -1.5958137526595886 1.6002 -0.5070087616291326 -3.565209570562619
52674 10562261 5.519708151986562 -1.5465018436715539 1.6002 -0.5070087616291326 -3.565209570562619
52675 10562261 5.5409770993080905 -1.4910634444703144 1.6002 -0.5070087616291326 -3.565209570562619
52676 10562261 5.556740823743323 -1.4427072818149236 1.6002 -0.5070087616291326 -3.565209570562619
52677 10562261 5.5835185065365955 -1.3605651450096483 1.6002 -0.5070087616291326 -3.565209570562619
52678 10562261 5.603548598605519 -1.307292498568833 1.6002 -0.5070087616291326 -3.565209570562619
52679 10562261 5.610863327694846 -1.2807687030142811 1.6002 -0.5070087616291326 -3.565209570562619
52680 10562261 5.618178056784172 -1.2542449074597295 1.6002 -0.5070087616291326 -3.565209570562619
52681 10562261 5.6402059761781675 -1.1866729492296797 1.6002 -0.5070087616291326 -3.565209570562619
52682 10562261 5.649705517053278 -1.1575325398831342 1.6002 -0.5070087616291326 -3.565209570562619
52683 10562261 5.677376472538066 -1.0808208217306077 1.6002 -0.5070087616291326 -3.565209570562619
52684 10562261 5.693346700994939 -1.0318311330179775 1.6002 -0.5070087616291326 -3.565209570562619
52685 10562261 5.709385767733982 -0.9826302778111008 1.6002 -0.5070087616291326 -3.565209570562619
52686 10562261 5.725323252840186 -0.9255706075302795 1.6002 -0.5070087616291326 -3.565209570562619
52687 10562261 5.741052570983658 -0.8773199803331361 1.6002 -0.5070087616291326 -3.565209570562619
52688 10562261 5.763249173935058 -0.8255711603323613 1.6002 -0.5070087616291326 -3.565209570562619
52689 10562261 5.778978461291089 -0.7773205141600266 1.59258 -0.5070087616291326 -3.565209570562619
52690 10562261 5.789786767456083 -0.7400802219351715 1.59258 -0.5070087616291326 -3.565209570562619
52691 10562261 5.800595073621077 -0.7028399297103165 1.59258 -0.5070087616291326 -3.565209570562619
52692 10562261 5.800208318719887 -0.7019989924746743 1.5925257785867948 -0.5070087616291326 -3.565209570562619
52693 10562261 5.799821563818698 -0.7011580552390321 1.5924715571735895 -0.5070087616291326 -3.565209570562619
52694 10562261 5.799434808917508 -0.7003171180033899 1.592417335760384 -0.5070087616291326 -3.565209570562619
52695 10562261 5.7990480540163185 -0.6994761807677478 1.5923631143471786 -0.5070087616291326 -3.565209570562619
52696 10562261 5.798661299115129 -0.6986352435321055 1.5923088929339733 -0.5070087616291326 -3.565209570562619
52697 10562261 5.79827454421394 -0.6977943062964633 1.592254671520768 -0.5070087616291326 -3.565209570562619
52698 10562261 5.79788778931275 -0.6969533690608211 1.5922004501075626 -0.5070087616291326 -3.565209570562619
52699 10562261 5.79750103441156 -0.6961124318251789 1.5921462286943573 -0.5070087616291326 -3.565209570562619
52700 10562261 5.797114279510371 -0.6952714945895367 1.5920920072811517 -0.5070087616291326 -3.565209570562619
52701 10562261 5.796727524609182 -0.6944305573538945 1.5920377858679464 -0.5070087616291326 -3.565209570562619
52702 10562261 5.796340769707992 -0.6935896201182523 1.591983564454741 -0.5070087616291326 -3.565209570562619
52703 10562261 5.795954014806802 -0.6927486828826102 1.5919293430415358 -0.5070087616291326 -3.565209570562619
52704 10562261 5.795567259905613 -0.6919077456469679 1.5918751216283304 -0.5070087616291326 -3.565209570562619
52705 10562261 5.795180505004423 -0.6910668084113257 1.5918209002151251 -0.5070087616291326 -3.565209570562619
52706 10562261 5.794793750103234 -0.6902258711756835 1.5917666788019196 -0.5070087616291326 -3.565209570562619
52707 10562261 5.794406995202045 -0.6893849339400413 1.5917124573887143 -0.5070087616291326 -3.565209570562619
52708 10562261 5.7940202403008545 -0.6885439967043991 1.591658235975509 -0.5070087616291326 -3.565209570562619
52709 10562261 5.793633485399665 -0.6877030594687569 1.5916040145623036 -0.5070087616291326 -3.565209570562619
52710 10562261 5.793246730498476 -0.6868621222331147 1.5915497931490983 -0.5070087616291326 -3.565209570562619
52711 10562261 5.7928599755972865 -0.6860211849974726 1.591495571735893 -0.5070087616291326 -3.565209570562619
52712 10562261 5.792473220696096 -0.6851802477618303 1.5914413503226874 -0.5070087616291326 -3.565209570562619
52713 10562261 5.792086465794907 -0.6843393105261881 1.591387128909482 -0.5070087616291326 -3.565209570562619
52714 10562261 5.791699710893718 -0.6834983732905459 1.5913329074962768 -0.5070087616291326 -3.565209570562619
52715 10562261 5.791312955992528 -0.6826574360549037 1.5912786860830714 -0.5070087616291326 -3.565209570562619
52716 10562261 5.790926201091339 -0.6818164988192615 1.5912244646698661 -0.5070087616291326 -3.565209570562619
52717 10562261 5.790539446190149 -0.6809755615836193 1.5911702432566608 -0.5070087616291326 -3.565209570562619
52718 10562261 5.790152691288959 -0.6801346243479771 1.5911160218434552 -0.5070087616291326 -3.565209570562619
52719 10562261 5.78976593638777 -0.679293687112335 1.59106180043025 -0.5070087616291326 -3.565209570562619
52720 10562261 5.789379181486581 -0.6784527498766927 1.5910075790170446 -0.5070087616291326 -3.565209570562619
52721 10562261 5.7889924265853905 -0.6776118126410505 1.5909533576038393 -0.5070087616291326 -3.565209570562619
52722 10562261 5.788605671684201 -0.6767708754054083 1.590899136190634 -0.5070087616291326 -3.565209570562619
52723 10562261 5.788218916783012 -0.6759299381697661 1.5908449147774286 -0.5070087616291326 -3.565209570562619
52724 10562261 5.7878321618818225 -0.6750890009341239 1.590790693364223 -0.5070087616291326 -3.565209570562619
52725 10562261 5.787445406980633 -0.6742480636984817 1.5907364719510177 -0.5070087616291326 -3.565209570562619
52726 10562261 5.787058652079443 -0.6734071264628395 1.5906822505378124 -0.5070087616291326 -3.565209570562619
52727 10562261 5.786671897178254 -0.6725661892271974 1.590628029124607 -0.5070087616291326 -3.565209570562619
52728 10562261 5.786285142277064 -0.6717252519915551 1.5905738077114018 -0.5070087616291326 -3.565209570562619
52729 10562261 5.785898387375875 -0.6708843147559129 1.5905195862981965 -0.5070087616291326 -3.565209570562619
52730 10562261 5.785511632474685 -0.6700433775202708 1.590465364884991 -0.5070087616291326 -3.565209570562619
52731 10562261 5.785124877573495 -0.6692024402846285 1.5904111434717856 -0.5070087616291326 -3.565209570562619
52732 10562261 5.784738122672306 -0.6683615030489863 1.5903569220585803 -0.5070087616291326 -3.565209570562619
52733 10562261 5.784351367771117 -0.6675205658133441 1.590302700645375 -0.5070087616291326 -3.565209570562619
52734 10562261 5.783964612869927 -0.6666796285777019 1.5902484792321696 -0.5070087616291326 -3.565209570562619
52735 10562261 5.783577857968737 -0.6658386913420598 1.5901942578189643 -0.5070087616291326 -3.565209570562619
52736 10562261 5.783191103067548 -0.6649977541064175 1.5901400364057587 -0.5070087616291326 -3.565209570562619
52737 10562261 5.7828043481663585 -0.6641568168707753 1.5900858149925534 -0.5070087616291326 -3.565209570562619
52738 10562261 5.782417593265169 -0.663315879635133 1.590031593579348 -0.5070087616291326 -3.565209570562619
52739 10562261 5.78203083836398 -0.6624749423994909 1.5899773721661428 -0.5070087616291326 -3.565209570562619
52740 10562261 5.78164408346279 -0.6616340051638487 1.5899231507529374 -0.5070087616291326 -3.565209570562619
52741 10562261 5.7812573285616 -0.6607930679282065 1.5898689293397321 -0.3621491154493803 -2.546578264687585
52742 10562261 5.780870573660411 -0.6599521306925643 1.5898147079265266 -0.3621491154493803 -2.546578264687585
52743 10562261 5.780483818759222 -0.6591111934569222 1.5897604865133212 -0.3621491154493803 -2.546578264687585
52744 10562261 5.780097063858031 -0.6582702562212799 1.589706265100116 -0.3621491154493803 -2.546578264687585
52745 10562261 5.779710308956842 -0.6574293189856377 1.5896520436869106 -0.3621491154493803 -2.546578264687585
52746 10562261 5.779323554055653 -0.6565883817499956 1.5895978222737053 -0.3621491154493803 -2.546578264687585
52747 10562261 5.778936799154463 -0.6557474445143533 1.5895436008605 -0.3621491154493803 -2.546578264687585
52748 10562261 5.778550044253274 -0.6549065072787111 1.5894893794472944 -0.3621491154493803 -2.546578264687585
52749 10562261 5.778163289352084 -0.6540655700430689 1.589435158034089 -0.3621491154493803 -2.546578264687585
52750 10562261 5.7777765344508945 -0.6532246328074267 1.5893809366208838 -0.3621491154493803 -2.546578264687585
52751 10562261 5.777389779549705 -0.6523836955717845 1.5893267152076784 -0.3621491154493803 -2.546578264687585
