58735 10562261 3.4350294597951176 4.291958821112251 1.26492 -0.6390847452722221 -1.956002787820186
58736 10562261 3.4068105637995725 4.22185200584796 1.26492 -0.6390847452722221 -1.956002787820186
58737 10562261 3.3891948316178757 4.1679086850910325 1.26492 -0.6390847452722221 -1.956002787820186
58738 10562261 3.3608579818407067 4.0811348993724845 1.26492 -0.6390847452722221 -1.956002787820186
58739 10562261 3.3465588389722734 4.045500934774971 1.2687300000000001 -0.6390847452722221 -1.956002787820186
58740 10562261 3.33225969610384 4.009866970177457 1.27254 -0.6390847452722221 -1.956002787820186
58741 10562261 3.305474084278914 3.9278436138493924 1.27254 -1.2112899144904095 -2.269138511209445
58742 10562261 3.281736368490817 3.8714602988353843 1.27254 -1.2112899144904095 -2.269138511209445
58743 10562261 3.268843398590374 3.8319793189297546 1.27635 -1.2112899144904095 -2.269138511209445
58744 10562261 3.255950428689931 3.792498339024125 1.2801600000000002 -1.2112899144904095 -2.269138511209445
58745 10562261 3.2316504673857107 3.7354808981612666 1.2801600000000002 -1.2112899144904095 -2.269138511209445
58746 10562261 3.2123454464828276 3.676365019000365 1.2801600000000002 -1.2112899144904095 -2.269138511209445
58747 10562261 3.181690308467993 3.5993436516735744 1.2801600000000002 -1.2112899144904095 -2.269138511209445
58748 10562261 3.1576279322842575 3.525659965552878 1.2801600000000002 -1.2112899144904095 -2.269138511209445
58749 10562261 3.1329724099159177 3.468641853477089 1.2801600000000002 -1.2112899144904095 -2.269138511209445
58750 10562261 3.1136673096545646 3.409526029360739 1.2801600000000002 -1.2112899144904095 -2.269138511209445
58751 10562261 3.0802181337119983 3.322319077466419 1.2801600000000002 -1.2112899144904095 -2.269138511209445
58752 10562261 3.061257734740302 3.2642589193146385 1.2801600000000002 -1.2112899144904095 -2.269138511209445
58753 10562261 3.0489053255110203 3.2271131224717475 1.2801600000000002 -1.2112899144904095 -2.269138511209445
58754 10562261 3.036552916281739 3.1899673256288565 1.2801600000000002 -1.2112899144904095 -2.269138511209445
58755 10562261 3.013836073203196 3.1353535179977814 1.2801600000000002 -1.2112899144904095 -2.269138511209445
58756 10562261 2.9927980331765998 3.07364946203835 1.2801600000000002 -1.2112899144904095 -2.269138511209445
58757 10562261 2.9728125930549965 3.009732522793234 1.2801600000000002 -1.2112899144904095 -2.269138511209445
58758 10562261 2.941535908171808 2.9166760259628184 1.2801600000000002 -1.2112899144904095 -2.269138511209445
58759 10562261 2.917530710621202 2.856758719537641 1.2801600000000002 -1.2112899144904095 -2.269138511209445
58760 10562261 2.908631916381623 2.830868216273339 1.28397 -1.2112899144904095 -2.269138511209445
58761 10562261 2.8997331221420444 2.8049777130090368 1.28778 -1.2112899144904095 -2.269138511209445
58762 10562261 2.8740847785582933 2.726438260601969 1.28778 -1.2112899144904095 -2.269138511209445
58763 10562261 2.8612261343916323 2.687062974456094 1.28778 -1.2112899144904095 -2.269138511209445
58764 10562261 2.8259041721116622 2.5952107653273533 1.28778 -1.2112899144904095 -2.269138511209445
58765 10562261 2.7990929372490885 2.510392270118211 1.28778 -1.2112899144904095 -2.269138511209445
58766 10562261 2.787206217146939 2.482148125466856 1.28778 -1.2112899144904095 -2.269138511209445
58767 10562261 2.775319497044789 2.4539039808155008 1.28778 -1.2112899144904095 -2.269138511209445
58768 10562261 2.7453273843629917 2.3620635844958846 1.28778 -1.2112899144904095 -2.269138511209445
58769 10562261 2.716865376265785 2.2912187055399857 1.28778 -1.2112899144904095 -2.269138511209445
58770 10562261 2.706366788145317 2.2645072229636125 1.28778 -1.2112899144904095 -2.269138511209445
58771 10562261 2.6759264417285866 2.1712945562726005 1.28778 -1.2112899144904095 -2.269138511209445
58772 10562261 2.6655829479872497 2.1450581294012316 1.28778 -1.2112899144904095 -2.269138511209445
58773 10562261 2.655239454245913 2.1188217025298632 1.28778 -1.2112899144904095 -2.269138511209445
58774 10562261 2.6362788534839314 2.0607617386625945 1.28778 -1.2112899144904095 -2.269138511209445
58775 10562261 2.6094582248499876 1.9786332901987074 1.28778 -1.2112899144904095 -2.269138511209445
58776 10562261 2.574286038545181 1.8886014507996365 1.28778 -1.2112899144904095 -2.269138511209445
58777 10562261 2.5555699625009876 1.8353681660281718 1.28778 -1.2112899144904095 -2.269138511209445
58778 10562261 2.53309297976197 1.7665407715630634 1.2801600000000002 -1.2112899144904095 -2.269138511209445
58779 10562261 2.5226710740726688 1.7427832286612377 1.2801600000000002 -1.2112899144904095 -2.269138511209445
58780 10562261 2.5122491683833674 1.719025685759412 1.2801600000000002 -1.2112899144904095 -2.269138511209445
58781 10562261 2.4920674060609183 1.6534206892797594 1.2801600000000002 -1.2112899144904095 -2.269138511209445
58782 10562261 2.4703977760479745 1.5908716706878416 1.2801600000000002 -1.2112899144904095 -2.269138511209445
58783 10562261 2.437979904868083 1.505197397861004 1.2801600000000002 -1.2112899144904095 -2.269138511209445
58784 10562261 2.4205487943667965 1.4681331915082163 1.2801600000000002 -1.2112899144904095 -2.269138511209445
58785 10562261 2.3903056466666213 1.3782440891577954 1.2801600000000002 -1.2112899144904095 -2.269138511209445
58786 10562261 2.3699879715041234 1.3296226542297938 1.2801600000000002 -1.2112899144904095 -2.269138511209445
58787 10562261 2.3540687611970705 1.2835951528919778 1.2801600000000002 -1.2112899144904095 -2.269138511209445
58788 10562261 2.338149550890018 1.2375676515541616 1.2801600000000002 -1.2112899144904095 -2.269138511209445
58789 10562261 2.318844016855964 1.1784522116476503 1.2801600000000002 -1.2112899144904095 -2.269138511209445
58790 10562261 2.2862627760382956 1.0895603612460185 1.2801600000000002 -1.2112899144904095 -2.269138511209445
58791 10562261 2.2674899819992653 1.0375138989095891 1.2801600000000002 -1.2112899144904095 -2.269138511209445
58792 10562261 2.2353255272882313 0.9390234115285397 1.2801600000000002 -1.2112899144904095 -2.269138511209445
58793 10562261 2.21612338470651 0.8802247037693077 1.2801600000000002 -1.2112899144904095 -2.269138511209445
58794 10562261 2.206175937548555 0.855202458798121 1.2801600000000002 -1.2112899144904095 -2.269138511209445
58795 10562261 2.1962284903905998 0.8301802138269342 1.2801600000000002 -1.2112899144904095 -2.269138511209445
58796 10562261 2.1663081398844932 0.7276858925079053 1.2801600000000002 -1.2112899144904095 -2.269138511209445
58797 10562261 2.1425865373458794 0.6659239282715638 1.2801600000000002 -1.2112899144904095 -2.269138511209445
58798 10562261 2.122074354638346 0.603113856571793 1.2801600000000002 -1.2112899144904095 -2.269138511209445
58799 10562261 2.1054611617566295 0.54136691224331 1.2801600000000002 -1.2112899144904095 -2.269138511209445
58800 10562261 2.0890014441035 0.48552775215975064 1.2801600000000002 -1.2112899144904095 -2.269138511209445
58801 10562261 2.07002168366291 0.4328480085383808 1.2801600000000002 -1.2112899144904095 -2.269138511209445
58802 10562261 2.0543204256220893 0.37933123904114585 1.2801600000000002 -1.2112899144904095 -2.269138511209445
58803 10562261 2.0251243302434316 0.27905373125314636 1.2801600000000002 -1.2112899144904095 -2.269138511209445
58804 10562261 2.01134419567222 0.23413848567946044 1.28397 -1.2112899144904095 -2.269138511209445
58805 10562261 1.9975640611010084 0.18922324010577454 1.28778 -1.2112899144904095 -2.269138511209445
58806 10562261 1.9786033135889893 0.13116352923632554 1.28778 -1.2112899144904095 -2.269138511209445
58807 10562261 1.959677041911616 0.07320938703379062 1.28778 -1.2112899144904095 -2.269138511209445
58808 10562261 1.9472450802871328 0.021545524974853403 1.28778 -1.2112899144904095 -2.269138511209445
58809 10562261 1.9338163813259714 -0.029091892396656424 1.28778 -1.2112899144904095 -2.269138511209445
58810 10562261 1.9203876823648103 -0.07972930976816625 1.28778 -1.2112899144904095 -2.269138511209445
58811 10562261 1.8959361136492352 -0.15188354427341774 1.28778 -1.2112899144904095 -2.269138511209445
58812 10562261 1.8844994611293393 -0.20702659412075683 1.28778 -1.2112899144904095 -2.269138511209445
58813 10562261 1.8545072180905469 -0.2988665013443508 1.2954 -1.2112899144904095 -2.269138511209445
58814 10562261 1.8479412996408275 -0.3252266483780203 1.2954 -1.2112899144904095 -2.269138511209445
58815 10562261 1.8413753811911082 -0.3515867954116898 1.2954 -1.2112899144904095 -2.269138511209445
58816 10562261 1.8204230978932627 -0.4375004461349947 1.2954 -1.2112899144904095 -2.269138511209445
58817 10562261 1.8077407033078638 -0.48721332447009447 1.2954 -1.2112899144904095 -2.269138511209445
58818 10562261 1.793717843620136 -0.5519088307022776 1.2954 -1.2112899144904095 -2.269138511209445
58819 10562261 1.7683244777335678 -0.643264566865079 1.2954 -1.2112899144904095 -2.269138511209445
58820 10562261 1.7539378638437328 -0.7036356985136077 1.28778 -1.2112899144904095 -2.269138511209445
58821 10562261 1.7387680858987453 -0.7691248311570197 1.28778 -1.2112899144904095 -2.269138511209445
58822 10562261 1.7273063930190462 -0.8117013533161604 1.28778 -1.2112899144904095 -2.269138511209445
58823 10562261 1.715844700139347 -0.8542778754753012 1.28778 -1.2112899144904095 -2.269138511209445
58824 10562261 1.70140072238935 -0.9150975244607006 1.28778 -1.2112899144904095 -2.269138511209445
58825 10562261 1.6793829696959715 -1.0010135705181666 1.28778 -1.2112899144904095 -2.269138511209445
58826 10562261 1.665398644190804 -1.0606982722007146 1.28778 -1.2112899144904095 -2.269138511209445
58827 10562261 1.6516093895835469 -1.1203298457456226 1.28778 -1.2112899144904095 -2.269138511209445
58828 10562261 1.635155040932902 -1.1870349042502115 1.28778 -1.2112899144904095 -2.269138511209445
58829 10562261 1.627944859181881 -1.2172733261976854 1.28778 -1.2112899144904095 -2.269138511209445
58830 10562261 1.62073467743086 -1.2475117481451592 1.28778 -1.2112899144904095 -2.269138511209445
58831 10562261 1.6087027268457192 -1.3033947898174132 1.28778 -1.2112899144904095 -2.269138511209445
58832 10562261 1.5888261386007803 -1.3778606218741076 1.28778 -1.2112899144904095 -2.269138511209445
58833 10562261 1.568565978053071 -1.442621893385801 1.28778 -1.2112899144904095 -2.269138511209445
58834 10562261 1.554076979504091 -1.5033099267059633 1.2954 -1.2112899144904095 -2.269138511209445
58835 10562261 1.5368549915816767 -1.569647423371255 1.2954 -1.2112899144904095 -2.269138511209445
58836 10562261 1.522779826344841 -1.6290687304848086 1.2954 -1.2112899144904095 -2.269138511209445
58837 10562261 1.5123685731026062 -1.679990399859453 1.2954 -1.2112899144904095 -2.269138511209445
58838 10562261 1.4931675078597122 -1.738789183036136 1.2954 -1.2112899144904095 -2.269138511209445
58839 10562261 1.4828052955301432 -1.8031611985811589 1.2954 -1.2112899144904095 -2.269138511209445
58840 10562261 1.4618904989512727 -1.8699282307055112 1.2954 -1.2112899144904095 -2.269138511209445
58841 10562261 1.4489532968767196 -1.9258660253927664 1.2954 -1.2112899144904095 -2.269138511209445
58842 10562261 1.4419558276004243 -1.9559986210619897 1.2954 -1.2112899144904095 -2.269138511209445
58843 10562261 1.434958358324129 -1.986131216731213 1.2954 -1.2112899144904095 -2.269138511209445
58844 10562261 1.4183121841462452 -2.049619341669809 1.2954 -1.2112899144904095 -2.269138511209445
58845 10562261 1.4058823100821893 -2.1203253037663794 1.2954 -1.2112899144904095 -2.269138511209445
58846 10562261 1.3845185933500503 -2.209141532015797 1.2954 -1.2112899144904095 -2.269138511209445
58847 10562261 1.3590263228935076 -2.2975441277082904 1.2954 -1.2112899144904095 -2.269138511209445
58848 10562261 1.3447640381506236 -2.3646143402293904 1.2954 -1.2112899144904095 -2.269138511209445
58849 10562261 1.3349028456800232 -2.408414261810363 1.29159 -1.2112899144904095 -2.269138511209445
58850 10562261 1.3250416532094227 -2.4522141833913356 1.28778 -1.2112899144904095 -2.269138511209445
58851 10562261 1.3102141370833045 -2.5057823120285336 1.28778 -1.2112899144904095 -2.269138511209445
58852 10562261 1.2894087587733392 -2.6021404285797036 1.28778 -1.2112899144904095 -2.269138511209445
58853 10562261 1.274921342178028 -2.6628287888234987 1.28778 -1.2112899144904095 -2.269138511209445
58854 10562261 1.266215020987779 -2.693571506668837 1.28778 -1.2112899144904095 -2.269138511209445
58855 10562261 1.2575086997975298 -2.7243142245141754 1.28778 -1.2112899144904095 -2.269138511209445
58856 10562261 1.2372700052446672 -2.813497679046021 1.28778 -1.2112899144904095 -2.269138511209445
58857 10562261 1.2227828674504508 -2.874186096578179 1.28778 -1.2112899144904095 -2.269138511209445
58858 10562261 1.20036753118496 -2.95915415990522 1.28778 -1.2112899144904095 -2.269138511209445
58859 10562261 1.1901055689840505 -3.0028231412321986 1.28778 -1.2112899144904095 -2.269138511209445
58860 10562261 1.179843606783141 -3.0464921225591772 1.28778 -1.2112899144904095 -2.269138511209445
58861 10562261 1.1657014827174903 -3.106124966990367 1.28778 -1.2112899144904095 -2.269138511209445
58862 10562261 1.151114959055549 -3.1605894461723083 1.28778 -1.2112899144904095 -2.269138511209445
58863 10562261 1.1411593748559783 -3.210666701640534 1.28778 -1.2112899144904095 -2.269138511209445
58864 10562261 1.1312037906564076 -3.2607439571087595 1.28778 -1.2112899144904095 -2.269138511209445
58865 10562261 1.118430792080812 -3.313464206339612 1.28778 -1.2112899144904095 -2.269138511209445
58866 10562261 1.0998179272087398 -3.389510526743042 1.2954 -1.2112899144904095 -2.269138511209445
58867 10562261 1.0808416475292548 -3.480274225731712 1.2954 -1.2112899144904095 -2.269138511209445
58868 10562261 1.0690432345082757 -3.534364050731444 1.2954 -1.2112899144904095 -2.269138511209445
58869 10562261 1.0628691804527979 -3.5606182963630673 1.2954 -1.2112899144904095 -2.269138511209445
58870 10562261 1.05669512639732 -3.5868725419946905 1.2954 -1.2112899144904095 -2.269138511209445
58871 10562261 1.032695406689115 -3.6766967896567553 1.2954 -1.2112899144904095 -2.269138511209445
58872 10562261 1.019898489707693 -3.7322128307980558 1.30302 -1.2112899144904095 -2.269138511209445
58873 10562261 0.9987615393236458 -3.8323173579801226 1.30302 -1.2112899144904095 -2.269138511209445
58874 10562261 0.9846550071906177 -3.891844872751395 1.30302 -1.2112899144904095 -2.269138511209445
58875 10562261 0.9705830265640258 -3.9512668407051366 1.30302 -1.2112899144904095 -2.269138511209445
58876 10562261 0.9580906664049533 -4.006531821012157 1.30302 -1.2112899144904095 -2.269138511209445
58877 10562261 0.9455983062458808 -4.0617968013191765 1.30302 -1.2112899144904095 -2.269138511209445
58878 10562261 0.9379805893504276 -4.085126417981084 1.30302 -1.2112899144904095 -2.269138511209445
58879 10562261 0.9192229629180129 -4.177947236867164 1.30302 -1.2112899144904095 -2.269138511209445
58880 10562261 0.9099872418526521 -4.213715428167222 1.30302 -1.2112899144904095 -2.269138511209445
58881 10562261 0.9007515207872914 -4.249483619467281 1.30302 -1.2112899144904095 -2.269138511209445
58882 10562261 0.8866455698587479 -4.3090112550789845 1.30302 -1.2112899144904095 -2.269138511209445
58883 10562261 0.8725397009630276 -4.368538907721469 1.30302 -1.2112899144904095 -2.269138511209445
58884 10562261 0.8593504218361503 -4.430702211365194 1.30302 -1.2112899144904095 -2.269138511209445
58885 10562261 0.8450379195777422 -4.490863285427685 1.30302 -1.2112899144904095 -2.269138511209445
58886 10562261 0.8321731845986433 -4.546590688929917 1.30302 -1.2112899144904095 -2.269138511209445
58887 10562261 0.8144751109076025 -4.6334491262779 1.30302 -1.2112899144904095 -2.269138511209445
58888 10562261 0.8091489846706938 -4.663367893158156 1.30302 -1.2112899144904095 -2.269138511209445
58889 10562261 0.7847924863130717 -4.759734064223919 1.30302 -1.2112899144904095 -2.269138511209445
58890 10562261 0.7704115289617861 -4.8201063671107205 1.30302 -1.2112899144904095 -2.269138511209445
