60846 10866934 1.8960512261135816 -4.744357685368552 0.61722 -0.7988559315902777 -2.445003484775232
60847 10866934 1.9104843998791574 -4.708300279718535 0.61722 -0.7988559315902777 -2.445003484775232
60848 10866934 1.920062437991426 -4.678952090236684 0.61722 -0.7988559315902777 -2.445003484775232
60849 10866934 1.9393907823852419 -4.619727861782698 0.61722 -0.7988559315902777 -2.445003484775232
60850 10866934 1.9554116039188545 -4.570638256244057 0.61722 -0.7988559315902777 -2.445003484775232
60851 10866934 1.9682732417296092 -4.533951139117387 0.61722 -0.7988559315902777 -2.445003484775232
60852 10866934 1.9842146322975796 -4.482382525252923 0.61722 -0.7988559315902777 -2.445003484775232
60853 10866934 2.0077568083142543 -4.412968985490589 0.6248400000000001 -0.7988559315902777 -2.445003484775232
60854 10866934 2.0208581281005227 -4.379630848956999 0.62103 -0.7988559315902777 -2.445003484775232
60855 10866934 2.0339594478867906 -4.346292712423408 0.61722 -0.7988559315902777 -2.445003484775232
60856 10866934 2.048429843004114 -4.301953683900857 0.61722 -0.7988559315902777 -2.445003484775232
60857 10866934 2.0629002390933078 -4.25761465211493 0.61722 -0.7988559315902777 -2.445003484775232
60858 10866934 2.072547170359427 -4.228055295777772 0.6248400000000001 -0.7988559315902777 -2.445003484775232
60859 10866934 2.0898876813754836 -4.177644147218762 0.61722 -0.7988559315902777 -2.445003484775232
60860 10866934 2.1214753364931305 -4.097189118259991 0.61722 -0.7988559315902777 -2.445003484775232
60861 10866934 2.1369454522836886 -4.048153365485633 0.61722 -0.7988559315902777 -2.445003484775232
60862 10866934 2.1514158216413204 -4.0038143043323435 0.61722 -0.7988559315902777 -2.445003484775232
60863 10866934 2.165678860070316 -3.9617438410794397 0.61722 -0.7988559315902777 -2.445003484775232
60864 10866934 2.1766996022144856 -3.908919724064424 0.61722 -0.7988559315902777 -2.445003484775232
60865 10866934 2.1911700069189752 -3.864580663339321 0.61722 -0.7988559315902777 -2.445003484775232
60866 10866934 2.1964497079359875 -3.8415977173232463 0.61722 -0.7988559315902777 -2.445003484775232
60867 10866934 2.2017294089529993 -3.818614771307172 0.61722 -0.7988559315902777 -2.445003484775232
60868 10866934 2.21525915958398 -3.774435966318142 0.61722 -0.7988559315902777 -2.445003484775232
60869 10866934 2.229959396687888 -3.699449980037074 0.61722 -0.7988559315902777 -2.445003484775232
60870 10866934 2.240108733560744 -3.6465750565591244 0.61722 -0.7988559315902777 -2.445003484775232
60871 10866934 2.249555460276064 -3.6012973215712543 0.61722 -0.7988559315902777 -2.445003484775232
60872 10866934 2.2609316619350395 -3.5501077298231736 0.61722 -0.7988559315902777 -2.445003484775232
60873 10866934 2.2634636867643936 -3.528739514456038 0.6096 -0.7988559315902777 -2.445003484775232
60874 10866934 2.277719923178995 -3.446950174075535 0.61722 -0.7988559315902777 -2.445003484775232
60875 10866934 2.287270307241834 -3.4013557942392034 0.61722 -0.7988559315902777 -2.445003484775232
60876 10866934 2.288896290136681 -3.380042300521641 0.61722 -0.7988559315902777 -2.445003484775232
60877 10866934 2.2961313238698713 -3.3306550959787327 0.61722 -0.7988559315902777 -2.445003484775232
60878 10866934 2.3053595428519102 -3.2601910213269485 0.61722 -0.7988559315902777 -2.445003484775232
60879 10866934 2.3146122083980982 -3.2141489964394814 0.61722 -0.7988559315902777 -2.445003484775232
60880 10866934 2.3186192413989706 -3.1773754415696 0.61722 -0.7988559315902777 -2.445003484775232
60881 10866934 2.322626274399843 -3.1406018866997187 0.61722 -0.7988559315902777 -2.445003484775232
60882 10866934 2.32811509610705 -3.072071261540624 0.61722 -0.7988559315902777 -2.445003484775232
60883 10866934 2.335467836062773 -3.044099357415399 0.61722 -0.7988559315902777 -2.445003484775232
60884 10866934 2.3380436402000155 -3.002186077445827 0.61722 -0.7988559315902777 -2.445003484775232
60885 10866934 2.343658750706976 -2.9346311047710603 0.6096 -0.7988559315902777 -2.445003484775232
60886 10866934 2.3472807537565052 -2.9009441967693568 0.6096 -0.7988559315902777 -2.445003484775232
60887 10866934 2.3509027568060343 -2.8672572887676533 0.6096 -0.7988559315902777 -2.445003484775232
60888 10866934 2.3543657895756187 -2.8302476747324254 0.60579 -0.7988559315902777 -2.445003484775232
60889 10866934 2.357828822345203 -2.793238060697197 0.6019800000000001 -0.7988559315902777 -2.445003484775232
60890 10866934 2.359438336667426 -2.771977489052 0.6019800000000001 -0.7988559315902777 -2.445003484775232
60891 10866934 2.3610478509896486 -2.7507169174068027 0.6019800000000001 -0.7988559315902777 -2.445003484775232
60892 10866934 2.3684014824582924 -2.671580457322393 0.5969000000000001 -0.7988559315902777 -2.445003484775232
60893 10866934 2.375755113926936 -2.592443997237983 0.59182 -0.7988559315902777 -2.445003484775232
60894 10866934 2.38310874539558 -2.5133075371535734 0.58674 -0.7988559315902777 -2.445003484775232
60895 10866934 2.382248670962012 -2.463964587213615 0.58674 -0.7988559315902777 -2.445003484775232
60896 10866934 2.3847676624802596 -2.424407743628787 0.5842 -0.7988559315902777 -2.445003484775232
60897 10866934 2.387286653998507 -2.384850900043959 0.58166 -0.7988559315902777 -2.445003484775232
60898 10866934 2.3898056455167547 -2.345294056459131 0.57912 -0.7988559315902777 -2.445003484775232
60899 10866934 2.3949368205181676 -2.288210876473281 0.57531 -0.7988559315902777 -2.445003484775232
60900 10866934 2.4000679955195805 -2.2311276964874303 0.5715 -0.7988559315902777 -2.445003484775232
60901 10866934 2.402696810859264 -2.191100400299544 0.5695950000000001 -0.7988559315902777 -2.445003484775232
60902 10866934 2.4053256261989477 -2.1510731041116573 0.56769 -0.7988559315902777 -2.445003484775232
60903 10866934 2.4079544415386316 -2.1110458079237713 0.565785 -0.7988559315902777 -2.445003484775232
60904 10866934 2.410583256878315 -2.071018511735885 0.56388 -0.7988559315902777 -2.445003484775232
60905 10866934 2.412063410375082 -1.9780492452045821 0.56388 -0.7988559315902777 -2.445003484775232
60906 10866934 2.413369761892013 -1.9574488487228952 0.56388 -0.7988559315902777 -2.445003484775232
60907 10866934 2.4175616703544076 -1.878214338736148 0.55626 -0.7988559315902777 -2.445003484775232
60908 10866934 2.4184744473116293 -1.8427666534854117 0.55626 -0.7988559315902777 -2.445003484775232
60909 10866934 2.419387224268851 -1.807318968234675 0.55626 -0.7988559315902777 -2.445003484775232
60910 10866934 2.421119574410827 -1.7509950940873444 0.55245 -0.7988559315902777 -2.445003484775232
60911 10866934 2.4223501696165926 -1.7060721804277101 0.5505450000000001 -0.7988559315902777 -2.445003484775232
60912 10866934 2.423580764822358 -1.6611492667680758 0.54864 -0.7988559315902777 -2.445003484775232
60913 10866934 2.4240190117489098 -1.5917867126604424 0.54102 -0.7988559315902777 -2.445003484775232
60914 10866934 2.4245644246410327 -1.5370611105991885 0.54102 -0.7988559315902777 -2.445003484775232
60915 10866934 2.426809546062772 -1.4782176538951528 0.54102 -0.7988559315902777 -2.445003484775232
60916 10866934 2.421699638136962 -1.4274866815041356 0.5334 -0.7988559315902777 -2.445003484775232
60917 10866934 2.422509227723099 -1.3733144461935736 0.5334 -0.7988559315902777 -2.445003484775232
60918 10866934 2.4234623176790633 -1.3295856998794513 0.5334 -0.7988559315902777 -2.445003484775232
60919 10866934 2.421309073806183 -1.2940129851222808 0.52959 -0.7988559315902777 -2.445003484775232
60920 10866934 2.4191558299333025 -1.2584402703651103 0.52578 -0.7988559315902777 -2.445003484775232
60921 10866934 2.422103510267508 -1.2167643793947152 0.52578 -0.7988559315902777 -2.445003484775232
60922 10866934 2.4218555999479756 -1.1685548747147065 0.5181600000000001 -0.7988559315902777 -2.445003484775232
60923 10866934 2.417516202100172 -1.1165564983251806 0.5181600000000001 -0.7988559315902777 -2.445003484775232
60924 10866934 2.4157079668433 -1.0704075114564089 0.5181600000000001 -0.7988559315902777 -2.445003484775232
60925 10866934 2.418032720597686 -0.9966370474745926 0.51054 -0.7988559315902777 -2.445003484775232
60926 10866934 2.413637241672271 -0.9244107712901842 0.51054 -0.7988559315902777 -2.445003484775232
60927 10866934 2.4111405039660427 -0.8803732061205819 0.50292 -0.7988559315902777 -2.445003484775232
60928 10866934 2.411152563071456 -0.8408927928725058 0.50292 -0.7988559315902777 -2.445003484775232
60929 10866934 2.4111646221768694 -0.8014123796244298 0.50292 -0.7988559315902777 -2.445003484775232
60930 10866934 2.4068555473363524 -0.7591193940866066 0.50292 -0.7988559315902777 -2.445003484775232
60931 10866934 2.4087659731357203 -0.7097450727482996 0.50292 -0.7988559315902777 -2.445003484775232
60932 10866934 2.4032235272091205 -0.6598066274198271 0.4953 -0.7988559315902777 -2.445003484775232
60933 10866934 2.3981039994592903 -0.5938852949866463 0.4953 -0.7988559315902777 -2.445003484775232
60934 10866934 2.3945619918631107 -0.5734538990825642 0.4953 -0.7988559315902777 -2.445003484775232
60935 10866934 2.391019984266931 -0.553022503178482 0.4953 -0.7988559315902777 -2.445003484775232
60936 10866934 2.383561136950644 -0.5067804536392101 0.48768 -0.7988559315902777 -2.445003484775232
60937 10866934 2.3719295915573646 -0.4591759931928898 0.48768 -0.7988559315902777 -2.445003484775232
60938 10866934 2.358185099600793 -0.41695613879129534 0.48006 -0.7988559315902777 -2.445003484775232
60939 10866934 2.3416250800373595 -0.36704143193818517 0.48006 -0.7988559315902777 -2.445003484775232
60940 10866934 2.321847603009081 -0.32834206276900957 0.48006 -0.7988559315902777 -2.445003484775232
60941 10866934 2.291923675051413 -0.2706758843534165 0.47243999999999997 -0.7988559315902777 -2.445003484775232
60942 10866934 2.265666320581844 -0.23523408691180211 0.47243999999999997 -0.7988559315902777 -2.445003484775232
60943 10866934 2.2261606421621347 -0.1903261726242609 0.46482000000000007 -0.7988559315902777 -2.445003484775232
60944 10866934 2.2099705239345555 -0.17300726926045348 0.46482000000000007 -0.7988559315902777 -2.445003484775232
60945 10866934 2.1582994160379734 -0.12891601070083056 0.46482000000000007 -0.7988559315902777 -2.445003484775232
60946 10866934 2.1239872171336884 -0.10345968708157202 0.45720000000000005 -0.7988559315902777 -2.445003484775232
60947 10866934 2.086654159403837 -0.08589503401900186 0.45720000000000005 -0.7988559315902777 -2.445003484775232
60948 10866934 2.0509069484542 -0.06347425402428225 0.45720000000000005 -0.7988559315902777 -2.445003484775232
60949 10866934 2.0336544013067015 -0.057840320019228134 0.45339000000000007 -0.7988559315902777 -2.445003484775232
60950 10866934 2.016401854159203 -0.05220638601417402 0.44958000000000004 -0.7988559315902777 -2.445003484775232
60951 10866934 1.987079955529934 -0.040294556466834025 0.44958000000000004 -0.7988559315902777 -2.445003484775232
60952 10866934 1.932834940983892 -0.022579851874800633 0.44196 -0.7988559315902777 -2.445003484775232
60953 10866934 1.8954258411995872 -0.01585356817950892 0.44196 -0.7988559315902777 -2.445003484775232
60954 10866934 1.8606000051400877 -0.004480112781543116 0.43434000000000006 -0.7988559315902777 -2.445003484775232
60955 10866934 1.8174347877405743 0.002023662006437582 0.43434000000000006 -0.7988559315902777 -2.445003484775232
60956 10866934 1.7867792989716946 0.008764496616565032 0.43434000000000006 -0.7988559315902777 -2.445003484775232
60957 10866934 1.7356242109438147 0.017995054962219204 0.42672000000000004 -0.7988559315902777 -2.445003484775232
60958 10866934 1.7017089751879366 0.020193431034989856 0.41910000000000003 -0.7988559315902777 -2.445003484775232
60959 10866934 1.66909442551222 0.029093327723878237 0.41910000000000003 -0.7988559315902777 -2.445003484775232
60960 10866934 1.6330382599166962 0.035612791609017036 0.41148 -0.7988559315902777 -2.445003484775232
60961 10866934 1.6101611075981104 0.0403396168925777 0.40767 -0.7988559315902777 -2.445003484775232
60962 10866934 1.5872839552795246 0.045066442176138366 0.40386 -0.7988559315902777 -2.445003484775232
60963 10866934 1.5553747583607433 0.04661028567764405 0.40386 -0.7988559315902777 -2.445003484775232
60964 10866934 1.5235595795861523 0.05116096504397161 0.39624000000000004 -0.7988559315902777 -2.445003484775232
60965 10866934 1.4782629247387291 0.05929760965255962 0.38862 -0.7988559315902777 -2.445003484775232
60966 10866934 1.4602176142893615 0.06250504900888683 0.38481 -0.7988559315902777 -2.445003484775232
60967 10866934 1.4421723038399938 0.06571248836521404 0.381 -0.7988559315902777 -2.445003484775232
60968 10866934 1.4169396182844636 0.07138462287383983 0.37719 -0.7988559315902777 -2.445003484775232
60969 10866934 1.3917069327289333 0.07705675738246562 0.37338 -0.7988559315902777 -2.445003484775232
60970 10866934 1.3670572283017184 0.08043576052559112 0.37338 -0.7988559315902777 -2.445003484775232
60971 10866934 1.3510882629489935 0.08483439644274882 0.36576 -0.7988559315902777 -2.445003484775232
60972 10866934 1.320293702029468 0.0895199008248881 0.35814000000000007 -0.7988559315902777 -2.445003484775232
60973 10866934 1.3057246671691298 0.0952137056671117 0.35814000000000007 -0.7988559315902777 -2.445003484775232
60974 10866934 1.2837110482363179 0.09714775745029597 0.35052000000000005 -0.7988559315902777 -2.445003484775232
60975 10866934 1.2596946459370288 0.10382500150829363 0.35052000000000005 -0.7988559315902777 -2.445003484775232
60976 10866934 1.2371544689681107 0.10686580962467246 0.34290000000000004 -0.7988559315902777 -2.445003484775232
60977 10866934 1.2140897283060783 0.11346598124394601 0.33528 -0.7988559315902777 -2.445003484775232
60978 10866934 1.1895355518143458 0.12148741221871201 0.33528 -0.7988559315902777 -2.445003484775232
60979 10866934 1.1687255683231497 0.12302861352034217 0.32766 -0.7988559315902777 -2.445003484775232
60980 10866934 1.1553257707349809 0.12822395735679132 0.32766 -0.7988559315902777 -2.445003484775232
60981 10866934 1.1287608831962397 0.1311780461469886 0.32004000000000005 -0.7988559315902777 -2.445003484775232
60982 10866934 1.1208682949567765 0.13352286569281063 0.31623 -0.7988559315902777 -2.445003484775232
60983 10866934 1.1129757067173134 0.13586768523863263 0.31242000000000003 -0.7988559315902777 -2.445003484775232
60984 10866934 1.086915485813861 0.1390075350691129 0.3048 -0.7988559315902777 -2.445003484775232
60985 10866934 1.0724719016040343 0.14372627445121955 0.3048 -0.7988559315902777 -2.445003484775232
60986 10866934 1.050561731998483 0.14597773087109323 0.3048 -0.7988559315902777 -2.445003484775232
60987 10866934 1.0456669655557977 0.14757688117623033 0.3048 -0.7988559315902777 -2.445003484775232
60988 10866934 1.033568256670007 0.1488718580241446 0.30099 -0.7988559315902777 -2.445003484775232
60989 10866934 1.0214695477842162 0.1501668348720589 0.29718 -0.7988559315902777 -2.445003484775232
60990 10866934 1.0093708388984255 0.15146181171997317 0.29337 -0.7988559315902777 -2.445003484775232
60991 10866934 0.9972721300126347 0.15275678856788744 0.28956 -0.7988559315902777 -2.445003484775232
60992 10866934 0.9842609748146924 0.15642359250908067 0.28956 -0.7988559315902777 -2.445003484775232
60993 10866934 0.9778945098470762 0.15324643572309737 0.28956 -0.7988559315902777 -2.445003484775232
60994 10866934 0.9775348923387059 0.15321518404963202 0.2895183606557377 -0.7988559315902777 -2.445003484775232
60995 10866934 0.9771752748303357 0.15318393237616665 0.2894767213114754 -0.7988559315902777 -2.445003484775232
60996 10866934 0.9768156573219655 0.1531526807027013 0.2894350819672131 -0.7988559315902777 -2.445003484775232
60997 10866934 0.9764560398135953 0.15312142902923592 0.2893934426229508 -0.7988559315902777 -2.445003484775232
60998 10866934 0.9760964223052251 0.15309017735577057 0.28935180327868854 -0.7988559315902777 -2.445003484775232
60999 10866934 0.9757368047968548 0.15305892568230522 0.2893101639344262 -0.7988559315902777 -2.445003484775232
61000 10866934 0.9753771872884845 0.15302767400883985 0.28926852459016394 -0.7988559315902777 -2.445003484775232
61001 10866934 0.9750175697801143 0.1529964223353745 0.2892268852459016 -0.7988559315902777 -2.445003484775232
61002 10866934 0.9746579522717441 0.15296517066190912 0.28918524590163935 -0.7988559315902777 -2.445003484775232
61003 10866934 0.9742983347633739 0.15293391898844377 0.28914360655737703 -0.7988559315902777 -2.445003484775232
61004 10866934 0.9739387172550037 0.1529026673149784 0.28910196721311476 -0.7988559315902777 -2.445003484775232
61005 10866934 0.9735790997466335 0.15287141564151305 0.28906032786885244 -0.7988559315902777 -2.445003484775232
61006 10866934 0.9732194822382633 0.1528401639680477 0.2890186885245902 -0.7988559315902777 -2.445003484775232
61007 10866934 0.972859864729893 0.15280891229458232 0.28897704918032785 -0.7988559315902777 -2.445003484775232
61008 10866934 0.9725002472215228 0.15277766062111697 0.2889354098360656 -0.7988559315902777 -2.445003484775232
61009 10866934 0.9721406297131525 0.1527464089476516 0.28889377049180326 -0.7988559315902777 -2.445003484775232
61010 10866934 0.9717810122047823 0.15271515727418625 0.288852131147541 -0.7988559315902777 -2.445003484775232
61011 10866934 0.9714213946964121 0.1526839056007209 0.28881049180327867 -0.7988559315902777 -2.445003484775232
61012 10866934 0.9710617771880419 0.15265265392725552 0.2887688524590164 -0.7988559315902777 -2.445003484775232
61013 10866934 0.9707021596796717 0.15262140225379017 0.2887272131147541 -0.7988559315902777 -2.445003484775232
61014 10866934 0.9703425421713014 0.1525901505803248 0.2886855737704918 -0.7988559315902777 -2.445003484775232
61015 10866934 0.9699829246629312 0.15255889890685945 0.2886439344262295 -0.7988559315902777 -2.445003484775232
61016 10866934 0.969623307154561 0.1525276472333941 0.2886022950819672 -0.7988559315902777 -2.445003484775232
61017 10866934 0.9692636896461908 0.15249639555992872 0.2885606557377049 -0.7988559315902777 -2.445003484775232
61018 10866934 0.9689040721378206 0.15246514388646337 0.28851901639344263 -0.7988559315902777 -2.445003484775232
61019 10866934 0.9685444546294503 0.152433892212998 0.2884773770491803 -0.7988559315902777 -2.445003484775232
61020 10866934 0.96818483712108 0.15240264053953265 0.28843573770491804 -0.7988559315902777 -2.445003484775232
61021 10866934 0.9678252196127098 0.1523713888660673 0.2883940983606557 -0.7988559315902777 -2.445003484775232
61022 10866934 0.9674656021043396 0.15234013719260192 0.28835245901639345 -0.7988559315902777 -2.445003484775232
61023 10866934 0.9671059845959694 0.15230888551913657 0.2883108196721311 -0.7988559315902777 -2.445003484775232
61024 10866934 0.9667463670875992 0.1522776338456712 0.28826918032786886 -0.7988559315902777 -2.445003484775232
61025 10866934 0.966386749579229 0.15224638217220585 0.28822754098360653 -0.7988559315902777 -2.445003484775232
61026 10866934 0.9660271320708588 0.15221513049874047 0.28818590163934427 -0.7988559315902777 -2.445003484775232
61027 10866934 0.9656675145624886 0.15218387882527512 0.28814426229508194 -0.7988559315902777 -2.445003484775232
61028 10866934 0.9653078970541183 0.15215262715180977 0.2881026229508197 -0.7988559315902777 -2.445003484775232
61029 10866934 0.964948279545748 0.1521213754783444 0.28806098360655735 -0.7988559315902777 -2.445003484775232
61030 10866934 0.9645886620373778 0.15209012380487905 0.2880193442622951 -0.7988559315902777 -2.445003484775232
61031 10866934 0.9642290445290076 0.15205887213141367 0.28797770491803276 -0.7988559315902777 -2.445003484775232
61032 10866934 0.9638694270206374 0.15202762045794832 0.2879360655737705 -0.7988559315902777 -2.445003484775232
61033 10866934 0.9635098095122672 0.15199636878448297 0.28789442622950817 -0.7988559315902777 -2.445003484775232
61034 10866934 0.963150192003897 0.1519651171110176 0.2878527868852459 -0.7988559315902777 -2.445003484775232
61035 10866934 0.9627905744955267 0.15193386543755225 0.2878111475409836 -0.7988559315902777 -2.445003484775232
61036 10866934 0.9624309569871565 0.15190261376408687 0.2877695081967213 -0.7988559315902777 -2.445003484775232
61037 10866934 0.9620713394787863 0.15187136209062152 0.287727868852459 -0.7988559315902777 -2.445003484775232
61038 10866934 0.9617117219704161 0.15184011041715617 0.2876862295081967 -0.7988559315902777 -2.445003484775232
61039 10866934 0.9613521044620459 0.1518088587436908 0.2876445901639344 -0.7988559315902777 -2.445003484775232
61040 10866934 0.9609924869536756 0.15177760707022545 0.28760295081967213 -0.7988559315902777 -2.445003484775232
61041 10866934 0.9606328694453053 0.15174635539676007 0.2875613114754098 -0.7988559315902777 -2.445003484775232
61042 10866934 0.9602732519369351 0.15171510372329472 0.28751967213114754 -0.7988559315902777 -2.445003484775232
61043 10866934 0.9599136344285649 0.15168385204982937 0.2874780327868852 -0.7988559315902777 -2.445003484775232
61044 10866934 0.9595540169201947 0.151652600376364 0.28743639344262295 -0.7988559315902777 -2.445003484775232
61045 10866934 0.9591943994118245 0.15162134870289865 0.2873947540983606 -0.7988559315902777 -2.445003484775232
61046 10866934 0.9588347819034543 0.15159009702943327 0.28735311475409836 -0.7988559315902777 -2.445003484775232
61047 10866934 0.9584751643950841 0.15155884535596792 0.28731147540983604 -0.7988559315902777 -2.445003484775232
61048 10866934 0.9581155468867139 0.15152759368250254 0.28726983606557377 -0.7988559315902777 -2.445003484775232
61049 10866934 0.9577559293783435 0.1514963420090372 0.28722819672131145 -0.7988559315902777 -2.445003484775232
61050 10866934 0.9573963118699733 0.15146509033557184 0.2871865573770492 -0.7988559315902777 -2.445003484775232
61051 10866934 0.9570366943616031 0.15143383866210647 0.28714491803278686 -0.7988559315902777 -2.445003484775232
61052 10866934 0.9566770768532329 0.15140258698864112 0.2871032786885246 -0.7988559315902777 -2.445003484775232
61053 10866934 0.9563174593448627 0.15137133531517574 0.28706163934426226 -0.7988559315902777 -2.445003484775232
