61177 10866934 0.9131605233083169 0.1453844763533617 0.28448 -0.6390847452722221 -1.956002787820186
61178 10866934 0.9142365408013087 0.143241573227787 0.28702 -0.6390847452722221 -1.956002787820186
61179 10866934 0.9153125582943005 0.14109867010221228 0.28956 -0.6390847452722221 -1.956002787820186
61180 10866934 0.913710409856211 0.13619500602285664 0.28956 -0.6390847452722221 -1.956002787820186
61181 10866934 0.9121082614181215 0.13129134194350103 0.28956 -0.6390847452722221 -1.956002787820186
61182 10866934 0.910506112980032 0.1263876778641454 0.28956 -0.6390847452722221 -1.956002787820186
61183 10866934 0.9089039645419426 0.12148401378478978 0.28956 -0.6390847452722221 -1.956002787820186
61184 10866934 0.9073018161038531 0.11658034970543416 0.28956 -0.6390847452722221 -1.956002787820186
61185 10866934 0.9056996676657635 0.11167668562607853 0.28956 -0.6390847452722221 -1.956002787820186
61186 10866934 0.904097519227674 0.10677302154672291 0.28956 -0.6390847452722221 -1.956002787820186
61187 10866934 0.9024953707895845 0.10186935746736728 0.28956 -0.6390847452722221 -1.956002787820186
61188 10866934 0.900893222351495 0.09696569338801167 0.28956 -0.6390847452722221 -1.956002787820186
61189 10866934 0.8992910739134056 0.09206202930865603 0.28956 -0.6390847452722221 -1.956002787820186
61190 10866934 0.8976889254753161 0.08715836522930041 0.28956 -0.6390847452722221 -1.956002787820186
61191 10866934 0.876664281296414 0.08614211843567675 0.29032199999999997 -0.6390847452722221 -1.956002787820186
61192 10866934 0.8556396371175121 0.08512587164205308 0.291084 -0.6390847452722221 -1.956002787820186
61193 10866934 0.8346149929386102 0.08410962484842942 0.291846 -0.6390847452722221 -1.956002787820186
61194 10866934 0.8135903487597081 0.08309337805480575 0.292608 -0.6390847452722221 -1.956002787820186
61195 10866934 0.7925657045808061 0.0820771312611821 0.29337 -0.6390847452722221 -1.956002787820186
61196 10866934 0.7715410604019042 0.08106088446755844 0.294132 -0.6390847452722221 -1.956002787820186
61197 10866934 0.7505164162230022 0.08004463767393477 0.294894 -0.6390847452722221 -1.956002787820186
61198 10866934 0.7294917720441002 0.0790283908803111 0.295656 -0.6390847452722221 -1.956002787820186
61199 10866934 0.7084671278651982 0.07801214408668744 0.296418 -0.6390847452722221 -1.956002787820186
61200 10866934 0.6874424836862962 0.07699589729306378 0.29718 -0.6390847452722221 -1.956002787820186
61201 10866934 0.66215886223448 0.07707953648444087 0.29718 -0.6390847452722221 -1.956002787820186
61202 10866934 0.6289544083018535 0.08010196836306263 0.29718 -0.6390847452722221 -1.956002787820186
61203 10866934 0.5959968864088157 0.07708563189283023 0.3048 -0.6390847452722221 -1.956002787820186
61204 10866934 0.5684783574103249 0.07848401217105125 0.31242000000000003 -0.6390847452722221 -1.956002787820186
61205 10866934 0.5360853331405306 0.07855465068148036 0.31242000000000003 -0.6390847452722221 -1.956002787820186
61206 10866934 0.5080021456423227 0.07686657048453886 0.32004000000000005 -0.6390847452722221 -1.956002787820186
61207 10866934 0.4727278986904456 0.0735563389272882 0.32766 -0.6390847452722221 -1.956002787820186
61208 10866934 0.4382633481468047 0.07815967195238434 0.33528 -0.6390847452722221 -1.956002787820186
61209 10866934 0.41343695667358416 0.07692645620573058 0.33909 -0.6390847452722221 -1.956002787820186
61210 10866934 0.38861056520036363 0.07569324045907681 0.34290000000000004 -0.6390847452722221 -1.956002787820186
61211 10866934 0.3671055443909651 0.07647071150250023 0.3467100000000001 -0.6390847452722221 -1.956002787820186
61212 10866934 0.34560052358156657 0.07724818254592367 0.35052000000000005 -0.6390847452722221 -1.956002787820186
61213 10866934 0.30141754438315727 0.07521450067796492 0.35814000000000007 -0.6390847452722221 -1.956002787820186
61214 10866934 0.27292158755200224 0.07389580462178053 0.35814000000000007 -0.6390847452722221 -1.956002787820186
61215 10866934 0.24118589444211636 0.07842603024015854 0.36576 -0.6390847452722221 -1.956002787820186
61216 10866934 0.20803578792198696 0.07862863351502741 0.36576 -0.6390847452722221 -1.956002787820186
61217 10866934 0.1843018582439634 0.08101127488496876 0.37338 -0.6390847452722221 -1.956002787820186
61218 10866934 0.14694456675182688 0.08247233220127442 0.37338 -0.6390847452722221 -1.956002787820186
61219 10866934 0.1149402483525227 0.0818335372855164 0.381 -0.6390847452722221 -1.956002787820186
61220 10866934 0.06641788512703495 0.08717780813050563 0.381 -0.6390847452722221 -1.956002787820186
61221 10866934 0.03924006160000071 0.08554597682686726 0.38862 -0.6390847452722221 -1.956002787820186
61222 10866934 0.007247633230030859 0.08548789420392558 0.38862 -0.6390847452722221 -1.956002787820186
61223 10866934 -0.033114121141740616 0.08699719962654354 0.39624000000000004 -0.6390847452722221 -1.956002787820186
61224 10866934 -0.06484996836781987 0.09152879930620231 0.39624000000000004 -0.6390847452722221 -1.956002787820186
61225 10866934 -0.09858379128870265 0.09320866969507371 0.40386 -0.6390847452722221 -1.956002787820186
61226 10866934 -0.11160350506393019 0.09413470636804133 0.40386 -0.6390847452722221 -1.956002787820186
61227 10866934 -0.12462321883915772 0.09506074304100895 0.40386 -0.6390847452722221 -1.956002787820186
61228 10866934 -0.17390644825917279 0.09644935420056641 0.41148 -0.6390847452722221 -1.956002787820186
61229 10866934 -0.21452601037099184 0.10423599741847653 0.41910000000000003 -0.6390847452722221 -1.956002787820186
61230 10866934 -0.2281511645337173 0.10167992711823612 0.41910000000000003 -0.6390847452722221 -1.956002787820186
61231 10866934 -0.27652937452532744 0.11398927037028198 0.42672000000000004 -0.6390847452722221 -1.956002787820186
61232 10866934 -0.30581784761220265 0.12356352893054709 0.42672000000000004 -0.6390847452722221 -1.956002787820186
61233 10866934 -0.3332686968162901 0.13604217830765578 0.43434000000000006 -0.6390847452722221 -1.956002787820186
61234 10866934 -0.3621734403494796 0.15086556739496929 0.43434000000000006 -0.6390847452722221 -1.956002787820186
61235 10866934 -0.3762590664888815 0.15804060877265955 0.43815000000000004 -0.6390847452722221 -1.956002787820186
61236 10866934 -0.3903446926282834 0.1652156501503498 0.44196 -0.6390847452722221 -1.956002787820186
61237 10866934 -0.42255967569713937 0.19490782374910967 0.44196 -0.6390847452722221 -1.956002787820186
61238 10866934 -0.4403575440272544 0.21626513821206786 0.44577 -0.6390847452722221 -1.956002787820186
61239 10866934 -0.45815541235736945 0.23762245267502605 0.44958000000000004 -0.6390847452722221 -1.956002787820186
61240 10866934 -0.47954688028553893 0.26564591835638374 0.44958000000000004 -0.6390847452722221 -1.956002787820186
61241 10866934 -0.4945068702716966 0.2921510136068744 0.44958000000000004 -0.6390847452722221 -1.956002787820186
61242 10866934 -0.5065780761832321 0.3177117360720142 0.44958000000000004 -0.6390847452722221 -1.956002787820186
61243 10866934 -0.5212289028459416 0.3435317194671468 0.44958000000000004 -0.6390847452722221 -1.956002787820186
61244 10866934 -0.5374888397556474 0.37665423114732444 0.44958000000000004 -0.6390847452722221 -1.956002787820186
61245 10866934 -0.5435308758561767 0.3996013615792415 0.45339000000000007 -0.6390847452722221 -1.956002787820186
61246 10866934 -0.5495729119567059 0.4225484920111585 0.45720000000000005 -0.6390847452722221 -1.956002787820186
61247 10866934 -0.5578128072797484 0.44895984972917413 0.45720000000000005 -0.6390847452722221 -1.956002787820186
61248 10866934 -0.5651208270504398 0.4782210950508088 0.45720000000000005 -0.6390847452722221 -1.956002787820186
61249 10866934 -0.5749308590149209 0.5269939349182169 0.45720000000000005 -0.6390847452722221 -1.956002787820186
61250 10866934 -0.5778557193359164 0.5587945482540612 0.46482000000000007 -0.6390847452722221 -1.956002787820186
61251 10866934 -0.5835068059333666 0.5931222333923601 0.46482000000000007 -0.6390847452722221 -1.956002787820186
61252 10866934 -0.582514530740933 0.6206044515630481 0.46482000000000007 -0.6390847452722221 -1.956002787820186
61253 10866934 -0.5859135575898575 0.6591029159670623 0.46482000000000007 -0.6390847452722221 -1.956002787820186
61254 10866934 -0.5874661401092942 0.6978155380369243 0.46482000000000007 -0.6390847452722221 -1.956002787820186
61255 10866934 -0.5855933584379074 0.7442876650203802 0.47243999999999997 -0.6390847452722221 -1.956002787820186
61256 10866934 -0.5841088274482464 0.7814231290067294 0.47243999999999997 -0.6390847452722221 -1.956002787820186
61257 10866934 -0.5849885687487405 0.7950299682252848 0.47243999999999997 -0.6390847452722221 -1.956002787820186
61258 10866934 -0.5858683100492346 0.8086368074438403 0.47243999999999997 -0.6390847452722221 -1.956002787820186
61259 10866934 -0.5842714950418881 0.8433988886435009 0.48006 -0.6390847452722221 -1.956002787820186
61260 10866934 -0.5786192832450203 0.8959959489402406 0.48006 -0.6390847452722221 -1.956002787820186
61261 10866934 -0.5691499831181117 0.9263146101533063 0.48006 -0.6390847452722221 -1.956002787820186
61262 10866934 -0.5625189060954927 0.9615336904389352 0.48768 -0.6390847452722221 -1.956002787820186
61263 10866934 -0.548076056165721 0.9894082952767175 0.48768 -0.6390847452722221 -1.956002787820186
61264 10866934 -0.5275078601613108 1.019719830959371 0.4953 -0.6390847452722221 -1.956002787820186
61265 10866934 -0.5084739161549716 1.04153673434335 0.4953 -0.6390847452722221 -1.956002787820186
61266 10866934 -0.4698145429727414 1.081004814993439 0.48768 -0.6390847452722221 -1.956002787820186
61267 10866934 -0.4421745435948965 1.098722735555369 0.4953 -0.6390847452722221 -1.956002787820186
61268 10866934 -0.4102021859041898 1.1150242164403805 0.48768 -0.6390847452722221 -1.956002787820186
61269 10866934 -0.3695555818321832 1.126620358381707 0.48768 -0.6390847452722221 -1.956002787820186
61270 10866934 -0.33338665337292883 1.1326705793549487 0.48768 -0.6390847452722221 -1.956002787820186
61271 10866934 -0.3109110967293902 1.1355453057162057 0.48768 -0.6390847452722221 -1.956002787820186
61272 10866934 -0.2884355400858516 1.1384200320774627 0.48768 -0.6390847452722221 -1.956002787820186
61273 10866934 -0.2410591669231208 1.1392293562514233 0.49149 -0.6390847452722221 -1.956002787820186
61274 10866934 -0.19368279376039 1.140038680425384 0.4953 -0.6390847452722221 -1.956002787820186
61275 10866934 -0.15010628465954912 1.1364242671783262 0.4953 -0.6390847452722221 -1.956002787820186
61276 10866934 -0.10746320309422885 1.1283250985058813 0.50292 -0.6390847452722221 -1.956002787820186
61277 10866934 -0.03903248878477927 1.1219604899756066 0.50292 -0.6390847452722221 -1.956002787820186
61278 10866934 0.0006739368685257166 1.11610736925846 0.50546 -0.6390847452722221 -1.956002787820186
61279 10866934 0.04038036252183071 1.1102542485413136 0.508 -0.6390847452722221 -1.956002787820186
61280 10866934 0.0800867881751357 1.104401127824167 0.51054 -0.6390847452722221 -1.956002787820186
61281 10866934 0.10427671372216396 1.1023353846704274 0.51054 -0.6390847452722221 -1.956002787820186
61282 10866934 0.1681291145325553 1.0925623668538078 0.51054 -0.6390847452722221 -1.956002787820186
61283 10866934 0.18662737748200836 1.0914227308158582 0.51054 -0.6390847452722221 -1.956002787820186
61284 10866934 0.20512564043146142 1.0902830947779085 0.51054 -0.6390847452722221 -1.956002787820186
61285 10866934 0.24602610420748894 1.0822883516563373 0.51054 -0.6390847452722221 -1.956002787820186
61286 10866934 0.31283501205664566 1.07096610937103 0.51054 -0.6390847452722221 -1.956002787820186
61287 10866934 0.33785127364834144 1.0697993667915728 0.51054 -0.6390847452722221 -1.956002787820186
61288 10866934 0.4011299840288482 1.0596318032169993 0.51054 -0.6390847452722221 -1.956002787820186
61289 10866934 0.4383895543368881 1.0568004185416755 0.51054 -0.6390847452722221 -1.956002787820186
61290 10866934 0.4805753495666423 1.0500225808295967 0.5181600000000001 -0.6390847452722221 -1.956002787820186
61291 10866934 0.5265913825786469 1.044096131116196 0.51054 -0.6390847452722221 -1.956002787820186
61292 10866934 0.5771197289860446 1.032956732303482 0.51054 -0.6390847452722221 -1.956002787820186
61293 10866934 0.6191714521317141 1.029845263182797 0.51054 -0.6390847452722221 -1.956002787820186
61294 10866934 0.6659424911756946 1.022154189031587 0.51054 -0.6390847452722221 -1.956002787820186
61295 10866934 0.6914717985084348 1.018075547832122 0.51054 -0.6390847452722221 -1.956002787820186
61296 10866934 0.7170011058411749 1.013996906632657 0.51054 -0.6390847452722221 -1.956002787820186
61297 10866934 0.7827925478312531 1.0058155119211218 0.51054 -0.6390847452722221 -1.956002787820186
61298 10866934 0.806353957113821 1.0061772466805 0.51054 -0.6390847452722221 -1.956002787820186
61299 10866934 0.8733577983009659 0.9949134327846562 0.51054 -0.6390847452722221 -1.956002787820186
61300 10866934 0.9157190333595094 0.9919361899565582 0.51054 -0.6390847452722221 -1.956002787820186
61301 10866934 0.9610781142037039 0.9823718815559226 0.51054 -0.6390847452722221 -1.956002787820186
61302 10866934 1.0053859073516167 0.9766562125942374 0.51054 -0.6390847452722221 -1.956002787820186
61303 10866934 1.0491763312121356 0.9693574537837676 0.51054 -0.6390847452722221 -1.956002787820186
61304 10866934 1.1120229814792446 0.9633095446068386 0.51054 -0.6390847452722221 -1.956002787820186
61305 10866934 1.1394219391568565 0.960198753312179 0.5181600000000001 -0.6390847452722221 -1.956002787820186
61306 10866934 1.186300010762599 0.9569155609478671 0.5181600000000001 -0.6390847452722221 -1.956002787820186
61307 10866934 1.2190910701054911 0.9512840605742194 0.5181600000000001 -0.6390847452722221 -1.956002787820186
61308 10866934 1.2518821294483833 0.9456525602005716 0.5181600000000001 -0.6390847452722221 -1.956002787820186
61309 10866934 1.2910999516617845 0.940667106099272 0.5181600000000001 -0.6390847452722221 -1.956002787820186
61310 10866934 1.3303177738751857 0.9356816519979722 0.5181600000000001 -0.6390847452722221 -1.956002787820186
61311 10866934 1.3786624381788921 0.9314532521977475 0.5181600000000001 -0.6390847452722221 -1.956002787820186
61312 10866934 1.42078266424003 0.9285576725498895 0.5181600000000001 -0.6390847452722221 -1.956002787820186
61313 10866934 1.4602544637988433 0.925709751268821 0.5181600000000001 -0.6390847452722221 -1.956002787820186
61314 10866934 1.5052172636315304 0.9220028539411985 0.5181600000000001 -0.6390847452722221 -1.956002787820186
61315 10866934 1.5517502088890949 0.9176664854332761 0.5181600000000001 -0.6390847452722221 -1.956002787820186
61316 10866934 1.5950393045417834 0.9142732359102145 0.52578 -0.6390847452722221 -1.956002787820186
61317 10866934 1.6519335581189605 0.9063191994049171 0.52578 -0.6390847452722221 -1.956002787820186
61318 10866934 1.6896062480450222 0.9047611399146838 0.5181600000000001 -0.6390847452722221 -1.956002787820186
61319 10866934 1.7317719716911844 0.9017356434115283 0.5181600000000001 -0.6390847452722221 -1.956002787820186
61320 10866934 1.7740291647641664 0.8984468612515648 0.5181600000000001 -0.6390847452722221 -1.956002787820186
61321 10866934 1.8146432289674974 0.8906716053304069 0.5181600000000001 -0.6390847452722221 -1.956002787820186
61322 10866934 1.8352639268702156 0.8847540278596204 0.5181600000000001 -0.6390847452722221 -1.956002787820186
61323 10866934 1.8860426046107248 0.87085559345081 0.5181600000000001 -0.6390847452722221 -1.956002787820186
61324 10866934 1.9368212823512343 0.8569571590419996 0.5181600000000001 -0.6390847452722221 -1.956002787820186
61325 10866934 1.967807346885234 0.8373744158628889 0.516255 -0.6390847452722221 -1.956002787820186
61326 10866934 1.9987934114192334 0.8177916726837781 0.5143500000000001 -0.6390847452722221 -1.956002787820186
61327 10866934 2.0297794759532333 0.7982089295046673 0.512445 -0.6390847452722221 -1.956002787820186
61328 10866934 2.0607655404872327 0.7786261863255565 0.51054 -0.6390847452722221 -1.956002787820186
61329 10866934 2.1045678671062964 0.72623692645207 0.51054 -0.6390847452722221 -1.956002787820186
61330 10866934 2.1281981530708434 0.6969077042830397 0.50292 -0.6390847452722221 -1.956002787820186
61331 10866934 2.1360662647472863 0.6780415491136692 0.50292 -0.6390847452722221 -1.956002787820186
61332 10866934 2.1439343764237293 0.6591753939442987 0.50292 -0.6390847452722221 -1.956002787820186
61333 10866934 2.160841131849063 0.6225796036868702 0.50292 -0.6390847452722221 -1.956002787820186
61334 10866934 2.1743412851108745 0.5837085862346557 0.4953 -0.6390847452722221 -1.956002787820186
61335 10866934 2.1903872137345464 0.529520485841078 0.48768 -0.6390847452722221 -1.956002787820186
61336 10866934 2.194695008000026 0.4937683393504734 0.48768 -0.6390847452722221 -1.956002787820186
61337 10866934 2.2013352324308477 0.448843450592893 0.48768 -0.6390847452722221 -1.956002787820186
61338 10866934 2.198828426068698 0.4069056225293006 0.48006 -0.6390847452722221 -1.956002787820186
61339 10866934 2.197746977629947 0.3698761140207124 0.48006 -0.6390847452722221 -1.956002787820186
61340 10866934 2.190757667404593 0.3283507065717114 0.47243999999999997 -0.6390847452722221 -1.956002787820186
61341 10866934 2.1821077178421175 0.28935354380240197 0.47243999999999997 -0.6390847452722221 -1.956002787820186
61342 10866934 2.175194790091927 0.274438327789913 0.46863 -0.6390847452722221 -1.956002787820186
61343 10866934 2.168281862341736 0.25952311177742404 0.46482000000000007 -0.6390847452722221 -1.956002787820186
61344 10866934 2.145693982214457 0.2104748279448084 0.45720000000000005 -0.6390847452722221 -1.956002787820186
61345 10866934 2.12790463537332 0.18591060724476052 0.45720000000000005 -0.6390847452722221 -1.956002787820186
61346 10866934 2.107820936352274 0.15975921802218743 0.44958000000000004 -0.6390847452722221 -1.956002787820186
61347 10866934 2.0811989878548216 0.12990192126176345 0.44958000000000004 -0.6390847452722221 -1.956002787820186
61348 10866934 2.0540120677286273 0.11191126195608839 0.44196 -0.6390847452722221 -1.956002787820186
61349 10866934 2.0271037433625247 0.09885299079302826 0.44196 -0.6390847452722221 -1.956002787820186
61350 10866934 1.998847189815857 0.09254342225055259 0.43434000000000006 -0.6390847452722221 -1.956002787820186
61351 10866934 1.9692145564783303 0.08609922492037012 0.42672000000000004 -0.6390847452722221 -1.956002787820186
61352 10866934 1.9288370456973847 0.07802400855467442 0.42672000000000004 -0.6390847452722221 -1.956002787820186
61353 10866934 1.9011912987040867 0.07630496009068269 0.41910000000000003 -0.6390847452722221 -1.956002787820186
61354 10866934 1.8683297244227535 0.07628942187118812 0.41910000000000003 -0.6390847452722221 -1.956002787820186
61355 10866934 1.8464340442741929 0.07450343879261509 0.41529000000000005 -0.6390847452722221 -1.956002787820186
61356 10866934 1.8245383641256323 0.07271745571404206 0.41148 -0.6390847452722221 -1.956002787820186
61357 10866934 1.7970428768129008 0.07281884533476238 0.40386 -0.6390847452722221 -1.956002787820186
61358 10866934 1.7694314264028246 0.07120587103124451 0.40386 -0.6390847452722221 -1.956002787820186
61359 10866934 1.7417854600205265 0.06948744166665027 0.39624000000000004 -0.6390847452722221 -1.956002787820186
61360 10866934 1.717740936988348 0.06927976703466185 0.39624000000000004 -0.6390847452722221 -1.956002787820186
61361 10866934 1.684913585325614 0.06937063919926165 0.38862 -0.6390847452722221 -1.956002787820186
61362 10866934 1.6466867243312773 0.07087475390703835 0.381 -0.6390847452722221 -1.956002787820186
61363 10866934 1.6198699583087637 0.07414295426164672 0.381 -0.6390847452722221 -1.956002787820186
61364 10866934 1.5917881210468687 0.07245059230925996 0.37338 -0.6390847452722221 -1.956002787820186
61365 10866934 1.5643049321151894 0.07395066799766573 0.37338 -0.6390847452722221 -1.956002787820186
61366 10866934 1.5437489568458367 0.07762747868969158 0.37338 -0.6390847452722221 -1.956002787820186
61367 10866934 1.5122191214150182 0.08033269323966707 0.36576 -0.6390847452722221 -1.956002787820186
61368 10866934 1.4861934479442618 0.08357663040272098 0.35814000000000007 -0.6390847452722221 -1.956002787820186
61369 10866934 1.4688173820695338 0.08475469302764127 0.35814000000000007 -0.6390847452722221 -1.956002787820186
61370 10866934 1.4514413161948059 0.08593275565256156 0.35814000000000007 -0.6390847452722221 -1.956002787820186
61371 10866934 1.425782356323356 0.08894029964046812 0.35052000000000005 -0.6390847452722221 -1.956002787820186
61372 10866934 1.4039975986981 0.09021511733804527 0.35052000000000005 -0.6390847452722221 -1.956002787820186
61373 10866934 1.365601948897639 0.09609829940450168 0.34290000000000004 -0.6390847452722221 -1.956002787820186
61374 10866934 1.3454922864103582 0.09869529671836855 0.34290000000000004 -0.6390847452722221 -1.956002787820186
61375 10866934 1.3250178468077014 0.10398164994895684 0.34290000000000004 -0.6390847452722221 -1.956002787820186
61376 10866934 1.3037847902475395 0.10694574017860886 0.33528 -0.6390847452722221 -1.956002787820186
61377 10866934 1.2819999973506686 0.10822093402603215 0.33528 -0.6390847452722221 -1.956002787820186
61378 10866934 1.2619393786040294 0.11477419076767276 0.33528 -0.6390847452722221 -1.956002787820186
61379 10866934 1.2432422379360741 0.12006431867342152 0.32766 -0.6390847452722221 -1.956002787820186
61380 10866934 1.2123675064816566 0.12477650855732934 0.32766 -0.6390847452722221 -1.956002787820186
61381 10866934 1.193839480456567 0.12650677145796163 0.32004000000000005 -0.6390847452722221 -1.956002787820186
61382 10866934 1.1791050676752166 0.12965555034406612 0.32004000000000005 -0.6390847452722221 -1.956002787820186
61383 10866934 1.1643706548938662 0.1328043292301706 0.32004000000000005 -0.6390847452722221 -1.956002787820186
61384 10866934 1.1532590902059727 0.135353736913638 0.31623 -0.6390847452722221 -1.956002787820186
61385 10866934 1.1421475255180793 0.1379031445971054 0.31242000000000003 -0.6390847452722221 -1.956002787820186
61386 10866934 1.1145620545077524 0.1407234095246962 0.31242000000000003 -0.6390847452722221 -1.956002787820186
61387 10866934 1.0997172633813792 0.14557316712034957 0.3048 -0.6390847452722221 -1.956002787820186
61388 10866934 1.0934543218389818 0.14271258485120086 0.3048 -0.6390847452722221 -1.956002787820186
61389 10866934 1.0689227854955685 0.15025976991411838 0.3048 -0.6390847452722221 -1.956002787820186
61390 10866934 1.047596862605631 0.15185306174763175 0.29718 -0.6390847452722221 -1.956002787820186
61391 10866934 1.0419891435770676 0.1509981462904033 0.29718 -0.6390847452722221 -1.956002787820186
61392 10866934 1.0363814245485043 0.1501432308331749 0.29718 -0.6390847452722221 -1.956002787820186
61393 10866934 1.0315669030205592 0.15171617523079092 0.29718 -0.6390847452722221 -1.956002787820186
61394 10866934 1.0132676217795524 0.15278803883513442 0.29718 -0.6390847452722221 -1.956002787820186
61395 10866934 1.003519054508333 0.15013170525494374 0.29718 -0.6390847452722221 -1.956002787820186
61396 10866934 0.9987045329720282 0.15170467212900327 0.29718 -0.6390847452722221 -1.956002787820186
61397 10866934 0.9860911492849046 0.15115259554871507 0.29718 -0.6390847452722221 -1.956002787820186
61398 10866934 0.9795855698627924 0.15298600783591215 0.29718 -0.6390847452722221 -1.956002787820186
61399 10866934 0.9730799904406803 0.1548194201231092 0.29718 -0.6390847452722221 -1.956002787820186
61400 10866934 0.9682786925646912 0.15507379657312398 0.29337 -0.6390847452722221 -1.956002787820186
61401 10866934 0.9634773946887021 0.15532817302313875 0.28956000000000004 -0.6390847452722221 -1.956002787820186
61402 10866934 0.958676096812713 0.15558254947315353 0.28575 -0.6390847452722221 -1.956002787820186
61403 10866934 0.953874798936724 0.1558369259231683 0.28194 -0.6390847452722221 -1.956002787820186
61404 10866934 0.9498627015799324 0.15714776200510916 0.27940000000000004 -0.6390847452722221 -1.956002787820186
61405 10866934 0.9458506042231407 0.15845859808705004 0.27686 -0.6390847452722221 -1.956002787820186
61406 10866934 0.9418385068663491 0.1597694341689909 0.27432 -0.6390847452722221 -1.956002787820186
