63061 10520887 1.4174142064085586 0.03341782218598189 0.27432 -1.2112899144904095 -2.269138511209445
63062 10520887 1.3847649952423442 0.027532817563355086 0.27432 -1.2112899144904095 -2.269138511209445
63063 10520887 1.3521157840761298 0.021647812940728282 0.27432 -1.2112899144904095 -2.269138511209445
63064 10520887 1.3194665729099153 0.01576280831810148 0.27432 -1.2112899144904095 -2.269138511209445
63065 10520887 1.2868173617437009 0.009877803695474675 0.27432 -1.2112899144904095 -2.269138511209445
63066 10520887 1.2541681505774864 0.003992799072847872 0.27432 -1.2112899144904095 -2.269138511209445
63067 10520887 1.2149735851435803 0.0009084322056659572 0.27432 -1.2112899144904095 -2.269138511209445
63068 10520887 1.1905428332700643 0.0013348051182382424 0.27432 -1.2112899144904095 -2.269138511209445
63069 10520887 1.166112081396548 0.0017611780308105277 0.27432 -1.2112899144904095 -2.269138511209445
63070 10520887 1.141681329523032 0.0021875509433828128 0.27432 -1.2112899144904095 -2.269138511209445
63071 10520887 1.1076274767678338 0.00396653066434316 0.27432 -1.2112899144904095 -2.269138511209445
63072 10520887 1.0723802987055542 0.0028311895938075574 0.27686 -1.2112899144904095 -2.269138511209445
63073 10520887 1.0371331206432746 0.0016958485232719555 0.2794 -1.2112899144904095 -2.269138511209445
63074 10520887 1.0018859425809952 0.0005605074527363536 0.28194 -1.2112899144904095 -2.269138511209445
63075 10520887 0.9666387645187154 -0.0005748336177992487 0.28448 -1.2112899144904095 -2.269138511209445
63076 10520887 0.9313915864564359 -0.001710174688334851 0.28702 -1.2112899144904095 -2.269138511209445
63077 10520887 0.8961444083941563 -0.0028455157588704524 0.28956000000000004 -1.2112899144904095 -2.269138511209445
63078 10520887 0.8608972303318767 -0.003980856829406056 0.2921 -1.2112899144904095 -2.269138511209445
63079 10520887 0.8256500522695971 -0.005116197899941657 0.29464 -1.2112899144904095 -2.269138511209445
63080 10520887 0.7904028742073176 -0.0062515389704772585 0.29718 -1.2112899144904095 -2.269138511209445
63081 10520887 0.755155696145038 -0.007386880041012862 0.29972 -1.2112899144904095 -2.269138511209445
63082 10520887 0.7199085180827585 -0.008522221111548463 0.30226000000000003 -1.2112899144904095 -2.269138511209445
63083 10520887 0.6846613400204788 -0.009657562182084065 0.3048 -1.2112899144904095 -2.269138511209445
63084 10520887 0.6498363136328847 -0.01057440560751153 0.3048 -1.2112899144904095 -2.269138511209445
63085 10520887 0.6150112872452906 -0.011491249032938994 0.3048 -1.2112899144904095 -2.269138511209445
63086 10520887 0.5831916626061637 -0.011024152546446897 0.3048 -1.2112899144904095 -2.269138511209445
63087 10520887 0.5558153429468113 -0.010548459943233647 0.3048 -1.2112899144904095 -2.269138511209445
63088 10520887 0.528439023287459 -0.010072767340020397 0.3048 -1.2112899144904095 -2.269138511209445
63089 10520887 0.4867836250199239 -0.010713628570759711 0.31496 -1.2112899144904095 -2.269138511209445
63090 10520887 0.4451282267523889 -0.011354489801499024 0.32512 -1.2112899144904095 -2.269138511209445
63091 10520887 0.40347282848485383 -0.011995351032238338 0.33528 -1.2112899144904095 -2.269138511209445
63092 10520887 0.3576583130280926 -0.010867546908004413 0.33528 -1.2112899144904095 -2.269138511209445
63093 10520887 0.3118437975713314 -0.009739742783770489 0.33528 -1.2112899144904095 -2.269138511209445
63094 10520887 0.2732098902462847 -0.012184927328494521 0.33528 -1.2112899144904095 -2.269138511209445
63095 10520887 0.22921380606429265 -0.009839919308382433 0.33528 -1.2112899144904095 -2.269138511209445
63096 10520887 0.1775052279570486 -0.014787750610270545 0.33528 -1.2112899144904095 -2.269138511209445
63097 10520887 0.1430377952988674 -0.012635675337744012 0.36576 -1.2112899144904095 -2.269138511209445
63098 10520887 0.08306462049029051 -0.014063984923123302 0.36576 -1.2112899144904095 -2.269138511209445
63099 10520887 0.04535130532743903 -0.012603052206194315 0.36576 -1.2112899144904095 -2.269138511209445
63100 10520887 0.02332830715407347 -0.013407859134387481 0.36576 -1.2112899144904095 -2.269138511209445
63101 10520887 0.0013053089807079088 -0.014212666062580648 0.36576 -1.2112899144904095 -2.269138511209445
63102 10520887 -0.04358663777575322 -0.01297525353303805 0.36576 -1.2112899144904095 -2.269138511209445
63103 10520887 -0.0821715488396817 -0.01146247070482495 0.36576 -1.2112899144904095 -2.269138511209445
63104 10520887 -0.12191910697936781 -0.014593210517044625 0.36576 -1.2112899144904095 -2.269138511209445
63105 10520887 -0.1627794652013011 -0.012160901512763944 0.381 -1.2112899144904095 -2.269138511209445
63106 10520887 -0.2036398234232344 -0.009728592508483264 0.39624000000000004 -1.2112899144904095 -2.269138511209445
63107 10520887 -0.2575121101941922 -0.009877234781053373 0.39624000000000004 -1.2112899144904095 -2.269138511209445
63108 10520887 -0.29837057162624636 -0.011241969881031239 0.39624000000000004 -1.2112899144904095 -2.269138511209445
63109 10520887 -0.3400227195569381 -0.015034187193613074 0.39624000000000004 -1.2112899144904095 -2.269138511209445
63110 10520887 -0.38891858335075913 -0.015173049378047726 0.39624000000000004 -1.2112899144904095 -2.269138511209445
63111 10520887 -0.42652897939501555 -0.013392949252864467 0.39624000000000004 -1.2112899144904095 -2.269138511209445
63112 10520887 -0.47148181320377014 -0.015053966127504897 0.39624000000000004 -1.2112899144904095 -2.269138511209445
63113 10520887 -0.5078886507464315 -0.013666927870740947 0.39624000000000004 -1.2112899144904095 -2.269138511209445
63114 10520887 -0.559261152734364 -0.013228720931201449 0.42672000000000004 -1.2112899144904095 -2.269138511209445
63115 10520887 -0.6207157693398797 -0.015101995332803791 0.42672000000000004 -1.2112899144904095 -2.269138511209445
63116 10520887 -0.6432204382606613 -0.015338544632212792 0.42672000000000004 -1.2112899144904095 -2.269138511209445
63117 10520887 -0.665725107181443 -0.015575093931621792 0.42672000000000004 -1.2112899144904095 -2.269138511209445
63118 10520887 -0.7136769165109278 -0.011464036581641052 0.42672000000000004 -1.2112899144904095 -2.269138511209445
63119 10520887 -0.7614604241790386 -0.010912727659842664 0.42672000000000004 -1.2112899144904095 -2.269138511209445
63120 10520887 -0.8237482492040547 -0.008539604524940153 0.42672000000000004 -1.2112899144904095 -2.269138511209445
63121 10520887 -0.8591847471025282 -0.010973207578687277 0.42672000000000004 -1.2112899144904095 -2.269138511209445
63122 10520887 -0.887269969239658 -0.012655787072756525 0.42672000000000004 -1.2112899144904095 -2.269138511209445
63123 10520887 -0.933729371217776 -0.012127304253596954 0.44196 -1.2112899144904095 -2.269138511209445
63124 10520887 -0.980188773195894 -0.011598821434437384 0.45720000000000005 -1.2112899144904095 -2.269138511209445
63125 10520887 -1.052304800315682 -0.009398378616945063 0.45720000000000005 -1.2112899144904095 -2.269138511209445
63126 10520887 -1.1028932032508019 -0.01470425938482603 0.45720000000000005 -1.2112899144904095 -2.269138511209445
63127 10520887 -1.1487187954555516 -0.016309690099226698 0.45720000000000005 -1.2112899144904095 -2.269138511209445
63128 10520887 -1.191295797513385 -0.014771086330825717 0.45720000000000005 -1.2112899144904095 -2.269138511209445
63129 10520887 -1.2395926797297094 -0.0188391024989866 0.46482 -1.2112899144904095 -2.269138511209445
63130 10520887 -1.2878895619460335 -0.02290711866714748 0.47244 -1.2112899144904095 -2.269138511209445
63131 10520887 -1.3200663651731301 -0.024535268688839013 0.48006000000000004 -1.2112899144904095 -2.269138511209445
63132 10520887 -1.3522431684002265 -0.026163418710530545 0.48768 -1.2112899144904095 -2.269138511209445
63133 10520887 -1.4059323133619495 -0.02437781207466319 0.48768 -1.2112899144904095 -2.269138511209445
63134 10520887 -1.4728745215732177 -0.029707449704045846 0.48768 -1.2112899144904095 -2.269138511209445
63135 10520887 -1.5195033430963438 -0.031048048732104233 0.48768 -1.2112899144904095 -2.269138511209445
63136 10520887 -1.5592267016661474 -0.033906764930933836 0.48768 -1.2112899144904095 -2.269138511209445
63137 10520887 -1.598950060235951 -0.03676548112976344 0.48768 -1.2112899144904095 -2.269138511209445
63138 10520887 -1.6386734188057546 -0.03962419732859304 0.48768 -1.2112899144904095 -2.269138511209445
63139 10520887 -1.6885711549419293 -0.041179842915905734 0.48768 -1.2112899144904095 -2.269138511209445
63140 10520887 -1.7363667940183405 -0.0395670657151215 0.5181600000000001 -1.2112899144904095 -2.269138511209445
63141 10520887 -1.8003830838323507 -0.04246270654759679 0.5181600000000001 -1.2112899144904095 -2.269138511209445
63142 10520887 -1.8656097811087795 -0.04566292510419537 0.5181600000000001 -1.2112899144904095 -2.269138511209445
63143 10520887 -1.9107974112035713 -0.04700518040260879 0.5181600000000001 -1.2112899144904095 -2.269138511209445
63144 10520887 -1.9559850412983633 -0.04834743570102221 0.5181600000000001 -1.2112899144904095 -2.269138511209445
63145 10520887 -1.9783510763376835 -0.051546558190445985 0.5181600000000001 -1.2112899144904095 -2.269138511209445
63146 10520887 -2.0584100004618433 -0.06274564386516315 0.5181600000000001 -1.2112899144904095 -2.269138511209445
63147 10520887 -2.0860314329005343 -0.06843150902171594 0.5181600000000001 -1.2112899144904095 -2.269138511209445
63148 10520887 -2.138620951025983 -0.08716682241320069 0.524256 -1.2112899144904095 -2.269138511209445
63149 10520887 -2.191210469151432 -0.10590213580468544 0.530352 -1.2112899144904095 -2.269138511209445
63150 10520887 -2.2437999872768803 -0.1246374491961702 0.536448 -1.2112899144904095 -2.269138511209445
63151 10520887 -2.2963895054023293 -0.14337276258765497 0.542544 -1.2112899144904095 -2.269138511209445
63152 10520887 -2.348979023527778 -0.1621080759791397 0.54864 -1.2112899144904095 -2.269138511209445
63153 10520887 -2.3953020448902267 -0.19304631630332733 0.54864 -1.2112899144904095 -2.269138511209445
63154 10520887 -2.4416250662526755 -0.22398455662751496 0.54864 -1.2112899144904095 -2.269138511209445
63155 10520887 -2.4692214578267415 -0.24587959585169278 0.5588 -1.2112899144904095 -2.269138511209445
63156 10520887 -2.496817849400807 -0.2677746350758706 0.56896 -1.2112899144904095 -2.269138511209445
63157 10520887 -2.524414240974873 -0.2896696743000484 0.57912 -1.2112899144904095 -2.269138511209445
63158 10520887 -2.6050850900268854 -0.37602752692201447 0.57912 -1.2112899144904095 -2.269138511209445
63159 10520887 -2.6110533392242234 -0.38295475559160763 0.57912 -1.2112899144904095 -2.269138511209445
63160 10520887 -2.617021588421562 -0.3898819842612008 0.57912 -1.2112899144904095 -2.269138511209445
63161 10520887 -2.6229898376189 -0.39680921293079396 0.57912 -1.2112899144904095 -2.269138511209445
63162 10520887 -2.6671182265006683 -0.4576168812353636 0.57912 -1.2112899144904095 -2.269138511209445
63163 10520887 -2.7112466153824366 -0.5184245495399332 0.57912 -1.2112899144904095 -2.269138511209445
63164 10520887 -2.755375004264205 -0.5792322178445029 0.57912 -1.2112899144904095 -2.269138511209445
63165 10520887 -2.799503393145973 -0.6400398861490725 0.57912 -1.2112899144904095 -2.269138511209445
63166 10520887 -2.8235101272089684 -0.6963547562347916 0.585216 -1.2112899144904095 -2.269138511209445
63167 10520887 -2.8475168612719632 -0.7526696263205107 0.591312 -1.2112899144904095 -2.269138511209445
63168 10520887 -2.8715235953349585 -0.8089844964062298 0.597408 -1.2112899144904095 -2.269138511209445
63169 10520887 -2.8955303293979533 -0.8652993664919488 0.603504 -1.2112899144904095 -2.269138511209445
63170 10520887 -2.9195370634609485 -0.921614236577668 0.6096 -1.2112899144904095 -2.269138511209445
63171 10520887 -2.9244114536382337 -0.9690934072874536 0.6096 -1.2112899144904095 -2.269138511209445
63172 10520887 -2.9268899045317864 -1.0210176054719575 0.6096 -1.2112899144904095 -2.269138511209445
63173 10520887 -2.929368355425339 -1.0729418036564615 0.6096 -1.2112899144904095 -2.269138511209445
63174 10520887 -2.931846806318892 -1.1248660018409655 0.6096 -1.2112899144904095 -2.269138511209445
63175 10520887 -2.9212645425131125 -1.1767015922979749 0.6096 -1.2112899144904095 -2.269138511209445
63176 10520887 -2.9094068903327663 -1.2463639523582797 0.6096 -1.2112899144904095 -2.269138511209445
63177 10520887 -2.9032757621143976 -1.2638322294680722 0.6096 -1.2112899144904095 -2.269138511209445
63178 10520887 -2.8971446338960294 -1.2813005065778644 0.6096 -1.2112899144904095 -2.269138511209445
63179 10520887 -2.8910135056776607 -1.298768783687657 0.6096 -1.2112899144904095 -2.269138511209445
63180 10520887 -2.8554039414010557 -1.3718788586246506 0.6096 -1.2112899144904095 -2.269138511209445
63181 10520887 -2.8197943771244507 -1.4449889335616446 0.6096 -1.2112899144904095 -2.269138511209445
63182 10520887 -2.796663752333054 -1.4788461919313518 0.6096 -1.2112899144904095 -2.269138511209445
63183 10520887 -2.7739914859705745 -1.502563326526641 0.6096 -1.2112899144904095 -2.269138511209445
63184 10520887 -2.751319219608095 -1.52628046112193 0.6096 -1.2112899144904095 -2.269138511209445
63185 10520887 -2.7030436710731207 -1.5688311085523072 0.6096 -1.2112899144904095 -2.269138511209445
63186 10520887 -2.6471131640100225 -1.597761554402639 0.6096 -1.2112899144904095 -2.269138511209445
63187 10520887 -2.6189597084378375 -1.613281285996703 0.6096 -1.2112899144904095 -2.269138511209445
63188 10520887 -2.600507882268907 -1.6166303303022656 0.6096 -1.2112899144904095 -2.269138511209445
63189 10520887 -2.582056056099977 -1.6199793746078281 0.6096 -1.2112899144904095 -2.269138511209445
63190 10520887 -2.5328368305116706 -1.6297713783833918 0.6096 -1.2112899144904095 -2.269138511209445
63191 10520887 -2.492109687396993 -1.632929335229353 0.6096 -1.2112899144904095 -2.269138511209445
63192 10520887 -2.451455673292375 -1.6295201205068117 0.6096 -1.2112899144904095 -2.269138511209445
63193 10520887 -2.4190525956002356 -1.6296041925750315 0.6096 -1.2112899144904095 -2.269138511209445
63194 10520887 -2.384120672037347 -1.6246733721847597 0.6096 -1.2112899144904095 -2.269138511209445
63195 10520887 -2.364246885831212 -1.622995505010546 0.6096 -1.2112899144904095 -2.269138511209445
63196 10520887 -2.344373099625077 -1.6213176378363323 0.6096 -1.2112899144904095 -2.269138511209445
63197 10520887 -2.302670717710563 -1.6133433726866213 0.6096 -1.2112899144904095 -2.269138511209445
63198 10520887 -2.28402218067764 -1.615003407202774 0.6096 -1.2112899144904095 -2.269138511209445
63199 10520887 -2.232052385884991 -1.6052463257631595 0.6096 -1.2112899144904095 -2.269138511209445
63200 10520887 -2.1995098275122125 -1.6032720445685509 0.6096 -1.2112899144904095 -2.269138511209445
63201 10520887 -2.1587503327500075 -1.597091771449026 0.6096 -1.2112899144904095 -2.269138511209445
63202 10520887 -2.1300371790138275 -1.5935141779842905 0.6096 -1.2112899144904095 -2.269138511209445
63203 10520887 -2.090734678818002 -1.5874412238218192 0.6096 -1.2112899144904095 -2.269138511209445
63204 10520887 -2.0602438152235028 -1.5838606418313386 0.6096 -1.2112899144904095 -2.269138511209445
63205 10520887 -2.0057781143180353 -1.5776057981063238 0.6096 -1.2112899144904095 -2.269138511209445
63206 10520887 -1.9749939386702924 -1.5785606636938774 0.6096 -1.2112899144904095 -2.269138511209445
63207 10520887 -1.95715523868726 -1.5756320553489251 0.6096 -1.2112899144904095 -2.269138511209445
63208 10520887 -1.9393165387042275 -1.5727034470039727 0.6096 -1.2112899144904095 -2.269138511209445
63209 10520887 -1.8840054191410391 -1.5692947176724332 0.6096 -1.2112899144904095 -2.269138511209445
63210 10520887 -1.8447984138432896 -1.566227150520776 0.6096 -1.2112899144904095 -2.269138511209445
63211 10520887 -1.8093301086913758 -1.5626377403981768 0.6096 -1.2112899144904095 -2.269138511209445
63212 10520887 -1.7855954724078786 -1.55906654244357 0.6096 -1.2112899144904095 -2.269138511209445
63213 10520887 -1.7326236294813204 -1.5546581059298605 0.6096 -1.2112899144904095 -2.269138511209445
63214 10520887 -1.7150010406403433 -1.5496721166205567 0.6096 -1.2112899144904095 -2.269138511209445
63215 10520887 -1.6597251360042289 -1.5463671975138336 0.6096 -1.2112899144904095 -2.269138511209445
63216 10520887 -1.6368856653981616 -1.5430870333587887 0.6096 -1.2112899144904095 -2.269138511209445
63217 10520887 -1.5816099944149664 -1.5397815087443731 0.6096 -1.2112899144904095 -2.269138511209445
63218 10520887 -1.5660652337716843 -1.5363940516838999 0.6096 -1.2112899144904095 -2.269138511209445
63219 10520887 -1.5505204731284021 -1.5330065946234268 0.6096 -1.2112899144904095 -2.269138511209445
63220 10520887 -1.497126410539208 -1.53001990716938 0.6096 -1.2112899144904095 -2.269138511209445
63221 10520887 -1.4589387841041812 -1.5246309849422073 0.6096 -1.2112899144904095 -2.269138511209445
63222 10520887 -1.4237112933662692 -1.5201433472430506 0.6096 -1.2112899144904095 -2.269138511209445
63223 10520887 -1.3954826491423098 -1.5180405044020084 0.6096 -1.2112899144904095 -2.269138511209445
63224 10520887 -1.3569324868287722 -1.5169757103635868 0.6096 -1.2112899144904095 -2.269138511209445
63225 10520887 -1.3132778084589296 -1.5152430365406366 0.6096 -1.2112899144904095 -2.269138511209445
63226 10520887 -1.2744733894492712 -1.5120411241982024 0.6096 -1.2112899144904095 -2.269138511209445
63227 10520887 -1.2585176117614763 -1.5102479239123117 0.6096 -1.2112899144904095 -2.269138511209445
63228 10520887 -1.2425618340736813 -1.508454723626421 0.6096 -1.2112899144904095 -2.269138511209445
63229 10520887 -1.201060855579404 -1.5037974381977872 0.6096 -1.2112899144904095 -2.269138511209445
63230 10520887 -1.145430951460532 -1.500487946986998 0.57912 -1.2112899144904095 -2.269138511209445
63231 10520887 -1.1121711206849743 -1.5020151917838436 0.57912 -1.2112899144904095 -2.269138511209445
63232 10520887 -1.0805599665062495 -1.500432952113316 0.57912 -1.2112899144904095 -2.269138511209445
63233 10520887 -1.0480900263213786 -1.5002996808041549 0.57912 -1.2112899144904095 -2.269138511209445
63234 10520887 -0.9977119833609402 -1.4953890194748052 0.57912 -1.2112899144904095 -2.269138511209445
63235 10520887 -0.9814196905430108 -1.4952825379867964 0.57912 -1.2112899144904095 -2.269138511209445
63236 10520887 -0.9651273977250814 -1.4951760564987875 0.57912 -1.2112899144904095 -2.269138511209445
63237 10520887 -0.9099572004231553 -1.49218197943521 0.57912 -1.2112899144904095 -2.269138511209445
63238 10520887 -0.8657986522958276 -1.4902610947396246 0.57912 -1.2112899144904095 -2.269138511209445
63239 10520887 -0.8312534893776076 -1.4905716628431207 0.57912 -1.2112899144904095 -2.269138511209445
63240 10520887 -0.7961127878696359 -1.4917777454797327 0.57912 -1.2112899144904095 -2.269138511209445
63241 10520887 -0.7680575746342984 -1.4902001807495113 0.57912 -1.5869194662810213 -2.024326912220049
63242 10520887 -0.7404209762330406 -1.4885440486295245 0.57912 -1.5869194662810213 -2.024326912220049
63243 10520887 -0.7127843778317828 -1.4868879165095374 0.57912 -1.5869194662810213 -2.024326912220049
63244 10520887 -0.6751197737276662 -1.4871659940842008 0.57912 -1.5869194662810213 -2.024326912220049
63245 10520887 -0.6193075142104802 -1.4835619669970466 0.57912 -1.5869194662810213 -2.024326912220049
63246 10520887 -0.5813543281709352 -1.481597303882445 0.57912 -1.5869194662810213 -2.024326912220049
63247 10520887 -0.5437371399127817 -1.4833780541362784 0.57912 -1.5869194662810213 -2.024326912220049
63248 10520887 -0.5126534373369986 -1.4806865239227365 0.57912 -1.5869194662810213 -2.024326912220049
63249 10520887 -0.4817159548184705 -1.4811598606123006 0.5638799999999999 -1.5869194662810213 -2.024326912220049
63250 10520887 -0.4507784722999424 -1.4816331973018648 0.54864 -1.5869194662810213 -2.024326912220049
63251 10520887 -0.42273284091061636 -1.4773641961013324 0.54864 -1.5869194662810213 -2.024326912220049
63252 10520887 -0.3858748395934575 -1.481466306692623 0.54864 -1.5869194662810213 -2.024326912220049
63253 10520887 -0.34648933011745675 -1.4805528014395894 0.54864 -1.5869194662810213 -2.024326912220049
63254 10520887 -0.2910609220299476 -1.4821951908552047 0.54864 -1.5869194662810213 -2.024326912220049
63255 10520887 -0.2522887267529643 -1.4875063823184034 0.54864 -1.5869194662810213 -2.024326912220049
63256 10520887 -0.2159919673830284 -1.4906064173437357 0.54864 -1.5869194662810213 -2.024326912220049
63257 10520887 -0.19693681382894224 -1.491284393286334 0.5638799999999999 -1.5869194662810213 -2.024326912220049
63258 10520887 -0.17788166027485608 -1.4919623692289323 0.57912 -1.5869194662810213 -2.024326912220049
63259 10520887 -0.12536953433257914 -1.4970899806403744 0.57912 -1.5869194662810213 -2.024326912220049
63260 10520887 -0.07605864918495375 -1.503858139284903 0.57912 -1.5869194662810213 -2.024326912220049
63261 10520887 -0.042614866429030784 -1.5034547744015236 0.57912 -1.5869194662810213 -2.024326912220049
63262 10520887 -0.0013679782223998682 -1.5117930481052386 0.57912 -1.5869194662810213 -2.024326912220049
63263 10520887 0.030374301707939422 -1.5163242591884958 0.57912 -1.5869194662810213 -2.024326912220049
63264 10520887 0.05706543350871346 -1.5197304444066164 0.57912 -1.5869194662810213 -2.024326912220049
63265 10520887 0.0837565653094875 -1.5231366296247368 0.57912 -1.5869194662810213 -2.024326912220049
63266 10520887 0.1255586463022581 -1.5256973686042579 0.57912 -1.5869194662810213 -2.024326912220049
63267 10520887 0.1639619214657957 -1.5332223188132617 0.57912 -1.5869194662810213 -2.024326912220049
63268 10520887 0.2022511109151155 -1.5400088151446985 0.57912 -1.5869194662810213 -2.024326912220049
63269 10520887 0.23713484109297722 -1.5457992193889472 0.57912 -1.5869194662810213 -2.024326912220049
63270 10520887 0.273164799135201 -1.552431272409896 0.57912 -1.5869194662810213 -2.024326912220049
63271 10520887 0.31488205184115403 -1.5606877035433453 0.57912 -1.5869194662810213 -2.024326912220049
63272 10520887 0.37353896031932676 -1.5687539815682936 0.57912 -1.5869194662810213 -2.024326912220049
63273 10520887 0.40789473578658286 -1.5750719971050946 0.57912 -1.5869194662810213 -2.024326912220049
63274 10520887 0.43243413767234473 -1.580168703390901 0.57912 -1.5869194662810213 -2.024326912220049
63275 10520887 0.4569735395581066 -1.5852654096767074 0.57912 -1.5869194662810213 -2.024326912220049
63276 10520887 0.4990689705780641 -1.5939947606347344 0.57912 -1.5869194662810213 -2.024326912220049
63277 10520887 0.5594986581899577 -1.6085967469064488 0.57912 -1.5869194662810213 -2.024326912220049
63278 10520887 0.6004134195417583 -1.6165892771612431 0.57912 -1.5869194662810213 -2.024326912220049
63279 10520887 0.6319915648166456 -1.6259707988159415 0.57912 -1.5869194662810213 -2.024326912220049
63280 10520887 0.6688932564016227 -1.6326519143159002 0.57912 -1.5869194662810213 -2.024326912220049
63281 10520887 0.6875730020819539 -1.636651271374037 0.57912 -1.5869194662810213 -2.024326912220049
63282 10520887 0.7062527477622853 -1.640650628432174 0.57912 -1.5869194662810213 -2.024326912220049
63283 10520887 0.7571094405878593 -1.6508385420746643 0.57912 -1.5869194662810213 -2.024326912220049
63284 10520887 0.7760966053263423 -1.6579755309516726 0.57912 -1.5869194662810213 -2.024326912220049
63285 10520887 0.8342804564897222 -1.670205884931444 0.57912 -1.5869194662810213 -2.024326912220049
63286 10520887 0.8724082016883355 -1.6785714587073077 0.57912 -1.5869194662810213 -2.024326912220049
63287 10520887 0.9329531011575636 -1.6930908993572025 0.57912 -1.5869194662810213 -2.024326912220049
63288 10520887 0.9734322894968215 -1.7010557407805915 0.57912 -1.5869194662810213 -2.024326912220049
63289 10520887 1.0047157057215932 -1.705899946240782 0.57912 -1.5869194662810213 -2.024326912220049
63290 10520887 1.0404452803348208 -1.71616819468048 0.57912 -1.5869194662810213 -2.024326912220049
63291 10520887 1.0689291434937185 -1.7227845749109125 0.57912 -1.5869194662810213 -2.024326912220049
63292 10520887 1.097413006652616 -1.7294009551413447 0.57912 -1.5869194662810213 -2.024326912220049
63293 10520887 1.1392341498912457 -1.737335823407198 0.57912 -1.5869194662810213 -2.024326912220049
63294 10520887 1.176170538006549 -1.7439087220454688 0.57912 -1.5869194662810213 -2.024326912220049
63295 10520887 1.2326223339693398 -1.7570886668429022 0.57912 -1.5869194662810213 -2.024326912220049
63296 10520887 1.2721832341813981 -1.766504158321658 0.57912 -1.5869194662810213 -2.024326912220049
63297 10520887 1.28927945431258 -1.7720874911475928 0.57912 -1.5869194662810213 -2.024326912220049
63298 10520887 1.306375674443762 -1.7776708239735275 0.57912 -1.5869194662810213 -2.024326912220049
63299 10520887 1.3568881006845928 -1.788910035568423 0.57912 -1.5869194662810213 -2.024326912220049
63300 10520887 1.3911506386016477 -1.7982300125371997 0.57912 -1.5869194662810213 -2.024326912220049
63301 10520887 1.4323514538997173 -1.8080632748412453 0.57912 -1.5869194662810213 -2.024326912220049
63302 10520887 1.4731386402051179 -1.8191630564752093 0.57912 -1.5869194662810213 -2.024326912220049
63303 10520887 1.5096507359560847 -1.8259460546499096 0.57912 -1.5869194662810213 -2.024326912220049
63304 10520887 1.550921604954342 -1.8339323454251764 0.57912 -1.5869194662810213 -2.024326912220049
63305 10520887 1.5755722605843194 -1.8391390871356825 0.57912 -1.5869194662810213 -2.024326912220049
63306 10520887 1.6002229162142967 -1.8443458288461885 0.57912 -1.5869194662810213 -2.024326912220049
63307 10520887 1.6248735718442742 -1.8495525705566946 0.57912 -1.5869194662810213 -2.024326912220049
63308 10520887 1.6714321264727943 -1.8565778847362069 0.57912 -1.5869194662810213 -2.024326912220049
63309 10520887 1.7067487146275047 -1.8681095248838127 0.57912 -1.5869194662810213 -2.024326912220049
63310 10520887 1.7258990523207913 -1.8720260661416888 0.57912 -1.5869194662810213 -2.024326912220049
63311 10520887 1.7780663151126876 -1.8781951607774208 0.57912 -1.5869194662810213 -2.024326912220049
63312 10520887 1.803765844804488 -1.8810957463822624 0.57912 -1.5869194662810213 -2.024326912220049
63313 10520887 1.8447058499528366 -1.886285427487127 0.57912 -1.5869194662810213 -2.024326912220049
63314 10520887 1.8635016078566045 -1.8885671589340078 0.57912 -1.5869194662810213 -2.024326912220049
63315 10520887 1.882297365760372 -1.8908488903808884 0.57912 -1.5869194662810213 -2.024326912220049
63316 10520887 1.9097301043291857 -1.891160888811701 0.57912 -1.5869194662810213 -2.024326912220049
63317 10520887 1.945612881685123 -1.8955165958932876 0.54864 -1.5869194662810213 -2.024326912220049
63318 10520887 1.9699383532891368 -1.8944634499728827 0.54864 -1.5869194662810213 -2.024326912220049
63319 10520887 2.004112392516117 -1.898611455634043 0.54864 -1.5869194662810213 -2.024326912220049
63320 10520887 2.0481985096467286 -1.8968835285563979 0.54864 -1.5869194662810213 -2.024326912220049
63321 10520887 2.074301503901327 -1.8958262785932047 0.54864 -1.5869194662810213 -2.024326912220049
63322 10520887 2.107640580584542 -1.8957294387737924 0.54864 -1.5869194662810213 -2.024326912220049
63323 10520887 2.119821358943428 -1.8935146667765197 0.54864 -1.5869194662810213 -2.024326912220049
63324 10520887 2.164463156821272 -1.8922594219633782 0.54864 -1.5869194662810213 -2.024326912220049
63325 10520887 2.209104954699116 -1.8910041771502366 0.54864 -1.5869194662810213 -2.024326912220049
63326 10520887 2.2247883125986556 -1.8905751329194014 0.54864 -1.5869194662810213 -2.024326912220049
63327 10520887 2.240471670498195 -1.8901460886885662 0.54864 -1.5869194662810213 -2.024326912220049
63328 10520887 2.2772989701568074 -1.8861641266340137 0.54864 -1.5869194662810213 -2.024326912220049
63329 10520887 2.323875728252803 -1.879523723163331 0.54864 -1.5869194662810213 -2.024326912220049
63330 10520887 2.3411025330260333 -1.8770867341996358 0.5334000000000001 -1.5869194662810213 -2.024326912220049
63331 10520887 2.3583293377992636 -1.8746497452359405 0.5181600000000001 -1.5869194662810213 -2.024326912220049
63332 10520887 2.381393617228756 -1.8720155065867663 0.5181600000000001 -1.5869194662810213 -2.024326912220049
63333 10520887 2.399493197468397 -1.8671765462323788 0.5181600000000001 -1.5869194662810213 -2.024326912220049
63334 10520887 2.4402652782981944 -1.863079741178667 0.5181600000000001 -1.5869194662810213 -2.024326912220049
63335 10520887 2.4928411617010866 -1.853023105404947 0.5181600000000001 -1.5869194662810213 -2.024326912220049
63336 10520887 2.515104638113711 -1.8460385801929522 0.5181600000000001 -1.5869194662810213 -2.024326912220049
63337 10520887 2.5383111874178974 -1.8411529312495185 0.5181600000000001 -1.5869194662810213 -2.024326912220049
63338 10520887 2.5615177367220836 -1.8362672823060846 0.5181600000000001 -1.5869194662810213 -2.024326912220049
63339 10520887 2.58472428602627 -1.831381633362651 0.5181600000000001 -1.5869194662810213 -2.024326912220049
63340 10520887 2.620292005754364 -1.8217304007798678 0.5181600000000001 -1.5869194662810213 -2.024326912220049
63341 10520887 2.644091584533975 -1.8154805691016072 0.5181600000000001 -1.5869194662810213 -2.024326912220049
63342 10520887 2.6739473894458348 -1.8070020108337534 0.5181600000000001 -1.5869194662810213 -2.024326912220049
63343 10520887 2.720765922903597 -1.7955321918598843 0.5181600000000001 -1.5869194662810213 -2.024326912220049
63344 10520887 2.7402247282493755 -1.7889750958068744 0.5181600000000001 -1.5869194662810213 -2.024326912220049
63345 10520887 2.7596835335951537 -1.7824179997538645 0.5181600000000001 -1.5869194662810213 -2.024326912220049
63346 10520887 2.784469846479821 -1.7745040131705199 0.5181600000000001 -1.5869194662810213 -2.024326912220049
63347 10520887 2.81200855551952 -1.7663201140990974 0.5181600000000001 -1.5869194662810213 -2.024326912220049
63348 10520887 2.829556927983334 -1.7615340430352444 0.5181600000000001 -1.5869194662810213 -2.024326912220049
63349 10520887 2.8876832784959445 -1.7477963359999673 0.5181600000000001 -1.5869194662810213 -2.024326912220049
63350 10520887 2.9191792464328046 -1.7372823774176507 0.5181600000000001 -1.5869194662810213 -2.024326912220049
63351 10520887 2.9490221390904994 -1.7302004940471656 0.5181600000000001 -1.5869194662810213 -2.024326912220049
63352 10520887 2.9727641840261683 -1.7227629142476775 0.5181600000000001 -1.5869194662810213 -2.024326912220049
63353 10520887 3.0172889754724963 -1.7087908506368876 0.5181600000000001 -1.5869194662810213 -2.024326912220049
63354 10520887 3.045550535600416 -1.6983890927606031 0.5181600000000001 -1.5869194662810213 -2.024326912220049
63355 10520887 3.0733985925612064 -1.6892540698569956 0.5181600000000001 -1.5869194662810213 -2.024326912220049
63356 10520887 3.0974778478115503 -1.6835031673479985 0.50292 -1.5869194662810213 -2.024326912220049
63357 10520887 3.1215571030618943 -1.6777522648390015 0.48768 -1.5869194662810213 -2.024326912220049
63358 10520887 3.15288078601794 -1.6661300079113752 0.48768 -1.5869194662810213 -2.024326912220049
63359 10520887 3.1831708648552626 -1.6576747408530366 0.48768 -1.5869194662810213 -2.024326912220049
63360 10520887 3.1964075131925744 -1.6511305500176385 0.48768 -1.5869194662810213 -2.024326912220049
63361 10520887 3.223951445961532 -1.6414285646788316 0.48768 -1.5869194662810213 -2.024326912220049
63362 10520887 3.25149537873049 -1.6317265793400246 0.48768 -1.5869194662810213 -2.024326912220049
63363 10520887 3.2628031355053597 -1.6302766797887054 0.48768 -1.5869194662810213 -2.024326912220049
63364 10520887 3.315340624784019 -1.5939200995474043 0.48768 -1.5869194662810213 -2.024326912220049
63365 10520887 3.328301808786555 -1.5874026755815356 0.48768 -1.5869194662810213 -2.024326912220049
63366 10520887 3.3615718136618984 -1.5545710746978123 0.48768 -1.5869194662810213 -2.024326912220049
63367 10520887 3.3804558027044402 -1.5348006769898201 0.48768 -1.5869194662810213 -2.024326912220049
63368 10520887 3.3998926310468818 -1.5092532537685288 0.48768 -1.5869194662810213 -2.024326912220049
63369 10520887 3.409170097717195 -1.495109133260639 0.48768 -1.5869194662810213 -2.024326912220049
63370 10520887 3.418447564387508 -1.4809650127527492 0.48768 -1.5869194662810213 -2.024326912220049
63371 10520887 3.427283319908098 -1.4538858896822417 0.48768 -1.5869194662810213 -2.024326912220049
63372 10520887 3.436119075428688 -1.4268067666117343 0.48768 -1.5869194662810213 -2.024326912220049
63373 10520887 3.4425333487779826 -1.3908191172544433 0.48768 -1.5869194662810213 -2.024326912220049
63374 10520887 3.453669472201911 -1.3610446446490168 0.48768 -1.5869194662810213 -2.024326912220049
63375 10520887 3.4512453586117164 -1.345068152149734 0.48768 -1.5869194662810213 -2.024326912220049
63376 10520887 3.4553000971248937 -1.31631218229505 0.48768 -1.5869194662810213 -2.024326912220049
63377 10520887 3.459354835638071 -1.2875562124403659 0.48768 -1.5869194662810213 -2.024326912220049
63378 10520887 3.4591759007377343 -1.277218392026038 0.48768 -1.5869194662810213 -2.024326912220049
63379 10520887 3.4621183872465817 -1.2355422157943166 0.48768 -1.5869194662810213 -2.024326912220049
63380 10520887 3.458519494543933 -1.2057489913186272 0.48768 -1.5869194662810213 -2.024326912220049
63381 10520887 3.459889702758953 -1.1803222500289112 0.48768 -1.5869194662810213 -2.024326912220049
63382 10520887 3.461259910973973 -1.1548955087391952 0.48768 -1.5869194662810213 -2.024326912220049
63383 10520887 3.457445848805071 -1.1197754656514287 0.48768 -1.5869194662810213 -2.024326912220049
63384 10520887 3.453631786636169 -1.0846554225636622 0.48768 -1.5869194662810213 -2.024326912220049
63385 10520887 3.4496473071422202 -1.0633024843661105 0.48768 -1.5869194662810213 -2.024326912220049
63386 10520887 3.4456628276482717 -1.0419495461685588 0.48768 -1.5869194662810213 -2.024326912220049
63387 10520887 3.4416783481543227 -1.0205966079710072 0.48768 -1.5869194662810213 -2.024326912220049
63388 10520887 3.4384348355432275 -0.9924377461235455 0.48768 -1.5869194662810213 -2.024326912220049
63389 10520887 3.4349307739682033 -0.9699760496007405 0.48768 -1.5869194662810213 -2.024326912220049
63390 10520887 3.431426712393179 -0.9475143530779354 0.48768 -1.5869194662810213 -2.024326912220049
63391 10520887 3.4260075224418873 -0.9135057168471 0.48768 -1.5869194662810213 -2.024326912220049
63392 10520887 3.4191039392005775 -0.8666305110081128 0.45720000000000005 -1.5869194662810213 -2.024326912220049
63393 10520887 3.416791456436165 -0.8587503193154289 0.45720000000000005 -1.5869194662810213 -2.024326912220049
63394 10520887 3.414478973671753 -0.850870127622745 0.45720000000000005 -1.5869194662810213 -2.024326912220049
63395 10520887 3.4053186421935315 -0.800571649270376 0.45720000000000005 -1.5869194662810213 -2.024326912220049
63396 10520887 3.39615831071531 -0.7502731709180072 0.45720000000000005 -1.5869194662810213 -2.024326912220049
63397 10520887 3.3967260787178795 -0.7381930852608883 0.45720000000000005 -1.5869194662810213 -2.024326912220049
63398 10520887 3.3922669724500465 -0.7238300888485591 0.45720000000000005 -1.5869194662810213 -2.024326912220049
63399 10520887 3.3878078661822135 -0.7094670924362301 0.45720000000000005 -1.5869194662810213 -2.024326912220049
63400 10520887 3.378915366159233 -0.6523638311029423 0.45720000000000005 -1.5869194662810213 -2.024326912220049
63401 10520887 3.3761949998880816 -0.635122211503366 0.45720000000000005 -1.5869194662810213 -2.024326912220049
63402 10520887 3.3677131060014966 -0.5832926075412667 0.45720000000000005 -1.5869194662810213 -2.024326912220049
63403 10520887 3.3592425450743617 -0.5548293249323284 0.45720000000000005 -1.5869194662810213 -2.024326912220049
63404 10520887 3.3516880463129546 -0.5290012278885411 0.42672000000000004 -1.5869194662810213 -2.024326912220049
63405 10520887 3.349237276617539 -0.5120227319146746 0.42672000000000004 -1.5869194662810213 -2.024326912220049
63406 10520887 3.3467865069221236 -0.49504423594080815 0.42672000000000004 -1.5869194662810213 -2.024326912220049
63407 10520887 3.3435892023274256 -0.469469911907886 0.42672000000000004 -1.5869194662810213 -2.024326912220049
63408 10520887 3.331126097595896 -0.4244008836297285 0.42672000000000004 -1.5869194662810213 -2.024326912220049
63409 10520887 3.324698113634544 -0.3940340971333235 0.42672000000000004 -1.5869194662810213 -2.024326912220049
63410 10520887 3.317030777544127 -0.36583270959817304 0.42672000000000004 -1.5869194662810213 -2.024326912220049
63411 10520887 3.3096714641923937 -0.3407689794142156 0.42672000000000004 -1.5869194662810213 -2.024326912220049
63412 10520887 3.3010073562250106 -0.31154132325127915 0.42672000000000004 -1.5869194662810213 -2.024326912220049
63413 10520887 3.295384422790869 -0.29884245893677774 0.42672000000000004 -1.5869194662810213 -2.024326912220049
63414 10520887 3.289761489356727 -0.28614359462227634 0.42672000000000004 -1.5869194662810213 -2.024326912220049
63415 10520887 3.270548862305639 -0.23618457089380487 0.42672000000000004 -1.5869194662810213 -2.024326912220049
63416 10520887 3.2536661166565963 -0.20357348681128026 0.42672000000000004 -1.5869194662810213 -2.024326912220049
63417 10520887 3.237926061899839 -0.17834414336222246 0.42672000000000004 -1.5869194662810213 -2.024326912220049
63418 10520887 3.2062304562660984 -0.14486988911557327 0.42672000000000004 -1.5869194662810213 -2.024326912220049
63419 10520887 3.1984861554698316 -0.13323067958675358 0.39624000000000004 -1.5869194662810213 -2.024326912220049
63420 10520887 3.154222768335666 -0.10289662044610567 0.39624000000000004 -1.5869194662810213 -2.024326912220049
63421 10520887 3.126855438331053 -0.08064702747125604 0.39624000000000004 -1.5869194662810213 -2.024326912220049
63422 10520887 3.098750002405021 -0.06609982331726308 0.39624000000000004 -1.5869194662810213 -2.024326912220049
63423 10520887 3.083503558273099 -0.061123271861841494 0.39624000000000004 -1.5869194662810213 -2.024326912220049
63424 10520887 3.0682571141411774 -0.05614672040641991 0.39624000000000004 -1.5869194662810213 -2.024326912220049
63425 10520887 3.0329741875692218 -0.04182634715837277 0.39624000000000004 -1.5869194662810213 -2.024326912220049
63426 10520887 3.0040862867022398 -0.032396825129384604 0.39624000000000004 -1.5869194662810213 -2.024326912220049
63427 10520887 2.9687543049731655 -0.023667255288047723 0.39624000000000004 -1.5869194662810213 -2.024326912220049
63428 10520887 2.927047147214169 -0.015426405769778412 0.39624000000000004 -1.5869194662810213 -2.024326912220049
63429 10520887 2.891253425176574 -0.011919272608058334 0.39624000000000004 -1.5869194662810213 -2.024326912220049
63430 10520887 2.835223413569876 -0.007296353821100693 0.36576 -1.5869194662810213 -2.024326912220049
63431 10520887 2.785212135572115 -0.003820121326569087 0.36576 -1.5869194662810213 -2.024326912220049
63432 10520887 2.764136896094123 -0.005818145336017683 0.36576 -1.5869194662810213 -2.024326912220049
63433 10520887 2.709112861390853 -0.005728121918866486 0.36576 -1.5869194662810213 -2.024326912220049
63434 10520887 2.665071837932361 -0.0073542477023244845 0.36576 -1.5869194662810213 -2.024326912220049
63435 10520887 2.623782687557365 -0.008710368033030907 0.36576 -1.5869194662810213 -2.024326912220049
63436 10520887 2.5964945411970293 -0.007978633987308137 0.36576 -1.5869194662810213 -2.024326912220049
63437 10520887 2.5692063948366934 -0.007246899941585366 0.36576 -1.5869194662810213 -2.024326912220049
63438 10520887 2.5300513200221664 -0.00614516827913944 0.33528 -1.5869194662810213 -2.024326912220049
63439 10520887 2.491363678372294 -0.00905086698440069 0.33528 -1.5869194662810213 -2.024326912220049
63440 10520887 2.4612496380022373 -0.007454413834515311 0.33528 -1.5869194662810213 -2.024326912220049
63441 10520887 2.4311355976321805 -0.0058579606846299315 0.33528 -1.5869194662810213 -2.024326912220049
63442 10520887 2.39668670803886 -0.0052990920025101085 0.33528 -1.5869194662810213 -2.024326912220049
63443 10520887 2.3622378184455393 -0.0047402233203902855 0.33528 -1.5869194662810213 -2.024326912220049
63444 10520887 2.3037178050536253 -0.0017535503475481218 0.33528 -1.5869194662810213 -2.024326912220049
63445 10520887 2.2661214972602144 -0.0010426200947458997 0.33528 -1.5869194662810213 -2.024326912220049
63446 10520887 2.217586585154847 -0.00038111720336594934 0.33528 -1.5869194662810213 -2.024326912220049
63447 10520887 2.1981907891641748 -0.0019914623508698326 0.33528 -1.5869194662810213 -2.024326912220049
63448 10520887 2.1787949931735024 -0.003601807498373716 0.33528 -1.5869194662810213 -2.024326912220049
63449 10520887 2.1382978648927793 -0.0025271288563506744 0.3048 -1.5869194662810213 -2.024326912220049
63450 10520887 2.103442634370865 -0.000490901964371987 0.3048 -1.5869194662810213 -2.024326912220049
63451 10520887 2.066888657629157 -0.0009371193906387021 0.3048 -1.5869194662810213 -2.024326912220049
63452 10520887 2.017057038677319 -0.0012527652371848441 0.3048 -1.5869194662810213 -2.024326912220049
63453 10520887 1.999328659202148 -0.0038744502398195824 0.3048 -1.5869194662810213 -2.024326912220049
63454 10520887 1.9408769220469761 -0.0006736548143652654 0.3048 -1.5869194662810213 -2.024326912220049
63455 10520887 1.9002867531853134 -0.0009691959249479298 0.3048 -1.5869194662810213 -2.024326912220049
63456 10520887 1.8622203336688483 0.0004813365783310486 0.3048 -1.5869194662810213 -2.024326912220049
63457 10520887 1.8222494116528267 0.0004512551140223031 0.3048 -1.5869194662810213 -2.024326912220049
63458 10520887 1.8029629293242835 -0.00014243228979923805 0.3048 -1.5869194662810213 -2.024326912220049
63459 10520887 1.7836764469957402 -0.0007361196936207792 0.3048 -1.5869194662810213 -2.024326912220049
63460 10520887 1.7473318965010165 0.0035404750183832268 0.3048 -1.5869194662810213 -2.024326912220049
63461 10520887 1.6919247330958553 2.452571581468277e-05 0.3048 -1.5869194662810213 -2.024326912220049
63462 10520887 1.6596130260316884 6.381936247140674e-05 0.3048 -1.5869194662810213 -2.024326912220049
63463 10520887 1.6225519106040478 -0.00301842944933553 0.3048 -1.5869194662810213 -2.024326912220049
63464 10520887 1.5846230437767024 -0.0011441601749862945 0.3048 -1.5869194662810213 -2.024326912220049
63465 10520887 1.5458678833089787 -0.00016804173274032053 0.27432 -1.5869194662810213 -2.024326912220049
63466 10520887 1.491840025679589 0.001357581164909416 0.27432 -1.5869194662810213 -2.024326912220049
63467 10520887 1.4544840080035448 0.0028117408622652523 0.27432 -1.5869194662810213 -2.024326912220049
63468 10520887 1.428851386939507 0.0031820846718624146 0.27432 -1.5869194662810213 -2.024326912220049
63469 10520887 1.4032187658754691 0.003552428481459577 0.27432 -1.5869194662810213 -2.024326912220049
63470 10520887 1.3699205943858968 0.003564686160779096 0.27432 -1.5869194662810213 -2.024326912220049
63471 10520887 1.3348722313852865 0.00411001961397546 0.27432 -1.5869194662810213 -2.024326912220049
63472 10520887 1.2998238683846766 0.004655353067171825 0.27432 -1.5869194662810213 -2.024326912220049
63473 10520887 1.2647755053840664 0.005200686520368189 0.27432 -1.5869194662810213 -2.024326912220049
63474 10520887 1.2277386123551652 0.004643742009479354 0.27432 -1.5869194662810213 -2.024326912220049
63475 10520887 1.1907017193262641 0.004086797498590519 0.27432 -1.5869194662810213 -2.024326912220049
63476 10520887 1.153664826297363 0.0035298529877016843 0.27432 -1.5869194662810213 -2.024326912220049
63477 10520887 1.1332159309039944 0.00300604980834387 0.27432 -1.5869194662810213 -2.024326912220049
63478 10520887 1.112767035510626 0.0024822466289860555 0.27432 -1.5869194662810213 -2.024326912220049
63479 10520887 1.0923181401172575 0.0019584434496282416 0.27432 -1.5869194662810213 -2.024326912220049
63480 10520887 1.064776238569673 0.002603271160526645 0.27432 -1.5869194662810213 -2.024326912220049
63481 10520887 1.037234337022089 0.003248098871425048 0.27432 -1.5869194662810213 -2.024326912220049
63482 10520887 1.003987413555227 0.0034204896623620112 0.27432 -1.5869194662810213 -2.024326912220049
63483 10520887 0.970740490088365 0.0035928804532989744 0.27432 -1.5869194662810213 -2.024326912220049
63484 10520887 0.9575439974004663 0.005334163894288965 0.27432 -1.5869194662810213 -2.024326912220049
63485 10520887 0.9443475047125673 0.007075447335278956 0.27432 -1.5869194662810213 -2.024326912220049
63486 10520887 0.9076300394379104 0.005052511152949982 0.27432 -1.5869194662810213 -2.024326912220049
63487 10520887 0.863746216718734 0.0033851197654292814 0.27432 -1.5869194662810213 -2.024326912220049
63488 10520887 0.8418672596888335 0.0024725622226844865 0.27432 -1.5869194662810213 -2.024326912220049
63489 10520887 0.8199883026589329 0.0015600046799396916 0.27432 -1.5869194662810213 -2.024326912220049
63490 10520887 0.799879803827017 0.0016268107450240904 0.27432 -1.5869194662810213 -2.024326912220049
63491 10520887 0.779771304995101 0.0016936168101084892 0.27432 -1.5869194662810213 -2.024326912220049
63492 10520887 0.759662806163185 0.001760422875192888 0.27432 -1.5869194662810213 -2.024326912220049
63493 10520887 0.7431150370157061 4.0811439308258146e-05 0.27432 -1.5869194662810213 -2.024326912220049
63494 10520887 0.7269356068998882 -7.735362189939532e-06 0.27432 -1.5869194662810213 -2.024326912220049
63495 10520887 0.7107561767840703 -5.628216368813721e-05 0.27432 -1.5869194662810213 -2.024326912220049
63496 10520887 0.6945767466682524 -0.00010482896518633489 0.27432 -1.5869194662810213 -2.024326912220049
63497 10520887 0.6797963981838311 5.1575507801070175e-05 0.27432 -1.5869194662810213 -2.024326912220049
63498 10520887 0.6650160496994098 0.00020797998078847524 0.27432 -1.5869194662810213 -2.024326912220049
63499 10520887 0.6515163028163554 0.0005690873062376607 0.27432 -1.5869194662810213 -2.024326912220049
63500 10520887 0.6380165559333012 0.0009301946316868462 0.27432 -1.5869194662810213 -2.024326912220049
63501 10520887 0.6245168090502469 0.0012913019571360318 0.27432 -1.5869194662810213 -2.024326912220049
63502 10520887 0.6197021862508685 0.002864529696810253 0.27432 -1.5869194662810213 -2.024326912220049
63503 10520887 0.6148875634514901 0.004437757436484474 0.27432 -1.5869194662810213 -2.024326912220049
63504 10520887 0.613300932694867 -0.0004178720002215863 0.27432 -1.5869194662810213 -2.024326912220049
63505 10520887 0.6072498296077863 0.0033507627823057364 0.27432 -1.5869194662810213 -2.024326912220049
63506 10520887 0.6011987265207055 0.007119397564833059 0.27432 -1.5869194662810213 -2.024326912220049
63507 10520887 0.5951476234336248 0.010888032347360382 0.27432 -1.5869194662810213 -2.024326912220049
63508 10520887 0.5925538314624577 0.014773120041880292 0.27432 -1.5869194662810213 -2.024326912220049
63509 10520887 0.5899600394912906 0.0186582077364002 0.27432 -1.5869194662810213 -2.024326912220049
63510 10520887 0.5873662475201236 0.02254329543092011 0.27432 -1.5869194662810213 -2.024326912220049
63511 10520887 0.5847724555489564 0.02642838312544002 0.27432 -1.5869194662810213 -2.024326912220049
63512 10520887 0.5863246171139243 0.0311784480934887 0.27432 -1.5869194662810213 -2.024326912220049
63513 10520887 0.588666110234976 0.031094330297479104 0.27432 -1.5869194662810213 -2.024326912220049
63514 10520887 0.5910076033560276 0.031010212501469504 0.27432 -1.5869194662810213 -2.024326912220049
63515 10520887 0.5933490964770792 0.030926094705459907 0.27432 -1.5869194662810213 -2.024326912220049
63516 10520887 0.5956905895981309 0.03084197690945031 0.27432 -1.5869194662810213 -2.024326912220049
63517 10520887 0.5980320827191826 0.03075785911344071 0.27432 -1.5869194662810213 -2.024326912220049
63518 10520887 0.6003735758402343 0.030673741317431114 0.27432 -1.5869194662810213 -2.024326912220049
63519 10520887 0.6027150689612859 0.030589623521421517 0.27432 -1.5869194662810213 -2.024326912220049
63520 10520887 0.6050565620823376 0.030505505725411917 0.27432 -1.5869194662810213 -2.024326912220049
63521 10520887 0.6073980552033893 0.03042138792940232 0.27432 -1.5869194662810213 -2.024326912220049
63522 10520887 0.609739548324441 0.030337270133392723 0.27432 -1.5869194662810213 -2.024326912220049
63523 10520887 0.6120810414454926 0.030253152337383123 0.27432 -1.5869194662810213 -2.024326912220049
63524 10520887 0.6144225345665443 0.030169034541373527 0.27432 -1.5869194662810213 -2.024326912220049
63525 10520887 0.616764027687596 0.03008491674536393 0.27432 -1.5869194662810213 -2.024326912220049
63526 10520887 0.6191055208086477 0.03000079894935433 0.27432 -1.5869194662810213 -2.024326912220049
63527 10520887 0.6214470139296993 0.029916681153344733 0.27432 -1.5869194662810213 -2.024326912220049
63528 10520887 0.623788507050751 0.029832563357335137 0.27432 -1.5869194662810213 -2.024326912220049
63529 10520887 0.6261300001718026 0.029748445561325536 0.27432 -1.5869194662810213 -2.024326912220049
63530 10520887 0.6284714932928543 0.02966432776531594 0.27432 -1.5869194662810213 -2.024326912220049
63531 10520887 0.630812986413906 0.029580209969306343 0.27432 -1.5869194662810213 -2.024326912220049
63532 10520887 0.6331544795349576 0.029496092173296743 0.27432 -1.5869194662810213 -2.024326912220049
63533 10520887 0.6354959726560093 0.029411974377287146 0.27432 -1.5869194662810213 -2.024326912220049
63534 10520887 0.637837465777061 0.02932785658127755 0.27432 -1.5869194662810213 -2.024326912220049
63535 10520887 0.6401789588981126 0.02924373878526795 0.27432 -1.5869194662810213 -2.024326912220049
63536 10520887 0.6425204520191643 0.029159620989258353 0.27432 -1.5869194662810213 -2.024326912220049
63537 10520887 0.644861945140216 0.029075503193248756 0.27432 -1.5869194662810213 -2.024326912220049
63538 10520887 0.6472034382612677 0.028991385397239156 0.27432 -1.5869194662810213 -2.024326912220049
63539 10520887 0.6495449313823194 0.02890726760122956 0.27432 -1.5869194662810213 -2.024326912220049
63540 10520887 0.651886424503371 0.028823149805219963 0.27432 -1.5869194662810213 -2.024326912220049
63541 10520887 0.6542279176244227 0.028739032009210363 0.27432 -2.2216872527934295 -2.834057677108069
63542 10520887 0.6565694107454744 0.028654914213200766 0.27432 -2.2216872527934295 -2.834057677108069
63543 10520887 0.6589109038665261 0.02857079641719117 0.27432 -2.2216872527934295 -2.834057677108069
63544 10520887 0.6612523969875777 0.02848667862118157 0.27432 -2.2216872527934295 -2.834057677108069
63545 10520887 0.6635938901086293 0.028402560825171973 0.27432 -2.2216872527934295 -2.834057677108069
63546 10520887 0.665935383229681 0.028318443029162376 0.27432 -2.2216872527934295 -2.834057677108069
63547 10520887 0.6682768763507327 0.028234325233152776 0.27432 -2.2216872527934295 -2.834057677108069
63548 10520887 0.6706183694717843 0.02815020743714318 0.27432 -2.2216872527934295 -2.834057677108069
63549 10520887 0.672959862592836 0.028066089641133583 0.27432 -2.2216872527934295 -2.834057677108069
63550 10520887 0.6753013557138877 0.027981971845123983 0.27432 -2.2216872527934295 -2.834057677108069
63551 10520887 0.6776428488349394 0.027897854049114386 0.27432 -2.2216872527934295 -2.834057677108069
63552 10520887 0.679984341955991 0.027813736253104786 0.27432 -2.2216872527934295 -2.834057677108069
63553 10520887 0.6823258350770427 0.02772961845709519 0.27432 -2.2216872527934295 -2.834057677108069
63554 10520887 0.6846673281980944 0.027645500661085592 0.27432 -2.2216872527934295 -2.834057677108069
63555 10520887 0.6870088213191461 0.027561382865075992 0.27432 -2.2216872527934295 -2.834057677108069
63556 10520887 0.6893503144401978 0.027477265069066396 0.27432 -2.2216872527934295 -2.834057677108069
63557 10520887 0.6916918075612494 0.0273931472730568 0.27432 -2.2216872527934295 -2.834057677108069
63558 10520887 0.6940333006823011 0.0273090294770472 0.27432 -2.2216872527934295 -2.834057677108069
63559 10520887 0.6963747938033528 0.027224911681037602 0.27432 -2.2216872527934295 -2.834057677108069
63560 10520887 0.6987162869244044 0.027140793885028006 0.27432 -2.2216872527934295 -2.834057677108069
63561 10520887 0.701057780045456 0.027056676089018405 0.27432 -2.2216872527934295 -2.834057677108069
63562 10520887 0.7033992731665077 0.02697255829300881 0.27432 -2.2216872527934295 -2.834057677108069
63563 10520887 0.7057407662875594 0.026888440496999212 0.27432 -2.2216872527934295 -2.834057677108069
63564 10520887 0.7080822594086111 0.026804322700989612 0.27432 -2.2216872527934295 -2.834057677108069
63565 10520887 0.7104237525296627 0.026720204904980015 0.27432 -2.2216872527934295 -2.834057677108069
63566 10520887 0.7127652456507144 0.02663608710897042 0.27432 -2.2216872527934295 -2.834057677108069
63567 10520887 0.7151067387717661 0.02655196931296082 0.27432 -2.2216872527934295 -2.834057677108069
63568 10520887 0.7174482318928178 0.026467851516951222 0.27432 -2.2216872527934295 -2.834057677108069
63569 10520887 0.7197897250138694 0.026383733720941625 0.27432 -2.2216872527934295 -2.834057677108069
63570 10520887 0.7221312181349211 0.026299615924932025 0.27432 -2.2216872527934295 -2.834057677108069
63571 10520887 0.7244727112559728 0.02621549812892243 0.27432 -2.2216872527934295 -2.834057677108069
63572 10520887 0.7268142043770245 0.026131380332912832 0.27432 -2.2216872527934295 -2.834057677108069
