12130 10520887 -4.061315417432137 0.04710133880708142 0.8534400000000001 2.5707765526581845 0.08556141830814923
12131 10520887 -3.986600732303623 0.003942130316783782 0.8534400000000001 2.5707765526581845 0.08556141830814923
12132 10520887 -3.938381354135192 -0.025166300081923693 0.82296 2.5707765526581845 0.08556141830814923
12133 10520887 -3.889130768714387 -0.05519616534753227 0.82296 2.5707765526581845 0.08556141830814923
12134 10520887 -3.8319611603159203 -0.08139147794958715 0.82296 2.5707765526581845 0.08556141830814923
12135 10520887 -3.783666157020493 -0.10619990286767958 0.82296 2.5707765526581845 0.08556141830814923
12136 10520887 -3.72553975658571 -0.13761505202473315 0.82296 2.5707765526581845 0.08556141830814923
12137 10520887 -3.6733645936747026 -0.16007049552762256 0.82296 2.5707765526581845 0.08556141830814923
12138 10520887 -3.621189222191873 -0.18252555265789275 0.82296 2.5707765526581845 0.08556141830814923
12139 10520887 -3.542548168644859 -0.20826853755551436 0.82296 2.5707765526581845 0.08556141830814923
12140 10520887 -3.496377488357882 -0.22735476925411438 0.7924800000000001 2.5707765526581845 0.08556141830814923
12141 10520887 -3.436607198891476 -0.24832151725141585 0.7924800000000001 2.5707765526581845 0.08556141830814923
12142 10520887 -3.388738788163656 -0.26086402538768616 0.7924800000000001 2.5707765526581845 0.08556141830814923
12143 10520887 -3.340870377435836 -0.2734065335239565 0.7924800000000001 2.5707765526581845 0.08556141830814923
12144 10520887 -3.294188278667981 -0.28550166564503165 0.7924800000000001 2.5707765526581845 0.08556141830814923
12145 10520887 -3.2475061799001255 -0.2975967977661068 0.7924800000000001 2.5707765526581845 0.08556141830814923
12146 10520887 -3.191901795586772 -0.3122902584104431 0.7924800000000001 2.5707765526581845 0.08556141830814923
12147 10520887 -3.1314458405228676 -0.32681838329100354 0.7924800000000001 2.5707765526581845 0.08556141830814923
12148 10520887 -3.0774989483279205 -0.3373462261972936 0.762 2.5707765526581845 0.08556141830814923
12149 10520887 -3.013851153453304 -0.34917885516317615 0.762 2.5707765526581845 0.08556141830814923
12150 10520887 -2.967504375118817 -0.3568680881305796 0.762 2.5707765526581845 0.08556141830814923
12151 10520887 -2.875442630174061 -0.37309047768578363 0.762 2.5707765526581845 0.08556141830814923
12152 10520887 -2.86086694499458 -0.3738874891813543 0.762 2.5707765526581845 0.08556141830814923
12153 10520887 -2.846291259815099 -0.37468450067692494 0.762 2.5707765526581845 0.08556141830814923
12154 10520887 -2.7611735332540244 -0.3860625122733 0.762 2.5707765526581845 0.08556141830814923
12155 10520887 -2.707586224071192 -0.39062766516745107 0.73152 2.5707765526581845 0.08556141830814923
12156 10520887 -2.648139846868345 -0.3962916527198663 0.73152 2.5707765526581845 0.08556141830814923
12157 10520887 -2.571098073853273 -0.39976700778088825 0.73152 2.5707765526581845 0.08556141830814923
12158 10520887 -2.510823069107012 -0.40289679986553517 0.73152 2.5707765526581845 0.08556141830814923
12159 10520887 -2.4799307922267966 -0.4062274102972997 0.73152 2.5707765526581845 0.08556141830814923
12160 10520887 -2.4192678055700725 -0.410885506581968 0.73152 2.5707765526581845 0.08556141830814923
12161 10520887 -2.3348825797901975 -0.4109189408774335 0.7010400000000001 2.5707765526581845 0.08556141830814923
12162 10520887 -2.288509800131047 -0.4158081088743192 0.7010400000000001 2.5707765526581845 0.08556141830814923
12163 10520887 -2.233887146427385 -0.4172033339899507 0.7010400000000001 2.5707765526581845 0.08556141830814923
12164 10520887 -2.1732459482704307 -0.4205670632012255 0.7010400000000001 2.5707765526581845 0.08556141830814923
12165 10520887 -2.1299395480740153 -0.42158936964421734 0.7010400000000001 2.5707765526581845 0.08556141830814923
12166 10520887 -2.0866331478776 -0.4226116760872092 0.7010400000000001 2.5707765526581845 0.08556141830814923
12167 10520887 -2.0372391530215905 -0.42539119480002097 0.6858000000000001 2.5707765526581845 0.08556141830814923
12168 10520887 -1.987845158165581 -0.42817071351283276 0.67056 2.5707765526581845 0.08556141830814923
12169 10520887 -1.9369247089257453 -0.4273012260320478 0.67056 2.5707765526581845 0.08556141830814923
12170 10520887 -1.8529103359278702 -0.4295448508158577 0.67056 2.5707765526581845 0.08556141830814923
12171 10520887 -1.8275323103231715 -0.430718565688499 0.67056 2.5707765526581845 0.08556141830814923
12172 10520887 -1.7604085984860893 -0.4308247568464554 0.67056 2.5707765526581845 0.08556141830814923
12173 10520887 -1.684947694347844 -0.43096992024772485 0.6400800000000001 2.5707765526581845 0.08556141830814923
12174 10520887 -1.6324210760992786 -0.4289880397355583 0.6400800000000001 2.5707765526581845 0.08556141830814923
12175 10520887 -1.5711828963200707 -0.4307896489761862 0.6400800000000001 2.5707765526581845 0.08556141830814923
12176 10520887 -1.5393489096087503 -0.4323212726541016 0.6400800000000001 2.5707765526581845 0.08556141830814923
12177 10520887 -1.4730284008678944 -0.4321622957793442 0.6400800000000001 2.5707765526581845 0.08556141830814923
12178 10520887 -1.426459755144678 -0.4353576132093555 0.6400800000000001 2.5707765526581845 0.08556141830814923
12179 10520887 -1.3776398289928757 -0.435199578237196 0.6096 2.5707765526581845 0.08556141830814923
12180 10520887 -1.2914930829160751 -0.43661552639300616 0.6096 2.5707765526581845 0.08556141830814923
12181 10520887 -1.2489612595148671 -0.4396580244277234 0.6096 2.5707765526581845 0.08556141830814923
12182 10520887 -1.1937105191129243 -0.441835402228426 0.6096 2.5707765526581845 0.08556141830814923
12183 10520887 -1.1416353043419851 -0.4428571785528148 0.6096 2.5707765526581845 0.08556141830814923
12184 10520887 -1.112519385591325 -0.4441407719322467 0.59436 2.5707765526581845 0.08556141830814923
12185 10520887 -1.0834034668406645 -0.4454243653116786 0.57912 2.5707765526581845 0.08556141830814923
12186 10520887 -1.023739305999661 -0.4490436095433348 0.57912 2.5707765526581845 0.08556141830814923
12187 10520887 -0.9429132260805859 -0.44906642429760246 0.57912 2.5707765526581845 0.08556141830814923
12188 10520887 -0.8956013526604243 -0.4537866455008521 0.57912 2.5707765526581845 0.08556141830814923
12189 10520887 -0.8307388376140317 -0.45372961525653055 0.57912 2.5707765526581845 0.08556141830814923
12190 10570502 1.0977069197643168 0.07146153210306422 0.33528 2.5707765526581845 0.08556141830814923
12190 10520887 -0.7772575080047635 -0.45859681173339184 0.54864 2.5707765526581845 0.08556141830814923
12191 10520887 -0.7173065190477794 -0.46160640181727264 0.54864 2.5707765526581845 0.08556141830814923
12191 10570502 1.0959893483317278 0.0743591676218661 0.33528 2.5707765526581845 0.08556141830814923
12192 10520887 -0.666403704507627 -0.4645783085334563 0.54864 2.5707765526581845 0.08556141830814923
12192 10570502 1.094271776899139 0.07725680314066799 0.33528 2.5707765526581845 0.08556141830814923
12193 10520887 -0.6138734984858221 -0.4685492180682743 0.54864 2.5707765526581845 0.08556141830814923
12193 10570502 1.0891481778969339 0.07951479455039405 0.33528 2.5707765526581845 0.08556141830814923
12194 10570502 1.0886947284463062 0.07944967498649494 0.33530531561461796 2.5707765526581845 0.08556141830814923
12194 10520887 -0.5389482947987962 -0.47411598165336155 0.54864 2.5707765526581845 0.08556141830814923
12195 10570502 1.0882412789956786 0.07938455542259581 0.3353306312292359 2.5707765526581845 0.08556141830814923
12195 10520887 -0.5032167277588101 -0.47621629143902694 0.54864 2.5707765526581845 0.08556141830814923
12196 10570502 1.087787829545051 0.0793194358586967 0.33535594684385384 2.5707765526581845 0.08556141830814923
12196 10520887 -0.46748516071882396 -0.47831660122469233 0.54864 2.5707765526581845 0.08556141830814923
12197 10520887 -0.417110658549918 -0.48181510147352025 0.54864 2.5707765526581845 0.08556141830814923
12197 10570502 1.0873343800944233 0.0792543162947976 0.3353812624584718 2.5707765526581845 0.08556141830814923
12198 10520887 -0.3643159422322493 -0.48470239462818265 0.54864 2.516863095951969 0.5306722116665529
12198 10570502 1.0868809306437957 0.07918919673089847 0.3354065780730897 2.516863095951969 0.5306722116665529
12199 10570502 1.0864274811931678 0.07912407716699936 0.33543189368770765 2.516863095951969 0.5306722116665529
12199 10520887 -0.31105488450284 -0.4915971861712899 0.54864 2.516863095951969 0.5306722116665529
12200 10520887 -0.25921355440808713 -0.4960413979344904 0.54864 2.516863095951969 0.5306722116665529
12200 10570502 1.0859740317425401 0.07905895760310024 0.3354572093023256 2.516863095951969 0.5306722116665529
12201 10520887 -0.2129987047401749 -0.49595909129419635 0.54864 2.516863095951969 0.5306722116665529
12201 10570502 1.0855205822919125 0.07899383803920113 0.3354825249169435 2.516863095951969 0.5306722116665529
12202 10520887 -0.14808506706636781 -0.5011703470904008 0.54864 2.516863095951969 0.5306722116665529
12202 10570502 1.0850671328412849 0.07892871847530201 0.33550784053156146 2.516863095951969 0.5306722116665529
12203 10520887 -0.10454485684957326 -0.5038349347850318 0.54864 2.516863095951969 0.5306722116665529
12203 10570502 1.0846136833906572 0.07886359891140289 0.3355331561461794 2.516863095951969 0.5306722116665529
12204 10520887 -0.05086629151603739 -0.5053732696592979 0.54864 2.516863095951969 0.5306722116665529
12204 10570502 1.0841602339400296 0.07879847934750378 0.33555847176079734 2.516863095951969 0.5306722116665529
12205 10520887 -0.003555198446722474 -0.5100875243751116 0.54864 2.516863095951969 0.5306722116665529
12205 10570502 1.083706784489402 0.07873335978360467 0.3355837873754153 2.516863095951969 0.5306722116665529
12206 10570502 1.0832533350387743 0.07866824021970555 0.33560910299003327 2.516863095951969 0.5306722116665529
12206 10520887 0.05015771665863955 -0.5115195387055395 0.54864 2.516863095951969 0.5306722116665529
12207 10520887 0.09872331094977727 -0.5110353209271082 0.54864 2.516863095951969 0.5306722116665529
12207 10570502 1.0827998855881467 0.07860312065580644 0.3356344186046512 2.516863095951969 0.5306722116665529
12208 10570502 1.082346436137519 0.07853800109190733 0.33565973421926915 2.516863095951969 0.5306722116665529
12208 10520887 0.1281187962634519 -0.5128143895582304 0.54864 2.516863095951969 0.5306722116665529
12209 10570502 1.0818929866868914 0.0784728815280082 0.3356850498338871 2.516863095951969 0.5306722116665529
12209 10520887 0.15751428157712655 -0.5145934581893526 0.54864 2.516863095951969 0.5306722116665529
12210 10570502 1.0814395372362637 0.07840776196410909 0.335710365448505 2.516863095951969 0.5306722116665529
12210 10520887 0.20185664949462634 -0.5175184193124844 0.57912 2.516863095951969 0.5306722116665529
12211 10520887 0.25691651498853774 -0.5256978980646585 0.57912 2.516863095951969 0.5306722116665529
12211 10570502 1.0809860877856359 0.07834264240020997 0.33573568106312296 2.516863095951969 0.5306722116665529
12212 10520887 0.2768009047459683 -0.5260039237671846 0.57912 2.516863095951969 0.5306722116665529
12212 10570502 1.0805326383350082 0.07827752283631086 0.3357609966777409 2.516863095951969 0.5306722116665529
12213 10520887 0.34668865840577257 -0.533654117215633 0.57912 2.516863095951969 0.5306722116665529
12213 10570502 1.0800791888843806 0.07821240327241175 0.33578631229235884 2.516863095951969 0.5306722116665529
12214 10520887 0.37324570383708755 -0.5355561951031513 0.57912 2.516863095951969 0.5306722116665529
12214 10570502 1.079625739433753 0.07814728370851262 0.3358116279069768 2.516863095951969 0.5306722116665529
12215 10520887 0.42527853529051773 -0.543212549906656 0.57912 2.516863095951969 0.5306722116665529
12215 10570502 1.0791722899831253 0.07808216414461351 0.3358369435215947 2.516863095951969 0.5306722116665529
12216 10570502 1.0787188405324977 0.0780170445807144 0.33586225913621265 2.516863095951969 0.5306722116665529
12216 10520887 0.48703426069463907 -0.5526435891610001 0.57912 2.516863095951969 0.5306722116665529
12217 10520887 0.5294609745053935 -0.5559920717153097 0.57912 2.516863095951969 0.5306722116665529
12217 10570502 1.07826539108187 0.07795192501681528 0.3358875747508306 2.516863095951969 0.5306722116665529
12218 10520887 0.5800346056810903 -0.5670257970606031 0.57912 2.516863095951969 0.5306722116665529
12218 10570502 1.0778119416312424 0.07788680545291617 0.3359128903654485 2.516863095951969 0.5306722116665529
12219 10570502 1.0773584921806147 0.07782168588901706 0.33593820598006646 2.516863095951969 0.5306722116665529
12219 10520887 0.6282870816262911 -0.569940667478242 0.57912 2.516863095951969 0.5306722116665529
12220 10520887 0.6727139483059438 -0.5813018998585193 0.57912 2.516863095951969 0.5306722116665529
12220 10570502 1.076905042729987 0.07775656632511793 0.3359635215946844 2.516863095951969 0.5306722116665529
12221 10570502 1.0764515932793595 0.07769144676121882 0.33598883720930234 2.516863095951969 0.5306722116665529
12221 10520887 0.7459381805326439 -0.5893373671973968 0.57912 2.516863095951969 0.5306722116665529
12222 10520887 0.7686122423550277 -0.5926563350867886 0.57912 2.516863095951969 0.5306722116665529
12222 10570502 1.0759981438287316 0.07762632719731971 0.3360141528239203 2.516863095951969 0.5306722116665529
12223 10520887 0.7912863041774114 -0.5959753029761805 0.57912 2.516863095951969 0.5306722116665529
12223 10570502 1.075544694378104 0.07756120763342059 0.3360394684385382 2.516863095951969 0.5306722116665529
12224 10570502 1.0750912449274763 0.07749608806952148 0.33606478405315615 2.516863095951969 0.5306722116665529
12224 10520887 0.8374210895998818 -0.6083607572691248 0.57912 2.516863095951969 0.5306722116665529
12225 10570502 1.0746377954768487 0.07743096850562235 0.3360900996677741 2.516863095951969 0.5306722116665529
12225 10520887 0.8646093665436962 -0.6094158295153287 0.57912 2.516863095951969 0.5306722116665529
12226 10570502 1.074184346026221 0.07736584894172324 0.336115415282392 2.516863095951969 0.5306722116665529
12226 10520887 0.9377726076339297 -0.6219855935389051 0.57912 2.516863095951969 0.5306722116665529
12227 10570502 1.0737308965755934 0.07730072937782413 0.33614073089700996 2.516863095951969 0.5306722116665529
12227 10520887 0.9546065620861474 -0.6221110394226553 0.57912 2.516863095951969 0.5306722116665529
12228 10570502 1.0732774471249658 0.07723560981392501 0.3361660465116279 2.516863095951969 0.5306722116665529
12228 10520887 1.0442682902178175 -0.6385507352597825 0.57912 2.516863095951969 0.5306722116665529
12229 10520887 1.0846602916983947 -0.6481239172681814 0.57912 2.516863095951969 0.5306722116665529
12229 10570502 1.0728239976743381 0.0771704902500259 0.33619136212624584 2.516863095951969 0.5306722116665529
12230 10570502 1.0723705482237105 0.07710537068612679 0.33621667774086383 2.516863095951969 0.5306722116665529
12230 10520887 1.1063092746068808 -0.6498219098028638 0.57912 2.516863095951969 0.5306722116665529
12231 10570502 1.0719170987730828 0.07704025112222766 0.33624199335548177 2.516863095951969 0.5306722116665529
12231 10520887 1.19447896550471 -0.6681087502281465 0.57912 2.516863095951969 0.5306722116665529
12232 10520887 1.246761400667436 -0.6793452886847956 0.57912 2.516863095951969 0.5306722116665529
12232 10570502 1.0714636493224552 0.07697513155832855 0.3362673089700997 2.516863095951969 0.5306722116665529
12233 10520887 1.2937021036325298 -0.6879020579645128 0.57912 2.516863095951969 0.5306722116665529
12233 10570502 1.0710101998718276 0.07691001199442943 0.33629262458471765 2.516863095951969 0.5306722116665529
12234 10570502 1.0705567504211997 0.07684489243053032 0.3363179401993356 2.516863095951969 0.5306722116665529
12234 10520887 1.3398153258064884 -0.6989919863365393 0.57912 2.516863095951969 0.5306722116665529
12235 10520887 1.3835650350986466 -0.7118797316998564 0.57912 2.516863095951969 0.5306722116665529
12235 10570502 1.070103300970572 0.07677977286663121 0.3363432558139535 2.516863095951969 0.5306722116665529
12236 10570502 1.0696498515199444 0.07671465330273208 0.33636857142857146 2.516863095951969 0.5306722116665529
12236 10520887 1.4104494419020877 -0.7206605670046212 0.57912 2.516863095951969 0.5306722116665529
12237 10570502 1.0691964020693168 0.07664953373883297 0.3363938870431894 2.516863095951969 0.5306722116665529
12237 10520887 1.4373338487055287 -0.729441402309386 0.57912 2.516863095951969 0.5306722116665529
12238 10570502 1.0687429526186891 0.07658441417493386 0.33641920265780734 2.516863095951969 0.5306722116665529
12238 10520887 1.4830584645484037 -0.7390015398463224 0.57912 2.516863095951969 0.5306722116665529
12239 10520887 1.521968347865034 -0.7531113807223411 0.57912 2.516863095951969 0.5306722116665529
12239 10570502 1.0682895031680615 0.07651929461103474 0.3364445182724253 2.516863095951969 0.5306722116665529
12240 10520887 1.5721261127852821 -0.7694925629821406 0.57912 2.516863095951969 0.5306722116665529
12240 10570502 1.0678360537174338 0.07645417504713563 0.3364698338870432 2.516863095951969 0.5306722116665529
12241 10520887 1.615474951206475 -0.7822478192710439 0.57912 2.516863095951969 0.5306722116665529
12241 10570502 1.0673826042668062 0.07638905548323652 0.33649514950166115 2.516863095951969 0.5306722116665529
12242 10570502 1.0669291548161786 0.0763239359193374 0.3365204651162791 2.516863095951969 0.5306722116665529
12242 10520887 1.6547987917610827 -0.7950901741450596 0.57912 2.516863095951969 0.5306722116665529
12243 10520887 1.668811365447304 -0.7956944095756241 0.57912 2.516863095951969 0.5306722116665529
12243 10570502 1.066475705365551 0.07625881635543828 0.336545780730897 2.516863095951969 0.5306722116665529
12244 10570502 1.0660222559149233 0.07619369679153917 0.33657109634551496 2.516863095951969 0.5306722116665529
12244 10520887 1.7490643307287361 -0.8219024558286112 0.57912 2.516863095951969 0.5306722116665529
12245 10570502 1.0655688064642954 0.07612857722764005 0.3365964119601329 2.516863095951969 0.5306722116665529
12245 10520887 1.7883663222451442 -0.8334518303801627 0.57912 2.516863095951969 0.5306722116665529
12246 10520887 1.798569526476708 -0.8374262395672198 0.57912 2.516863095951969 0.5306722116665529
12246 10570502 1.0651153570136678 0.07606345766374094 0.33662172757475084 2.516863095951969 0.5306722116665529
12247 10570502 1.0646619075630401 0.07599833809984181 0.3366470431893688 2.516863095951969 0.5306722116665529
12247 10520887 1.8087727307082717 -0.841400648754277 0.57912 2.516863095951969 0.5306722116665529
12248 10520887 1.8698773927635026 -0.8653261067992751 0.57912 2.516863095951969 0.5306722116665529
12248 10570502 1.0642084581124125 0.0759332185359427 0.3366723588039867 2.516863095951969 0.5306722116665529
12249 10570502 1.0637550086617849 0.0758680989720436 0.33669767441860465 2.516863095951969 0.5306722116665529
12249 10520887 1.8871195441141004 -0.8723582191002637 0.57912 2.516863095951969 0.5306722116665529
12250 10520887 1.9469404573918359 -0.8958637121957921 0.57912 2.516863095951969 0.5306722116665529
12250 10570502 1.0633015592111572 0.07580297940814447 0.3367229900332226 2.516863095951969 0.5306722116665529
12251 10520887 1.9862525711836474 -0.9101020138772383 0.57912 2.516863095951969 0.5306722116665529
12251 10570502 1.0628481097605296 0.07573785984424536 0.33674830564784053 2.516863095951969 0.5306722116665529
12252 10570502 1.062394660309902 0.07567274028034625 0.33677362126245847 2.516863095951969 0.5306722116665529
12252 10520887 2.043264959390262 -0.9326895172379682 0.57912 2.516863095951969 0.5306722116665529
12253 10520887 2.0874049121833718 -0.947101708305146 0.57912 2.516863095951969 0.5306722116665529
12253 10570502 1.0619412108592743 0.07560762071644712 0.3367989368770764 2.516863095951969 0.5306722116665529
12254 10520887 2.1247109731292246 -0.9606841433784413 0.57912 2.516863095951969 0.5306722116665529
12255 10520887 2.1641480229682735 -0.9775321219529686 0.54864 2.516863095951969 0.5306722116665529
12256 10520887 2.1985650796654364 -0.9901708623234052 0.54864 2.516863095951969 0.5306722116665529
12257 10520887 2.2375011159348523 -1.0014811515122448 0.54864 2.516863095951969 0.5306722116665529
12258 10520887 2.2780177083995445 -1.0161108544674893 0.54864 2.516863095951969 0.5306722116665529
12259 10520887 2.3076001524418226 -1.0213880445532353 0.54864 2.516863095951969 0.5306722116665529
12260 10520887 2.3371825964841 -1.0266652346389815 0.54864 2.516863095951969 0.5306722116665529
12261 10520887 2.37377136633774 -1.0322435831462362 0.54864 2.516863095951969 0.5306722116665529
12262 10520887 2.41036013619138 -1.037821931653491 0.54864 2.516863095951969 0.5306722116665529
12263 10520887 2.459280153771206 -1.0365031426990365 0.54864 2.516863095951969 0.5306722116665529
12264 10520887 2.496479028263251 -1.0378994882098134 0.54864 2.516863095951969 0.5306722116665529
12265 10520887 2.5283837742785975 -1.0326611323107746 0.54864 2.516863095951969 0.5306722116665529
12266 10520887 2.5701947893953037 -1.0297218909642647 0.5181600000000001 2.516863095951969 0.5306722116665529
12267 10520887 2.621458648405642 -1.0195882847552664 0.5181600000000001 2.516863095951969 0.5306722116665529
12268 10520887 2.6589410681020054 -1.0054230702203664 0.5181600000000001 2.516863095951969 0.5306722116665529
12269 10520887 2.702892676273289 -0.987762215711029 0.5181600000000001 2.516863095951969 0.5306722116665529
12270 10520887 2.7225274231324965 -0.9820224823809115 0.5181600000000001 2.516863095951969 0.5306722116665529
12271 10520887 2.7596792865591704 -0.9634268123299369 0.5181600000000001 2.516863095951969 0.5306722116665529
12272 10520887 2.8063692197103967 -0.9278520339551287 0.5181600000000001 2.516863095951969 0.5306722116665529
12273 10520887 2.8371225388776233 -0.9084525640999904 0.5181600000000001 2.516863095951969 0.5306722116665529
12274 10520887 2.8588510148556106 -0.8894949339708422 0.50292 2.516863095951969 0.5306722116665529
12275 10520887 2.8805794908335978 -0.870537303841694 0.48768 2.516863095951969 0.5306722116665529
12276 10520887 2.9214450927237823 -0.8317177036805186 0.48768 2.516863095951969 0.5306722116665529
12277 10520887 2.9403671378871277 -0.806733300919328 0.48768 2.516863095951969 0.5306722116665529
12278 10520887 2.9592891830504726 -0.7817488981581374 0.48768 2.516863095951969 0.5306722116665529
12279 10520887 2.9886988060824065 -0.7433369413268727 0.48768 2.516863095951969 0.5306722116665529
12280 10520887 3.0052763944407417 -0.7170324104296906 0.48768 2.516863095951969 0.5306722116665529
12281 10520887 3.021853982799077 -0.6907278795325084 0.48768 2.516863095951969 0.5306722116665529
12282 10520887 3.0393934437148262 -0.656034565599705 0.48768 2.516863095951969 0.5306722116665529
12283 10520887 3.056740533998388 -0.616489047479183 0.48768 2.516863095951969 0.5306722116665529
12284 10520887 3.073151671720261 -0.5689282611544135 0.48768 2.516863095951969 0.5306722116665529
12285 10520887 3.084043176506716 -0.5505218880284509 0.48768 2.516863095951969 0.5306722116665529
12286 10520887 3.0956515310554886 -0.49999176075858653 0.48768 2.516863095951969 0.5306722116665529
12287 10520887 3.1056338129991117 -0.4666867668967968 0.48768 2.516863095951969 0.5306722116665529
12288 10520887 3.1133020174902466 -0.429589300838618 0.45720000000000005 2.516863095951969 0.5306722116665529
12289 10520887 3.1156185551558604 -0.38712385004186833 0.45720000000000005 2.516863095951969 0.5306722116665529
12290 10520887 3.1205548412166353 -0.3556763453012758 0.45720000000000005 2.516863095951969 0.5306722116665529
12291 10520887 3.1236740475306783 -0.3134728476548867 0.45720000000000005 2.516863095951969 0.5306722116665529
12292 10520887 3.121912754292775 -0.2848623487633205 0.45720000000000005 2.516863095951969 0.5306722116665529
12293 10520887 3.1140708993583015 -0.2527777578591885 0.45720000000000005 2.516863095951969 0.5306722116665529
12294 10520887 3.106229044423828 -0.2206931669550565 0.45720000000000005 2.516863095951969 0.5306722116665529
12295 10520887 3.099569240835245 -0.1972298083244398 0.45720000000000005 2.516863095951969 0.5306722116665529
12296 10520887 3.0929094372466617 -0.17376644969382307 0.45720000000000005 2.516863095951969 0.5306722116665529
12297 10520887 3.0767266143910286 -0.14173357069286777 0.45720000000000005 2.516863095951969 0.5306722116665529
12298 10520887 3.054233874825931 -0.11651898642808203 0.45720000000000005 2.516863095951969 0.5306722116665529
12299 10520887 3.040388896209798 -0.08711806555736032 0.45720000000000005 2.516863095951969 0.5306722116665529
12300 10520887 3.0169108990730056 -0.0611143977938888 0.45720000000000005 2.516863095951969 0.5306722116665529
12301 10520887 2.9808549681333654 -0.0355607146094509 0.45720000000000005 2.516863095951969 0.5306722116665529
12302 10520887 2.9631372245979755 -0.021833695154493987 0.45720000000000005 2.516863095951969 0.5306722116665529
12303 10520887 2.935076457940186 -0.009870264848476001 0.42672000000000004 2.516863095951969 0.5306722116665529
12304 10520887 2.8997248948998804 0.004239641062966676 0.42672000000000004 2.516863095951969 0.5306722116665529
12305 10520887 2.8732346684736036 0.01557386108649303 0.42672000000000004 2.516863095951969 0.5306722116665529
12306 10520887 2.8163010163438207 0.023412400695299013 0.42672000000000004 2.516863095951969 0.5306722116665529
12307 10520887 2.796249951250237 0.027271289622312983 0.42672000000000004 2.516863095951969 0.5306722116665529
12308 10520887 2.7674457272591724 0.02335737261996143 0.42672000000000004 2.516863095951969 0.5306722116665529
12309 10520887 2.7138102026351074 0.024980041169939154 0.42672000000000004 2.516863095951969 0.5306722116665529
12310 10520887 2.673461578810911 0.023783937662301607 0.42672000000000004 2.516863095951969 0.5306722116665529
12311 10520887 2.6352886813665126 0.018373177743901487 0.39624000000000004 2.516863095951969 0.5306722116665529
12312 10520887 2.6115488426858318 0.018413724322206074 0.39624000000000004 2.516863095951969 0.5306722116665529
12313 10520887 2.587809004005151 0.01845427090051066 0.39624000000000004 2.516863095951969 0.5306722116665529
12314 10520887 2.5515991058823837 0.017017414106202236 0.39624000000000004 2.516863095951969 0.5306722116665529
12315 10520887 2.5153892077596165 0.015580557311893811 0.39624000000000004 2.516863095951969 0.5306722116665529
12316 10520887 2.4758868122195477 0.011539152725750207 0.39624000000000004 2.516863095951969 0.5306722116665529
12317 10520887 2.4423956073132116 0.012310769585039322 0.39624000000000004 2.516863095951969 0.5306722116665529
12318 10520887 2.4061868483253113 0.012918460509094593 0.39624000000000004 2.516863095951969 0.5306722116665529
12319 10520887 2.3706318476920067 0.013896958325321312 0.39624000000000004 2.516863095951969 0.5306722116665529
12320 10520887 2.3349700995014357 0.009653599676569674 0.39624000000000004 2.516863095951969 0.5306722116665529
12321 10520887 2.295639670816258 0.00614101896181965 0.39624000000000004 2.516863095951969 0.5306722116665529
12322 10520887 2.257894761124207 0.007484622757743947 0.39624000000000004 2.516863095951969 0.5306722116665529
12323 10520887 2.220757849232599 0.009330802627969842 0.39624000000000004 2.516863095951969 0.5306722116665529
12324 10520887 2.186164964492452 0.009178241088533906 0.39624000000000004 2.516863095951969 0.5306722116665529
12325 10520887 2.1366546075134947 0.008756947117199682 0.36576 2.516863095951969 0.5306722116665529
12326 10520887 2.1033918511121614 0.008871328488765401 0.36576 2.516863095951969 0.5306722116665529
12327 10520887 2.0866915078244532 0.008717469784518567 0.36576 2.516863095951969 0.5306722116665529
12328 10520887 2.069991164536745 0.008563611080271732 0.36576 2.516863095951969 0.5306722116665529
12329 10520887 2.0257326296192355 0.008998073377335741 0.36576 2.516863095951969 0.5306722116665529
12330 10520887 1.9913790506825255 0.007132732275689863 0.36576 2.516863095951969 0.5306722116665529
12331 10520887 1.9555155943003073 0.01043347167473263 0.36576 2.516863095951969 0.5306722116665529
12332 10520887 1.9168038093877475 0.00718800688738408 0.36576 2.516863095951969 0.5306722116665529
12333 10520887 1.8814906920599797 0.010543013148015395 0.36576 2.516863095951969 0.5306722116665529
12334 10520887 1.846231037949243 0.008623746183463232 0.36576 2.516863095951969 0.5306722116665529
12335 10520887 1.8152623074824805 0.010326602283037278 0.36576 2.516863095951969 0.5306722116665529
12336 10520887 1.781344109045707 0.008436804921015228 0.36576 2.516863095951969 0.5306722116665529
12337 10520887 1.74744782772574 0.005254946558504503 0.36576 2.516863095951969 0.5306722116665529
12338 10520887 1.7213061146964057 0.006783542911141305 0.33528 2.516863095951969 0.5306722116665529
12339 10520887 1.680955755183662 0.005593074607587067 0.33528 2.516863095951969 0.5306722116665529
12340 10520887 1.6356515570844936 0.003918001989179937 0.33528 2.516863095951969 0.5306722116665529
12341 10520887 1.620796196431931 0.002753651290925904 0.33528 2.516863095951969 0.5306722116665529
12342 10520887 1.6059408357793683 0.0015893005926718717 0.33528 2.516863095951969 0.5306722116665529
12343 10520887 1.569376734953765 0.0038356542930684245 0.33528 2.516863095951969 0.5306722116665529
12344 10520887 1.535757173444062 0.0031344135234139398 0.33528 2.516863095951969 0.5306722116665529
12345 10520887 1.5074574736784256 0.0018639001991963278 0.33528 2.516863095951969 0.5306722116665529
12346 10520887 1.4657338374314577 0.004627799538013205 0.33528 2.516863095951969 0.5306722116665529
12347 10520887 1.431438978982905 0.00566629704491646 0.33528 2.516863095951969 0.5306722116665529
12348 10520887 1.3984041440840493 0.005125121978255681 0.33528 2.516863095951969 0.5306722116665529
12349 10520887 1.3615826789384047 0.0011480393884464868 0.33528 2.516863095951969 0.5306722116665529
12350 10520887 1.3414025217554901 0.001898803878494476 0.3048 2.516863095951969 0.5306722116665529
12351 10520887 1.3197726450569847 0.0036489298531680453 0.3048 2.516863095951969 0.5306722116665529
12352 10520887 1.2981427683584792 0.0053990558278416145 0.3048 2.516863095951969 0.5306722116665529
12353 10520887 1.2702327273775573 0.004235757046791966 0.3048 2.516863095951969 0.5306722116665529
12354 10520887 1.2315116496463436 0.005319153786976713 0.3048 2.516863095951969 0.5306722116665529
12355 10520887 1.2216954377916176 0.004086513225114857 0.3048 2.516863095951969 0.5306722116665529
12356 10520887 1.1971024235638423 0.0042699977800351565 0.3048 2.516863095951969 0.5306722116665529
12357 10520887 1.1725094093360668 0.004453482334955456 0.3048 2.516863095951969 0.5306722116665529
12358 10520887 1.1479163951082916 0.004636966889875754 0.3048 2.516863095951969 0.5306722116665529
12359 10520887 1.123323380880516 0.004820451444796053 0.3048 2.516863095951969 0.5306722116665529
12360 10520887 1.0987303666527408 0.005003935999716352 0.3048 2.516863095951969 0.5306722116665529
12360 10837576 -3.321670060121834 2.2887011119738703 0.7162800000000001 2.516863095951969 0.5306722116665529
12361 10837576 -3.2651329262342523 2.2483904887284534 0.7173685714285716 2.516863095951969 0.5306722116665529
12361 10520887 1.0927565133102561 0.00520317123696485 0.3048 2.516863095951969 0.5306722116665529
12362 10520887 1.0867826599677715 0.005402406474213348 0.3048 2.516863095951969 0.5306722116665529
12362 10837576 -3.208595792346671 2.208079865483037 0.718457142857143 2.516863095951969 0.5306722116665529
12363 10520887 1.0559822280679494 0.0035486406401247297 0.32004 2.516863095951969 0.5306722116665529
12363 10837576 -3.1520586584590893 2.16776924223762 0.7195457142857145 2.516863095951969 0.5306722116665529
12364 10837576 -3.0955215245715078 2.1274586189922036 0.7206342857142858 2.516863095951969 0.5306722116665529
12364 10520887 1.0251817961681273 0.0016948748060361118 0.33528 2.516863095951969 0.5306722116665529
12365 10520887 1.0035092415653908 0.000597579240221191 0.33528 2.516863095951969 0.5306722116665529
12365 10837576 -3.0389843906839262 2.0871479957467867 0.7217228571428572 2.516863095951969 0.5306722116665529
12366 10837576 -2.9824472567963447 2.04683737250137 0.7228114285714287 2.516863095951969 0.5306722116665529
12366 10520887 0.9938799950180102 0.0037435162966037994 0.3048 2.516863095951969 0.5306722116665529
12367 10520887 0.9662786127728009 0.0018963196551491646 0.33528 2.516863095951969 0.5306722116665529
12367 10837576 -2.925910122908763 2.0065267492559533 0.7239000000000001 2.516863095951969 0.5306722116665529
12368 10520887 0.9491621251689638 0.0055024432827720515 0.33528 2.516863095951969 0.5306722116665529
12368 10837576 -2.8829867091496295 1.9721440045061718 0.7239000000000001 2.516863095951969 0.5306722116665529
12369 10837576 -2.8331970340586077 1.9362153576239023 0.7200900000000001 2.516863095951969 0.5306722116665529
12369 10520887 0.9337710538106316 0.001885792111965462 0.33528 2.516863095951969 0.5306722116665529
12370 10520887 0.9257559014573846 0.0018174683876660408 0.33528 2.516863095951969 0.5306722116665529
12370 10837576 -2.783407358967586 1.9002867107416328 0.7162800000000001 2.516863095951969 0.5306722116665529
12371 10520887 0.9126051473358582 0.0034270623368425693 0.33528 2.516863095951969 0.5306722116665529
12371 10837576 -2.715872503390311 1.853175435269629 0.7162800000000001 2.516863095951969 0.5306722116665529
12372 10837576 -2.687667847615116 1.836231636309132 0.7162800000000001 2.516863095951969 0.5306722116665529
12372 10520887 0.8994543932143317 0.005036656286019098 0.33528 2.516863095951969 0.5306722116665529
12373 10520887 0.887774470365452 0.003537140625018309 0.33528 2.516863095951969 0.5306722116665529
12373 10837576 -2.5916551164686954 1.7697519575663996 0.7162800000000001 2.516863095951969 0.5306722116665529
12374 10837576 -2.5390921919900293 1.731165547073011 0.7162800000000001 2.516863095951969 0.5306722116665529
12374 10520887 0.8760945475165721 0.0020376249640175204 0.33528 2.516863095951969 0.5306722116665529
12375 10520887 0.8588513511242402 0.004984399974146056 0.33528 2.516863095951969 0.5306722116665529
12375 10837576 -2.476311313089014 1.6852628007018002 0.7162800000000001 2.516863095951969 0.5306722116665529
12376 10837576 -2.4161393116386085 1.642785232120434 0.7162800000000001 2.516863095951969 0.5306722116665529
12376 10520887 0.8494945677958854 0.004887195588707219 0.33528 2.516863095951969 0.5306722116665529
12377 10837576 -2.332576295102389 1.5833059383238652 0.7162800000000001 2.516863095951969 0.5306722116665529
12377 10520887 0.8424197844948287 0.004979020517685492 0.33528 2.516863095951969 0.5306722116665529
12378 10837576 -2.2787431699398226 1.5496813945626533 0.7162800000000001 2.516863095951969 0.5306722116665529
12378 10520887 0.8278471559180037 0.00658601168024342 0.33528 2.516863095951969 0.5306722116665529
12379 10520887 0.8215403159829119 0.006310118490527025 0.33528 2.516863095951969 0.5306722116665529
12379 10837576 -2.215250808795914 1.5021468945477001 0.7162800000000001 2.516863095951969 0.5306722116665529
12380 10520887 0.8161844393950406 0.005139385401377455 0.33528 2.516863095951969 0.5306722116665529
12380 10837576 -2.156725379734449 1.4611459271857907 0.7239000000000001 2.516863095951969 0.5306722116665529
12381 10837576 -2.09739711400088 1.4198829268934199 0.7162800000000001 2.516863095951969 0.5306722116665529
12381 10520887 0.8100380826614022 0.004811065938289047 0.33528 2.516863095951969 0.5306722116665529
12382 10520887 0.8053276261643143 0.007518401869105518 0.33528 2.516863095951969 0.5306722116665529
12382 10837576 -2.0327896542179964 1.373037427045362 0.7162800000000001 2.516863095951969 0.5306722116665529
12383 10837576 -1.966136006816199 1.3297295934633737 0.7162800000000001 2.516863095951969 0.5306722116665529
12383 10520887 0.8006171696672264 0.010225737799921988 0.33528 2.516863095951969 0.5306722116665529
12384 10837576 -1.9082723737389615 1.2894153455841315 0.7162800000000001 2.516863095951969 0.5306722116665529
12384 10520887 0.8014794068136701 0.012864687464172658 0.33528 2.516863095951969 0.5306722116665529
12385 10520887 0.7966647913915086 0.01443779252406771 0.33528 2.516863095951969 0.5306722116665529
12385 10837576 -1.8431713647979284 1.2413591762443343 0.7162800000000001 2.516863095951969 0.5306722116665529
12386 10520887 0.792539969654384 0.01812205967396012 0.33528 2.516863095951969 0.5306722116665529
12386 10837576 -1.8144567968318188 1.2212153994278465 0.7162800000000001 2.516863095951969 0.5306722116665529
12387 10837576 -1.7857422288657092 1.2010716226113587 0.7162800000000001 2.516863095951969 0.5306722116665529
12387 10520887 0.7950577126931696 0.025827789343561017 0.3048 2.516863095951969 0.5306722116665529
12388 10520887 0.7902339352653752 0.03009091604844287 0.33528 2.516863095951969 0.5306722116665529
12388 10837576 -1.7021359521008377 1.1417052767182314 0.7162800000000001 2.516863095951969 0.5306722116665529
12389 10520887 0.790298031111786 0.03008736306518559 0.33528 2.516863095951969 0.5306722116665529
12389 10837576 -1.6478620288060786 1.108059828321888 0.7162800000000001 2.516863095951969 0.5306722116665529
12390 10520887 0.7903621269581967 0.030083810081928303 0.33528 2.516863095951969 0.5306722116665529
12390 10837576 -1.6016848693608192 1.0727404862430763 0.7162800000000001 2.516863095951969 0.5306722116665529
12391 10837576 -1.528552319129412 1.0261504118725941 0.7162800000000001 2.516863095951969 0.5306722116665529
12391 10520887 0.7904262228046074 0.030080257098671022 0.33528 2.516863095951969 0.5306722116665529
12392 10520887 0.7904903186510182 0.030076704115413737 0.33528 2.516863095951969 0.5306722116665529
12392 10837576 -1.470931129189171 0.9810131044013766 0.7162800000000001 2.516863095951969 0.5306722116665529
12393 10837576 -1.4056935155194716 0.9377082521253008 0.7162800000000001 2.516863095951969 0.5306722116665529
12393 10520887 0.7905544144974289 0.030073151132156455 0.33528 2.516863095951969 0.5306722116665529
12394 10837576 -1.3481110093516728 0.8976090819978387 0.7239000000000001 2.516863095951969 0.5306722116665529
12394 10520887 0.7906185103438397 0.03006959814889917 0.33528 2.516863095951969 0.5306722116665529
12395 10520887 0.7906826061902504 0.03006604516564189 0.33528 2.516863095951969 0.5306722116665529
12395 10837576 -1.2859500757655413 0.8500543186870722 0.7239000000000001 2.516863095951969 0.5306722116665529
12396 10520887 0.7907467020366611 0.030062492182384604 0.33528 2.516863095951969 0.5306722116665529
12396 10837576 -1.1908754332429246 0.7863611347717865 0.7162800000000001 2.516863095951969 0.5306722116665529
12397 10837576 -1.1318242721057454 0.7453167009625666 0.7162800000000001 2.516863095951969 0.5306722116665529
12397 10520887 0.7908107978830718 0.030058939199127322 0.33528 2.516863095951969 0.5306722116665529
12398 10520887 0.7908748937294826 0.030055386215870037 0.33528 2.516863095951969 0.5306722116665529
12398 10837576 -1.0733687143069168 0.704350887003756 0.7239000000000001 2.516863095951969 0.5306722116665529
12399 10520887 0.7909389895758934 0.030051833232612755 0.33528 2.516863095951969 0.5306722116665529
12399 10837576 -1.0422867496607044 0.6805747031198169 0.7200900000000001 2.516863095951969 0.5306722116665529
12400 10837576 -1.0112047850144923 0.6567985192358778 0.7162800000000001 2.516863095951969 0.5306722116665529
12400 10520887 0.7910030854223041 0.030048280249355474 0.33528 2.516863095951969 0.5306722116665529
12401 10837576 -0.9615023302180306 0.6213837037978375 0.7162800000000001 2.516863095951969 0.5306722116665529
12401 10520887 0.7910671812687148 0.03004472726609819 0.33528 2.516863095951969 0.5306722116665529
12402 10837576 -0.8852870862184175 0.566550693326953 0.7162800000000001 2.516863095951969 0.5306722116665529
12402 10520887 0.7911312771151255 0.030041174282840907 0.33528 2.516863095951969 0.5306722116665529
12403 10520887 0.7911953729615363 0.030037621299583622 0.33528 2.516863095951969 0.5306722116665529
12403 10837576 -0.820778525396042 0.5220895624094973 0.7239000000000001 2.516863095951969 0.5306722116665529
12404 10520887 0.7912594688079471 0.03003406831632634 0.33528 2.516863095951969 0.5306722116665529
12404 10837576 -0.7682100896713921 0.4845711210004142 0.7239000000000001 2.516863095951969 0.5306722116665529
12405 10520887 0.7913235646543578 0.030030515333069056 0.33528 2.516863095951969 0.5306722116665529
12405 10837576 -0.7010860744385474 0.4399572900536952 0.7162800000000001 2.516863095951969 0.5306722116665529
12406 10837576 -0.6439783455939045 0.40002123134595624 0.7162800000000001 2.516863095951969 0.5306722116665529
12406 10520887 0.7913876605007685 0.030026962349811774 0.33528 2.516863095951969 0.5306722116665529
12407 10837576 -0.5732810073771715 0.35003467945529265 0.7162800000000001 2.516863095951969 0.5306722116665529
12407 10520887 0.7914517563471792 0.03002340936655449 0.33528 2.516863095951969 0.5306722116665529
12408 10520887 0.79151585219359 0.030019856383297207 0.33528 2.516863095951969 0.5306722116665529
12408 10837576 -0.5065948551293331 0.30136049359542083 0.7239000000000001 2.516863095951969 0.5306722116665529
12409 10520887 0.7915799480400008 0.030016303400039922 0.33528 2.516863095951969 0.5306722116665529
12409 10837576 -0.4480185008169508 0.2604791341780618 0.7162800000000001 2.516863095951969 0.5306722116665529
12410 10837576 -0.3980265758294361 0.22322264516601018 0.7162800000000001 2.516863095951969 0.5306722116665529
12410 10520887 0.7916440438864115 0.03001275041678264 0.33528 2.516863095951969 0.5306722116665529
12411 10837576 -0.3305319178668422 0.17837560021880114 0.7162800000000001 2.516863095951969 0.5306722116665529
12411 10520887 0.7917081397328222 0.03000919743352536 0.33528 2.516863095951969 0.5306722116665529
12412 10520887 0.7917722355792329 0.030005644450268074 0.33528 2.516863095951969 0.5306722116665529
12412 10837576 -0.2502419446548201 0.11941601455178677 0.7239000000000001 2.516863095951969 0.5306722116665529
12413 10837576 -0.2183675060395378 0.09818981666515872 0.7200900000000001 2.516863095951969 0.5306722116665529
12413 10520887 0.7918363314256437 0.030002091467010793 0.33528 2.516863095951969 0.5306722116665529
12414 10520887 0.7919004272720545 0.029998538483753508 0.33528 2.516863095951969 0.5306722116665529
12414 10837576 -0.18649306742425553 0.07696361877853067 0.7162800000000001 2.516863095951969 0.5306722116665529
12415 10837576 -0.12953525038266855 0.031123866149846663 0.7162800000000001 2.516863095951969 0.5306722116665529
12415 10520887 0.7919645231184652 0.029994985500496226 0.33528 2.516863095951969 0.5306722116665529
12416 10520887 0.7920286189648759 0.02999143251723894 0.33528 2.516863095951969 0.5306722116665529
12416 10837576 -0.06055802386651876 -0.013269620663280218 0.7162800000000001 2.516863095951969 0.5306722116665529
12417 10520887 0.7920927148112866 0.02998787953398166 0.33528 2.516863095951969 0.5306722116665529
12417 10837576 -0.006541599464394254 -0.054524801411306306 0.7239000000000001 2.516863095951969 0.5306722116665529
12418 10520887 0.7921568106576974 0.029984326550724374 0.33528 2.516863095951969 0.5306722116665529
12418 10837576 0.055601831964825044 -0.0997207317978561 0.7162800000000001 2.516863095951969 0.5306722116665529
12419 10837576 0.11398864980211376 -0.14065056745186721 0.7239000000000001 2.516863095951969 0.5306722116665529
12419 10520887 0.7922209065041081 0.029980773567467093 0.33528 2.516863095951969 0.5306722116665529
12420 10520887 0.7922850023505189 0.029977220584209808 0.33528 2.516863095951969 0.5306722116665529
12420 10837576 0.20006175961357076 -0.20231093023845473 0.7239000000000001 2.516863095951969 0.5306722116665529
12421 10837576 0.2251648228326597 -0.22605311868201924 0.7239000000000001 2.516863095951969 0.5306722116665529
12421 10520887 0.7923490981969296 0.029973667600952526 0.33528 2.516863095951969 0.5306722116665529
12422 10520887 0.7924131940433403 0.02997011461769524 0.33528 2.516863095951969 0.5306722116665529
12422 10837576 0.2953677852010461 -0.2762165896885256 0.7162800000000001 2.516863095951969 0.5306722116665529
12423 10520887 0.7924772898897511 0.02996656163443796 0.33528 2.516863095951969 0.5306722116665529
12423 10837576 0.3543714304160366 -0.3226025331245689 0.7239000000000001 2.516863095951969 0.5306722116665529
12424 10837576 0.4332800581517788 -0.3855393443237909 0.7162800000000001 2.516863095951969 0.5306722116665529
12424 10520887 0.7925413857361618 0.029963008651180678 0.33528 2.516863095951969 0.5306722116665529
12425 10520887 0.7926054815825726 0.029959455667923393 0.33528 2.516863095951969 0.5306722116665529
12425 10837576 0.457799455761074 -0.40944005661244154 0.7162800000000001 2.516863095951969 0.5306722116665529
12426 10837576 0.5480200794941046 -0.48179590338048195 0.7162800000000001 2.516863095951969 0.5306722116665529
12426 10520887 0.7926695774289833 0.02995590268466611 0.33528 2.516863095951969 0.5306722116665529
12427 10520887 0.792733673275394 0.029952349701408826 0.33528 2.516863095951969 0.5306722116665529
12427 10837576 0.5789071759124949 -0.5025193902420793 0.7162800000000001 2.516863095951969 0.5306722116665529
12428 10837576 0.6366400844004969 -0.5511730283078341 0.7162800000000001 2.516863095951969 0.5306722116665529
12428 10520887 0.7927977691218048 0.029948796718151545 0.33528 2.516863095951969 0.5306722116665529
12429 10520887 0.7928618649682155 0.02994524373489426 0.33528 2.516863095951969 0.5306722116665529
12429 10837576 0.694372992888499 -0.5998266663735891 0.7162800000000001 2.516863095951969 0.5306722116665529
12430 10837576 0.752105901376501 -0.6484803044393439 0.7162800000000001 2.516863095951969 0.5306722116665529
12430 10520887 0.7929259608146263 0.02994169075163698 0.33528 2.516863095951969 0.5306722116665529
12431 10520887 0.792990056661037 0.029938137768379693 0.33528 2.516863095951969 0.5306722116665529
12431 10837576 0.7907698543205519 -0.6827831887380721 0.7162800000000001 2.516863095951969 0.5306722116665529
12432 10520887 0.7930541525074477 0.02993458478512241 0.33528 2.516863095951969 0.5306722116665529
12432 10837576 0.8294338072646029 -0.7170860730368003 0.7162800000000001 2.516863095951969 0.5306722116665529
12433 10837576 0.8863685021027461 -0.7630233032893529 0.7239000000000001 2.516863095951969 0.5306722116665529
12433 10520887 0.7931182483538585 0.029931031801865127 0.33528 2.516863095951969 0.5306722116665529
12434 10837576 0.9433916188490212 -0.814129042952941 0.7239000000000001 2.516863095951969 0.5306722116665529
12434 10520887 0.7931823442002692 0.029927478818607845 0.33528 2.516863095951969 0.5306722116665529
12435 10837576 1.0076383231264854 -0.8675937797300245 0.7239000000000001 2.516863095951969 0.5306722116665529
12435 10520887 0.7932464400466799 0.029923925835350564 0.33528 2.516863095951969 0.5306722116665529
12436 10520887 0.7933105358930906 0.02992037285209328 0.33528 2.516863095951969 0.5306722116665529
12436 10837576 1.0665439536762116 -0.918378385092309 0.7162800000000001 2.516863095951969 0.5306722116665529
12437 10837576 1.1150422257023433 -0.9629589864405316 0.7239000000000001 2.516863095951969 0.5306722116665529
12437 10520887 0.7933746317395014 0.029916819868835997 0.33528 2.516863095951969 0.5306722116665529
12438 10837576 1.1635208569550648 -1.0037943136905298 0.7162800000000001 2.516863095951969 0.5306722116665529
12438 10520887 0.7934387275859122 0.029913266885578712 0.33528 2.516863095951969 0.5306722116665529
12439 10520887 0.7935028234323229 0.02990971390232143 0.33528 2.516863095951969 0.5306722116665529
12439 10837576 1.2442939905635564 -1.0757381651192492 0.7162800000000001 2.516863095951969 0.5306722116665529
12440 10520887 0.7935669192787336 0.029906160919064145 0.33528 2.516863095951969 0.5306722116665529
12440 10837576 1.288476930153984 -1.111781288865299 0.7162800000000001 2.516863095951969 0.5306722116665529
12441 10520887 0.7936310151251443 0.029902607935806864 0.33528 2.516863095951969 0.5306722116665529
12441 10837576 1.3489320374613487 -1.1659890111722222 0.7162800000000001 2.516863095951969 0.5306722116665529
12442 10520887 0.7936951109715551 0.02989905495254958 0.33528 2.516863095951969 0.5306722116665529
12442 10837576 1.3983943812397464 -1.2141525374144717 0.7162800000000001 2.516863095951969 0.5306722116665529
12443 10520887 0.7937592068179659 0.029895501969292297 0.33528 2.516863095951969 0.5306722116665529
12443 10837576 1.4512778496731795 -1.2578253681904976 0.7162800000000001 2.516863095951969 0.5306722116665529
12444 10520887 0.7938233026643766 0.029891948986035012 0.33528 2.516863095951969 0.5306722116665529
12444 10837576 1.5035273424679343 -1.307248459104339 0.7162800000000001 2.516863095951969 0.5306722116665529
12445 10520887 0.7938873985107873 0.02988839600277773 0.33528 2.516863095951969 0.5306722116665529
12445 10837576 1.5840105720592452 -1.3762880552879506 0.7162800000000001 2.516863095951969 0.5306722116665529
12446 10520887 0.793951494357198 0.02988484301952045 0.33528 2.516863095951969 0.5306722116665529
12446 10837576 1.6362988325732273 -1.421516766254685 0.7162800000000001 2.516863095951969 0.5306722116665529
12447 10837576 1.6913253055224868 -1.4719613741669524 0.7162800000000001 2.516863095951969 0.5306722116665529
12447 10520887 0.7940155902036088 0.029881290036263164 0.33528 2.516863095951969 0.5306722116665529
12448 10520887 0.7940796860500196 0.029877737053005882 0.33528 2.516863095951969 0.5306722116665529
12448 10837576 1.7523720942529817 -1.5243711326444873 0.7162800000000001 2.516863095951969 0.5306722116665529
12449 10837576 1.799721083167416 -1.5670506523328864 0.7162800000000001 2.516863095951969 0.5306722116665529
12450 10837576 1.851767192370563 -1.6187397616619246 0.7162800000000001 2.516863095951969 0.5306722116665529
12451 10837576 1.889546729448643 -1.652511130137671 0.7200900000000001 2.516863095951969 0.5306722116665529
12452 10837576 1.9273262665267232 -1.686282498613417 0.7239000000000001 2.516863095951969 0.5306722116665529
12453 10837576 1.9784269677397985 -1.7297178362183285 0.7239000000000001 2.516863095951969 0.5306722116665529
12454 10837576 2.034903152459835 -1.7798139453008026 0.7239000000000001 2.516863095951969 0.5306722116665529
12455 10837576 2.090336180527437 -1.8303865384921092 0.7162800000000001 2.516863095951969 0.5306722116665529
12456 10837576 2.145735484007986 -1.8810642734082503 0.7162800000000001 2.516863095951969 0.5306722116665529
12457 10837576 2.192722023351015 -1.9235046372239835 0.7162800000000001 2.516863095951969 0.5306722116665529
12458 10837576 2.2457269033781992 -1.971997716953808 0.7162800000000001 2.516863095951969 0.5306722116665529
12459 10837576 2.303822049046202 -2.0253058232991523 0.7162800000000001 2.516863095951969 0.5306722116665529
12460 10837576 2.35921408560953 -2.073291861521104 0.7162800000000001 2.516863095951969 0.5306722116665529
12461 10837576 2.4116827032207935 -2.1204398411402425 0.7239000000000001 2.516863095951969 0.5306722116665529
12462 10837576 2.4719712834421745 -2.1724759407414287 0.7239000000000001 2.516863095951969 0.5306722116665529
12463 10837576 2.529442208400469 -2.2184517885366484 0.7162800000000001 2.516863095951969 0.5306722116665529
12464 10837576 2.5848127807139187 -2.269231725930389 0.7239000000000001 2.516863095951969 0.5306722116665529
12465 10837576 2.6417894989499757 -2.3205351882627467 0.7162800000000001 2.516863095951969 0.5306722116665529
12466 10837576 2.671367758325448 -2.3462502303759445 0.7162800000000001 2.516863095951969 0.5306722116665529
12467 10837576 2.70094601770092 -2.3719652724891422 0.7162800000000001 2.516863095951969 0.5306722116665529
12468 10837576 2.7610662269667445 -2.4245268013679753 0.7162800000000001 2.516863095951969 0.5306722116665529
12469 10837576 2.8486358977432076 -2.496675103100046 0.7162800000000001 2.516863095951969 0.5306722116665529
12470 10837576 2.8987125928150332 -2.5457237596523083 0.7162800000000001 2.516863095951969 0.5306722116665529
12471 10837576 2.9537177871202647 -2.5908311898865843 0.7162800000000001 2.516863095951969 0.5306722116665529
12472 10837576 3.008722981425496 -2.63593862012086 0.7162800000000001 2.516863095951969 0.5306722116665529
12473 10837576 3.0639041412401884 -2.6884032277553875 0.7239000000000001 2.516863095951969 0.5306722116665529
12474 10837576 3.1235373708262575 -2.7385230372204488 0.7219950000000002 2.516863095951969 0.5306722116665529
12475 10837576 3.183170600412327 -2.7886428466855104 0.7200900000000001 2.516863095951969 0.5306722116665529
12476 10837576 3.237497311547465 -2.8347512443644076 0.7193280000000001 2.516863095951969 0.5306722116665529
12477 10837576 3.291824022682603 -2.880859642043305 0.7185660000000001 2.516863095951969 0.5306722116665529
12478 10837576 3.3461507338177405 -2.9269680397222024 0.7178040000000001 2.516863095951969 0.5306722116665529
12479 10837576 3.4004774449528785 -2.9730764374010996 0.7170420000000002 2.516863095951969 0.5306722116665529
12480 10837576 3.4548041560880165 -3.019184835079997 0.7162800000000001 2.516863095951969 0.5306722116665529
12481 10837576 3.501783555667076 -3.0575988470640287 0.7162800000000001 2.516863095951969 0.5306722116665529
12482 10837576 3.548762955246135 -3.0960128590480607 0.7162800000000001 2.516863095951969 0.5306722116665529
12483 10837576 3.5957423548251946 -3.1344268710320926 0.7162800000000001 2.516863095951969 0.5306722116665529
12484 10837576 3.6638443969928423 -3.192500744283687 0.7162800000000001 2.516863095951969 0.5306722116665529
12485 10837576 3.7170061839269466 -3.237290197068422 0.7200900000000001 2.516863095951969 0.5306722116665529
12486 10837576 3.770167970861051 -3.282079649853157 0.7239000000000001 2.516863095951969 0.5306722116665529
12487 10837576 3.8244076188777116 -3.3320088237957513 0.7162800000000001 2.516863095951969 0.5306722116665529
12488 10837576 3.8998247884039667 -3.391355477143164 0.7162800000000001 2.516863095951969 0.5306722116665529
12489 10837576 3.945015785552001 -3.4315864041099404 0.7200900000000001 2.516863095951969 0.5306722116665529
12490 10837576 3.990206782700035 -3.4718173310767173 0.7239000000000001 2.516863095951969 0.5306722116665529
12491 10837576 4.050953293535362 -3.5181424603737796 0.7239000000000001 2.516863095951969 0.5306722116665529
12492 10837576 4.123075971573348 -3.579156221212573 0.7239000000000001 2.516863095951969 0.5306722116665529
12493 10837576 4.156149554465206 -3.6111997064897774 0.7239000000000001 2.516863095951969 0.5306722116665529
