6141 11322591 0.06026664408038962 0.008575212289290701 0.27432 0.0 0.0
6142 11322591 0.07662969215363746 0.008367671501555457 0.27432 0.0 0.0
6143 11322591 0.0847767124670416 0.008158365159429831 0.27432 0.0 0.0
6144 11322591 0.09292373278044574 0.007949058817304205 0.27432 0.0 0.0
6145 11322591 0.12762137611126045 0.006772958617531577 0.27432 0.0 0.0
6146 11322591 0.1519997788054699 0.0066330142741293785 0.27432 0.0 0.0
6147 11322591 0.17500200580086306 0.006358797858184467 0.27432 0.0 0.0
6148 11322591 0.19800423279625623 0.006084581442239556 0.27432 0.0 0.0
6149 11322591 0.2253650882937931 0.007189907405838386 0.27432 0.0 0.0
6150 11322591 0.25332548484974327 0.005646020908606747 0.27432 0.0 0.0
6151 11322591 0.28128588140569344 0.004102134411375108 0.27432 0.0 0.0
6152 11322591 0.31032022950481836 0.004622010673434114 0.27432 0.0 0.0
6153 11322591 0.33935457760394333 0.005141886935493121 0.27432 0.0 0.0
6154 11322591 0.36838892570306825 0.005661763197552128 0.27432 0.0 0.0
6155 11322591 0.40352196748630925 0.004461452447897474 0.3048 0.0 0.0
6156 11322591 0.43851243954279906 0.004184187581895253 0.3048 0.0 0.0
6157 11322591 0.4735029115992889 0.0039069227158930325 0.3048 0.0 0.0
6158 11322591 0.5054006816723331 0.0009604248939472232 0.3048 0.0 0.0
6159 11322591 0.53973567904244 -0.0013219200613118695 0.3048 0.0 0.0
6160 11322591 0.5740706764125469 -0.003604265016570962 0.3048 0.0 0.0
6161 11322591 0.6106795427789642 -0.008440216201823711 0.3048 0.0 0.0
6162 11322591 0.6429348369585761 -0.008932733402883891 0.3048 0.0 0.0
6163 11322591 0.680142691294841 -0.010576062173342865 0.3048 0.0 0.0
6164 11322591 0.7124721572689676 -0.011384522518241243 0.32004 0.0 0.0
6165 11322591 0.7448016232430943 -0.01219298286313962 0.33528 0.0 0.0
6166 11322591 0.7796133155906398 -0.013286552400924773 0.33528 0.0 0.0
6167 11322591 0.8099313125058012 -0.012911727930631986 0.33528 0.0 0.0
6168 11322591 0.8449167537905774 -0.011842064276633452 0.33528 0.0 0.0
6169 11322591 0.8802906974093428 -0.012301015657171809 0.33528 0.0 0.0
6170 11322591 0.9156646410281083 -0.012759967037710165 0.33528 0.0 0.0
6171 11322591 0.9506499286172243 -0.01168978268559255 0.33528 0.0 0.0
6172 11322591 0.9884827821240905 -0.012776344130815638 0.33528 0.0 0.0
6173 11322591 1.0263156356309566 -0.013862905576038725 0.33528 0.0 0.0
6174 11322591 1.0655921937359136 -0.009170670075140719 0.33528 0.0 0.0
6175 11322591 1.1027995343791377 -0.01081178084953116 0.33528 0.0 0.0
6176 11322591 1.1413563549145378 -0.009680776986174242 0.35052 0.0 0.0
6177 11322591 1.1799131754499377 -0.008549773122817322 0.36576 0.0 0.0
6178 11322591 1.2224522616541578 -0.01017970301075291 0.33528 0.0 0.0
6179 11322591 1.2603490792357661 -0.009708789099943133 0.33528 0.0 0.0
6180 11322591 1.298474644319982 -0.009896537824683957 0.36576 0.0 0.0
6181 11322591 1.3381173702986267 -0.005439423539847027 0.36576 0.0 0.0
6182 11322591 1.3799007854080232 -0.005302817114842422 0.36576 0.0 0.0
6183 11322591 1.4216842005174195 -0.005166210689837816 0.36576 0.0 0.0
6184 11322591 1.460754547176607 -0.006537856052126097 0.36576 0.0 0.0
6185 11322591 1.4998248938357945 -0.007909501414414377 0.36576 0.0 0.0
6186 11322591 1.5408984354046251 -0.006138390441604552 0.36576 0.0 0.0
6187 11322591 1.5816390146971666 -0.0048424308759471985 0.36576 0.0 0.0
6188 11322591 1.6230333732917452 -0.003175683616249564 0.36576 0.0 0.0
6189 11322591 1.6668349235790068 -0.002294816652162898 0.381 0.0 0.0
6190 11322591 1.7106364738662683 -0.0014139496880762326 0.39624000000000004 0.0 0.0
6191 11322591 1.7484290967147325 -0.0012571181556184918 0.39624000000000004 0.0 0.0
6192 11322591 1.7893874503749403 0.00043607341207957395 0.39624000000000004 0.0 0.0
6193 11322591 1.831192111010472 -0.0007168865200179314 0.39624000000000004 0.0 0.0
6194 11322591 1.8729967716460036 -0.0018698464521154368 0.39624000000000004 0.0 0.0
6195 11322591 1.9154521328318908 -0.0014824139891099208 0.39624000000000004 0.0 0.0
6196 11322591 1.9579074940177776 -0.001094981526104405 0.39624000000000004 0.0 0.0
6197 11322591 2.0003628552036647 -0.000707549063098889 0.39624000000000004 0.0 0.0
6198 11322591 2.04161856719659 0.000539382734150079 0.39624000000000004 0.0 0.0
6199 11322591 2.0841812351535225 0.0017103159672206825 0.41148000000000007 0.0 0.0
6200 11322591 2.126743903110455 0.002881249200291286 0.42672000000000004 0.0 0.0
6201 11322591 2.1699246320342054 0.0026826213228303974 0.42672000000000004 0.0 0.0
6202 11322591 2.2131053609579556 0.002483993445369509 0.42672000000000004 0.0 0.0
6203 11322591 2.2581994184784007 0.0002591334033068826 0.42672000000000004 0.0 0.0
6204 11322591 2.3008756549543636 0.0004207812050699514 0.42672000000000004 0.0 0.0
6205 11322591 2.343551891430326 0.0005824290068330202 0.42672000000000004 0.0 0.0
6206 11322591 2.386228127906289 0.0007440768085960892 0.42672000000000004 0.0 0.0
6207 11322591 2.4311466608800876 0.0007041735073831046 0.43281600000000003 0.0 0.0
6208 11322591 2.476065193853886 0.00066427020617012 0.438912 0.0 0.0
6209 11322591 2.520983726827685 0.0006243669049571354 0.44500800000000007 0.0 0.0
6210 11322591 2.5659022598014833 0.0005844636037441508 0.45110400000000006 0.0 0.0
6211 11322591 2.610820792775282 0.0005445603025311663 0.45720000000000005 0.0 0.0
6212 11322591 2.653618640144174 -0.0009571512328114817 0.45720000000000005 0.0 0.0
6213 11322591 2.6964164875130656 -0.0024588627681541297 0.45720000000000005 0.0 0.0
6214 11322591 2.7392143348819578 -0.003960574303496778 0.45720000000000005 0.0 0.0
6215 11322591 2.78201218225085 -0.005462285838839426 0.45720000000000005 0.0 0.0
6216 11322591 2.8282190594429055 -0.005360263944472393 0.45720000000000005 0.0 0.0
6217 11322591 2.87241232899162 -0.007345713107259733 0.45720000000000005 0.0 0.0
6218 11322591 2.9166055985403343 -0.009331162270047072 0.45720000000000005 0.0 0.0
6219 11322591 2.9608048485975305 -0.010616893757840556 0.46482 0.0 0.0
6220 11322591 3.0050040986547266 -0.011902625245634041 0.47244 0.0 0.0
6221 11322591 3.049203348711923 -0.013188356733427525 0.48006000000000004 0.0 0.0
6222 11322591 3.093402598769119 -0.01447408822122101 0.48768 0.0 0.0
6223 11322591 3.1388164486333485 -0.016798112942475824 0.48768 0.0 0.0
6224 11322591 3.183026559026153 -0.0187288398698732 0.48768 0.0 0.0
6225 11322591 3.227236669418957 -0.020659566797270573 0.48768 0.0 0.0
6226 11322591 3.271793555169003 -0.017446417257363983 0.48768 0.0 0.0
6227 11322591 3.3188220112726814 -0.02298308355297843 0.48768 0.0 0.0
6228 11322591 3.364391043342109 -0.024012899452138664 0.48768 0.0 0.0
6229 11322591 3.4099600754115365 -0.0250427153512989 0.48768 0.0 0.0
6230 11322591 3.4550525480801184 -0.027259957831190534 0.48768 0.0 0.0
6231 11322591 3.502016318150467 -0.024831007918299647 0.48768 0.0 0.0
6232 11322591 3.5458147110502125 -0.02393868271328184 0.5181600000000001 0.0 0.0
6233 11322591 3.5960426003909385 -0.027831001072590317 0.5181600000000001 0.0 0.0
6234 11322591 3.642144811983245 -0.028040388272324385 0.5181600000000001 0.0 0.0
6235 11322591 3.6879196351248473 -0.029252252283608143 0.5181600000000001 0.0 0.0
6236 11322591 3.7336944582664495 -0.030464116294891902 0.5181600000000001 0.0 0.0
6237 11322591 3.7787062471352577 -0.032653114102452224 0.5181600000000001 0.0 0.0
6238 11322591 3.825998638842055 -0.03669557523032549 0.5181600000000001 0.0 0.0
6239 11322591 3.8732910305488524 -0.040738036358198754 0.5181600000000001 0.0 0.0
6240 11322591 3.9186694467258674 -0.04316263258675859 0.5181600000000001 0.0 0.0
6241 11322591 3.9652858952697754 -0.04587394715683882 0.5334000000000001 0.0 0.0
6242 11322591 4.011902343813683 -0.04858526172691904 0.54864 0.0 0.0
6243 11322591 4.057315048985175 -0.05090339674435221 0.54864 0.0 0.0
6244 11322591 4.103621345581054 -0.054563955848825535 0.54864 0.0 0.0
6245 11322591 4.149927642176933 -0.05822451495329886 0.54864 0.0 0.0
6246 11322591 4.1951051195750555 -0.06058174415525788 0.54864 0.0 0.0
6247 11322591 4.240282596973177 -0.0629389733572169 0.54864 0.0 0.0
6248 11322591 4.28736774299351 -0.06802072446736654 0.54864 0.0 0.0
6249 11322591 4.332459176800424 -0.0702323792907428 0.54864 0.0 0.0
6250 11322591 4.377044958894725 -0.07508223608252443 0.54864 0.0 0.0
6251 11322591 4.422853306444835 -0.07618377523623979 0.5638799999999999 0.0 0.0
6252 11322591 4.468661653994944 -0.07728531438995515 0.57912 0.0 0.0
6253 11322591 4.517154376986095 -0.07423917158054874 0.57912 0.0 0.0
6254 11322591 4.565647099977247 -0.07119302877114234 0.57912 0.0 0.0
6255 11322591 4.606363091802216 -0.062047102082050914 0.57912 0.0 0.0
6256 11322591 4.651204861527773 -0.056582923027451965 0.57912 0.0 0.0
6257 11322591 4.693837002138839 -0.04292206060443074 0.57912 0.0 0.0
6258 11322591 4.73970274032979 -0.02751233766458752 0.57912 0.0 0.0
6259 11322591 4.778484682671153 -0.007689351663797389 0.57912 0.0 0.0
6260 11322591 4.815846044187684 0.015400492927972603 0.6096 0.0 0.0
6261 11322591 4.8505474792866 0.03877398045235356 0.6096 0.0 0.0
6262 11322591 4.866797759802232 0.05117010949371689 0.6096 0.0 0.0
6263 11322591 4.883048040317863 0.06356623853508023 0.6096 0.0 0.0
6264 11322591 4.939524530895427 0.1278456313012951 0.6096 0.0 0.0
6264 10570502 1.2567081815756607 -0.0029118364110116146 0.34290000000000004 0.0 0.0
6265 10570502 1.29351732391524 -0.003866936902732144 0.348615 0.0 0.0
6265 11322591 4.964025914119242 0.1621386268226944 0.6096 0.0 0.0
6266 10570502 1.330326466254819 -0.004822037394452673 0.35433000000000003 0.0 0.0
6266 11322591 4.986257663612295 0.1976391141022845 0.6096 0.0 0.0
6267 11322591 5.003709281210429 0.2348154554896685 0.6096 0.0 0.0
6267 10570502 1.3619343683822034 -0.007290484841453417 0.3562350000000001 0.0 0.0
6268 11322591 5.01858146057341 0.27224904625629043 0.6096 0.0 0.0
6268 10570502 1.3935422705095877 -0.009758932288454161 0.35814000000000007 0.0 0.0
6269 10570502 1.4313573188514581 -0.010896013047360348 0.36576 0.0 0.0
6269 11322591 5.033556915318174 0.30999937847871883 0.6400800000000001 0.0 0.0
6270 11322591 5.046090717830316 0.3484292456381276 0.6400800000000001 0.0 0.0
6270 10570502 1.469836840686268 -0.012717243844848652 0.36576 0.0 0.0
6271 10570502 1.5034327290902958 -0.013176766284648644 0.37338 0.0 0.0
6271 11322591 5.058097605708044 0.38796542613878543 0.6400800000000001 0.0 0.0
6272 10570502 1.541109732531189 -0.014735506064652334 0.37338 0.0 0.0
6272 11322591 5.070104493585772 0.4275016066394433 0.6400800000000001 0.0 0.0
6273 10570502 1.5832001127547697 -0.017735568192212073 0.37338 0.0 0.0
6273 11322591 5.0821113814635 0.46703778714010113 0.6400800000000001 0.0 0.0
6274 10570502 1.631317165093098 -0.019140690050695686 0.381 0.0 0.0
6274 11322591 5.094782934213207 0.5058899663379667 0.6400800000000001 0.0 0.0
6275 11322591 5.108039858365713 0.5465369499883513 0.6400800000000001 0.0 0.0
6275 10570502 1.6601552096199081 -0.022338721068038636 0.381 0.0 0.0
6276 10570502 1.688993254146718 -0.025536752085381587 0.381 0.0 0.0
6276 11322591 5.1182698669205715 0.5860686326423451 0.6400800000000001 0.0 0.0
6277 10570502 1.731141773198031 -0.027269919003580445 0.38862 0.0 0.0
6277 11322591 5.131492372880878 0.6266100405547118 0.6400800000000001 0.0 0.0
6278 10570502 1.775057413976376 -0.027126719774582003 0.38862 0.0 0.0
6278 11322591 5.14333753512701 0.6629283874706081 0.6400800000000001 0.0 0.0
6279 10570502 1.8127686174571553 -0.028578451990021708 0.39624000000000004 0.0 0.0
6279 11322591 5.156594476164842 0.7035753771816514 0.6400800000000001 0.0 0.0
6280 11322591 5.16697379483059 0.7435645422077427 0.65024 0.0 0.0
6280 10570502 1.8552599507944332 -0.03170793053061097 0.39624000000000004 0.0 0.0
6281 10570502 1.8891169981560663 -0.03517158268724091 0.39624000000000004 0.0 0.0
6281 11322591 5.177353113496339 0.783553707233834 0.6604000000000001 0.0 0.0
6282 11322591 5.187732432162087 0.8235428722599253 0.67056 0.0 0.0
6282 10570502 1.9280085787636523 -0.03735868550858165 0.40386 0.0 0.0
6283 11322591 5.196313120052492 0.8661822609932391 0.67056 0.0 0.0
6283 10570502 1.9706817346678973 -0.04264966172075732 0.40386 0.0 0.0
6284 11322591 5.210479159093328 0.9150596910415156 0.67056 0.0 0.0
6284 10570502 2.0291337120071797 -0.045850204023931446 0.41148 0.0 0.0
6285 11322591 5.224645198134164 0.9639371210897921 0.67056 0.0 0.0
6285 10570502 2.0736213859293366 -0.04694347489915551 0.41148 0.0 0.0
6286 11322591 5.238811237175 1.0128145511380686 0.67056 0.0 0.0
6286 10570502 2.1174195684443795 -0.050147745814730055 0.41148 0.0 0.0
6287 11322591 5.249971294531445 1.0551967403002793 0.67056 0.0 0.0
6287 10570502 2.1391007986025654 -0.05173705376588317 0.41148 0.0 0.0
6288 10570502 2.204144431495136 -0.056504578928288196 0.41910000000000003 0.0 0.0
6288 11322591 5.261131351887889 1.0975789294624902 0.67056 0.0 0.0
6289 10570502 2.2306058156733606 -0.059771263552383894 0.42291 0.0 0.0
6289 11322591 5.2722914092443345 1.139961118624701 0.67056 0.0 0.0
6290 11322591 5.283451466600779 1.1823433077869119 0.67056 0.0 0.0
6290 10570502 2.257067199851585 -0.06303794817647959 0.42672000000000004 0.0 0.0
6291 11322591 5.294611523957224 1.2247254969491226 0.67056 0.0 0.0
6291 10570502 2.2996394998305547 -0.0645558441368366 0.42672000000000004 0.0 0.0
6292 10570502 2.338507012721062 -0.06790114412824469 0.43434000000000006 0.0 0.0
6292 11322591 5.30130127749524 1.2540815934342837 0.6858000000000001 0.0 0.0
6293 11322591 5.307991031033255 1.2834376899194446 0.7010400000000001 0.0 0.0
6293 10570502 2.3822015632233304 -0.07142047042753832 0.43434000000000006 0.0 0.0
6294 10570502 2.436271325070024 -0.07715884948849963 0.44196 0.0 0.0
6294 11322591 5.319197215309915 1.3260968735606666 0.7010400000000001 0.0 0.0
6295 10570502 2.4785208687786002 -0.08102354197621339 0.44196 0.0 0.0
6295 11322591 5.330403399586573 1.3687560572018889 0.7010400000000001 0.0 0.0
6296 11322591 5.33628777817945 1.4042152121125435 0.7010400000000001 0.0 0.0
6296 10570502 2.5214586469163303 -0.08441177981094097 0.44958000000000004 0.0 0.0
6297 11322591 5.352723729885142 1.4791012568546986 0.7010400000000001 0.0 0.0
6297 10570502 2.5651417434265618 -0.08769264525130457 0.44958000000000004 0.0 0.0
6298 11322591 5.3596170039545115 1.5145233960508244 0.7086600000000001 0.0 0.0
6298 10570502 2.6106935807274354 -0.09123289336559695 0.45720000000000005 0.0 0.0
6299 11322591 5.366510278023882 1.5499455352469502 0.71628 0.0 0.0
6299 10570502 2.650211593285187 -0.09911117617082668 0.45720000000000005 0.0 0.0
6300 11322591 5.373403552093253 1.585367674443076 0.7239 0.0 0.0
6300 10570502 2.6935736245928954 -0.10228645861996868 0.45720000000000005 0.0 0.0
6301 10570502 2.7360642424743338 -0.10541064556352756 0.46482000000000007 0.0 0.0
6301 11322591 5.380296826162622 1.6207898136392018 0.73152 0.0 0.0
6302 10570502 2.759491630075545 -0.1104885632128946 0.46863 0.0 0.0
6302 11295469 0.27056548862250895 0.005269069163307549 0.34290000000000004 0.0 0.0
6302 11322591 5.383571870818625 1.664575757217853 0.73152 0.0 0.0
6303 10570502 2.7829190176767566 -0.11556648086226165 0.47243999999999997 0.0 0.0
6303 11322591 5.386418559222847 1.7239200547703408 0.73152 0.0 0.0
6303 11295469 0.3046277006464229 0.005411388476802961 0.34290000000000004 0.0 0.0
6304 10570502 2.8550692828223783 -0.12276500766783102 0.47243999999999997 0.0 0.0
6304 11295469 0.3386899126703369 0.005553707790298373 0.34290000000000004 0.0 0.0
6304 11322591 5.3883600624534225 1.7584459558729986 0.73152 0.0 0.0
6305 11295469 0.3629590046694896 0.0052165296625909935 0.34290000000000004 0.0 0.0
6305 10570502 2.890174318401984 -0.12838366428160966 0.48006 0.0 0.0
6305 11322591 5.390301565683997 1.7929718569756565 0.73152 0.0 0.0
6306 10570502 2.928445804261341 -0.1308303692078007 0.48006 0.0 0.0
6306 11322591 5.387373123599215 1.8302542888264335 0.73152 0.0 0.0
6306 11295469 0.38722809666864233 0.004879351534883614 0.34290000000000004 0.0 0.0
6307 10570502 2.9693511418819645 -0.1388092669837653 0.48006 0.0 0.0
6307 11295469 0.40853266342366157 0.004167564443641934 0.34290000000000004 0.0 0.0
6307 11322591 5.384444681514433 1.8675367206772107 0.73152 0.0 0.0
6308 10570502 3.006485438924112 -0.14473928922239002 0.48768 0.0 0.0
6308 11322591 5.379509384595513 1.914176011556115 0.73152 0.0 0.0
6308 11295469 0.4298372301786808 0.003455777352400255 0.34290000000000004 0.0 0.0
6309 11295469 0.4735029115992889 0.0039069227158930325 0.3048 0.0 0.0
6309 10570502 3.0494804889642584 -0.14767585341653053 0.48768 0.0 0.0
6309 11322591 5.374574087676594 1.9608153024350194 0.73152 0.0 0.0
6310 10570502 3.1092114181454376 -0.15782700219863086 0.4953 0.0 0.0
6310 11295469 0.5051771888496259 0.0010919394772877442 0.3048 0.0 0.0
6310 11322591 5.369815611406567 2.005002430059885 0.73152 0.0 0.0
6311 11322591 5.35693835720752 2.064569928529213 0.73152 0.0 0.0
6311 11295469 0.536851466099963 -0.0017230437613175442 0.3048 0.0 0.0
6311 10570502 3.134481152865873 -0.15929968588502028 0.4953 0.0 0.0
6312 11295469 0.5747260337117386 -0.0015986822092576292 0.3048 0.0 0.0
6312 10570502 3.1761767218009025 -0.1689370847253127 0.50292 0.0 0.0
6312 11322591 5.35142277360466 2.1064343572661093 0.73152 0.0 0.0
6313 11295469 0.5934271236192867 -0.0028027735481646054 0.3048 0.0 0.0
6313 10570502 3.237926061899839 -0.17834414336222246 0.50292 0.0 0.0
6313 11322591 5.343860063569714 2.145287137390987 0.74676 0.0 0.0
6314 11295469 0.6267589976950565 -0.0047569417451424 0.3048 0.0 0.0
6314 10570502 3.280416395396954 -0.18146505638119123 0.51054 0.0 0.0
6314 11322591 5.3362973535347695 2.1841399175158647 0.762 0.0 0.0
6315 10570502 3.297750390419859 -0.18548699193891235 0.51054 0.0 0.0
6315 11295469 0.6600908717708264 -0.006711109942120194 0.3048 0.0 0.0
6315 11322591 5.328300733842482 2.225470527388804 0.762 0.0 0.0
6316 10570502 3.3469460065064327 -0.19254813677772456 0.5181600000000001 0.0 0.0
6316 11295469 0.7003381067817414 -0.007478234452521382 0.33528 0.0 0.0
6316 11322591 5.320304114150195 2.266801137261743 0.762 0.0 0.0
6317 10570502 3.3926661780210043 -0.2020959397581976 0.5181600000000001 0.0 0.0
6317 11295469 0.7270431019385746 -0.008376568725901576 0.33528 0.0 0.0
6317 11322591 5.3077396089929305 2.3289538077777086 0.762 0.0 0.0
6318 11295469 0.7549284980231479 -0.010010923702266764 0.33528 0.0 0.0
6318 10570502 3.454287753182909 -0.21461337940311673 0.52578 0.0 0.0
6318 11322591 5.299671012944013 2.3627155016589714 0.762 0.0 0.0
6319 10570502 3.5001012783965626 -0.22115377997112604 0.52578 0.0 0.0
6319 11295469 0.7828138941077211 -0.011645278678631951 0.33528 0.0 0.0
6319 11322591 5.2916024168950955 2.396477195540234 0.762 0.0 0.0
6320 11295469 0.8099313125058012 -0.012911727930631986 0.33528 0.0 0.0
6320 11322591 5.283203269186789 2.444188718618065 0.762 0.0 0.0
6320 10570502 3.536191965041783 -0.22755813015822227 0.5334 0.0 0.0
6321 10570502 3.5695185790648694 -0.23563018065259725 0.5334 0.0 0.0
6321 11322591 5.281582731112476 2.4449508899629278 0.7621637731343284 0.0 0.0
6321 11295469 0.8337009993671558 -0.013551585898158164 0.33528 0.0 0.0
6322 11295469 0.853229697295641 -0.012221595166180016 0.33528 0.0 0.0
6322 11322591 5.279962193038162 2.44571306130779 0.7623275462686567 0.0 0.0
6322 10570502 3.6180029416172506 -0.24350863690157246 0.54102 0.0 0.0
6323 11295469 0.882318664940666 -0.014248770422541301 0.33528 0.0 0.0
6323 10570502 3.6380200138951366 -0.24747075598011428 0.54102 0.0 0.0
6323 11322591 5.278341654963849 2.4464752326526527 0.7624913194029851 0.0 0.0
6324 11322591 5.276721116889536 2.4472374039975153 0.7626550925373135 0.0 0.0
6324 10570502 3.6860570580648915 -0.2556990572237642 0.5448299999999999 0.0 0.0
6324 11295469 0.9173822021092769 -0.015657650141448112 0.33528 0.0 0.0
6325 11322591 5.275100578815222 2.4479995753423776 0.7628188656716418 0.0 0.0
6325 10570502 3.7340941022346463 -0.2639273584674141 0.54864 0.0 0.0
6325 11295469 0.9601743772742681 -0.016787576849466856 0.33528 0.0 0.0
6326 11322591 5.273480040740909 2.4487617466872402 0.7629826388059702 0.0 0.0
6326 11295469 0.9922111052333952 -0.01767452369986805 0.33528 0.0 0.0
6326 10570502 3.7712862863415855 -0.268791622025262 0.55245 0.0 0.0
6327 10570502 3.8084784704485246 -0.27365588558310994 0.55626 0.0 0.0
6327 11322591 5.2718595026665955 2.449523918032103 0.7631464119402985 0.0 0.0
6327 11295469 1.0249361826871757 -0.018085266686415594 0.33528 0.0 0.0
6328 11295469 1.0507933758886323 -0.01777083997242237 0.33528 0.0 0.0
6328 11322591 5.270238964592282 2.4502860893769656 0.7633101850746269 0.0 0.0
6328 10570502 3.843066449315679 -0.28167093247777075 0.55626 0.0 0.0
6329 11322591 5.2686184265179685 2.451048260721828 0.7634739582089553 0.0 0.0
6329 10570502 3.886577834021179 -0.28301882063799877 0.56388 0.0 0.0
6329 11295469 1.0766505690900892 -0.017456413258429143 0.33528 0.0 0.0
6330 11295469 1.1058789448712136 -0.01701646668601596 0.35052 0.0 0.0
6330 10570502 3.9076729695367733 -0.2863974289729335 0.56388 0.0 0.0
6330 11322591 5.266997888443655 2.4518104320666905 0.7636377313432836 0.0 0.0
6331 11322591 5.2653773503693415 2.452572603411553 0.763801504477612 0.0 0.0
6331 11295469 1.135107320652338 -0.016576520113602777 0.36576 0.0 0.0
6331 10570502 3.961572855247626 -0.28611155185544457 0.5715 0.0 0.0
6332 11322591 5.2637568122950285 2.4533347747564154 0.7639652776119403 0.0 0.0
6332 10570502 4.019463004705873 -0.2850245882540797 0.57912 0.0 0.0
6332 11295469 1.171078087136952 -0.015885625847347984 0.36576 0.0 0.0
6333 11322591 5.2621362742207145 2.454096946101278 0.7641290507462687 0.0 0.0
6333 11295469 1.207048853621566 -0.01519473158109319 0.36576 0.0 0.0
6333 10570502 4.0593073371188035 -0.2815539391184608 0.57912 0.0 0.0
6334 10570502 4.093751951713305 -0.27667185205944933 0.58674 0.0 0.0
6334 11322591 5.2605157361464014 2.4548591174461407 0.764292823880597 0.0 0.0
6334 11295469 1.2342003938692487 -0.01635399794877744 0.36576 0.0 0.0
6335 11295469 1.274446850909912 -0.017117864385969572 0.36576 0.0 0.0
6335 11322591 5.258895198072088 2.455621288791003 0.7644565970149254 0.0 0.0
6335 10570502 4.123484965801294 -0.2699019886528925 0.59055 0.0 0.0
6336 11322591 5.257274659997774 2.4563834601358656 0.7646203701492538 0.0 0.0
6336 10570502 4.153217979889284 -0.26313212524633567 0.59436 0.0 0.0
6336 11295469 1.3112486980671343 -0.016464153683018214 0.36576 0.0 0.0
6337 10570502 4.185268815996507 -0.2519786432355984 0.59436 0.0 0.0
6337 11322591 5.255654121923461 2.4571456314807283 0.7647841432835821 0.0 0.0
6337 11295469 1.3480505452243565 -0.015810442980066855 0.36576 0.0 0.0
6338 11322591 5.254033583849148 2.457907802825591 0.7649479164179105 0.0 0.0
6338 11295469 1.3729338492726288 -0.014125451702141772 0.36576 0.0 0.0
6338 10570502 4.221733097832927 -0.2422648887950131 0.59436 0.0 0.0
6339 11322591 5.252413045774834 2.458669974170453 0.7651116895522388 0.0 0.0
6339 10570502 4.239222193519153 -0.23220113250437194 0.6019800000000001 0.0 0.0
6339 11295469 1.4040161009487477 -0.01426075157412798 0.36576 0.0 0.0
6340 11295469 1.4350983526248666 -0.014396051446114187 0.36576 0.0 0.0
6340 11322591 5.250792507700521 2.459432145515316 0.7652754626865672 0.0 0.0
6340 10570502 4.276330348786657 -0.21779121814342775 0.6019800000000001 0.0 0.0
6341 10570502 4.328290821344675 -0.19187303737740927 0.6096 0.0 0.0
6341 11322591 5.249171969626208 2.4601943168601785 0.7654392358208956 0.0 0.0
6341 11295469 1.469144861312704 -0.014155872938807986 0.40386 0.0 0.0
6342 11295469 1.5031913700005415 -0.013915694431501785 0.44196 0.0 0.0
6342 10570502 4.367373734653061 -0.1700471657988201 0.6096 0.0 0.0
6342 11322591 5.247551431551894 2.4609564882050408 0.7656030089552239 0.0 0.0
6343 10570502 4.397078392887562 -0.1470307710905641 0.6096 0.0 0.0
6343 11322591 5.245930893477581 2.4617186595499034 0.7657667820895523 0.0 0.0
6343 11295469 1.5437928846199576 -0.014677313650751214 0.44196 0.0 0.0
6344 11295469 1.5763699533677102 -0.012817749281668137 0.44196 0.0 0.0
6344 11322591 5.244310355403268 2.462480830894766 0.7659305552238806 0.0 0.0
6344 10570502 4.441578271502764 -0.11131933703708866 0.61722 0.0 0.0
6345 11322591 5.242689817328954 2.4632430022396283 0.766094328358209 0.0 0.0
6345 10570502 4.467043000215423 -0.0822473169485343 0.61722 0.0 0.0
6345 11295469 1.6065146074216878 -0.012967330978288255 0.44958000000000004 0.0 0.0
6346 11295469 1.6527235931518758 -0.012872960281281876 0.39624000000000004 0.0 0.0
6346 11322591 5.241069279254641 2.464005173584491 0.7662581014925374 0.0 0.0
6346 10570502 4.492597162674487 -0.058344028808271525 0.6248400000000001 0.0 0.0
6347 11322591 5.239448741180328 2.4647673449293537 0.7664218746268657 0.0 0.0
6347 10570502 4.518522414481841 -0.024048953132858958 0.6248400000000001 0.0 0.0
6347 11295469 1.6742231775548022 -0.012301493485259773 0.39624000000000004 0.0 0.0
6348 11322591 5.237828203106014 2.465529516274216 0.7665856477611941 0.0 0.0
6348 10570502 4.529960356279761 -0.006404045343021886 0.6248400000000001 0.0 0.0
6348 11295469 1.7156174080270297 -0.010634205591785323 0.39624000000000004 0.0 0.0
6349 10570502 4.560177179299334 0.03723755989298291 0.63246 0.0 0.0
6349 11322591 5.236207665031701 2.4662916876190786 0.7667494208955224 0.0 0.0
6349 11295469 1.7447400997436502 -0.012552278314807042 0.45720000000000005 0.0 0.0
6350 11295469 1.7940456757459353 -0.011131971526639528 0.39624000000000004 0.0 0.0
6350 10570502 4.585140179492405 0.07429958150428914 0.63246 0.0 0.0
6350 11322591 5.234587126957387 2.4670538589639412 0.7669131940298508 0.0 0.0
6351 10570502 4.5982802314023825 0.10505590797529649 0.63246 0.0 0.0
6351 11322591 5.232966588883074 2.467816030308804 0.7670769671641792 0.0 0.0
6351 11295469 1.8287069193389833 -0.012405309845194668 0.39624000000000004 0.0 0.0
6352 10570502 4.616406983228424 0.13476962429430359 0.6400800000000001 0.0 0.0
6352 11295469 1.869962978812445 -0.011159373135777306 0.47243999999999997 0.0 0.0
6352 11322591 5.231346050808761 2.468578201653666 0.7672407402985075 0.0 0.0
6353 11295469 1.8835854010987096 -0.010234402732899633 0.47243999999999997 0.0 0.0
6353 10570502 4.626547369358975 0.16177369499503233 0.6400800000000001 0.0 0.0
6353 11322591 5.229725512734447 2.469340372998529 0.7674045134328358 0.0 0.0
6354 10570502 4.636687755489526 0.18877776569576107 0.6400800000000001 0.0 0.0
6354 11322591 5.228104974660134 2.4701025443433915 0.7675682865671641 0.0 0.0
6354 11295469 1.9320633043980715 -0.011346646548835437 0.47243999999999997 0.0 0.0
6355 10570502 4.652391646187868 0.23691993730280045 0.6400800000000001 0.0 0.0
6355 11295469 1.9702223957528808 -0.011425223382886679 0.48006 0.0 0.0
6355 11322591 5.226484436585821 2.4708647156882537 0.7677320597014925 0.0 0.0
6356 11295469 2.011295125906792 -0.009651392779472162 0.42672000000000004 0.0 0.0
6356 11322591 5.224863898511507 2.4716268870331164 0.7678958328358209 0.0 0.0
6356 10570502 4.665064962293097 0.27577151720648085 0.6477 0.0 0.0
6357 10570502 4.674091292145278 0.3116076280760999 0.6477 0.0 0.0
6357 11295469 2.0400982909585803 -0.009010701660732673 0.42672000000000004 0.0 0.0
6357 11322591 5.223243360437194 2.472389058377979 0.7680596059701492 0.0 0.0
6358 11322591 5.221622822362881 2.4731512297228413 0.7682233791044776 0.0 0.0
6358 10570502 4.682279761432071 0.34514725951767133 0.6477 0.0 0.0
6358 11295469 2.0689014560103685 -0.008370010541993184 0.42672000000000004 0.0 0.0
6359 10570502 4.6979836891548254 0.3932894326144961 0.65532 0.0 0.0
6359 11295469 2.104355190385273 -0.00721394882024784 0.42672000000000004 0.0 0.0
6359 11322591 5.220002284288567 2.473913401067704 0.7683871522388059 0.0 0.0
6360 11295469 2.1398089247601773 -0.006057887098502496 0.42672000000000004 0.0 0.0
6360 11322591 5.218381746214254 2.4746755724125666 0.7685509253731343 0.0 0.0
6360 10570502 4.703849865958409 0.43821619898313113 0.65532 0.0 0.0
6361 11295469 2.1834372674357403 -0.005701788224477783 0.42672000000000004 0.0 0.0
6361 11322591 5.216761208139941 2.475437743757429 0.7687146985074627 0.0 0.0
6361 10570502 4.71169759765309 0.4788755192263515 0.65532 0.0 0.0
6362 10570502 4.71940798819179 0.5199300734880484 0.6629400000000001 0.0 0.0
6362 11322591 5.215140670065627 2.4761999151022915 0.768878471641791 0.0 0.0
6362 11295469 2.225623384552054 -0.0016035539862509218 0.4953 0.0 0.0
6363 11322591 5.213520131991314 2.476962086447154 0.7690422447761194 0.0 0.0
6363 11295469 2.2518584739910406 -0.0001235455787202966 0.49911000000000005 0.0 0.0
6363 10570502 4.72331009065403 0.5427782306432111 0.6629400000000001 0.0 0.0
6364 11295469 2.278093563430027 0.0013564628288103286 0.50292 0.0 0.0
6364 10570502 4.7272121931162685 0.5656263877983737 0.6629400000000001 0.0 0.0
6364 11322591 5.211899593917001 2.477724257792017 0.7692060179104477 0.0 0.0
6365 11295469 2.327766379751421 0.004996569813654567 0.45720000000000005 0.0 0.0
6365 10570502 4.736986152610327 0.6064750495767482 0.6629400000000001 0.0 0.0
6365 11322591 5.210279055842687 2.478486429136879 0.7693697910447761 0.0 0.0
6366 10570502 4.7392076670471335 0.6524739637684741 0.67056 0.0 0.0
6366 11322591 5.208658517768374 2.479248600481742 0.7695335641791045 0.0 0.0
6366 11295469 2.3502756713359467 0.007576574052858637 0.45720000000000005 0.0 0.0
6367 11295469 2.3868540016901405 0.01081981469703966 0.45720000000000005 0.0 0.0
6367 10570502 4.7485366067025465 0.6976729316688869 0.67056 0.0 0.0
6367 11322591 5.20703797969406 2.4800107718266045 0.7696973373134328 0.0 0.0
6368 10570502 4.753791616975462 0.7586851788341217 0.6781800000000001 0.0 0.0
6368 11322591 5.205417441619747 2.4807729431714667 0.7698611104477612 0.0 0.0
6368 11295469 2.4432131337811525 0.01753433707623367 0.51054 0.0 0.0
6369 11322591 5.203796903545434 2.4815351145163294 0.7700248835820895 0.0 0.0
6369 10570502 4.761055497015723 0.8000022527397633 0.6781800000000001 0.0 0.0
6369 11295469 2.4765518710546774 0.02037553798659325 0.48387 0.0 0.0
6370 11322591 5.20217636547112 2.482297285861192 0.7701886567164179 0.0 0.0
6370 10570502 4.76416997673176 0.8422056739420462 0.6858000000000001 0.0 0.0
6370 11295469 2.5098906083282024 0.023216738896952832 0.45720000000000005 0.0 0.0
6371 11322591 5.200555827396807 2.4830594572060543 0.7703524298507463 0.0 0.0
6371 11295469 2.5468024745738465 0.028571341531235334 0.45720000000000005 0.0 0.0
6371 10570502 4.767009804599764 0.8851995627839883 0.6858000000000001 0.0 0.0
6372 11322591 5.198935289322494 2.483821628550917 0.7705162029850746 0.0 0.0
6372 10570502 4.773592722966658 0.9407559245048648 0.69342 0.0 0.0
6372 11295469 2.584326024667924 0.03144852814435756 0.49149000000000004 0.0 0.0
6373 10570502 4.776248874943065 0.982641676500769 0.7010400000000001 0.0 0.0
6373 11295469 2.6218495747620016 0.03432571475747978 0.52578 0.0 0.0
6373 11322591 5.19731475124818 2.4845837998957796 0.770679976119403 0.0 0.0
6374 11322591 5.195694213173867 2.4853459712406423 0.7708437492537313 0.0 0.0
6374 10570502 4.774542208161843 1.0100645856324963 0.7010400000000001 0.0 0.0
6374 11295469 2.664689424871562 0.040432300077676536 0.5334 0.0 0.0
6375 11322591 5.1940736750995535 2.4861081425855045 0.7710075223880597 0.0 0.0
6375 11295469 2.694788444711075 0.04287176489316344 0.48768 0.0 0.0
6375 10570502 4.779042618517304 1.0728416940075225 0.7086600000000001 0.0 0.0
6376 11295469 2.7284535770920972 0.04589946980571438 0.48768 0.0 0.0
6376 10570502 4.779643328595924 1.1005340200202234 0.7086600000000001 0.0 0.0
6376 11322591 5.19245313702524 2.486870313930367 0.7711712955223881 0.0 0.0
6377 10570502 4.780244038674544 1.128226346032924 0.7086600000000001 0.0 0.0
6377 11295469 2.7621187094731194 0.048927174718265326 0.48768 0.0 0.0
6377 11322591 5.1908325989509265 2.48763248527523 0.7713350686567164 0.0 0.0
6378 10570502 4.778987883737274 1.1679133966290212 0.7124700000000002 0.0 0.0
6378 11322591 5.1892120608766135 2.488394656620092 0.7714988417910448 0.0 0.0
6378 11295469 2.804407783817135 0.05498063993491695 0.48768 0.0 0.0
6379 10570502 4.777731728800004 1.207600447225118 0.7162800000000001 0.0 0.0
6379 11322591 5.1875915228022995 2.4891568279649547 0.7716626149253731 0.0 0.0
6379 11295469 2.849585484116081 0.060091332767404276 0.54102 0.0 0.0
6380 11322591 5.1859709847279865 2.4899189993098174 0.7718263880597015 0.0 0.0
6380 11295469 2.8806589146151804 0.06279746665860339 0.54864 0.0 0.0
6380 10570502 4.778522700891275 1.2546503901440909 0.7239000000000001 0.0 0.0
6381 11295469 2.916685711791823 0.06598945622381067 0.54864 0.0 0.0
6381 10570502 4.776969410873874 1.2896160376364512 0.7239000000000001 0.0 0.0
6382 11295469 2.954237012170796 0.06868404336656511 0.55245 0.0 0.0
6382 10570502 4.7778020187792665 1.3275412744262665 0.7239000000000001 0.0 0.0
6383 11295469 2.991788312549769 0.07137863050931956 0.55626 0.0 0.0
6383 10570502 4.7742141049986895 1.3736836354774642 0.73152 0.0 0.0
6384 10570502 4.775066128338765 1.4269047202119638 0.73914 0.0 0.0
6384 11295469 3.025539492224723 0.07548921067024308 0.5600700000000001 0.0 0.0
6385 10570502 4.773251242134547 1.4648760747055045 0.73914 0.0 0.0
6385 11295469 3.059290671899677 0.07959979083116661 0.56388 0.0 0.0
6386 10570502 4.76952531216498 1.5089610029136205 0.74676 0.0 0.0
6386 11295469 3.1083911287889405 0.08857133404066717 0.5181600000000001 0.0 0.0
6387 11295469 3.144410415335246 0.09935978403242327 0.5181600000000001 0.0 0.0
6387 10570502 4.76718277217125 1.5344306405090082 0.74676 0.0 0.0
6388 10570502 4.76484023217752 1.559900278104396 0.74676 0.0 0.0
6388 11295469 3.1653037950801055 0.10515617794290763 0.5181600000000001 0.0 0.0
6389 11295469 3.193196162636924 0.11988247137015182 0.54864 0.0 0.0
6389 10570502 4.7664155427267225 1.6137032304082952 0.75438 0.0 0.0
6390 10570502 4.761669365337272 1.6345254018810023 0.75438 0.0 0.0
6390 11295469 3.221088530193742 0.134608764797396 0.57912 0.0 0.0
6391 11295469 3.2485129768451726 0.15334279381890467 0.5181600000000001 0.0 0.0
6391 10570502 4.760958103267553 1.6990033224188765 0.762 0.0 0.0
6392 11295469 3.2747006360582755 0.17481686296584417 0.5181600000000001 0.0 0.0
6392 10570502 4.761598914552761 1.7186520847693754 0.762 0.0 0.0
6393 11295469 3.2990095781384197 0.1992404754346497 0.54864 0.0 0.0
6393 10570502 4.759109225601181 1.7790378745083493 0.76962 0.0 0.0
6394 11295469 3.322864325762432 0.23152216238516096 0.54864 0.0 0.0
6394 10570502 4.756783285862806 1.8236008246763014 0.76962 0.0 0.0
6395 11295469 3.3358449274702107 0.25497064334589625 0.54864 0.0 0.0
6395 10570502 4.7556486472864234 1.8663734084986505 0.76962 0.0 0.0
6396 11295469 3.3478309847731555 0.2835331514056195 0.54864 0.0 0.0
6396 10570502 4.752659755694401 1.892579767819074 0.7734300000000001 0.0 0.0
6397 11295469 3.3647834510651755 0.3354731216959872 0.54864 0.0 0.0
6397 10570502 4.749670864102378 1.9187861271394977 0.77724 0.0 0.0
6398 11295469 3.3706089315703536 0.3574020439679879 0.54864 0.0 0.0
6398 10570502 4.750688552152074 1.956184113570097 0.77724 0.0 0.0
6399 11295469 3.3764344120755316 0.37933096623998863 0.54864 0.0 0.0
6399 10570502 4.746118054105533 2.003114901435949 0.78486 0.0 0.0
6400 11295469 3.3841966133298547 0.41943500431299197 0.54864 0.0 0.0
6400 10570502 4.744694031701518 2.0395574191733425 0.78486 0.0 0.0
6401 10570502 4.7455381427906485 2.093832964014249 0.78486 0.0 0.0
6401 11295469 3.390073361110736 0.47008372818381505 0.54864 0.0 0.0
6402 11295469 3.393292257991691 0.5044281251981418 0.6096 0.0 0.0
6402 10570502 4.739817920711147 2.1334294473927446 0.7924800000000001 0.0 0.0
6403 10570502 4.7395791328163694 2.177311724834641 0.7924800000000001 0.0 0.0
6403 11295469 3.396070272991521 0.5298048430239397 0.6096 0.0 0.0
6404 10570502 4.737806895088635 2.225198716449294 0.8001 0.0 0.0
6404 11295469 3.398848287991351 0.5551815608497376 0.6096 0.0 0.0
6405 10570502 4.738802397053033 2.262253683717191 0.8001 0.0 0.0
6405 11295469 3.4013840609092645 0.597225131030316 0.54864 0.0 0.0
6406 11295469 3.399345982418482 0.6399438925119922 0.54864 0.0 0.0
6406 10570502 4.734296019949393 2.2987675934547727 0.8001 0.0 0.0
6407 11295469 3.3977510826945876 0.675859552255836 0.54864 0.0 0.0
6407 10570502 4.733059472528169 2.360263725559123 0.80772 0.0 0.0
6408 10570502 4.734343551669802 2.380520482782615 0.80772 0.0 0.0
6408 11295469 3.387557782548269 0.7115445432002959 0.61722 0.0 0.0
6409 10570502 4.7271381899002485 2.4264424259397734 0.8153400000000001 0.0 0.0
6409 11295469 3.379346408628634 0.744596823023164 0.6248400000000001 0.0 0.0
6410 10570502 4.726303718418276 2.4592469172599394 0.8153400000000001 0.0 0.0
6410 11295469 3.3654251772561334 0.7764756690103668 0.6248400000000001 0.0 0.0
6411 10570502 4.725469246936303 2.4920514085801058 0.8153400000000001 0.0 0.0
6411 11295469 3.3506342819389108 0.8013374943799827 0.60198 0.0 0.0
6412 10570502 4.723061602181342 2.529282459953459 0.8153400000000001 0.0 0.0
6412 11295469 3.335843386621688 0.8261993197495985 0.57912 0.0 0.0
6413 11295469 3.314594097844517 0.8535782293764549 0.57912 0.0 0.0
6413 10570502 4.7198342255511605 2.5754251394938112 0.8153400000000001 0.0 0.0
6414 11295469 3.290408733391918 0.8787616118929027 0.63246 0.0 0.0
6414 10570502 4.717216394453151 2.6435633642028953 0.8153400000000001 0.0 0.0
6415 10570502 4.71490480649951 2.687071073675931 0.8153400000000001 0.0 0.0
6415 11295469 3.263196253144459 0.9028305617957467 0.57912 0.0 0.0
6416 11295469 3.231280511971055 0.9220101357441517 0.57912 0.0 0.0
6416 10570502 4.70961898820941 2.720919363622484 0.8153400000000001 0.0 0.0
6417 11295469 3.1993647707976507 0.9411897096925567 0.57912 0.0 0.0
6417 10570502 4.7037540750129425 2.781823620338226 0.82296 0.0 0.0
6418 10570502 4.698735445047747 2.8208414020435213 0.82296 0.0 0.0
6418 11295469 3.159423279121313 0.9589009167592559 0.57912 0.0 0.0
6419 10570502 4.694962301047324 2.871834997569014 0.82296 0.0 0.0
6419 11295469 3.1213719589425626 0.9742430846667259 0.57912 0.0 0.0
6420 11295469 3.077244052420194 0.9886487915740487 0.57912 0.0 0.0
6420 10570502 4.690883948085783 2.9110132958199064 0.82296 0.0 0.0
6421 10570502 4.682785500891039 2.9541901741371155 0.82296 0.0 0.0
6421 11295469 3.054778971068986 0.9959827122850156 0.57912 0.0 0.0
6422 11295469 3.0182732638032537 1.0079004863848078 0.57912 0.0 0.0
6422 10570502 4.676392294397114 2.9930726534462337 0.82296 0.0 0.0
6423 10570502 4.6699990879031885 3.0319551327553516 0.82296 0.0 0.0
6423 11295469 2.9708769899361327 1.020453488672687 0.57912 0.0 0.0
6424 11295469 2.912934805578149 1.0346976001697046 0.57912 0.0 0.0
6424 10570502 4.660377908865593 3.1029635092425885 0.82296 0.0 0.0
6425 11295469 2.880851650880987 1.042485436798596 0.57912 0.0 0.0
6425 10570502 4.6541650268959796 3.1492634111143962 0.82296 0.0 0.0
6426 11295469 2.848035148945625 1.050746578271636 0.57912 0.0 0.0
6426 10570502 4.647952144926366 3.1955633129862036 0.82296 0.0 0.0
6427 11295469 2.815218647010263 1.0590077197446761 0.57912 0.0 0.0
6427 10570502 4.63700107236376 3.238152935668315 0.82296 0.0 0.0
6428 11295469 2.77316426034111 1.0705189413550726 0.57912 0.0 0.0
6428 10570502 4.631419336050718 3.2890364149009357 0.82296 0.0 0.0
6429 10570502 4.622610355426663 3.3463466179749584 0.82296 0.0 0.0
6429 11295469 2.722637535127606 1.0816426183244219 0.6248400000000001 0.0 0.0
6430 10570502 4.612216912715732 3.3988005473227605 0.8305800000000001 0.0 0.0
6430 11295469 2.6711350172749935 1.0908657115468856 0.57912 0.0 0.0
6431 11295469 2.619953440791484 1.0999843904029534 0.57912 0.0 0.0
6431 10570502 4.612033054596445 3.398486550662638 0.8305747327188941 0.0 0.0
6432 10570502 4.611849196477157 3.3981725540025156 0.8305694654377881 0.0 0.0
6432 11295469 2.5896349719024645 1.1063797245881881 0.57912 0.0 0.0
6433 11295469 2.5593165030134455 1.1127750587734229 0.57912 0.0 0.0
6433 10570502 4.611665338357869 3.397858557342393 0.8305641981566821 0.0 0.0
6434 10570502 4.611481480238581 3.3975445606822703 0.8305589308755761 0.0 0.0
6434 11295469 2.5081005027564984 1.1217889854312861 0.57912 0.0 0.0
6435 10570502 4.611297622119293 3.397230564022148 0.8305536635944701 0.0 0.0
6435 11295469 2.446532899548707 1.1317303907758505 0.57912 0.0 0.0
6436 11295469 2.4129927320101068 1.1377766407523517 0.57912 0.0 0.0
6436 10570502 4.611113764000006 3.3969165673620254 0.8305483963133642 0.0 0.0
6437 10570502 4.610929905880718 3.396602570701903 0.8305431290322581 0.0 0.0
6437 11295469 2.369032002531257 1.144539143390593 0.57912 0.0 0.0
6438 11295469 2.335973230699702 1.150428556659005 0.57912 0.0 0.0
6438 10570502 4.61074604776143 3.3962885740417805 0.8305378617511522 0.0 0.0
6439 10570502 4.610562189642143 3.395974577381658 0.8305325944700461 0.0 0.0
6439 11295469 2.3019610957283874 1.1539425730666053 0.57912 0.0 0.0
6440 10570502 4.610378331522854 3.3956605807215356 0.8305273271889402 0.0 0.0
6440 11295469 2.240531405418697 1.164308029690236 0.57912 0.0 0.0
6441 11295469 2.198943109970932 1.1701799702293472 0.6248400000000001 0.0 0.0
6441 10570502 4.610194473403567 3.395346584061413 0.8305220599078342 0.0 0.0
6442 11295469 2.1542238944579983 1.1746214307740424 0.57912 0.0 0.0
6442 10570502 4.610010615284279 3.3950325874012903 0.8305167926267282 0.0 0.0
6443 10570502 4.609826757164991 3.394718590741168 0.8305115253456222 0.0 0.0
6443 11295469 2.110194190935074 1.181174421190742 0.57912 0.0 0.0
6444 10570502 4.609642899045704 3.3944045940810454 0.8305062580645163 0.0 0.0
6444 11295469 2.068709301030057 1.187363816230626 0.57912 0.0 0.0
6445 11295469 2.031218672149824 1.1921905541085596 0.57912 0.0 0.0
6445 10570502 4.609459040926415 3.3940905974209232 0.8305009907834102 0.0 0.0
6446 10570502 4.609275182807128 3.3937766007608006 0.8304957235023043 0.0 0.0
6446 11295469 1.9937280432695916 1.197017291986493 0.57912 0.0 0.0
6447 11295469 1.9490087346752445 1.2014600520670178 0.57912 0.0 0.0
6447 10570502 4.60909132468784 3.393462604100678 0.8304904562211982 0.0 0.0
6448 11295469 1.8891584007465378 1.2085089309013264 0.57912 0.0 0.0
6448 10570502 4.608907466568552 3.3931486074405557 0.8304851889400923 0.0 0.0
6449 11295469 1.8628389441287443 1.2121992617439228 0.57912 0.0 0.0
6449 10570502 4.608723608449265 3.392834610780433 0.8304799216589863 0.0 0.0
6450 10570502 4.608539750329976 3.3925206141203104 0.8304746543778803 0.0 0.0
6450 11295469 1.8239498673855357 1.2173670537927357 0.57912 0.0 0.0
6451 10570502 4.608355892210689 3.392206617460188 0.8304693870967743 0.0 0.0
6451 11295469 1.7850607906423268 1.2225348458415486 0.57912 0.0 0.0
6452 10570502 4.608172034091401 3.3918926208000655 0.8304641198156683 0.0 0.0
6452 11295469 1.7348379468790986 1.2264401779360594 0.57912 0.0 0.0
6453 11295469 1.6984187123193433 1.2307433341237601 0.57912 0.0 0.0
6453 10570502 4.607988175972113 3.3915786241399433 0.8304588525345623 0.0 0.0
6454 10570502 4.607804317852826 3.3912646274798206 0.8304535852534564 0.0 0.0
6454 11295469 1.6562440663147453 1.2348239448371883 0.57912 0.0 0.0
6455 10570502 4.607620459733537 3.390950630819698 0.8304483179723503 0.0 0.0
6455 11295469 1.596290105847616 1.2415586250317792 0.57912 0.0 0.0
6456 10570502 4.60743660161425 3.3906366341595757 0.8304430506912444 0.0 0.0
6456 11295469 1.5580015988968738 1.2453049868700181 0.57912 0.0 0.0
6457 10570502 4.607252743494962 3.390322637499453 0.8304377834101383 0.0 0.0
6457 11295469 1.519713091946132 1.249051348708257 0.57912 0.0 0.0
6458 10570502 4.607068885375674 3.3900086408393304 0.8304325161290323 0.0 0.0
6458 11295469 1.4855268023435049 1.2504064029007258 0.57912 0.0 0.0
6459 10570502 4.606885027256387 3.389694644179208 0.8304272488479264 0.0 0.0
6459 11295469 1.4359589384923148 1.256319488248327 0.57912 0.0 0.0
6460 10570502 4.606701169137099 3.3893806475190855 0.8304219815668203 0.0 0.0
6460 11295469 1.3725760116341044 1.2620733921197362 0.57912 0.0 0.0
6461 11295469 1.3387880320001273 1.266687034712636 0.57912 0.0 0.0
6461 10570502 4.606517311017811 3.3890666508589633 0.8304167142857144 0.0 0.0
6462 11295469 1.3050000523661502 1.2713006773055358 0.57912 0.0 0.0
6462 10570502 4.606333452898523 3.3887526541988406 0.8304114470046083 0.0 0.0
6463 11295469 1.2711367273945489 1.2750045622571744 0.6248400000000001 0.0 0.0
6463 10570502 4.606149594779235 3.388438657538718 0.8304061797235024 0.0 0.0
6464 11295469 1.218426356952922 1.2797261683653947 0.6248400000000001 0.0 0.0
6464 10570502 4.605965736659948 3.3881246608785958 0.8304009124423964 0.0 0.0
6465 11295469 1.1763773951344974 1.2836516578091037 0.57912 0.0 0.0
6465 10570502 4.60578187854066 3.387810664218473 0.8303956451612904 0.0 0.0
6466 10570502 4.605598020421372 3.3874966675583504 0.8303903778801844 0.0 0.0
6466 11295469 1.1294456689978876 1.288939315136778 0.57912 0.0 0.0
6467 10570502 4.605414162302084 3.387182670898228 0.8303851105990785 0.0 0.0
6467 11295469 1.0825139428612778 1.2942269724644526 0.57912 0.0 0.0
6468 10570502 4.605230304182797 3.3868686742381056 0.8303798433179724 0.0 0.0
6468 11295469 1.0578423643232255 1.2948115816615189 0.57912 0.0 0.0
6469 10570502 4.6050464460635085 3.386554677577983 0.8303745760368665 0.0 0.0
6469 11295469 0.9899775071908528 1.301799654490911 0.57912 0.0 0.0
6470 11295469 0.9600520219349183 1.3053281572737858 0.57912 0.0 0.0
6470 10570502 4.604862587944221 3.3862406809178607 0.8303693087557604 0.0 0.0
6471 11295469 0.9301265366789839 1.3088566600566607 0.57912 0.0 0.0
6471 10570502 4.604678729824933 3.385926684257738 0.8303640414746545 0.0 0.0
6472 10570502 4.604494871705645 3.385612687597616 0.8303587741935485 0.0 0.0
6472 11295469 0.8606659118881561 1.3136803356446405 0.57912 0.0 0.0
6473 11295469 0.8164505438986924 1.3183158452995758 0.57912 0.0 0.0
6473 10570502 4.604311013586358 3.385298690937493 0.8303535069124425 0.0 0.0
6474 11295469 0.7746765068817392 1.3222706265619908 0.61722 0.0 0.0
6474 10570502 4.6041271554670695 3.3849846942773705 0.8303482396313365 0.0 0.0
6475 10570502 4.603943297347782 3.3846706976172483 0.8303429723502305 0.0 0.0
6475 11295469 0.7586396578812765 1.3248244049135054 0.61722 0.0 0.0
6476 10570502 4.603759439228494 3.3843567009571256 0.8303377050691245 0.0 0.0
6476 11295469 0.6899810985013413 1.3293875684998666 0.57912 0.0 0.0
6477 11295469 0.6453644800484948 1.334155247015105 0.57912 0.0 0.0
6477 10570502 4.603575581109206 3.384042704297003 0.8303324377880186 0.0 0.0
6478 11295469 0.6115008578102228 1.3378622935984625 0.57912 0.0 0.0
6478 10570502 4.603391722989919 3.3837287076368807 0.8303271705069125 0.0 0.0
6479 11295469 0.5768437575798233 1.3391417313170995 0.57912 0.0 0.0
6479 10570502 4.6032078648706305 3.383414710976758 0.8303219032258066 0.0 0.0
6480 11295469 0.53848567878726 1.3426825069720545 0.57912 0.0 0.0
6480 10570502 4.603024006751343 3.383100714316636 0.8303166359447005 0.0 0.0
6481 11295469 0.5001275999946966 1.3462232826270095 0.57912 0.0 0.0
6481 10570502 4.602840148632056 3.382786717656513 0.8303113686635946 0.0 0.0
6482 11295469 0.4475658036163232 1.3511355254684316 0.57912 0.0 0.0
6482 10570502 4.602656290512767 3.3824727209963905 0.8303061013824886 0.0 0.0
6483 11295469 0.3886722203111296 1.352977148298263 0.57912 0.0 0.0
6483 10570502 4.60247243239348 3.3821587243362683 0.8303008341013826 0.0 0.0
6484 11295469 0.35834971946078376 1.3552943254232597 0.57912 0.0 0.0
6484 10570502 4.6022885742741915 3.3818447276761456 0.8302955668202766 0.0 0.0
6485 11295469 0.32802721861043793 1.357611502548256 0.57912 0.0 0.0
6485 10570502 4.602104716154904 3.381530731016023 0.8302902995391706 0.0 0.0
6486 10570502 4.601920858035617 3.3812167343559008 0.8302850322580646 0.0 0.0
6486 11295469 0.26194740104962677 1.361919878284069 0.57912 0.0 0.0
6487 11295469 0.21959930794124227 1.3654812931484177 0.61722 0.0 0.0
6487 10570502 4.601736999916328 3.380902737695778 0.8302797649769587 0.0 0.0
6488 11295469 0.19133850675805225 1.365956890712078 0.59817 0.0 0.0
6488 10570502 4.601553141797041 3.380588741035656 0.8302744976958526 0.0 0.0
6489 11295469 0.16307770557486223 1.3664324882757382 0.57912 0.0 0.0
6489 10570502 4.601369283677753 3.380274744375533 0.8302692304147467 0.0 0.0
6490 11295469 0.12323986094060535 1.369524482602063 0.5638799999999999 0.0 0.0
6490 10570502 4.601185425558465 3.3799607477154106 0.8302639631336407 0.0 0.0
6491 11295469 0.08340201630634847 1.3726164769283875 0.54864 0.0 0.0
6492 11295469 0.04059869723431753 1.3741080187665466 0.54864 0.0 0.0
6493 11295469 -0.0022046218377134164 1.3755995606047058 0.54864 0.0 0.0
6494 11295469 -0.0381011157976768 1.376352499896906 0.54864 0.0 0.0
6495 11295469 -0.07399760975764018 1.377105439189106 0.54864 0.0 0.0
6496 11295469 -0.10989410371760355 1.377858378481306 0.54864 0.0 0.0
6497 11295469 -0.14492719294154735 1.3784463714504893 0.56642 0.0 0.0
6498 11295469 -0.17996028216549115 1.3790343644196723 0.5842 0.0 0.0
6499 11295469 -0.21499337138943497 1.3796223573888555 0.6019800000000001 0.0 0.0
6500 11295469 -0.25573060001112613 1.3783369253249635 0.54864 0.0 0.0
6501 11295469 -0.28163676610095134 1.377869159144367 0.54864 0.0 0.0
6502 11295469 -0.30754293219077655 1.3774013929637707 0.54864 0.0 0.0
6503 11295469 -0.34091997070189994 1.375812968796317 0.54864 0.0 0.0
6504 11295469 -0.38471819871928936 1.374944851975878 0.54864 0.0 0.0
6505 11295469 -0.4139092151066402 1.3711313511270842 0.54864 0.0 0.0
6506 11295469 -0.4431002314939911 1.3673178502782903 0.54864 0.0 0.0
6507 11295469 -0.4722912478813419 1.3635043494294965 0.54864 0.0 0.0
6508 11295469 -0.515467321964082 1.3553065337362433 0.58674 0.0 0.0
6509 11295469 -0.5383893611493653 1.3476715175750518 0.5524500000000001 0.0 0.0
6510 11295469 -0.5613114003346487 1.34003650141386 0.5181600000000001 0.0 0.0
6511 11295469 -0.6022729538402563 1.3234037923282227 0.5181600000000001 0.0 0.0
6512 11295469 -0.624988448979946 1.3109695479734036 0.5181600000000001 0.0 0.0
6513 11295469 -0.6501715134602384 1.2964213674336835 0.5181600000000001 0.0 0.0
6514 11295469 -0.6753545779405308 1.2818731868939637 0.5181600000000001 0.0 0.0
6515 11295469 -0.7003483259669325 1.2624728872795183 0.5181600000000001 0.0 0.0
6516 11295469 -0.7225127142083564 1.2408622218710015 0.5181600000000001 0.0 0.0
6517 11295469 -0.7446771024497802 1.2192515564624846 0.5181600000000001 0.0 0.0
6518 11295469 -0.7615530332432394 1.2002344993917793 0.5181600000000001 0.0 0.0
6519 11295469 -0.7872467124413318 1.170547934016569 0.56388 0.0 0.0
6520 11295469 -0.8000917075061384 1.1523158004541059 0.5410200000000001 0.0 0.0
6521 11295469 -0.8129367025709451 1.1340836668916427 0.5181600000000001 0.0 0.0
6522 11295469 -0.8471086820887725 1.0798299203042123 0.5181600000000001 0.0 0.0
6523 11295469 -0.8600339797837879 1.0566000910218076 0.54864 0.0 0.0
6524 11295469 -0.872268975644102 1.0354812605288575 0.54864 0.0 0.0
6525 11295469 -0.893632539071193 1.0027430628143108 0.54864 0.0 0.0
6526 11295469 -0.9096989967818518 0.9699083239141992 0.48768 0.0 0.0
6527 11295469 -0.9253980890041438 0.9477024510888916 0.48768 0.0 0.0
6528 11295469 -0.9398535387437095 0.9200658971546303 0.48768 0.0 0.0
6529 11295469 -0.953388280429174 0.8955165287171163 0.51054 0.0 0.0
6530 11295469 -0.9669230221146385 0.8709671602796022 0.5334 0.0 0.0
6531 11295469 -0.9812983513770535 0.8433044205585701 0.5334 0.0 0.0
6532 11295469 -0.9938316442111187 0.8172007764558974 0.52959 0.0 0.0
6533 11295469 -1.006364937045184 0.7910971323532247 0.52578 0.0 0.0
6534 11295469 -1.020774887034993 0.763328891098364 0.52578 0.0 0.0
6535 11295469 -1.031591547545873 0.7343271269145009 0.52197 0.0 0.0
6536 11295469 -1.042408208056753 0.7053253627306377 0.5181600000000001 0.0 0.0
6537 11295469 -1.0498731206756873 0.6743512071295947 0.49784000000000006 0.0 0.0
6538 11295469 -1.0573380332946216 0.6433770515285518 0.47752000000000006 0.0 0.0
6539 11295469 -1.064802945913556 0.6124028959275089 0.45720000000000005 0.0 0.0
6540 11295469 -1.0712068786410927 0.5765251333671282 0.45720000000000005 0.0 0.0
6541 11295469 -1.071501204740905 0.5593295144355986 0.51054 0.0 0.0
6542 11295469 -1.071812418470489 0.5165521405515634 0.51054 0.0 0.0
6543 11295469 -1.072095460933711 0.4991191724604044 0.45720000000000005 0.0 0.0
6544 11295469 -1.0655634006682209 0.46952640883818425 0.48006000000000004 0.0 0.0
6545 11295469 -1.0590313404027307 0.4399336452159641 0.50292 0.0 0.0
6546 11295469 -1.0490846148416284 0.40788068862007415 0.49911000000000005 0.0 0.0
6547 11295469 -1.0391378892805259 0.3758277320241842 0.4953 0.0 0.0
6548 11295469 -1.0270163844533786 0.350424400446639 0.46101000000000003 0.0 0.0
6549 11295469 -1.0148948796262312 0.32502106886909377 0.42672000000000004 0.0 0.0
6550 11295469 -0.9994729442602106 0.297487076978648 0.42672000000000004 0.0 0.0
6551 11295469 -0.9840510088941901 0.26995308508820226 0.42672000000000004 0.0 0.0
6552 11295469 -0.9625849367085795 0.2378139901533969 0.42672000000000004 0.0 0.0
6553 11295469 -0.9371496775744041 0.20694752318765655 0.42672000000000004 0.0 0.0
6554 11295469 -0.9085821517052701 0.17751055780425232 0.42672000000000004 0.0 0.0
6555 11295469 -0.8971412803428815 0.16360488750303406 0.42672000000000004 0.0 0.0
6556 11295469 -0.8605233143962308 0.1343399223470039 0.45720000000000005 0.0 0.0
6557 11295469 -0.8422487102137083 0.11960198277733791 0.42672000000000004 0.0 0.0
6558 11295469 -0.8239741060311858 0.10486404320767193 0.39624000000000004 0.0 0.0
6559 11295469 -0.7921141743959283 0.08685270812252843 0.41910000000000003 0.0 0.0
6560 11295469 -0.7602542427606709 0.06884137303738494 0.44196 0.0 0.0
6561 11295469 -0.7367593301736306 0.056486155720819026 0.36576 0.0 0.0
6562 11295469 -0.6949377375501313 0.03498460140992768 0.36576 0.0 0.0
6563 11295469 -0.6708603434733562 0.025769032753152427 0.36576 0.0 0.0
6564 11295469 -0.6467829493965811 0.016553464096377174 0.36576 0.0 0.0
6565 11295469 -0.6161781118962564 0.004210890158851538 0.36576 0.0 0.0
6566 11295469 -0.5837355082163246 -0.005227263803521787 0.35052 0.0 0.0
6567 11295469 -0.5512929045363928 -0.014665417765895111 0.33528 0.0 0.0
6568 11295469 -0.5180437099962164 -0.02027777770081876 0.37338000000000005 0.0 0.0
6569 11295469 -0.48479451545604 -0.02589013763574241 0.41148 0.0 0.0
6570 11295469 -0.4529692215297806 -0.027706966333593236 0.37338000000000005 0.0 0.0
6571 11295469 -0.42114392760352115 -0.02952379503144406 0.33528 0.0 0.0
6572 11295469 -0.38918306983244255 -0.02752919851329505 0.36576000000000003 0.0 0.0
6573 11295469 -0.35722221206136395 -0.02553460199514604 0.39624000000000004 0.0 0.0
6574 11295469 -0.32344752675453226 -0.02138718540921855 0.33528 0.0 0.0
6575 11295469 -0.2915937866718252 -0.017341834435062056 0.32004 0.0 0.0
6576 11295469 -0.2597400465891181 -0.013296483460905562 0.3048 0.0 0.0
6577 11295469 -0.22790930498517675 -0.009184968709028865 0.3048 0.0 0.0
6578 11295469 -0.19607856338123542 -0.005073453957152169 0.3048 0.0 0.0
6579 11295469 -0.16542488735475713 -0.0025922929506638492 0.3048 0.0 0.0
6580 11295469 -0.13477121132827885 -0.00011113194417552985 0.3048 0.0 0.0
6581 11295469 -0.10565506816075826 0.001470841018361313 0.3048 0.0 0.0
6582 11295469 -0.07653892499323767 0.003052813980898156 0.3048 0.0 0.0
6583 11295469 -0.04075874395628387 0.0065458569063011895 0.3048 0.0 0.0
6584 11295469 -0.008262035097154119 0.005971768356175841 0.3048 0.0 0.0
6585 11295469 0.024234673761975634 0.005397679806050493 0.3048 0.0 0.0
6586 11295469 0.05647935348648647 0.005139831446917875 0.3048 0.0 0.0
6587 11295469 0.10014566297183991 0.00558868048691763 0.3048 0.0 0.0
6588 11295469 0.1311805760512662 0.00543452169104762 0.32385 0.0 0.0
6589 11295469 0.1622154891306925 0.005280362895177609 0.34290000000000004 0.0 0.0
6590 11295469 0.18769218362545287 0.0049686787694679935 0.32918400000000003 0.0 0.0
6591 11295469 0.2131688781202132 0.004656994643758378 0.315468 0.0 0.0
6592 11295469 0.23864557261497357 0.004345310518048762 0.301752 0.0 0.0
6593 11295469 0.2641222671097339 0.004033626392339146 0.288036 0.0 0.0
6594 11295469 0.2895989616044943 0.00372194226662953 0.27432 0.0 0.0
6595 11295469 0.3182435991044418 0.004408096394990665 0.27432 0.0 0.0
6596 11295469 0.3468882366043893 0.005094250523351801 0.27432 0.0 0.0
6597 11295469 0.36284989756644903 0.005018505726308992 0.27432 0.0 0.0
6598 11295469 0.3788115585285088 0.004942760929266182 0.27432 0.0 0.0
6599 11295469 0.40148707969777014 0.005029243444963675 0.27432 0.0 0.0
6600 11295469 0.42416260086703145 0.005115725960661168 0.27432 0.0 0.0
6601 11295469 0.4468381220362928 0.005202208476358661 0.27432 0.0 0.0
6602 11295469 0.46951364320555417 0.005288690992056154 0.27432 0.0 0.0
6603 11295469 0.4921891643748155 0.005375173507753646 0.27432 0.0 0.0
6604 11295469 0.5148646855440768 0.005461656023451139 0.27432 0.0 0.0
6605 11295469 0.5283499537958913 0.005961802139661812 0.27432 0.0 0.0
