6718 10938489 -4.068912133773092 -0.04529389470702441 0.51054 0.0 0.0
6719 10938489 -4.02590850926642 -0.048273402556722106 0.50292 0.0 0.0
6720 10938489 -3.9787621966984696 -0.04945407556222717 0.50292 0.0 0.0
6721 10938489 -3.9462940886818796 -0.04933422849026639 0.50292 0.0 0.0
6722 10938489 -3.8991613132486043 -0.051912176419537964 0.4953 0.0 0.0
6723 10938489 -3.824117916200315 -0.057434497474997986 0.4953 0.0 0.0
6724 10938489 -3.780362185173507 -0.0554006224240752 0.48768 0.0 0.0
6725 10938489 -3.769097303405444 -0.05762791796672065 0.48768 0.0 0.0
6726 10938489 -3.7578324216373806 -0.059855213509366095 0.48768 0.0 0.0
6727 10938489 -3.6856401687654596 -0.06187207214106252 0.48006 0.0 0.0
6728 10938489 -3.6478873902994122 -0.06324730088633293 0.48006 0.0 0.0
6729 10938489 -3.6030664925996323 -0.0620285225392502 0.48006 0.0 0.0
6730 10938489 -3.5363189817832605 -0.06167736650597924 0.48006 0.0 0.0
6731 10938489 -3.489805483137607 -0.055286480784036 0.48006 0.0 0.0
6732 10938489 -3.456936739594017 -0.05529573212789432 0.48006 0.0 0.0
6733 10938489 -3.4058560828349886 -0.05530695484690576 0.47243999999999997 0.0 0.0
6734 10938489 -3.3669158146092855 -0.05169455339080478 0.47243999999999997 0.0 0.0
6735 10938489 -3.321308865896274 -0.045356529355155134 0.47243999999999997 0.0 0.0
6736 10938489 -3.2819171943808927 -0.047149580297327326 0.47243999999999997 0.0 0.0
6737 10938489 -3.225224542542475 -0.04385526506779938 0.46482000000000007 0.0 0.0
6738 10938489 -3.1778993781510776 -0.038779907633235494 0.46482000000000007 0.0 0.0
6739 10938489 -3.1574742670352016 -0.038804747157953484 0.46482000000000007 0.0 0.0
6740 10938489 -3.084428129258007 -0.03548692464045847 0.45720000000000005 0.0 0.0
6741 10938489 -3.062268050325542 -0.03292448561999475 0.45720000000000005 0.0 0.0
6742 10938489 -3.040107971393077 -0.03036204659953104 0.45720000000000005 0.0 0.0
6743 10938489 -2.984872644145131 -0.027173328450367157 0.45720000000000005 0.0 0.0
6744 10938489 -2.9464461509941824 -0.021053887367495833 0.45720000000000005 0.0 0.0
6745 10938489 -2.8902014361309263 -0.017493799697413742 0.44958000000000004 0.0 0.0
6746 10938489 -2.8222553117163214 -0.01075193363653329 0.44958000000000004 0.0 0.0
6747 10938489 -2.7987670011699644 -0.009558239665404061 0.44196 0.0 0.0
6748 10938489 -2.732564265889727 -0.0027124989031416524 0.43434000000000006 0.0 0.0
6749 10938489 -2.6868900386378805 0.003840658102894773 0.43434000000000006 0.0 0.0
6750 10938489 -2.6380245288277164 0.0038581480720475125 0.43434000000000006 0.0 0.0
6751 10938489 -2.6043800509648665 0.006227623723216363 0.4305300000000001 0.0 0.0
6752 10938489 -2.5707355731020165 0.008597099374385214 0.42672000000000004 0.0 0.0
6753 10938489 -2.527487359993951 0.010453329133995298 0.42672000000000004 0.0 0.0
6754 10938489 -2.462467967866898 0.016403165068612807 0.42672000000000004 0.0 0.0
6755 10938489 -2.412662377348341 0.016581821371555144 0.42672000000000004 0.0 0.0
6756 10938489 -2.374488989638044 0.01378983041883583 0.41910000000000003 0.0 0.0
6757 10938489 -2.3248542272733257 0.01507652431114001 0.41910000000000003 0.0 0.0
6758 10938489 -2.2819406321782116 0.01564146537101105 0.41910000000000003 0.0 0.0
6759 10938489 -2.23312165238805 0.015793537621354797 0.41148 0.0 0.0
6760 10938489 -2.189392638485227 0.017494305419785333 0.41148 0.0 0.0
6761 10938489 -2.1405281276354193 0.017515216922019378 0.41148 0.0 0.0
6762 10938489 -2.0704157255081004 0.015959982610036033 0.40386 0.0 0.0
6763 10938489 -2.0445144079511817 0.017067578181969884 0.40386 0.0 0.0
6764 10938489 -2.018613090394263 0.018175173753903734 0.40386 0.0 0.0
6765 10938489 -1.9689809914219911 0.017829215208703814 0.40386 0.0 0.0
6766 10938489 -1.9235206916838343 0.019666142759793143 0.39624000000000004 0.0 0.0
6767 10938489 -1.8572829190496305 0.019847670219549002 0.39624000000000004 0.0 0.0
6768 10938489 -1.812431212479008 0.0211832751527474 0.39624000000000004 0.0 0.0
6769 10938489 -1.7632389330260938 0.027642336117624094 0.38862 0.0 0.0
6770 10938489 -1.715894307106131 0.02302212400415224 0.38862 0.0 0.0
6771 10938489 -1.6670307048850888 0.02304629336829908 0.38862 0.0 0.0
6772 10938489 -1.6441147168051014 0.026300000673923768 0.38862 0.0 0.0
6773 10938489 -1.579649510268111 0.021338560321036842 0.381 0.0 0.0
6774 10938489 -1.534694762332501 0.02299256012011683 0.381 0.0 0.0
6775 10938489 -1.4827253174256365 0.021651555598226596 0.37338 0.0 0.0
6776 10938489 -1.448133695895265 0.021496207329889522 0.37338 0.0 0.0
6777 10938489 -1.4135420743648937 0.021340859061552447 0.37338 0.0 0.0
6778 10938489 -1.3593036082504362 0.018791258096447966 0.36576 0.0 0.0
6779 10938489 -1.3216577030894558 0.01711175488752456 0.36576 0.0 0.0
6780 10938489 -1.2727947980084966 0.01713863866651774 0.35814000000000007 0.0 0.0
6781 10938489 -1.2256489511247002 0.020064081457704858 0.35814000000000007 0.0 0.0
6782 10938489 -1.1655521453641133 0.016417902874049067 0.35814000000000007 0.0 0.0
6783 10938489 -1.1221168392781788 0.013430350838898847 0.35814000000000007 0.0 0.0
6784 10938489 -1.0772664624223693 0.014770597774272337 0.35052000000000005 0.0 0.0
6785 10938489 -1.0289027559634938 0.00947097429407237 0.35052000000000005 0.0 0.0
6786 10938489 -0.9897179428587726 0.010327722843566728 0.35052000000000005 0.0 0.0
6787 10938489 -0.9505331297540514 0.011184471393061085 0.35052000000000005 0.0 0.0
6788 10938489 -0.9065803865989732 0.009781493007656378 0.34290000000000004 0.0 0.0
6789 10938489 -0.8628538012735596 0.011490424192442478 0.34290000000000004 0.0 0.0
6790 10938489 -0.8124454922354132 0.009729725317406207 0.33528 0.0 0.0
6791 10938489 -0.7439627904249564 0.010004577589755564 0.33528 0.0 0.0
6792 10938489 -0.6966538532664663 0.0052856307603694475 0.34290000000000004 0.0 0.0
6793 10938489 -0.6526411693278948 0.006785363115660498 0.35052000000000005 0.0 0.0
6794 10938489 -0.6269461429916181 0.003875839871959691 0.35052000000000005 0.0 0.0
6795 10938489 -0.5716824581195268 0.007188847022342543 0.36576 0.0 0.0
6796 10938489 -0.5260476079935228 0.002784617712349141 0.37338 0.0 0.0
6797 10938489 -0.4802923243439088 0.004182956101164731 0.381 0.0 0.0
6798 10938489 -0.4433118476431017 0.003192656634512764 0.381 0.0 0.0
6799 10938489 -0.4243979478902348 0.002091767899836089 0.38481 0.0 0.0
6800 10938489 -0.4054840481373678 0.000990879165159414 0.38862 0.0 0.0
6801 10938489 -0.3446311220527545 -0.0019613080405729566 0.38862 0.0 0.0
6802 10938489 -0.300056544400612 0.00017455383620909593 0.39624000000000004 0.0 0.0
6803 10938489 -0.2377887174819303 -0.0038818505836456796 0.39624000000000004 0.0 0.0
6804 10938489 -0.20652885762949608 -0.0060678176599580635 0.40005 0.0 0.0
6805 10938489 -0.17526899777706184 -0.008253784736270448 0.40386 0.0 0.0
6806 10938489 -0.13028225750380762 -0.006485341323339139 0.40386 0.0 0.0
6807 10938489 -0.07018728937912833 -0.010122228091001079 0.41148 0.0 0.0
6808 10938489 -0.03240483864159982 -0.011372666968455486 0.41910000000000003 0.0 0.0
6809 10938489 0.00611994399752025 -0.015786315099327347 0.41910000000000003 0.0 0.0
6810 10938489 0.050165939242655444 -0.01417667111868584 0.41910000000000003 0.0 0.0
6811 10938489 0.08787925540424146 -0.015637578042197953 0.41910000000000003 0.0 0.0
6812 10938489 0.13214106440902862 -0.016084122900531517 0.42672000000000004 0.0 0.0
6813 10938489 0.17916409053363824 -0.018951629660274055 0.42672000000000004 0.0 0.0
6814 10938489 0.24728297729577842 -0.025208365844102326 0.43434000000000006 0.0 0.0
6815 10938489 0.2715233666988784 -0.025770077631272773 0.43434000000000006 0.0 0.0
6816 10938489 0.29576375610197836 -0.02633178941844322 0.43434000000000006 0.0 0.0
6817 10938489 0.3387961691228357 -0.02917926107937094 0.44196 0.0 0.0
6818 10938489 0.4002139484642086 -0.027403239670368645 0.44958000000000004 0.0 0.0
6819 10938489 0.43961890321914365 -0.034555666922252176 0.44958000000000004 0.0 0.0
6820 10938489 0.48677047271418306 -0.03430888207702584 0.45720000000000005 0.0 0.0
6821 10938489 0.5256412409498927 -0.03602900948345236 0.45720000000000005 0.0 0.0
6822 10938489 0.5686501728927706 -0.039217976115635295 0.46482000000000007 0.0 0.0
6823 10938489 0.5895299172103685 -0.040549816408081474 0.46482000000000007 0.0 0.0
6824 10938489 0.6751963850279097 -0.04202201791924157 0.47243999999999997 0.0 0.0
6825 10938489 0.717723694593333 -0.045052759922406316 0.47243999999999997 0.0 0.0
6826 10938489 0.7397288605270553 -0.04429850867255225 0.47624999999999995 0.0 0.0
6827 10938489 0.7617340264607777 -0.043544257422698185 0.48006 0.0 0.0
6828 10938489 0.8262536909130431 -0.04721778310473973 0.48768 0.0 0.0
6829 10938489 0.86951430388007 -0.05072091076643004 0.48768 0.0 0.0
6830 10938489 0.9128783451523221 -0.0539070981081588 0.48768 0.0 0.0
6831 10938489 0.9636965102497612 -0.05602358275844163 0.4953 0.0 0.0
6832 10938489 1.0061545563362326 -0.059263709488858146 0.4953 0.0 0.0
6833 10938489 1.0444876174778992 -0.058819462005114204 0.50292 0.0 0.0
6834 10938489 1.0878514789279432 -0.06200457743859869 0.51054 0.0 0.0
6835 10938489 1.1541214479305602 -0.07010231773375539 0.51054 0.0 0.0
6836 10938489 1.1947981067443665 -0.0782501875024062 0.5181600000000001 0.0 0.0
6837 10938489 1.225931627439764 -0.08298823405683266 0.5181600000000001 0.0 0.0
6838 10938489 1.2570651481351616 -0.08772628061125912 0.5181600000000001 0.0 0.0
6839 10938489 1.2875739506068349 -0.09220163819687438 0.52578 0.0 0.0
6840 10938489 1.3481056270042746 -0.10671760876363084 0.52578 0.0 0.0
6841 10938489 1.393792041679366 -0.11638392169082545 0.5334 0.0 0.0
6842 10938489 1.4280247431596949 -0.12441152666504993 0.5334 0.0 0.0
6843 10938489 1.4672164082391934 -0.14036718785297636 0.54102 0.0 0.0
6844 10938489 1.511464266537527 -0.15715632089150358 0.54102 0.0 0.0
6845 10938489 1.5746252282953692 -0.18292623799851185 0.54864 0.0 0.0
6846 10938489 1.6109629088320718 -0.19783199221774886 0.55626 0.0 0.0
6847 10938489 1.6322203739621357 -0.20752015212585642 0.55626 0.0 0.0
6848 10938489 1.6534778390921998 -0.21720831203396399 0.55626 0.0 0.0
6849 10938489 1.6985322804078629 -0.24512397961059593 0.56388 0.0 0.0
6850 10938489 1.7358505920306377 -0.2681763017122636 0.56388 0.0 0.0
6851 10938489 1.7803414795133614 -0.29917823935148213 0.5715 0.0 0.0
6852 10938489 1.8178094236458415 -0.32204521192796 0.5715 0.0 0.0
6853 10938489 1.8525564274844215 -0.349981230962606 0.57912 0.0 0.0
6854 10938489 1.883463636350935 -0.3760789630931335 0.57912 0.0 0.0
6855 10938489 1.9168548114473298 -0.40871187045719104 0.58674 0.0 0.0
6856 10938489 1.9541288010356965 -0.4482198474972656 0.58674 0.0 0.0
6857 10938489 1.98159679688907 -0.47424522853842155 0.59436 0.0 0.0
6858 10938489 2.01108781885684 -0.5103934717748827 0.59436 0.0 0.0
6859 10938489 2.046166471280042 -0.5593471069419355 0.6019800000000001 0.0 0.0
6860 10938489 2.0691499417458346 -0.5882298370639676 0.6019800000000001 0.0 0.0
6861 10938489 2.092133412211627 -0.6171125671859996 0.6019800000000001 0.0 0.0
6862 10938489 2.115803919322486 -0.6479717143118983 0.6096 0.0 0.0
6863 10938489 2.1378670033105314 -0.6823945423844119 0.6096 0.0 0.0
6864 10938489 2.16157960591027 -0.7199258266923815 0.6096 0.0 0.0
6865 10938489 2.1881604980508937 -0.7554729764189049 0.61722 0.0 0.0
6866 10938489 2.207607449787121 -0.7938307460546655 0.61722 0.0 0.0
6867 10938489 2.2433710033534737 -0.8529356526175041 0.6248400000000001 0.0 0.0
6868 10938489 2.26742712050693 -0.893498794415737 0.63246 0.0 0.0
6869 10938489 2.2831135823925566 -0.9229766969865508 0.63246 0.0 0.0
6870 10938489 2.298800044278183 -0.9524545995573647 0.63246 0.0 0.0
6871 10938489 2.3172282788724905 -0.9901286066874203 0.6400800000000001 0.0 0.0
6872 10938489 2.3390118442235353 -1.0360237754384338 0.6400800000000001 0.0 0.0
6873 10938489 2.354241269380233 -1.0737045748152314 0.6477 0.0 0.0
6874 10938489 2.378710335709533 -1.1170884401206946 0.6477 0.0 0.0
6875 10938489 2.3970699703525282 -1.1764674990285393 0.65532 0.0 0.0
6876 10938489 2.413654258415322 -1.2127211483570275 0.65532 0.0 0.0
6877 10938489 2.4277811169891583 -1.2554151177160013 0.65532 0.0 0.0
6878 10938489 2.44081375630907 -1.2867709841256376 0.65913 0.0 0.0
6879 10938489 2.4538463956289815 -1.3181268505352737 0.6629400000000001 0.0 0.0
6880 10938489 2.468762087284618 -1.366568419134482 0.67056 0.0 0.0
6881 10938489 2.4791644432380533 -1.406527598816236 0.67056 0.0 0.0
6882 10938489 2.4978935349233797 -1.4661431095626491 0.6781800000000001 0.0 0.0
6883 10938489 2.507070290796266 -1.5044170602774056 0.6781800000000001 0.0 0.0
6884 10938489 2.5161312280574277 -1.5452230922019878 0.6781800000000001 0.0 0.0
6885 10938489 2.523629954751047 -1.5913599138663872 0.6858000000000001 0.0 0.0
6886 10938489 2.535603475147 -1.633583778269284 0.6858000000000001 0.0 0.0
6887 10938489 2.5454853821978336 -1.6849373337319111 0.69342 0.0 0.0
6888 10938489 2.5464141309571016 -1.7076690487291362 0.69342 0.0 0.0
6889 10938489 2.5574690831931397 -1.7761099470924968 0.69342 0.0 0.0
6890 10938489 2.56174836989241 -1.818508844575299 0.7010400000000001 0.0 0.0
6891 10938489 2.568882112830874 -1.8635916095345537 0.7010400000000001 0.0 0.0
6892 10938489 2.57394948153519 -1.9133733448870147 0.7010400000000001 0.0 0.0
6893 10938489 2.577501016205786 -1.9678001155564642 0.7086600000000001 0.0 0.0
6894 10938489 2.5800027403346792 -2.011838113552644 0.7086600000000001 0.0 0.0
6895 10938489 2.5835677734464872 -2.051258481514987 0.7124700000000002 0.0 0.0
6896 10938489 2.5871328065582953 -2.0906788494773294 0.7162800000000001 0.0 0.0
6897 10938489 2.5899561204731905 -2.134821693051656 0.7162800000000001 0.0 0.0
6898 10938489 2.591965193196207 -2.1792828163709337 0.7239000000000001 0.0 0.0
6899 10938489 2.5903937551380443 -2.2290000913610046 0.7239000000000001 0.0 0.0
6900 10938489 2.5944451361418226 -2.2723754869786887 0.73152 0.0 0.0
6901 10938489 2.5969481081881858 -2.3164136212407134 0.73152 0.0 0.0
6902 10938489 2.597327180293985 -2.365599240067103 0.73152 0.0 0.0
6903 10938489 2.595780673628058 -2.4125209794811484 0.73914 0.0 0.0
6904 10938489 2.5953936769708728 -2.457251210759537 0.73914 0.0 0.0
6905 10938489 2.5978731881572505 -2.5040850740137426 0.74676 0.0 0.0
6906 10938489 2.598930007121683 -2.5525572288219602 0.74676 0.0 0.0
6907 10938489 2.602415839750069 -2.6071954957326997 0.75438 0.0 0.0
6908 10938489 2.602991453003866 -2.6555105165619417 0.75438 0.0 0.0
6909 10938489 2.603314373434427 -2.705144793132212 0.75438 0.0 0.0
6910 10938489 2.6021515901195036 -2.742729644323542 0.75819 0.0 0.0
6911 10938489 2.6009888068045806 -2.780314495514872 0.762 0.0 0.0
6912 10938489 2.60307064696085 -2.821294459843041 0.762 0.0 0.0
6913 10938489 2.598991073091941 -2.8680901170608384 0.76962 0.0 0.0
6914 10938489 2.5955428067703687 -2.914040461125863 0.76962 0.0 0.0
6915 10938489 2.5930593274037035 -2.957034872703275 0.76962 0.0 0.0
6916 10938489 2.58530813035391 -3.008005662486569 0.77724 0.0 0.0
6917 10938489 2.5842237561679875 -3.052157498362491 0.77724 0.0 0.0
6918 10938489 2.577055251479741 -3.109509487967783 0.77724 0.0 0.0
6919 10938489 2.571010191543415 -3.168863453997262 0.78486 0.0 0.0
6920 10938489 2.5626634354095943 -3.218938945063305 0.78486 0.0 0.0
6921 10938489 2.558567850774145 -3.2505435800896025 0.7924800000000001 0.0 0.0
6922 10938489 2.5496758071359853 -3.317262114174938 0.7924800000000001 0.0 0.0
6923 10938489 2.5460290319039958 -3.3454504051862965 0.79629 0.0 0.0
6924 10938489 2.5423822566720062 -3.3736386961976548 0.8001 0.0 0.0
6925 10938489 2.531790794010771 -3.415622431886238 0.8001 0.0 0.0
6926 10938489 2.5221413342027637 -3.4846636093783627 0.80772 0.0 0.0
6927 10938489 2.516847839451339 -3.5308292630368934 0.80772 0.0 0.0
6928 10938489 2.5072646295849466 -3.5765295537095922 0.8153400000000001 0.0 0.0
6929 10938489 2.498553232931826 -3.6222807075692955 0.8153400000000001 0.0 0.0
6930 10938489 2.4914385920186 -3.661777804734411 0.82296 0.0 0.0
6931 10938489 2.479283784793478 -3.7139980677662527 0.82296 0.0 0.0
6932 10938489 2.4631897709002626 -3.7796511999603863 0.82296 0.0 0.0
6933 10938489 2.4537102421420016 -3.8250348496248465 0.82296 0.0 0.0
6934 10938489 2.4369091869717794 -3.8792432780697133 0.8305800000000001 0.0 0.0
6935 10938489 2.428412004845542 -3.9039213011448095 0.8305800000000001 0.0 0.0
6936 10938489 2.4199148227193046 -3.9285993242199058 0.8305800000000001 0.0 0.0
6937 10938489 2.408585678569528 -3.9823739176986286 0.8305800000000001 0.0 0.0
6938 10938489 2.3943923287773057 -4.025868887880551 0.8382000000000001 0.0 0.0
6939 10938489 2.376708987539076 -4.077336334284334 0.8382000000000001 0.0 0.0
6940 10938489 2.3644209378451446 -4.117715052447363 0.84582 0.0 0.0
6941 10938489 2.3494935790169245 -4.160736864835563 0.84582 0.0 0.0
6942 10938489 2.3376189388807953 -4.199848737163209 0.84582 0.0 0.0
6943 10938489 2.3203251058280037 -4.252845016207359 0.8534400000000001 0.0 0.0
6944 10938489 2.3044781683837234 -4.301407339521997 0.86106 0.0 0.0
6945 10938489 2.2903537251141133 -4.34469114612791 0.86106 0.0 0.0
6946 10938489 2.274506789854833 -4.393253462030877 0.86106 0.0 0.0
6947 10938489 2.2603823485335397 -4.436537262029225 0.8686800000000001 0.0 0.0
6948 10938489 2.246832954770581 -4.475336230466822 0.8686800000000001 0.0 0.0
6949 10938489 2.227541030796386 -4.534455555985464 0.8763000000000001 0.0 0.0
6950 10938489 2.209913315703962 -4.591197643909293 0.8763000000000001 0.0 0.0
6951 10938489 2.189415657253055 -4.6540119173484245 0.88392 0.0 0.0
6952 10938489 2.180401709544248 -4.680273452810734 0.88392 0.0 0.0
6953 10938489 2.171387761835441 -4.706534988273043 0.88392 0.0 0.0
