7214 10532852 0.986475434303663 0.0018759989956471644 0.292608 0.0 0.0
7215 10532852 0.9477690724391987 0.002057123185258217 0.295656 0.0 0.0
7216 10532852 0.9090627105747344 0.002238247374869269 0.298704 0.0 0.0
7217 10532852 0.8703563487102701 0.0024193715644803214 0.301752 0.0 0.0
7218 10532852 0.8316499868458058 0.002600495754091374 0.3048 0.0 0.0
7219 10532852 0.7929436249813414 0.0027816199437024265 0.307848 0.0 0.0
7220 10532852 0.7542372631168771 0.002962744133313479 0.310896 0.0 0.0
7221 10532852 0.7155309012524128 0.003143868322924531 0.31394400000000006 0.0 0.0
7222 10532852 0.6768245393879485 0.003324992512535584 0.31699200000000005 0.0 0.0
7223 10532852 0.6381181775234842 0.003506116702146636 0.32004000000000005 0.0 0.0
7224 10532852 0.6036716847603429 0.002728598821213471 0.32004000000000005 0.0 0.0
7225 10532852 0.5499180289470168 0.005105854016815611 0.32004000000000005 0.0 0.0
7226 10532852 0.5011379542899992 0.004222638901000303 0.32766 0.0 0.0
7227 10532852 0.46194200400755825 0.0011424217756534072 0.33528 0.0 0.0
7228 10532852 0.40976899036672776 0.0018358400137682418 0.34290000000000004 0.0 0.0
7229 10532852 0.37683628547104975 0.001616085657986377 0.34290000000000004 0.0 0.0
7230 10532852 0.3264749631558723 0.002418988620310175 0.35052000000000005 0.0 0.0
7231 10532852 0.2895989616044943 0.00372194226662953 0.35052000000000005 0.0 0.0
7232 10532852 0.25937750205785665 0.0029671774820544117 0.35433000000000003 0.0 0.0
7233 10532852 0.22915604251121902 0.0022124126974792935 0.35814000000000007 0.0 0.0
7234 10532852 0.1939065374282486 0.0016991311714963098 0.36576 0.0 0.0
7235 10532852 0.1478675547221716 0.0021420347911788595 0.36576 0.0 0.0
7236 10532852 0.09890370102272383 0.0017887057011924945 0.37338 0.0 0.0
7237 10532852 0.05647935348648647 0.005139831446917875 0.37338 0.0 0.0
7238 10532852 0.01256253252067796 0.00664239610258871 0.381 0.0 0.0
7239 10532852 -0.03458812506898323 0.008033894822518789 0.38862 0.0 0.0
7240 10532852 -0.07171652347313284 0.00965474802640423 0.38862 0.0 0.0
7241 10532852 -0.0921061993300929 0.008141140545763398 0.38862 0.0 0.0
7242 10532852 -0.1582907100509472 0.011081614727171424 0.39624000000000004 0.0 0.0
7243 10532852 -0.20071532260385605 0.01443428175190628 0.40386 0.0 0.0
7244 10532852 -0.24292250617730948 0.017365622127953534 0.40386 0.0 0.0
7245 10532852 -0.2708656667651349 0.019373136030247595 0.40767 0.0 0.0
7246 10532852 -0.2988088273529603 0.021380649932541657 0.41148 0.0 0.0
7247 10532852 -0.3420704972693527 0.024890920994354387 0.41910000000000003 0.0 0.0
7248 10532852 -0.38620526545573775 0.026817541942462914 0.42672000000000004 0.0 0.0
7249 10532852 -0.43049178296162816 0.026106872020766142 0.43434000000000006 0.0 0.0
7250 10532852 -0.47343261635171685 0.029513016110885276 0.44196 0.0 0.0
7251 10532852 -0.5149186969328368 0.03139231742021589 0.44196 0.0 0.0
7252 10532852 -0.555119279513514 0.03448724942977224 0.44958000000000004 0.0 0.0
7253 10532852 -0.5994709233589064 0.037654355075462914 0.45720000000000005 0.0 0.0
7254 10532852 -0.6314875902899761 0.0372562559549062 0.45720000000000005 0.0 0.0
7255 10532852 -0.6848257270858233 0.0441797564713097 0.46482000000000007 0.0 0.0
7256 10532852 -0.7228374325432647 0.04609261195877987 0.47243999999999997 0.0 0.0
7257 10532852 -0.7423653078198569 0.046810894437573525 0.47243999999999997 0.0 0.0
7258 10532852 -0.761893183096449 0.04752917691636718 0.47243999999999997 0.0 0.0
7259 10532852 -0.7996072851444891 0.048994610466828264 0.48006 0.0 0.0
7260 10532852 -0.8623391305097874 0.05408377661048053 0.48768 0.0 0.0
7261 10532852 -0.9019968700678345 0.05571799277402974 0.49149 0.0 0.0
7262 10532852 -0.9416546096258815 0.05735220893757895 0.4953 0.0 0.0
7263 10532852 -0.9560681736784231 0.05809283230454551 0.4953 0.0 0.0
7264 10532852 -1.0009827872140973 0.06062855723853086 0.4953 0.0 0.0
7265 10532852 -1.0396031055233732 0.06204100848324687 0.50292 0.0 0.0
7266 10532852 -1.0612170270942867 0.06385115007478545 0.51054 0.0 0.0
7267 10532852 -1.1207955593896997 0.06907969207461592 0.51054 0.0 0.0
7268 10532852 -1.1542822145015246 0.06717825886836046 0.5181600000000001 0.0 0.0
7269 10532852 -1.2117512519570803 0.0720681970958483 0.5181600000000001 0.0 0.0
7270 10532852 -1.2403909851642192 0.0720872327830219 0.52197 0.0 0.0
7271 10532852 -1.269030718371358 0.0721062684701955 0.52578 0.0 0.0
7272 10532852 -1.3122933142510826 0.07562247047109102 0.5334 0.0 0.0
7273 10532852 -1.345167387281503 0.0783118486877675 0.5334 0.0 0.0
7274 10532852 -1.3893620684632595 0.07897871793431718 0.5334 0.0 0.0
7275 10532852 -1.425021381302346 0.08292987300750684 0.54102 0.0 0.0
7276 10532852 -1.4824626393013112 0.08220458930356386 0.54864 0.0 0.0
7277 10532852 -1.5046460021207115 0.08770740374519079 0.54864 0.0 0.0
7278 10532852 -1.5519554620832687 0.09243175873410034 0.54864 0.0 0.0
7279 10532852 -1.5932337007105983 0.09658579556202138 0.55626 0.0 0.0
7280 10532852 -1.6337561982716495 0.10983998404178605 0.55626 0.0 0.0
7281 10532852 -1.6742861161732459 0.1165538685135897 0.56388 0.0 0.0
7282 10532852 -1.7204011842538642 0.13280627480632065 0.5715 0.0 0.0
7283 10532852 -1.7601210524901576 0.14579871936397246 0.5715 0.0 0.0
7284 10532852 -1.7941603457907 0.1623078628476817 0.57912 0.0 0.0
7285 10532852 -1.8327864097736446 0.17891553514179634 0.57912 0.0 0.0
7286 10532852 -1.8516515013613541 0.18777400530628033 0.58293 0.0 0.0
7287 10532852 -1.8705165929490637 0.19663247547076432 0.58674 0.0 0.0
7288 10532852 -1.9029308506505032 0.2197379293736493 0.58674 0.0 0.0
7289 10532852 -1.9339914987245612 0.2334040528698685 0.59436 0.0 0.0
7290 10532852 -1.9765853132656492 0.2688367805090579 0.59436 0.0 0.0
7291 10532852 -2.015987186348549 0.2977341148777013 0.6019800000000001 0.0 0.0
7292 10532852 -2.04215213499885 0.3198475727196365 0.6019800000000001 0.0 0.0
7293 10532852 -2.0618490724837804 0.3421819435496396 0.6096 0.0 0.0
7294 10532852 -2.0922858131558684 0.3686142684373207 0.6096 0.0 0.0
7295 10532852 -2.1181742641491192 0.4008029240299692 0.61722 0.0 0.0
7296 10532852 -2.129509526473016 0.41502723012287035 0.61722 0.0 0.0
7297 10532852 -2.1616289701653573 0.46210738749187386 0.61722 0.0 0.0
7298 10532852 -2.18923432220382 0.5148382816422937 0.6248400000000001 0.0 0.0
7299 10532852 -2.2073071639031863 0.542133598190687 0.63246 0.0 0.0
7300 10532852 -2.227177516518738 0.5807666564709025 0.6400800000000001 0.0 0.0
7301 10532852 -2.2378924754238483 0.6091016052788635 0.6400800000000001 0.0 0.0
7302 10532852 -2.2486074343289584 0.6374365540868244 0.6400800000000001 0.0 0.0
7303 10532852 -2.2602423421118427 0.6681173396081718 0.6477 0.0 0.0
7304 10532852 -2.274373320444255 0.7107149994784131 0.65532 0.0 0.0
7305 10532852 -2.287230622297024 0.7447169820181129 0.65532 0.0 0.0
7306 10532852 -2.2910230106031237 0.783347717290075 0.6629400000000001 0.0 0.0
7307 10532852 -2.3011488509247338 0.8189097677229614 0.6629400000000001 0.0 0.0
7308 10532852 -2.310942410766531 0.8541294659603172 0.67056 0.0 0.0
7309 10532852 -2.315135476377165 0.8928914415489367 0.67056 0.0 0.0
7310 10532852 -2.318353373845458 0.9319185786999187 0.6781800000000001 0.0 0.0
7311 10532852 -2.322269838773189 0.9715248695838961 0.6781800000000001 0.0 0.0
7312 10532852 -2.3208249124433333 1.0071567841225726 0.6858000000000001 0.0 0.0
7313 10532852 -2.31929436994586 1.0468502336603063 0.6858000000000001 0.0 0.0
7314 10532852 -2.3186972791146623 1.1005198968696672 0.69342 0.0 0.0
7315 10532852 -2.3180477044185968 1.1194697525650512 0.69723 0.0 0.0
7316 10532852 -2.3173981297225312 1.1384196082604354 0.7010400000000001 0.0 0.0
7317 10532852 -2.314993583556113 1.1973400875504767 0.7010400000000001 0.0 0.0
7318 10532852 -2.3132584846140656 1.2352140309919144 0.7086600000000001 0.0 0.0
7319 10532852 -2.3104022221440834 1.2710852872427445 0.7162800000000001 0.0 0.0
7320 10532852 -2.3089777702210954 1.3080093183582364 0.7162800000000001 0.0 0.0
7321 10532852 -2.302832356604771 1.3512170573218465 0.7162800000000001 0.0 0.0
7322 10532852 -2.2983892713177143 1.390308100958723 0.7239000000000001 0.0 0.0
7323 10532852 -2.2974459018529814 1.4273896057953166 0.7239000000000001 0.0 0.0
7324 10532852 -2.2896187035715085 1.4675932966832912 0.73152 0.0 0.0
7325 10532852 -2.284132116128104 1.4979300926188004 0.73533 0.0 0.0
7326 10532852 -2.2786455286846996 1.5282668885543094 0.73914 0.0 0.0
7327 10532852 -2.2787431699398226 1.5496813945626533 0.73914 0.0 0.0
7328 10532852 -2.2697336041167624 1.5907834754049284 0.74676 0.0 0.0
7329 10532852 -2.2583220624123 1.6446535042419135 0.75438 0.0 0.0
7330 10532852 -2.2520833129855298 1.6800021905171396 0.75438 0.0 0.0
7331 10532852 -2.242382821408479 1.7232150804416275 0.762 0.0 0.0
7332 10532852 -2.2311923985057804 1.7574107352805803 0.76962 0.0 0.0
7333 10532852 -2.2225177825135125 1.7879895830483028 0.76962 0.0 0.0
7334 10532852 -2.2134522339048486 1.827904925396132 0.76962 0.0 0.0
7335 10532852 -2.197362964651788 1.8814126630680046 0.77724 0.0 0.0
7336 10532852 -2.190090029428247 1.9182924559629908 0.78486 0.0 0.0
7337 10532852 -2.1850897764383674 1.936286057270347 0.78486 0.0 0.0
7338 10532852 -2.179621626321384 1.9611372306814085 0.78867 0.0 0.0
7339 10532852 -2.174153476204401 1.9859884040924698 0.7924800000000001 0.0 0.0
7340 10532852 -2.1662565108939953 2.026403032435358 0.7924800000000001 0.0 0.0
7341 10532852 -2.160017350333792 2.06175162965059 0.8001 0.0 0.0
7342 10532852 -2.1548065002888253 2.0912439670720233 0.8001 0.0 0.0
7343 10532852 -2.145858724844535 2.1538658151750467 0.80772 0.0 0.0
7344 10532852 -2.1400784135698707 2.1888972145864996 0.80772 0.0 0.0
7345 10532852 -2.1332975358202235 2.226171771605727 0.80772 0.0 0.0
7346 10532852 -2.127069233769806 2.261757646493542 0.8153400000000001 0.0 0.0
7347 10532852 -2.1201835140556575 2.3001663568142336 0.8153400000000001 0.0 0.0
7348 10532852 -2.1096490336671225 2.3323566500374597 0.82296 0.0 0.0
7349 10532852 -2.1029379414027325 2.3854281668864163 0.8305800000000001 0.0 0.0
7350 10532852 -2.092734001751615 2.4356039578487407 0.8305800000000001 0.0 0.0
7351 10532852 -2.084172394258597 2.475333770178898 0.8382000000000001 0.0 0.0
7352 10532852 -2.081017975867344 2.4931135484483367 0.8382000000000001 0.0 0.0
7353 10532852 -2.077863557476091 2.5108933267177758 0.8382000000000001 0.0 0.0
7354 10532852 -2.069965844967827 2.5513077979419494 0.84582 0.0 0.0
7355 10532852 -2.0646394764027214 2.5892921075469464 0.84582 0.0 0.0
7356 10532852 -2.054778562565156 2.631634709391947 0.8534400000000001 0.0 0.0
7357 10532852 -2.048939667480341 2.6671143939306137 0.86106 0.0 0.0
7358 10532852 -2.0419820228732135 2.707369159583665 0.86106 0.0 0.0
7359 10532852 -2.032322483494532 2.753166201023987 0.8686800000000001 0.0 0.0
7360 10532852 -2.0253838620931104 2.7879354662214726 0.8763000000000001 0.0 0.0
7361 10532852 -2.01914369598299 2.823283853634812 0.8763000000000001 0.0 0.0
7362 10532852 -2.01580681022946 2.8565444093255263 0.88392 0.0 0.0
7363 10532852 -2.008263599618071 2.905370998789033 0.88392 0.0 0.0
7364 10532852 -2.0033588065659194 2.944778651901695 0.8915400000000001 0.0 0.0
7365 10532852 -1.9977132566790583 2.9810227435112098 0.8915400000000001 0.0 0.0
7366 10532852 -1.9912655561943622 3.017004321229305 0.8991600000000001 0.0 0.0
7367 10532852 -1.9824806200835174 3.051987301337468 0.8991600000000001 0.0 0.0
7368 10532852 -1.979360349802861 3.0696614564328133 0.90297 0.0 0.0
7369 10532852 -1.9762400795222044 3.0873356115281587 0.9067800000000001 0.0 0.0
7370 10532852 -1.973545587473159 3.1199885410196804 0.9067800000000001 0.0 0.0
7371 10532852 -1.9637588544685307 3.1580322020156935 0.9144000000000001 0.0 0.0
7372 10532852 -1.9581704190639286 3.2022405477869715 0.9144000000000001 0.0 0.0
7373 10532852 -1.948613708474601 3.2477207963323838 0.9220200000000001 0.0 0.0
7374 10532852 -1.942027486380981 3.284124465487993 0.9296400000000001 0.0 0.0
7375 10532852 -1.9360758292984046 3.3256433544874175 0.9296400000000001 0.0 0.0
7376 10532852 -1.9295211301084112 3.355981356620693 0.9296400000000001 0.0 0.0
7377 10532852 -1.9235886967318538 3.3920147843636044 0.93726 0.0 0.0
7378 10532852 -1.914461372183781 3.4416083657744214 0.9448799999999999 0.0 0.0
7379 10532852 -1.9095042387103283 3.468963847514426 0.9448799999999999 0.0 0.0
7380 10532852 -1.9025584091437135 3.4922215068065197 0.9448799999999999 0.0 0.0
7381 10532852 -1.8956125795770988 3.515479166098613 0.9448799999999999 0.0 0.0
7382 10532852 -1.8870050827520262 3.5542593515828176 0.9525 0.0 0.0
7383 10532852 -1.8825009164615187 3.585385326079688 0.9525 0.0 0.0
7384 10532852 -1.876568182259282 3.6214186903863923 0.9525 0.0 0.0
7385 10532852 -1.864108480261353 3.660573976185276 0.9525 0.0 0.0
7386 10532852 -1.8559780949203588 3.717972057135809 0.96012 0.0 0.0
7387 10532852 -1.8457055989725573 3.7507155594627353 0.96012 0.0 0.0
7388 10532852 -1.8382686957314716 3.7883598896191697 0.96012 0.0 0.0
7389 10532852 -1.8271881972708879 3.82492857395521 0.96012 0.0 0.0
7390 10532852 -1.8193577461201202 3.8651315784470754 0.96012 0.0 0.0
7391 10532852 -1.805126343247024 3.908614580561768 0.96012 0.0 0.0
7392 10532852 -1.7957068599453898 3.9536724641878562 0.96012 0.0 0.0
7393 10532852 -1.7811750409258476 4.014350438247273 0.96012 0.0 0.0
7394 10532852 -1.7682216433271558 4.0539284050371265 0.96012 0.0 0.0
7395 10532852 -1.7602078075395184 4.07841397509905 0.96012 0.0 0.0
7396 10532852 -1.7489297143926394 4.11287319592965 0.96012 0.0 0.0
7397 10532852 -1.7376516212457604 4.14733241676025 0.96012 0.0 0.0
7398 10532852 -1.7281282814858112 4.192706875200756 0.96012 0.0 0.0
7399 10532852 -1.7136204410495146 4.237034201001213 0.96012 0.0 0.0
7400 10532852 -1.7010124358972292 4.275556760542167 0.96012 0.0 0.0
7401 10532852 -1.68615916840556 4.320939505016493 0.96012 0.0 0.0
7402 10532852 -1.6740692985978372 4.357878950666687 0.96774 0.0 0.0
7403 10532852 -1.653516518034923 4.420676013362864 0.96774 0.0 0.0
7404 10532852 -1.652251818774903 4.420722030386599 0.9676649630723781 0.0 0.0
7405 10532852 -1.650987119514883 4.420768047410334 0.9675899261447564 0.0 0.0
7406 10532852 -1.649722420254863 4.420814064434069 0.9675148892171345 0.0 0.0
7407 10532852 -1.6484577209948432 4.420860081457803 0.9674398522895126 0.0 0.0
7408 10532852 -1.6471930217348232 4.420906098481538 0.9673648153618908 0.0 0.0
7409 10532852 -1.6459283224748031 4.420952115505274 0.9672897784342689 0.0 0.0
7410 10532852 -1.6446636232147833 4.420998132529008 0.967214741506647 0.0 0.0
7411 10532852 -1.6433989239547633 4.421044149552743 0.9671397045790252 0.0 0.0
7412 10532852 -1.6421342246947435 4.421090166576478 0.9670646676514033 0.0 0.0
7413 10532852 -1.6408695254347234 4.421136183600213 0.9669896307237814 0.0 0.0
7414 10532852 -1.6396048261747036 4.421182200623948 0.9669145937961596 0.0 0.0
7415 10532852 -1.6383401269146836 4.421228217647683 0.9668395568685377 0.0 0.0
7416 10532852 -1.6370754276546635 4.421274234671418 0.9667645199409158 0.0 0.0
7417 10532852 -1.6358107283946437 4.421320251695152 0.9666894830132939 0.0 0.0
7418 10532852 -1.6345460291346237 4.421366268718887 0.9666144460856722 0.0 0.0
7419 10532852 -1.6332813298746038 4.421412285742623 0.9665394091580503 0.0 0.0
7420 10532852 -1.6320166306145838 4.421458302766357 0.9664643722304284 0.0 0.0
7421 10532852 -1.6307519313545638 4.421504319790092 0.9663893353028066 0.0 0.0
7422 10532852 -1.629487232094544 4.421550336813827 0.9663142983751847 0.0 0.0
7423 10532852 -1.628222532834524 4.421596353837562 0.9662392614475628 0.0 0.0
7424 10532852 -1.626957833574504 4.421642370861297 0.966164224519941 0.0 0.0
7425 10532852 -1.625693134314484 4.421688387885032 0.9660891875923191 0.0 0.0
7426 10532852 -1.624428435054464 4.421734404908767 0.9660141506646972 0.0 0.0
7427 10532852 -1.6231637357944442 4.421780421932501 0.9659391137370754 0.0 0.0
7428 10532852 -1.6218990365344241 4.421826438956236 0.9658640768094535 0.0 0.0
7429 10532852 -1.6206343372744043 4.421872455979972 0.9657890398818316 0.0 0.0
7430 10532852 -1.6193696380143843 4.421918473003706 0.9657140029542098 0.0 0.0
7431 10532852 -1.6181049387543645 4.421964490027441 0.9656389660265879 0.0 0.0
7432 10532852 -1.6168402394943444 4.422010507051176 0.965563929098966 0.0 0.0
7433 10532852 -1.6155755402343244 4.422056524074911 0.9654888921713443 0.0 0.0
7434 10532852 -1.6143108409743046 4.422102541098646 0.9654138552437224 0.0 0.0
7435 10532852 -1.6130461417142845 4.422148558122381 0.9653388183161005 0.0 0.0
7436 10532852 -1.6117814424542647 4.422194575146116 0.9652637813884787 0.0 0.0
7437 10532852 -1.6105167431942446 4.42224059216985 0.9651887444608568 0.0 0.0
7438 10532852 -1.6092520439342246 4.422286609193585 0.9651137075332349 0.0 0.0
7439 10532852 -1.6079873446742048 4.422332626217321 0.965038670605613 0.0 0.0
7440 10532852 -1.6067226454141847 4.422378643241055 0.9649636336779912 0.0 0.0
7441 10532852 -1.605457946154165 4.42242466026479 0.9648885967503693 0.0 0.0
7442 10532852 -1.6041932468941449 4.422470677288525 0.9648135598227474 0.0 0.0
7443 10532852 -1.602928547634125 4.42251669431226 0.9647385228951256 0.0 0.0
7444 10532852 -1.601663848374105 4.422562711335995 0.9646634859675037 0.0 0.0
7445 10532852 -1.600399149114085 4.422608728359729 0.9645884490398818 0.0 0.0
7446 10532852 -1.5991344498540652 4.422654745383465 0.96451341211226 0.0 0.0
7447 10532852 -1.5978697505940451 4.4227007624071994 0.9644383751846382 0.0 0.0
7448 10532852 -1.5966050513340253 4.422746779430934 0.9643633382570163 0.0 0.0
7449 10532852 -1.5953403520740053 4.42279279645467 0.9642883013293945 0.0 0.0
7450 10532852 -1.5940756528139852 4.422838813478404 0.9642132644017726 0.0 0.0
7451 10532852 -1.5928109535539654 4.422884830502139 0.9641382274741507 0.0 0.0
7452 10532852 -1.5915462542939454 4.422930847525874 0.9640631905465289 0.0 0.0
7453 10532852 -1.5902815550339255 4.422976864549609 0.963988153618907 0.0 0.0
7454 10532852 -1.5890168557739055 4.423022881573344 0.9639131166912851 0.0 0.0
7455 10532852 -1.5877521565138855 4.423068898597078 0.9638380797636633 0.0 0.0
7456 10532852 -1.5864874572538656 4.423114915620814 0.9637630428360414 0.0 0.0
7457 10532852 -1.5852227579938456 4.4231609326445485 0.9636880059084195 0.0 0.0
7458 10532852 -1.5839580587338258 4.423206949668283 0.9636129689807977 0.0 0.0
7459 10532852 -1.5826933594738057 4.423252966692019 0.9635379320531758 0.0 0.0
7460 10532852 -1.581428660213786 4.423298983715753 0.9634628951255539 0.0 0.0
7461 10532852 -1.5801639609537659 4.423345000739488 0.963387858197932 0.0 0.0
7462 10532852 -1.5788992616937458 4.423391017763223 0.9633128212703103 0.0 0.0
7463 10532852 -1.577634562433726 4.423437034786958 0.9632377843426884 0.0 0.0
