7490 11289096 1.3127690184998313 3.6832048806818367 0.6096 0.0 0.0
7491 11289096 1.3073521663722762 3.6503349090922033 0.6096 0.0 0.0
7492 11289096 1.2956706059880154 3.6059016528451555 0.59436 0.0 0.0
7493 11289096 1.2839890456037546 3.5614683965981078 0.57912 0.0 0.0
7494 11289096 1.2708172836611569 3.516821205908426 0.57912 0.0 0.0
7495 11289096 1.258901997611853 3.4681416083771133 0.57912 0.0 0.0
7496 11289096 1.2465985116390206 3.410125598123756 0.57912 0.0 0.0
7497 11289096 1.2309275255340495 3.3648932723263982 0.57912 0.0 0.0
7498 11289096 1.2238035455893008 3.343096044727992 0.57912 0.0 0.0
7499 11289096 1.2166795656445522 3.3212988171295854 0.57912 0.0 0.0
7500 11289096 1.1985073519630765 3.262981113421897 0.57912 0.0 0.0
7501 11289096 1.1919526037183616 3.2429255551343865 0.57912 0.0 0.0
7502 11289096 1.170934306815533 3.1813321370529115 0.57912 0.0 0.0
7503 11289096 1.1514383350241115 3.1393360735551963 0.57912 0.0 0.0
7504 11289096 1.1452285585858966 3.120336080183169 0.57912 0.0 0.0
7505 11289096 1.102971979506758 3.0385792761054056 0.57912 0.0 0.0
7506 11289096 1.0812807578674102 2.9966581579483225 0.57912 0.0 0.0
7507 11289096 1.0595895362280623 2.9547370397912394 0.57912 0.0 0.0
7508 11289096 1.0498305841289337 2.934385185427761 0.57912 0.0 0.0
7509 11289096 1.0400716320298053 2.914033331064282 0.57912 0.0 0.0
7510 11289096 1.0225632486867804 2.8767619279578858 0.57912 0.0 0.0
7511 11289096 0.9999100744356663 2.8414057048864465 0.57912 0.0 0.0
7512 11289096 0.9825352378951657 2.8221994757899393 0.57912 0.0 0.0
7513 11289096 0.9534174836173709 2.7657067984007906 0.54864 0.0 0.0
7514 11289096 0.9310960539193237 2.7300085401107763 0.54864 0.0 0.0
7515 11289096 0.9079033926603622 2.694361393917487 0.54864 0.0 0.0
7516 11289096 0.8967080869786237 2.676406755210226 0.54864 0.0 0.0
7517 11289096 0.8669257083345576 2.620598702268895 0.54864 0.0 0.0
7518 11289096 0.846130540039696 2.5868551092262293 0.54864 0.0 0.0
7519 11289096 0.8163737347724169 2.533842690994805 0.54864 0.0 0.0
7520 11289096 0.8064375181931172 2.514308237839609 0.54864 0.0 0.0
7521 11289096 0.7870152573659607 2.478246645795191 0.54864 0.0 0.0
7522 11289096 0.7566888160860702 2.428925406984773 0.54864 0.0 0.0
7523 11289096 0.7328811811610462 2.397918999710857 0.54864 0.0 0.0
7524 11289096 0.7183603865657766 2.3738662490486284 0.54864 0.0 0.0
7525 11289096 0.703839591970507 2.3498134983863994 0.54864 0.0 0.0
7526 11289096 0.6764866297217736 2.3161105252446696 0.54864 0.0 0.0
7527 11289096 0.6615404276005288 2.296461204531173 0.54864 0.0 0.0
7528 11289096 0.6186111894987671 2.254764458454715 0.54864 0.0 0.0
7529 11289096 0.6090368207707649 2.2417712021181617 0.54864 0.0 0.0
7530 11289096 0.5668144644850879 2.196805903753695 0.54864 0.0 0.0
7531 11289096 0.5298448173433922 2.1651950700489677 0.54864 0.0 0.0
7532 11289096 0.5041246287174227 2.137033906547821 0.54864 0.0 0.0
7533 11289096 0.4737429483775869 2.1130836629833194 0.54864 0.0 0.0
7534 11289096 0.4380018725598589 2.083875438863218 0.54864 0.0 0.0
7535 11289096 0.39284969972681283 2.0448920970728275 0.54864 0.0 0.0
7536 11289096 0.3569399416094562 2.0192441951721802 0.54864 0.0 0.0
7537 11289096 0.33005054252216903 2.000140381433744 0.54864 0.0 0.0
7538 11289096 0.30316114343488193 1.9810365676953086 0.54864 0.0 0.0
7539 11289096 0.2444132868228277 1.9384950461212649 0.54864 0.0 0.0
7540 11289096 0.22783821559141876 1.9298935570686209 0.54864 0.0 0.0
7541 11289096 0.2112631443600098 1.9212920680159769 0.54864 0.0 0.0
7542 11289096 0.15562251935014637 1.8852709440884103 0.54864 0.0 0.0
7543 11289096 0.13374377351371836 1.8702250855360754 0.54864 0.0 0.0
7544 11289096 0.0732088878234336 1.8358043552768424 0.54864 0.0 0.0
7545 11289096 0.0404183426284086 1.8126426181719322 0.54864 0.0 0.0
7546 11289096 0.003481975360821954 1.793640374950353 0.54864 0.0 0.0
7547 11289096 -0.05192559673802444 1.7626847105202752 0.54864 0.0 0.0
7548 11289096 -0.09576347387240214 1.7443034863072417 0.54864 0.0 0.0
7549 11289096 -0.12946914700694112 1.7237780937394132 0.54864 0.0 0.0
7550 11289096 -0.15888997272891991 1.7111986715565242 0.54864 0.0 0.0
7551 11289096 -0.1883107984508987 1.698619249373635 0.54864 0.0 0.0
7552 11289096 -0.21867477688095982 1.6834274519810821 0.54864 0.0 0.0
7553 11289096 -0.2645612834967659 1.669104959617331 0.54864 0.0 0.0
7554 11289096 -0.2998014040246433 1.6509511494387064 0.54864 0.0 0.0
7555 11289096 -0.3421323743856788 1.6382705158885915 0.54864 0.0 0.0
7556 11289096 -0.38335065713856986 1.6262777654897123 0.54864 0.0 0.0
7557 11289096 -0.41650360632869665 1.6090775841002716 0.54864 0.0 0.0
7558 11289096 -0.45956832603643516 1.596871057220665 0.54864 0.0 0.0
7559 11289096 -0.4941013786254145 1.5863147025586353 0.54864 0.0 0.0
7560 11289096 -0.538261643632225 1.5789065450565112 0.54864 0.0 0.0
7561 11289096 -0.594897111664977 1.560506164734215 0.54864 0.0 0.0
7562 11289096 -0.6087085558908105 1.5590055264473222 0.54864 0.0 0.0
7563 11289096 -0.622520000116644 1.5575048881604292 0.54864 0.0 0.0
7564 11289096 -0.6625481275728899 1.5545879378369458 0.54864 0.0 0.0
7565 11289096 -0.7134638453861954 1.5455341850250883 0.54864 0.0 0.0
7566 11289096 -0.7526208977894862 1.5425664815363407 0.54864 0.0 0.0
7567 11289096 -0.788542820026443 1.541345070356927 0.54864 0.0 0.0
7568 11289096 -0.830297245520937 1.533151616044563 0.54864 0.0 0.0
7569 11289096 -0.8695319304758182 1.5326634475110044 0.54864 0.0 0.0
7570 11289096 -0.9200852891310629 1.5301521812020953 0.54864 0.0 0.0
7571 11289096 -0.9592344837533315 1.5244956208199236 0.54864 0.0 0.0
7572 11289096 -0.9996859178736168 1.5230039770908335 0.54864 0.0 0.0
7573 11289096 -1.0213304672883208 1.524708534425285 0.54864 0.0 0.0
7574 11289096 -1.0742661962503575 1.5149155587610614 0.54864 0.0 0.0
7575 11289096 -1.1134303444315774 1.5162749366562094 0.54864 0.0 0.0
7576 11289096 -1.1521068942926636 1.513151986531734 0.54864 0.0 0.0
7577 11289096 -1.1806000476568779 1.511839288146852 0.54864 0.0 0.0
7578 11289096 -1.237117278767102 1.5084765660100798 0.54864 0.0 0.0
7579 11289096 -1.2695252347548036 1.5030700728588722 0.54864 0.0 0.0
7580 11289096 -1.29136237979774 1.502151096458127 0.54864 0.0 0.0
7581 11289096 -1.3131995248406765 1.501232120057382 0.54864 0.0 0.0
7582 11289096 -1.349911553453061 1.5016737386472945 0.54864 0.0 0.0
7583 11289096 -1.385287128302649 1.4980563131564655 0.54864 0.0 0.0
7584 11289096 -1.4366887268312947 1.4921452956521102 0.5334000000000001 0.0 0.0
7585 11289096 -1.4620417748504473 1.4876740797748003 0.5257800000000001 0.0 0.0
7586 11289096 -1.4873948228696 1.4832028638974901 0.5181600000000001 0.0 0.0
7587 11289096 -1.5442856996624135 1.475174018323646 0.5181600000000001 0.0 0.0
7588 11289096 -1.5593663229333437 1.472512791739288 0.5181600000000001 0.0 0.0
7589 11289096 -1.5845860400881404 1.4670927692657754 0.5181600000000001 0.0 0.0
7590 11289096 -1.6255748947264963 1.4497146295149201 0.5181600000000001 0.0 0.0
7591 11289096 -1.6665637493648524 1.432336489764065 0.5181600000000001 0.0 0.0
7592 11289096 -1.7075526040032085 1.4149583500132097 0.5181600000000001 0.0 0.0
7593 11289096 -1.7485414586415644 1.3975802102623545 0.5181600000000001 0.0 0.0
7594 11289096 -1.7696609312536145 1.3889497620250295 0.5181600000000001 0.0 0.0
7595 11289096 -1.7986700430841371 1.3644396230608167 0.5181600000000001 0.0 0.0
7596 11289096 -1.82767915491466 1.3399294840966036 0.5181600000000001 0.0 0.0
7597 11289096 -1.8566882667451827 1.3154193451323908 0.5181600000000001 0.0 0.0
7598 11289096 -1.8716174227238722 1.296935347598508 0.5181600000000001 0.0 0.0
7599 11289096 -1.9048525334563509 1.2645774642885985 0.5181600000000001 0.0 0.0
7600 11289096 -1.935622240812722 1.223467738520657 0.5181600000000001 0.0 0.0
7601 11289096 -1.9567702985240907 1.1927637409062497 0.5181600000000001 0.0 0.0
7602 11289096 -1.9771029083813565 1.1631950694403534 0.5181600000000001 0.0 0.0
7603 11289096 -1.9933123990309076 1.1299405455379796 0.5181600000000001 0.0 0.0
7604 11289096 -2.010903230651146 1.0924642826631548 0.5181600000000001 0.0 0.0
7605 11289096 -2.028597711056322 1.0546714111414626 0.48768 0.0 0.0
7606 11289096 -2.0397862237065514 1.0204751675018073 0.48768 0.0 0.0
7607 11289096 -2.0519761765159785 0.9832181511395693 0.48768 0.0 0.0
7608 11289096 -2.0703474352898183 0.9270687709809509 0.48768 0.0 0.0
7609 11289096 -2.0800370377710715 0.8811652407252689 0.48768 0.0 0.0
7610 11289096 -2.088138092042416 0.840116719998671 0.48768 0.0 0.0
7611 11289096 -2.1009150388698057 0.8010654502570197 0.48768 0.0 0.0
7612 11289096 -2.1038565826285645 0.7594972592025929 0.48768 0.0 0.0
7613 11289096 -2.112950781180463 0.7126978977329957 0.45720000000000005 0.0 0.0
7614 11289096 -2.116007902598578 0.6886938856254224 0.45720000000000005 0.0 0.0
7615 11289096 -2.120076489803015 0.6257618320108016 0.45720000000000005 0.0 0.0
7616 11289096 -2.123363048539929 0.6062144841972967 0.45720000000000005 0.0 0.0
7617 11289096 -2.1266496072768426 0.5866671363837919 0.45720000000000005 0.0 0.0
7618 11289096 -2.1356763348596823 0.5292131118072363 0.45720000000000005 0.0 0.0
7619 11289096 -2.1403764406066905 0.4931277348169003 0.45720000000000005 0.0 0.0
7620 11289096 -2.1412258916131846 0.4457341251201108 0.45720000000000005 0.0 0.0
7621 11289096 -2.141193719035692 0.40646471890357283 0.45720000000000005 0.0 0.0
7622 11289096 -2.145241051283981 0.3506532305312764 0.45720000000000005 0.0 0.0
7623 11289096 -2.1453253556961975 0.3096693564592875 0.45720000000000005 0.0 0.0
7624 11289096 -2.136132173074812 0.2688049641988761 0.45720000000000005 0.0 0.0
7625 11289096 -2.124663736626558 0.23163624168277572 0.42672000000000004 0.0 0.0
7626 11289096 -2.117358131795047 0.21323887470642197 0.42672000000000004 0.0 0.0
7627 11289096 -2.1100525269635364 0.19484150773006823 0.42672000000000004 0.0 0.0
7628 11289096 -2.0830051128945186 0.14311210921245363 0.42672000000000004 0.0 0.0
7629 11289096 -2.0610630580881297 0.10835931676623531 0.42672000000000004 0.0 0.0
7630 11289096 -2.0398409965908924 0.07547797850215607 0.42672000000000004 0.0 0.0
7631 11289096 -2.0104792250265 0.05009910938396864 0.42672000000000004 0.0 0.0
7632 11289096 -1.976314802018256 0.022565127404732016 0.42672000000000004 0.0 0.0
7633 11289096 -1.9401028433522083 0.0002035958749557476 0.42672000000000004 0.0 0.0
7634 11289096 -1.9070909649246797 -0.012932090179248817 0.42672000000000004 0.0 0.0
7635 11289096 -1.8731170312531271 -0.027200177122257002 0.39624000000000004 0.0 0.0
7636 11289096 -1.8316615730237837 -0.037605994247806446 0.39624000000000004 0.0 0.0
7637 11289096 -1.7949637534545746 -0.03675765669924638 0.39624000000000004 0.0 0.0
7638 11289096 -1.7650223735500268 -0.0375548341426766 0.39624000000000004 0.0 0.0
7639 11289096 -1.7083839895074224 -0.038204477310883306 0.39624000000000004 0.0 0.0
7640 11289096 -1.6747664439971623 -0.0331934048398588 0.39624000000000004 0.0 0.0
7641 11289096 -1.649540513301866 -0.03075358857868174 0.39624000000000004 0.0 0.0
7642 11289096 -1.6243145826065695 -0.028313772317504676 0.39624000000000004 0.0 0.0
7643 11289096 -1.5872869397001643 -0.019393665383813624 0.39624000000000004 0.0 0.0
7644 11289096 -1.5588229160931395 -0.01818796427007799 0.39624000000000004 0.0 0.0
7645 11289096 -1.519416040288674 -0.014485593297097338 0.39624000000000004 0.0 0.0
7646 11289096 -1.4777400206020677 -0.011992527522341395 0.39624000000000004 0.0 0.0
7647 11289096 -1.4511898952014965 -0.00957630341230467 0.39624000000000004 0.0 0.0
7648 11289096 -1.4112224600455952 -0.0068746109034454606 0.39624000000000004 0.0 0.0
7649 11289096 -1.3661643317766787 -0.004902895585325889 0.39624000000000004 0.0 0.0
7650 11289096 -1.3465474027659619 -0.0033150491132981907 0.39624000000000004 0.0 0.0
7651 11289096 -1.326930473755245 -0.0017272026412704922 0.39624000000000004 0.0 0.0
7652 11289096 -1.2891419819867986 0.0011034987928178752 0.36576 0.0 0.0
7653 11289096 -1.2338766408045385 0.004411359619617666 0.36576 0.0 0.0
7654 11289096 -1.191586133063234 0.0030830111041527386 0.36576 0.0 0.0
7655 11289096 -1.1589172355849484 0.0013961905062565838 0.36576 0.0 0.0
7656 11289096 -1.1254303285839948 0.003297611262003647 0.36576 0.0 0.0
7657 11289096 -1.0916242524062112 0.003459096494707853 0.36576 0.0 0.0
7658 11289096 -1.0596042683116964 0.0063078244844402 0.36576 0.0 0.0
7659 11289096 -1.0170750257504626 0.003266664646675549 0.36576 0.0 0.0
7660 11289096 -0.9929975790075739 0.004915692511054864 0.36576 0.0 0.0
7661 11289096 -0.9689201322646852 0.00656472037543418 0.36576 0.0 0.0
7662 11289096 -0.9298164710393333 0.006630364304540309 0.36576 0.0 0.0
7663 11289096 -0.8974688348743844 0.005049700562060305 0.33528 0.0 0.0
7664 11289096 -0.8593057576647858 0.004955909168555622 0.33528 0.0 0.0
7665 11289096 -0.8188476332914618 0.006448600185647552 0.33528 0.0 0.0
7666 11289096 -0.7626084995730413 0.010025507818391649 0.33528 0.0 0.0
7667 11289096 -0.7230478256249535 0.008774418272870593 0.33528 0.0 0.0
7668 11289096 -0.6865156816248674 0.006410685485077033 0.33528 0.0 0.0
7669 11289096 -0.6462046228013929 0.010172187644392677 0.33528 0.0 0.0
7670 11289096 -0.614107594185529 0.010543989147455884 0.3048 0.0 0.0
7671 11289096 -0.5716824581195268 0.007188847022342543 0.3048 0.0 0.0
7672 11289096 -0.529939292904817 0.009898567913616457 0.3048 0.0 0.0
7673 11289096 -0.4883687539343087 0.01208077230280677 0.3048 0.0 0.0
7674 11289096 -0.45638586630974176 0.013191532026351344 0.3048 0.0 0.0
7675 11289096 -0.42347623185782224 0.012246965638263857 0.3048 0.0 0.0
7676 11289096 -0.3733984631990932 0.013284346975408007 0.3048 0.0 0.0
7677 11289096 -0.33693573677685773 0.01071131023865765 0.3048 0.0 0.0
7678 11289096 -0.3168744369006845 0.010403926377515416 0.3048 0.0 0.0
7679 11289096 -0.2968131370245113 0.01009654251637318 0.3048 0.0 0.0
7680 11289096 -0.2624143425652008 0.0077312193975744015 0.3048 0.0 0.0
7681 11289096 -0.22582255766138037 0.008270996976373318 0.3048 0.0 0.0
7682 11289096 -0.19238675269911698 0.006220775208872126 0.3048 0.0 0.0
7683 11289096 -0.14866147354134274 0.007934101641031949 0.3048 0.0 0.0
7684 11289096 -0.09855363492037816 0.004991156887518694 0.3048 0.0 0.0
7685 11289096 -0.06208728501257088 0.006507353361123541 0.3048 0.0 0.0
7686 11289096 -0.03238936799152736 0.004978605017223664 0.27432 0.0 0.0
7687 11289096 0.0033006029342733667 0.004120256303054973 0.27432 0.0 0.0
7688 11289096 0.038990573860074096 0.0032619075888862814 0.27432 0.0 0.0
7689 11289096 0.0829418722515699 0.001865061839081028 0.27432 0.0 0.0
7690 11289096 0.11764335091076661 0.004776729083717651 0.27432 0.0 0.0
7691 11289096 0.13412711131879113 0.004938782471097913 0.27432 0.0 0.0
7692 11289096 0.15061087172681564 0.0051008358584781754 0.27432 0.0 0.0
7693 11289096 0.17023087591488806 0.0053478245480399755 0.27432 0.0 0.0
7694 11289096 0.21070523516405015 0.0014663286449925483 0.27432 0.0 0.0
7695 11289096 0.23914525438350828 0.0023027732040777904 0.27432 0.0 0.0
7696 11289096 0.2675852736029664 0.0031392177631630325 0.27432 0.0 0.0
7697 11289096 0.2960252928224245 0.0039756623222482745 0.27432 0.0 0.0
7698 11289096 0.3244653120418826 0.004812106881333517 0.27432 0.0 0.0
7699 11289096 0.3529053312613407 0.005648551440418759 0.27432 0.0 0.0
7700 11289096 0.3813453504807989 0.006484995999504001 0.27432 0.0 0.0
7701 11289096 0.409785369700257 0.007321440558589243 0.27432 0.0 0.0
7702 11289096 0.4307176966704087 0.007169632752714266 0.27432 0.0 0.0
7703 11289096 0.4516500236405605 0.00701782494683929 0.27432 0.0 0.0
7704 11289096 0.47258235061071224 0.0068660171409643134 0.27432 0.0 0.0
7705 11289096 0.493514677580864 0.006714209335089337 0.27432 0.0 0.0
7706 11289096 0.5144470045510158 0.0065624015292143605 0.27432 0.0 0.0
7707 11289096 0.5353793315211675 0.006410593723339384 0.27432 0.0 0.0
7708 11289096 0.5563116584913192 0.006258785917464408 0.27432 0.0 0.0
7709 11289096 0.577243985461471 0.006106978111589431 0.27432 0.0 0.0
7710 11289096 0.5924625334769743 0.005456762759228732 0.27432 0.0 0.0
7711 11289096 0.6076810814924776 0.004806547406868034 0.27432 0.0 0.0
7712 11289096 0.622899629507981 0.004156332054507335 0.27432 0.0 0.0
7713 11289096 0.6381181775234842 0.003506116702146636 0.27432 0.0 0.0
7714 11289096 0.6466611019566764 0.0038300685763239853 0.27432 0.0 0.0
7715 11289096 0.6552040263898686 0.004154020450501335 0.27432 0.0 0.0
7716 11289096 0.6637469508230608 0.0044779723246786834 0.27432 0.0 0.0
7717 11289096 0.6777495029381404 0.006561762675565561 0.27432 0.0 0.0
7718 11289096 0.6909932402816238 0.006323315375165117 0.27432 0.0 0.0
7719 11289096 0.701023701852733 0.003045866312280099 0.27432 0.0 0.0
7720 11289096 0.7042116302821094 0.0032893163339967335 0.27432 0.0 0.0
7721 11289096 0.7174208695960818 0.00294536095228351 0.27432 0.0 0.0
7722 11289096 0.7211824668254585 0.0035855099718146155 0.27432 0.0 0.0
7723 11289096 0.7269966097807576 0.004255966513811167 0.27432 0.0 0.0
7724 11289096 0.7328107527360567 0.004926423055807719 0.27432 0.0 0.0
7725 11289096 0.7379463494958043 0.003248397857861407 0.27432 0.0 0.0
7726 11289096 0.7444165036375958 0.006742024098340585 0.27432 0.0 0.0
7727 11289096 0.7503847937573216 0.006661167698771599 0.27432 0.0 0.0
7728 11289096 0.7563530838770474 0.0065803112992026125 0.27432 0.0 0.0
7729 11289096 0.7612148562626547 0.006510524518295133 0.27432 0.0 0.0
7730 11289096 0.7679011014808843 0.007947500431758014 0.27432 0.0 0.0
7731 11289096 0.7724651223540115 0.008325488726952768 0.27432 0.0 0.0
7732 11289096 0.7790042312653371 0.012030261454892804 0.27432 0.0 0.0
7733 11289096 0.7806689117266326 0.014407022320663862 0.27432 0.0 0.0
7734 11289096 0.787035563777282 0.017584012523894937 0.27432 0.0 0.0
7735 11289096 0.7878460717900326 0.020064623561883536 0.27432 0.0 0.0
7736 11289096 0.7886565798027833 0.022545234599872135 0.27432 0.0 0.0
7737 11289096 0.7836948422623348 0.02638613429083464 0.27432 0.0 0.0
7738 11289096 0.7918641221888216 0.03236212095159029 0.27432 0.0 0.0
7739 11289096 0.7869368822797771 0.036308576006427826 0.27432 0.0 0.0
7740 11289096 0.7893603350801166 0.04100761160165885 0.27432 0.0 0.0
7741 11289096 0.7901620409259829 0.04436730139808587 0.27432 0.0 0.0
7742 11289096 0.7909637467718491 0.04772699119451289 0.27432 0.0 0.0
7743 11289096 0.7917654526177154 0.05108668099093991 0.27432 0.0 0.0
7744 11289096 0.7909791814460481 0.05683445679492498 0.27432 0.0 0.0
7745 11289096 0.7901929102743809 0.06258223259891005 0.27432 0.0 0.0
7746 11289096 0.7909861770881961 0.06501006366910297 0.27432 0.0 0.0
7747 11289096 0.7917794439020114 0.0674378947392959 0.27432 0.0 0.0
7748 11289096 0.7916552493611129 0.0696908878567726 0.27432 0.0 0.0
7749 11289096 0.7915310548202144 0.07194388097424931 0.27432 0.0 0.0
7750 11289096 0.7914068602793157 0.07419687409172601 0.27432 0.0 0.0
7751 11289096 0.7912826657384172 0.07644986720920272 0.27432 0.0 0.0
7752 11289096 0.7911584711975187 0.07870286032667942 0.27432 0.0 0.0
7753 11289096 0.7910342766566202 0.08095585344415612 0.27432 0.0 0.0
7754 11289096 0.7909100821157216 0.08320884656163283 0.27432 0.0 0.0
7755 11289096 0.790785887574823 0.08546183967910953 0.27432 0.0 0.0
7756 11289096 0.7906616930339245 0.08771483279658623 0.27432 0.0 0.0
7757 11289096 0.790537498493026 0.08996782591406294 0.27432 0.0 0.0
7758 11289096 0.7904133039521275 0.09222081903153966 0.27432 0.0 0.0
7759 11289096 0.7902891094112289 0.09447381214901636 0.27432 0.0 0.0
7760 11289096 0.7901649148703304 0.09672680526649306 0.27432 0.0 0.0
7761 11289096 0.7900407203294318 0.09897979838396977 0.27432 0.0 0.0
7762 11289096 0.7899165257885333 0.10123279150144647 0.27432 0.0 0.0
7763 11289096 0.7897923312476347 0.10348578461892317 0.27432 0.0 0.0
7764 11289096 0.7896681367067362 0.10573877773639988 0.27432 0.0 0.0
7765 11289096 0.7895439421658377 0.10799177085387658 0.27432 0.0 0.0
7766 11289096 0.7894197476249392 0.11024476397135329 0.27432 0.0 0.0
7767 11289096 0.7892955530840406 0.11249775708882999 0.27432 0.0 0.0
7768 11289096 0.789171358543142 0.1147507502063067 0.27432 0.0 0.0
7769 11289096 0.7890471640022435 0.11700374332378341 0.27432 0.0 0.0
7770 11289096 0.788922969461345 0.11925673644126011 0.27432 0.0 0.0
7771 11289096 0.7887987749204465 0.12150972955873682 0.27432 0.0 0.0
7772 11289096 0.788674580379548 0.12376272267621352 0.27432 0.0 0.0
7773 11289096 0.7885503858386493 0.12601571579369023 0.27432 0.0 0.0
7774 11289096 0.7884261912977508 0.12826870891116693 0.27432 0.0 0.0
7775 11289096 0.7883019967568523 0.13052170202864363 0.27432 0.0 0.0
7776 11289096 0.7881778022159538 0.13277469514612034 0.27432 0.0 0.0
7777 11289096 0.7880536076750552 0.13502768826359704 0.27432 0.0 0.0
7778 11289096 0.7879294131341567 0.13728068138107374 0.27432 0.0 0.0
7779 11289096 0.7878052185932581 0.13953367449855045 0.27432 0.0 0.0
7780 11289096 0.7888835619723342 0.14011595121311748 0.27432 0.0 0.0
7781 11289096 0.7878075704213535 0.14225887450027955 0.27432 0.0 0.0
7782 11289096 0.7867315788703728 0.14440179778744158 0.27432 0.0 0.0
7783 11289096 0.7856555873193921 0.14654472107460365 0.27432 0.0 0.0
7784 11289096 0.784579598345413 0.14868764474877483 0.27432 0.0 0.0
7785 11289096 0.7835036093714339 0.150830568422946 0.27432 0.0 0.0
7786 11289096 0.7824276203974548 0.1529734920971172 0.27432 0.0 0.0
7787 11289096 0.7776131008043523 0.15454661018813348 0.27432 0.0 0.0
7788 11289096 0.7725043835297126 0.16065529741284432 0.27432 0.0 0.0
7789 11289096 0.7695016507132926 0.16233739287096227 0.27432 0.0 0.0
7790 11289096 0.7672886597121175 0.16235951617899735 0.27432 0.0 0.0
7791 11289096 0.762273542429714 0.163998193501055 0.27432 0.0 0.0
7792 11289096 0.7572584251473105 0.16563687082311263 0.27432 0.0 0.0
7793 11289096 0.7548511696805732 0.1664234384762061 0.27432 0.0 0.0
7794 11289096 0.7524439142138359 0.1672100061292996 0.27432 0.0 0.0
7795 11289096 0.7497621534756931 0.1687872342184812 0.27432 0.0 0.0
7796 11289096 0.7398121698544533 0.17203839474259525 0.27432 0.0 0.0
7797 11289096 0.7360978167157184 0.17290158337858885 0.27432 0.0 0.0
7798 11289096 0.7323834635769834 0.17376477201458249 0.27432 0.0 0.0
7799 11289096 0.7264688058632256 0.17604788622925538 0.27432 0.0 0.0
7800 11289096 0.7203454161816311 0.1756537625308432 0.27432 0.0 0.0
7801 11289096 0.7142220265000365 0.17525963883243098 0.27432 0.0 0.0
7802 11289096 0.7107364252767085 0.1754639559935789 0.27432 0.0 0.0
7803 11289096 0.7041918103164256 0.17853706909163528 0.27432 0.0 0.0
7804 11289096 0.6973894851133489 0.17538570214420912 0.27432 0.0 0.0
7805 11289096 0.6925749813862164 0.17695888004420507 0.27432 0.0 0.0
7806 11289096 0.687760477659084 0.178532057944201 0.27432 0.0 0.0
7807 11289096 0.6845599143106584 0.17689083284559798 0.27432 0.0 0.0
7808 11289096 0.6813593509622329 0.17524960774699494 0.27432 0.0 0.0
7809 11289096 0.6823672844167653 0.17398563374648526 0.27432 0.0 0.0
7810 11289096 0.6790748595649139 0.17219918499252407 0.27432 0.0 0.0
7811 11289096 0.6757824347130623 0.17041273623856285 0.27432 0.0 0.0
7812 11289096 0.6745942587272811 0.16881491231593265 0.27432 0.0 0.0
7813 11289096 0.6734060827414998 0.16721708839330246 0.27432 0.0 0.0
7814 11289096 0.6737836992576265 0.16633431763773496 0.27432 0.0 0.0
7815 11289096 0.674161315773753 0.16545154688216746 0.27432 0.0 0.0
7816 11289096 0.6718194548733768 0.1623614565562358 0.27432 0.0 0.0
7817 11289096 0.6726091806320835 0.16070147200572021 0.27432 0.0 0.0
7818 11289096 0.6701983351089792 0.15740026754716996 0.27432 0.0 0.0
7819 11289096 0.6706276903056314 0.15667583235648758 0.27432 0.0 0.0
7820 11289096 0.6710570455022837 0.1559513971658052 0.27432 0.0 0.0
7821 11289096 0.6686461991764203 0.15265019300098215 0.27432 0.0 0.0
7822 11289096 0.6670940632563394 0.14790011849309279 0.27432 0.0 0.0
7823 11289096 0.6677458239341156 0.1458179042978404 0.27432 0.0 0.0
7824 11289096 0.6625300891203835 0.14752220068536226 0.27432 0.0 0.0
7825 11289096 0.6655074354394013 0.14304448681205467 0.27432 0.0 0.0
7826 11289096 0.6610124424775073 0.14287768430255937 0.27432 0.0 0.0
7827 11289096 0.6576520958889022 0.1421064705269934 0.27432 0.0 0.0
7828 11289096 0.654291749300297 0.14133525675142744 0.27432 0.0 0.0
7829 11289096 0.6533288437894258 0.14164989789744475 0.27432 0.0 0.0
7830 11289096 0.6523659382785546 0.1419645390434621 0.27432 0.0 0.0
7831 11289096 0.6514030327676834 0.1422791801894794 0.27432 0.0 0.0
7832 11289096 0.6504401272568122 0.14259382133549675 0.27432 0.0 0.0
7833 11289096 0.649477221745941 0.14290846248151406 0.27432 0.0 0.0
7834 11289096 0.6495484816178617 0.14244707290215006 0.27432 0.0 0.0
7835 11289096 0.6496197414897824 0.14198568332278605 0.27432 0.0 0.0
7836 11289096 0.6496910013617031 0.141524293743422 0.27432 0.0 0.0
7837 11289096 0.6497622612336238 0.141062904164058 0.27432 0.0 0.0
7838 11289096 0.6497621411619505 0.141062711062311 0.27432195535026943 0.0 0.0
7839 11289096 0.6497620210902774 0.14106251796056402 0.2743239107005389 0.0 0.0
7840 11289096 0.6497619010186041 0.141062324858817 0.27432586605080833 0.0 0.0
7841 11289096 0.6497617809469309 0.14106213175707 0.27432782140107775 0.0 0.0
7842 11289096 0.6497616608752577 0.14106193865532302 0.2743297767513472 0.0 0.0
7843 11289096 0.6497615408035845 0.141061745553576 0.27433173210161665 0.0 0.0
7844 11289096 0.6497614207319112 0.141061552451829 0.2743336874518861 0.0 0.0
7845 11289096 0.6497613006602381 0.141061359350082 0.2743356428021555 0.0 0.0
7846 11289096 0.6497611805885648 0.141061166248335 0.274337598152425 0.0 0.0
7847 11289096 0.6497610605168916 0.141060973146588 0.2743395535026944 0.0 0.0
7848 11289096 0.6497609404452184 0.141060780044841 0.2743415088529638 0.0 0.0
7849 11289096 0.6497608203735452 0.141060586943094 0.27434346420323324 0.0 0.0
7850 11289096 0.6497607003018719 0.141060393841347 0.2743454195535027 0.0 0.0
7851 11289096 0.6497605802301988 0.1410602007396 0.27434737490377215 0.0 0.0
7852 11289096 0.6497604601585255 0.141060007637853 0.27434933025404157 0.0 0.0
7853 11289096 0.6497603400868524 0.141059814536106 0.274351285604311 0.0 0.0
7854 11289096 0.6497602200151791 0.141059621434359 0.27435324095458047 0.0 0.0
7855 11289096 0.6497600999435059 0.141059428332612 0.2743551963048499 0.0 0.0
7856 11289096 0.6497599798718326 0.141059235230865 0.2743571516551193 0.0 0.0
7857 11289096 0.6497598598001595 0.141059042129118 0.2743591070053888 0.0 0.0
7858 11289096 0.6497597397284862 0.141058849027371 0.2743610623556582 0.0 0.0
7859 11289096 0.6497596196568131 0.141058655925624 0.27436301770592764 0.0 0.0
7860 11289096 0.6497594995851398 0.141058462823877 0.27436497305619706 0.0 0.0
7861 11289096 0.6497593795134666 0.14105826972212998 0.27436692840646654 0.0 0.0
7862 11289096 0.6497592594417934 0.141058076620383 0.27436888375673596 0.0 0.0
7863 11289096 0.6497591393701202 0.141057883518636 0.2743708391070054 0.0 0.0
7864 11289096 0.6497590192984469 0.14105769041688898 0.27437279445727486 0.0 0.0
7865 11289096 0.6497588992267738 0.141057497315142 0.2743747498075443 0.0 0.0
7866 11289096 0.6497587791551005 0.141057304213395 0.2743767051578137 0.0 0.0
7867 11289096 0.6497586590834273 0.14105711111164798 0.2743786605080831 0.0 0.0
7868 11289096 0.6497585390117541 0.141056918009901 0.2743806158583526 0.0 0.0
7869 11289096 0.6497584189400809 0.141056724908154 0.27438257120862203 0.0 0.0
7870 11289096 0.6497582988684076 0.14105653180640698 0.27438452655889145 0.0 0.0
7871 11289096 0.6497581787967345 0.14105633870466 0.27438648190916093 0.0 0.0
7872 11289096 0.6497580587250612 0.141056145602913 0.27438843725943035 0.0 0.0
7873 11289096 0.6497579386533879 0.14105595250116598 0.2743903926096998 0.0 0.0
7874 11289096 0.6497578185817148 0.141055759399419 0.2743923479599692 0.0 0.0
7875 11289096 0.6497576985100415 0.141055566297672 0.2743943033102387 0.0 0.0
7876 11289096 0.6497575784383683 0.14105537319592498 0.2743962586605081 0.0 0.0
7877 11289096 0.6497574583666951 0.14105518009417797 0.2743982140107775 0.0 0.0
7878 11289096 0.6497573382950219 0.141054986992431 0.27440016936104694 0.0 0.0
7879 11289096 0.6497572182233486 0.14105479389068398 0.2744021247113164 0.0 0.0
7880 11289096 0.6497570981516755 0.14105460078893697 0.27440408006158584 0.0 0.0
7881 11289096 0.6497569780800022 0.14105440768719 0.27440603541185526 0.0 0.0
7882 11289096 0.649756858008329 0.14105421458544298 0.27440799076212474 0.0 0.0
7883 11289096 0.6497567379366558 0.14105402148369597 0.27440994611239417 0.0 0.0
7884 11289096 0.6497566178649826 0.141053828381949 0.2744119014626636 0.0 0.0
7885 11289096 0.6497564977933094 0.14105363528020198 0.274413856812933 0.0 0.0
7886 11289096 0.6497563777216362 0.14105344217845497 0.2744158121632025 0.0 0.0
7887 11289096 0.6497562576499629 0.141053249076708 0.2744177675134719 0.0 0.0
7888 11289096 0.6497561375782898 0.14105305597496098 0.27441972286374133 0.0 0.0
7889 11289096 0.6497560175066165 0.14105286287321397 0.2744216782140108 0.0 0.0
7890 11289096 0.6497558974349433 0.141052669771467 0.27442363356428023 0.0 0.0
7891 11289096 0.6497557773632701 0.14105247666971998 0.27442558891454966 0.0 0.0
7892 11289096 0.6497556572915969 0.14105228356797297 0.2744275442648191 0.0 0.0
7893 11289096 0.6497555372199236 0.14105209046622597 0.27442949961508856 0.0 0.0
7894 11289096 0.6497554171482505 0.14105189736447898 0.274431454965358 0.0 0.0
7895 11289096 0.6497552970765772 0.14105170426273198 0.2744334103156274 0.0 0.0
7896 11289096 0.649755177004904 0.14105151116098497 0.2744353656658968 0.0 0.0
7897 11289096 0.6497550569332308 0.14105131805923798 0.2744373210161663 0.0 0.0
