7955 10692996 5.713014157712002 -0.04997936118114424 0.55626 0.0 0.0
7956 10692996 5.664484804098854 -0.050158994051953704 0.55626 0.0 0.0
7957 10692996 5.645385264860282 -0.0488374465700008 0.55626 0.0 0.0
7958 10692996 5.626285725621711 -0.0475158990880479 0.55626 0.0 0.0
7959 10692996 5.564881035416041 -0.049337111713518095 0.54864 0.0 0.0
7960 10692996 5.498661517774652 -0.04958790494497026 0.54864 0.0 0.0
7961 10692996 5.438473311258594 -0.04631498202658127 0.54102 0.0 0.0
7962 10692996 5.416002367973912 -0.047164046764193196 0.53721 0.0 0.0
7963 10692996 5.393531424689231 -0.04801311150180512 0.5334 0.0 0.0
7964 10692996 5.346837546520219 -0.04283222698695735 0.5334 0.0 0.0
7965 10692996 5.303168024295684 -0.04471112577496053 0.52578 0.0 0.0
7966 10692996 5.232672162507597 -0.04309793247678076 0.52578 0.0 0.0
7967 10692996 5.189036855447657 -0.044870551792124985 0.5181600000000001 0.0 0.0
7968 10692996 5.164944280460205 -0.04320436500078176 0.5181600000000001 0.0 0.0
7969 10692996 5.140851705472751 -0.04153817820943853 0.5181600000000001 0.0 0.0
7970 10692996 5.086530942862124 -0.04368011504640648 0.51054 0.0 0.0
7971 10692996 5.016389961841821 -0.04206387255880398 0.51054 0.0 0.0
7972 10692996 4.97422348885884 -0.039058039116217996 0.50292 0.0 0.0
7973 10692996 4.920959324973303 -0.03523585607713345 0.50292 0.0 0.0
7974 10692996 4.899571827720284 -0.034801503890321356 0.50292 0.0 0.0
7975 10692996 4.878184330467265 -0.03436715170350926 0.50292 0.0 0.0
7976 10692996 4.81445294350912 -0.029700036045470363 0.4953 0.0 0.0
7977 10692996 4.79095155222765 -0.02553893730900217 0.4953 0.0 0.0
7978 10692996 4.747385957001109 -0.02300980392744026 0.49149 0.0 0.0
7979 10692996 4.703820361774568 -0.02048067054587835 0.48768 0.0 0.0
7980 10692996 4.651772237666566 -0.014016192725740867 0.48768 0.0 0.0
7981 10692996 4.609353354489781 -0.010692335493036081 0.48006 0.0 0.0
7982 10692996 4.5820774553579255 -0.012658270354663853 0.48006 0.0 0.0
7983 10692996 4.524639484119484 -0.009107087992757529 0.47243999999999997 0.0 0.0
7984 10692996 4.481578175310849 -0.006390608026611094 0.47243999999999997 0.0 0.0
7985 10692996 4.434278976132984 -0.007138848056868902 0.46863 0.0 0.0
7986 10692996 4.386979776955119 -0.007887088087126709 0.46482000000000007 0.0 0.0
7987 10692996 4.366766302769634 -0.009294357126299307 0.46482000000000007 0.0 0.0
7988 10692996 4.34655282858415 -0.010701626165471906 0.46482000000000007 0.0 0.0
7989 10692996 4.287130715531734 -0.00778627121814926 0.45720000000000005 0.0 0.0
7990 10692996 4.251506856400996 -0.011933660734226664 0.45720000000000005 0.0 0.0
7991 10692996 4.232807450762208 -0.011556750494287088 0.45339000000000007 0.0 0.0
7992 10692996 4.21410804512342 -0.011179840254347512 0.44958000000000004 0.0 0.0
7993 10692996 4.13745180769987 -0.012102340171894627 0.44958000000000004 0.0 0.0
7994 10692996 4.121457913849997 -0.012140640273118924 0.44196 0.0 0.0
7995 10692996 4.070180259654329 -0.01147182625852397 0.43815000000000004 0.0 0.0
7996 10692996 4.01890260545866 -0.010803012243929017 0.43434000000000006 0.0 0.0
7997 10692996 3.976482967703107 -0.007475364217273711 0.43434000000000006 0.0 0.0
7998 10692996 3.937982303321858 -0.008463294394682214 0.43434000000000006 0.0 0.0
7999 10692996 3.882709407807993 -0.006431390948479693 0.42672000000000004 0.0 0.0
8000 10692996 3.846684812125207 -0.007993179973699 0.42672000000000004 0.0 0.0
8001 10692996 3.808976261498513 -0.006552262516402424 0.42672000000000004 0.0 0.0
8002 10692996 3.7441285304165346 -0.006651578410958453 0.41910000000000003 0.0 0.0
8003 10692996 3.6998037361192484 -0.006438702586176875 0.41910000000000003 0.0 0.0
8004 10692996 3.6892842307652747 -0.0065687308839366965 0.41529000000000005 0.0 0.0
8005 10692996 3.678764725411301 -0.0066987591816965175 0.41148 0.0 0.0
8006 10692996 3.621964592960536 -0.008255062298498844 0.41148 0.0 0.0
8007 10692996 3.5762880778436443 -0.0053809165146855575 0.41148 0.0 0.0
8008 10692996 3.516724535671792 -0.006969151088599329 0.40386 0.0 0.0
8009 10692996 3.489437241075926 -0.00624085244750458 0.40386 0.0 0.0
8010 10692996 3.46214994648006 -0.005512553806409831 0.40386 0.0 0.0
8011 10692996 3.4250257472750487 -0.003910012536773838 0.40386 0.0 0.0
8012 10692996 3.367043151243868 -0.0071812127371680134 0.40386 0.0 0.0
8013 10692996 3.32903614687633 -0.0052900883255690145 0.41148 0.0 0.0
8014 10692996 3.2958625777633594 -0.005365551009689116 0.40894 0.0 0.0
8015 10692996 3.262689008650389 -0.005441013693809217 0.4064 0.0 0.0
8016 10692996 3.229515439537418 -0.005516476377929319 0.40386 0.0 0.0
8017 10692996 3.1905312118429103 -0.007978318524278688 0.40386 0.0 0.0
8018 10692996 3.158108954555445 -0.003937452692625604 0.40386 0.0 0.0
8019 10692996 3.0958958805480945 -0.0054753910675572615 0.40386 0.0 0.0
8020 10692996 3.075739046438146 -0.006021746439061809 0.40386 0.0 0.0
8021 10692996 3.055582212328198 -0.006568101810566357 0.40386 0.0 0.0
8022 10692996 3.0019125686519237 -0.005053185507621488 0.40386 0.0 0.0
8023 10692996 2.9630534804965745 -0.008489289661327254 0.41148 0.0 0.0
8024 10692996 2.920632568242744 -0.005155317774107632 0.41148 0.0 0.0
8025 10692996 2.8749427750013723 -0.0036744318663645414 0.41148 0.0 0.0
8026 10692996 2.813451180301298 -0.00544564866676242 0.41148 0.0 0.0
8027 10692996 2.7923539463402944 -0.005947108693888287 0.41529000000000005 0.0 0.0
8028 10692996 2.7712567123792913 -0.006448568721014153 0.41910000000000003 0.0 0.0
8029 10692996 2.7256745547031835 -0.006334939773462102 0.42037 0.0 0.0
8030 10692996 2.680092397027076 -0.006221310825910052 0.42164 0.0 0.0
8031 10692996 2.634510239350968 -0.006107681878358001 0.42291 0.0 0.0
8032 10692996 2.5889280816748603 -0.00599405293080595 0.42418000000000006 0.0 0.0
8033 10692996 2.5433459239987526 -0.0058804239832539 0.42545000000000005 0.0 0.0
8034 10692996 2.497763766322645 -0.005766795035701849 0.42672000000000004 0.0 0.0
8035 10692996 2.4535155485313753 -0.008025003057757968 0.42672000000000004 0.0 0.0
8036 10692996 2.3815114585944466 -0.0055427738214266775 0.43434000000000006 0.0 0.0
8037 10692996 2.330843511052997 -0.00570418441234441 0.43434000000000006 0.0 0.0
8038 10692996 2.264811652405065 -0.005054073486756544 0.43434000000000006 0.0 0.0
8039 10692996 2.2208958258378892 -0.006835413551807085 0.44196 0.0 0.0
8040 10692996 2.1723602368122137 -0.0069911595992312725 0.44196 0.0 0.0
8041 10692996 2.114927654465264 -0.0061104462507041435 0.44196 0.0 0.0
8042 10692996 2.0419326187163667 -0.00937612662913015 0.44958000000000004 0.0 0.0
8043 10692996 2.014277173105288 -0.00840556634439621 0.44958000000000004 0.0 0.0
8044 10692996 1.9866217274942095 -0.007435006059662269 0.44958000000000004 0.0 0.0
8045 10692996 1.91841232042921 -0.00420169208686938 0.45720000000000005 0.0 0.0
8046 10692996 1.8702292629393584 -0.007624864226737776 0.45720000000000005 0.0 0.0
8047 10692996 1.8094483949653 -0.006115680181325439 0.45720000000000005 0.0 0.0
8048 10692996 1.722914380108457 -0.004606208415025043 0.46482000000000007 0.0 0.0
8049 10692996 1.6692422776135405 -0.003081207021453064 0.46482000000000007 0.0 0.0
8050 10692996 1.6110501537755861 -0.00451877619801988 0.47243999999999997 0.0 0.0
8051 10692996 1.5603117627717282 -0.004885809763987448 0.47243999999999997 0.0 0.0
8052 10692996 1.5220423731318227 -0.005820501711101385 0.47624999999999995 0.0 0.0
8053 10692996 1.4837729834919169 -0.006755193658215322 0.48006 0.0 0.0
8054 10692996 1.45293238083093 -0.0019385006975391472 0.48006 0.0 0.0
8055 10692996 1.3648111415037096 -0.005280463822132195 0.48768 0.0 0.0
8056 10692996 1.306323743994894 -0.002179996251156696 0.48768 0.0 0.0
8057 10692996 1.2526508844957127 -0.00065184202896576 0.4953 0.0 0.0
8058 10692996 1.158479449178899 0.001956992098972571 0.4953 0.0 0.0
8059 10692996 1.1055902309253738 0.008604145443099342 0.4953 0.0 0.0
8060 10692996 1.0749403963794004 0.00857032196752669 0.49911000000000005 0.0 0.0
8061 10692996 1.044290561833427 0.008536498491954037 0.50292 0.0 0.0
8062 10692996 0.9761734357003543 0.01478557440566719 0.50292 0.0 0.0
8063 10692996 0.903824491833885 0.020315028606431945 0.51054 0.0 0.0
8064 10692996 0.8510103804815619 0.027874295344903113 0.5143500000000001 0.0 0.0
8065 10692996 0.7981962691292388 0.03543356208337428 0.5181600000000001 0.0 0.0
8066 10692996 0.7552464244136375 0.03988728562252618 0.5181600000000001 0.0 0.0
8067 10692996 0.7122965796980363 0.044341009161678074 0.5181600000000001 0.0 0.0
8068 10692996 0.6272246035020385 0.05578287201690989 0.52578 0.0 0.0
8069 10692996 0.5961803633549555 0.064057769136092 0.52578 0.0 0.0
8070 10692996 0.5213206537057878 0.08337940661708958 0.5334 0.0 0.0
8071 10692996 0.46190975920411514 0.09344756370326371 0.5334 0.0 0.0
8072 10692996 0.40684380501062856 0.11518116532058564 0.54102 0.0 0.0
8073 10692996 0.3770034181888988 0.1230637487660037 0.54102 0.0 0.0
8074 10692996 0.3471630313671691 0.13094633221142177 0.54102 0.0 0.0
8075 10692996 0.2653146725663281 0.1685604799937584 0.54864 0.0 0.0
8076 10692996 0.21156930344333758 0.19161669451004046 0.54864 0.0 0.0
8077 10692996 0.14463548699540452 0.2245917233022872 0.55626 0.0 0.0
8078 10692996 0.12464480303397779 0.23801851453603634 0.5600700000000001 0.0 0.0
8079 10692996 0.10465411907255107 0.2514453057697855 0.56388 0.0 0.0
8080 10692996 0.034266560241163924 0.29314449657170527 0.5715 0.0 0.0
8081 10692996 -0.009512023355337629 0.32930145052287607 0.5715 0.0 0.0
8082 10692996 -0.07076397803899892 0.378297133514898 0.57912 0.0 0.0
8083 10692996 -0.11180863873013047 0.4184683089177731 0.57912 0.0 0.0
8084 10692996 -0.1479583015349899 0.457039732061988 0.57912 0.0 0.0
8085 10692996 -0.17537846297539006 0.4872667788263274 0.58293 0.0 0.0
8086 10692996 -0.20279862441579022 0.5174938255906668 0.58674 0.0 0.0
8087 10692996 -0.23702202274592143 0.5663017734496226 0.58674 0.0 0.0
8088 10692996 -0.2550994769239754 0.593591913355206 0.58674 0.0 0.0
8089 10692996 -0.29998897841254024 0.672525337609418 0.58674 0.0 0.0
8090 10692996 -0.3279411395895657 0.7190503300895831 0.58674 0.0 0.0
8091 10692996 -0.3477435065107115 0.773659832580281 0.59436 0.0 0.0
8092 10692996 -0.3680094814847179 0.8121811649369072 0.59436 0.0 0.0
8093 10692996 -0.3956686363045294 0.8959979550744114 0.59436 0.0 0.0
8094 10692996 -0.4134920246445364 0.9555691005222341 0.6019800000000001 0.0 0.0
8095 10692996 -0.4208247478964353 0.982034478700168 0.6019800000000001 0.0 0.0
8096 10692996 -0.42815747114833425 1.008499856878102 0.6019800000000001 0.0 0.0
8097 10692996 -0.4389401619885631 1.0678723374265517 0.6019800000000001 0.0 0.0
8098 10692996 -0.4513281463473111 1.1478654298578044 0.6096 0.0 0.0
8099 10692996 -0.4594514543354218 1.195269312951493 0.6096 0.0 0.0
8100 10692996 -0.46371898038609327 1.2664152796888974 0.6096 0.0 0.0
8101 10692996 -0.4685477748929263 1.3168313367390063 0.61722 0.0 0.0
8102 10692996 -0.4690457978026137 1.364195689258303 0.61722 0.0 0.0
8103 10692996 -0.4685578578457601 1.4525974838163829 0.61722 0.0 0.0
8104 10692996 -0.4676832811048295 1.5068737677701975 0.6248400000000001 0.0 0.0
8105 10692996 -0.465265201948583 1.546858773593259 0.6248400000000001 0.0 0.0
8106 10692996 -0.46284712279233653 1.5868437794163206 0.6248400000000001 0.0 0.0
8107 10692996 -0.46031534384387496 1.6461863928091514 0.6248400000000001 0.0 0.0
8108 10692996 -0.45142597856461397 1.7005292687443732 0.6248400000000001 0.0 0.0
8109 10692996 -0.4450980815573016 1.7606168555519994 0.6248400000000001 0.0 0.0
8110 10692996 -0.43039138723625037 1.8490430561877231 0.63246 0.0 0.0
8111 10692996 -0.4289734548508797 1.8859669721402035 0.63246 0.0 0.0
8112 10692996 -0.4113167740642869 1.9671194366862281 0.6400800000000001 0.0 0.0
8113 10692996 -0.40313369143659483 2.024731103444739 0.6400800000000001 0.0 0.0
8114 10692996 -0.39594517450469124 2.0548609609949633 0.6400800000000001 0.0 0.0
8115 10692996 -0.38875665757278766 2.084990818545188 0.6400800000000001 0.0 0.0
8116 10692996 -0.38100227768651096 2.1483508535869307 0.6477 0.0 0.0
8117 10692996 -0.3608367116079323 2.2273977824332154 0.6477 0.0 0.0
8118 10692996 -0.3531017216898944 2.2836371748064876 0.65532 0.0 0.0
8119 10692996 -0.33741265752243277 2.3479076893415507 0.65532 0.0 0.0
8120 10692996 -0.3295412472817454 2.4029341380819806 0.6629400000000001 0.0 0.0
8121 10692996 -0.316796982042556 2.4584702036290182 0.6629400000000001 0.0 0.0
8122 10692996 -0.30915188809349137 2.515790588085911 0.6629400000000001 0.0 0.0
8123 10692996 -0.29548774894930996 2.592874347687665 0.67056 0.0 0.0
8124 10692996 -0.2850941435990133 2.6572408875714433 0.67056 0.0 0.0
8125 10692996 -0.2745127609097371 2.7058898955339097 0.6781800000000001 0.0 0.0
8126 10692996 -0.26966097888565643 2.7370176394975014 0.6781800000000001 0.0 0.0
8127 10692996 -0.2648091968615758 2.768145383461093 0.6781800000000001 0.0 0.0
8128 10692996 -0.25593561522605857 2.8455106157351384 0.6858000000000001 0.0 0.0
8129 10692996 -0.24378751184944902 2.900307030901549 0.6858000000000001 0.0 0.0
8130 10692996 -0.2342987413102302 2.964619057267036 0.6858000000000001 0.0 0.0
8131 10692996 -0.22359150696220387 3.0315704126783203 0.69342 0.0 0.0
8132 10692996 -0.21734555805853462 3.0729329016363343 0.69723 0.0 0.0
8133 10692996 -0.21109960915486536 3.1142953905943482 0.7010400000000001 0.0 0.0
8134 10692996 -0.20376664919333187 3.1774430997807976 0.7010400000000001 0.0 0.0
8135 10692996 -0.19575314514549502 3.2345264084772998 0.7086600000000001 0.0 0.0
8136 10692996 -0.1907971042555312 3.2659706583082637 0.7086600000000001 0.0 0.0
8137 10692996 -0.17767283481374974 3.349540484318007 0.7162800000000001 0.0 0.0
8138 10692996 -0.16671054594505752 3.399350276345517 0.7239000000000001 0.0 0.0
8139 10692996 -0.15477366500249912 3.486346251111839 0.7239000000000001 0.0 0.0
8140 10692996 -0.14728729106152172 3.5429010226384148 0.73152 0.0 0.0
8141 10692996 -0.14102931599830149 3.570180738397722 0.73152 0.0 0.0
8142 10692996 -0.13477134093508125 3.5974604541570296 0.73152 0.0 0.0
8143 10692996 -0.12858625018333236 3.648949445365154 0.73914 0.0 0.0
8144 10692996 -0.11681493199967241 3.7310924985264875 0.73914 0.0 0.0
8145 10692996 -0.10405186032519576 3.790478346573576 0.74676 0.0 0.0
8146 10692996 -0.0981982611601031 3.8423094857481295 0.74676 0.0 0.0
8147 10692996 -0.09045920459533763 3.8985480606964606 0.75438 0.0 0.0
8148 10692996 -0.0811803823786319 3.975781315670426 0.75438 0.0 0.0
8149 10692996 -0.0749047365220119 4.003113717118668 0.75438 0.0 0.0
8150 10692996 -0.06862909066539191 4.0304461185669105 0.75438 0.0 0.0
8151 10692996 -0.05963397041499774 4.109524793426048 0.762 0.0 0.0
8152 10692996 -0.05242001254271189 4.166869900331357 0.762 0.0 0.0
8153 10692996 -0.04773085149317269 4.194779599850389 0.762 0.0 0.0
8154 10692996 -0.04463755325270802 4.220523948347695 0.76581 0.0 0.0
8155 10692996 -0.04154425501224335 4.246268296845 0.76962 0.0 0.0
8156 10692996 -0.032245544636593904 4.328986638958217 0.76962 0.0 0.0
8157 10692996 -0.02265436965387435 4.407169508801272 0.77724 0.0 0.0
8158 10692996 -0.014991828073356639 4.486917935078005 0.78105 0.0 0.0
8159 10692996 -0.007329286492838927 4.566666361354739 0.78486 0.0 0.0
8160 10692996 -0.004636450853408691 4.592541754698783 0.78486 0.0 0.0
8161 10692996 -0.0035524463896762226 4.632496678718908 0.78486 0.0 0.0
8162 10692996 -0.002468441925943754 4.672451602739033 0.78486 0.0 0.0
8163 10692996 0.005387763168916981 4.754824153430005 0.7924800000000001 0.0 0.0
8164 10692996 0.009127355267152248 4.830714987011245 0.79629 0.0 0.0
8165 10692996 0.012866947365387515 4.906605820592484 0.8001 0.0 0.0
8166 10692996 0.012108770371114685 4.9395688510668565 0.8001 0.0 0.0
8167 10692996 0.010235586267645952 4.9372824415976355 0.7999520388349515 0.0 0.0
8168 10692996 0.008362402164177217 4.934996032128415 0.7998040776699029 0.0 0.0
8169 10692996 0.006489218060708482 4.932709622659194 0.7996561165048544 0.0 0.0
8170 10692996 0.004616033957239748 4.930423213189974 0.7995081553398059 0.0 0.0
8171 10692996 0.0027428498537710143 4.928136803720753 0.7993601941747573 0.0 0.0
8172 10692996 0.000869665750302279 4.925850394251533 0.7992122330097088 0.0 0.0
8173 10692996 -0.0010035183531664563 4.923563984782312 0.7990642718446602 0.0 0.0
8174 10692996 -0.00287670245663519 4.921277575313092 0.7989163106796117 0.0 0.0
8175 10692996 -0.004749886560103923 4.918991165843871 0.7987683495145631 0.0 0.0
8176 10692996 -0.006623070663572657 4.916704756374651 0.7986203883495145 0.0 0.0
8177 10692996 -0.008496254767041394 4.91441834690543 0.7984724271844661 0.0 0.0
8178 10692996 -0.010369438870510127 4.91213193743621 0.7983244660194175 0.0 0.0
8179 10692996 -0.012242622973978861 4.909845527966989 0.798176504854369 0.0 0.0
8180 10692996 -0.014115807077447598 4.907559118497769 0.7980285436893204 0.0 0.0
8181 10692996 -0.01598899118091633 4.905272709028548 0.7978805825242719 0.0 0.0
8182 10692996 -0.017862175284385065 4.902986299559328 0.7977326213592233 0.0 0.0
8183 10692996 -0.0197353593878538 4.900699890090107 0.7975846601941748 0.0 0.0
8184 10692996 -0.021608543491322532 4.898413480620887 0.7974366990291263 0.0 0.0
8185 10692996 -0.023481727594791266 4.896127071151666 0.7972887378640777 0.0 0.0
8186 10692996 -0.02535491169826 4.893840661682446 0.7971407766990292 0.0 0.0
8187 10692996 -0.02722809580172874 4.891554252213225 0.7969928155339806 0.0 0.0
8188 10692996 -0.029101279905197473 4.889267842744005 0.796844854368932 0.0 0.0
8189 10692996 -0.030974464008666207 4.886981433274784 0.7966968932038835 0.0 0.0
8190 10692996 -0.03284764811213494 4.884695023805563 0.796548932038835 0.0 0.0
8191 10692996 -0.034720832215603674 4.8824086143363425 0.7964009708737865 0.0 0.0
8192 10692996 -0.03659401631907241 4.880122204867122 0.7962530097087379 0.0 0.0
8193 10692996 -0.03846720042254114 4.8778357953979015 0.7961050485436894 0.0 0.0
8194 10692996 -0.04034038452600988 4.8755493859286805 0.7959570873786408 0.0 0.0
8195 10692996 -0.042213568629478615 4.87326297645946 0.7958091262135922 0.0 0.0
8195 11080625 0.20784046100316123 0.0035708877587543875 0.27432 0.0 0.0
8196 11080625 0.2373100829510831 0.00351997938438523 0.27432 0.0 0.0
8196 10692996 -0.04408675273294735 4.870976566990239 0.7956611650485437 0.0 0.0
8197 11080625 0.266779704899005 0.003469071010016073 0.27432 0.0 0.0
8197 10692996 -0.04595993683641608 4.868690157521019 0.7955132038834952 0.0 0.0
8198 10692996 -0.047833120939884816 4.866403748051798 0.7953652427184467 0.0 0.0
8198 11080625 0.2962493268469269 0.003418162635646915 0.27432 0.0 0.0
8199 10692996 -0.04970630504335355 4.864117338582578 0.7952172815533981 0.0 0.0
8199 11080625 0.32571894879484875 0.0033672542612777578 0.27432 0.0 0.0
8200 10692996 -0.05157948914682228 4.861830929113357 0.7950693203883495 0.0 0.0
8200 11080625 0.35518857074277066 0.0033163458869086004 0.27432 0.0 0.0
8201 10692996 -0.053452673250291016 4.859544519644137 0.794921359223301 0.0 0.0
8201 11080625 0.3913091916904354 0.0037795849005613745 0.276225 0.0 0.0
8202 11080625 0.4274298126381001 0.0042428239142141486 0.27813 0.0 0.0
8202 10692996 -0.05532585735375975 4.857258110174916 0.7947733980582524 0.0 0.0
8203 10692996 -0.05719904145722848 4.854971700705696 0.7946254368932039 0.0 0.0
8203 11080625 0.46355043358576475 0.004706062927866923 0.28003500000000003 0.0 0.0
8204 10692996 -0.05907222556069722 4.852685291236475 0.7944774757281554 0.0 0.0
8204 11080625 0.49967105453342947 0.005169301941519697 0.28194 0.0 0.0
8205 10692996 -0.06094540966416595 4.850398881767255 0.7943295145631069 0.0 0.0
8205 11080625 0.533039301215932 0.005364075176302496 0.28194 0.0 0.0
8206 11080625 0.5654739113548374 0.005420407516268032 0.28575 0.0 0.0
8206 10692996 -0.06281859376763468 4.848112472298034 0.7941815533980583 0.0 0.0
8207 11080625 0.5979085214937427 0.005476739856233567 0.28956 0.0 0.0
8207 10692996 -0.06469177787110343 4.845826062828814 0.7940335922330097 0.0 0.0
8208 10692996 -0.06656496197457216 4.843539653359593 0.7938856310679612 0.0 0.0
8208 11080625 0.6303431316326482 0.005533072196199103 0.29337 0.0 0.0
8209 11080625 0.6627777417715536 0.005589404536164638 0.29718 0.0 0.0
8209 10692996 -0.0684381460780409 4.841253243890373 0.7937376699029126 0.0 0.0
8210 11080625 0.6952123519104589 0.005645736876130174 0.30099 0.0 0.0
8210 10692996 -0.07031133018150963 4.838966834421152 0.7935897087378642 0.0 0.0
8211 10692996 -0.07218451428497837 4.836680424951932 0.7934417475728156 0.0 0.0
8211 11080625 0.7375922450110237 0.004883006726798065 0.30861 0.0 0.0
8212 10692996 -0.0740576983884471 4.834394015482711 0.793293786407767 0.0 0.0
8212 11080625 0.7799721381115885 0.004120276577465956 0.31623 0.0 0.0
8213 10692996 -0.07593088249191583 4.832107606013491 0.7931458252427185 0.0 0.0
8213 11080625 0.8204101153613161 0.005569861194775812 0.3209925 0.0 0.0
8214 11080625 0.8608480926110437 0.007019445812085669 0.325755 0.0 0.0
8214 10692996 -0.07780406659538457 4.82982119654427 0.7929978640776699 0.0 0.0
8215 10692996 -0.0796772506988533 4.827534787075049 0.7928499029126214 0.0 0.0
8215 11080625 0.9012860698607712 0.008469030429395525 0.3305175 0.0 0.0
8216 11080625 0.9417240471104988 0.009918615046705381 0.33528 0.0 0.0
8216 10692996 -0.08155043480232203 4.825248377605829 0.7927019417475728 0.0 0.0
8217 10692996 -0.08342361890579077 4.822961968136608 0.7925539805825244 0.0 0.0
8217 11080625 0.9802564314730737 0.010197749242793442 0.34072285714285716 0.0 0.0
8218 11080625 1.0187888158356486 0.010476883438881503 0.3461657142857143 0.0 0.0
8218 10692996 -0.0852968030092595 4.8206755586673875 0.7924060194174758 0.0 0.0
8219 11080625 1.0573212001982237 0.010756017634969563 0.35160857142857144 0.0 0.0
8219 10692996 -0.08716998711272823 4.8183891491981665 0.7922580582524272 0.0 0.0
8220 10692996 -0.08904317121619697 4.816102739728946 0.7921100970873787 0.0 0.0
8220 11080625 1.0958535845607986 0.011035151831057624 0.3570514285714286 0.0 0.0
8221 11080625 1.1343859689233735 0.011314286027145685 0.3624942857142857 0.0 0.0
8221 10692996 -0.0909163553196657 4.813816330259725 0.7919621359223301 0.0 0.0
8222 10692996 -0.09278953942313445 4.811529920790505 0.7918141747572816 0.0 0.0
8222 11080625 1.1729183532859484 0.011593420223233746 0.36793714285714285 0.0 0.0
8223 10692996 -0.09466272352660318 4.809243511321284 0.791666213592233 0.0 0.0
8223 11080625 1.2114507376485233 0.011872554419321807 0.37338 0.0 0.0
8224 10692996 -0.09653590763007192 4.806957101852064 0.7915182524271845 0.0 0.0
8224 11080625 1.2461596315157557 0.012099712247738315 0.381 0.0 0.0
8225 11080625 1.2729270613959394 0.01112448900905244 0.381 0.0 0.0
8225 10692996 -0.09840909173354065 4.804670692382843 0.791370291262136 0.0 0.0
8226 11080625 1.299694491276123 0.010149265770366567 0.381 0.0 0.0
8226 10692996 -0.10028227583700938 4.802384282913623 0.7912223300970874 0.0 0.0
8227 11080625 1.3429886997539435 0.006754583161565408 0.38862 0.0 0.0
8228 11080625 1.3795198410539613 0.0060366195289225655 0.39624000000000004 0.0 0.0
8229 11080625 1.4008114548460333 0.004338774818002128 0.40386 0.0 0.0
8230 11080625 1.4396651588090006 -0.0028619291243729555 0.40386 0.0 0.0
8231 11080625 1.4954240243791181 -0.005070140584260113 0.41148 0.0 0.0
8232 11080625 1.5132115130611374 -0.008251592278825493 0.41529000000000005 0.0 0.0
8233 11080625 1.5309990017431567 -0.011433043973390872 0.41910000000000003 0.0 0.0
8234 11080625 1.5862311458725993 -0.012533949017750498 0.42672000000000004 0.0 0.0
8235 11080625 1.6227232643259466 -0.019079132441292973 0.42672000000000004 0.0 0.0
8236 11080625 1.6629328639023355 -0.022399033172778277 0.43434000000000006 0.0 0.0
8237 11080625 1.7150881153653064 -0.028568812705168645 0.43434000000000006 0.0 0.0
8238 11080625 1.7515237732742954 -0.03392666884346518 0.44196 0.0 0.0
8239 11080625 1.773540464202025 -0.031771465270471394 0.44196 0.0 0.0
8240 11080625 1.8304413383112705 -0.039723955056532895 0.44958000000000004 0.0 0.0
8241 11080625 1.8758571549812078 -0.042056068135257585 0.44958000000000004 0.0 0.0
8242 11080625 1.8980306886212808 -0.04485820668493215 0.45339000000000007 0.0 0.0
8243 11080625 1.9202042222613538 -0.047660345234606716 0.45720000000000005 0.0 0.0
8244 11080625 1.960962292874412 -0.05337733371472986 0.45720000000000005 0.0 0.0
8245 11080625 1.9936507235898004 -0.055524284921428385 0.46482000000000007 0.0 0.0
8246 11080625 2.0473225570695277 -0.05704682222043364 0.47243999999999997 0.0 0.0
8247 11080625 2.1077789046300675 -0.06335449182431305 0.48006 0.0 0.0
8248 11080625 2.143835246260192 -0.06987152724396345 0.48006 0.0 0.0
8249 11080625 2.1631264049948355 -0.07062185915964761 0.48387 0.0 0.0
8250 11080625 2.182417563729479 -0.07137219107533177 0.48768 0.0 0.0
8251 11080625 2.2538960107749695 -0.07274989153541828 0.50292 0.0 0.0
8252 11080625 2.2751821875838503 -0.07350884837373671 0.50292 0.0 0.0
8253 11080625 2.296468364392731 -0.07426780521205514 0.50292 0.0 0.0
8254 11080625 2.3369214698845244 -0.07275713288973348 0.51054 0.0 0.0
8255 11080625 2.3717697729257963 -0.06801441448235915 0.5181600000000001 0.0 0.0
8256 11080625 2.4085675569087774 -0.0627398752735833 0.52578 0.0 0.0
8257 11080625 2.444198725546922 -0.05287880167171896 0.52578 0.0 0.0
8258 11080625 2.4929622777919307 -0.036791546701518324 0.5334 0.0 0.0
8259 11080625 2.526949379487203 -0.01564608585487945 0.5334 0.0 0.0
8260 11080625 2.5488931009354223 -0.0007901326419465504 0.53721 0.0 0.0
8261 11080625 2.570836822383641 0.014065820570986348 0.54102 0.0 0.0
8262 11080625 2.5956644670832882 0.03843551918378582 0.54102 0.0 0.0
8263 11080625 2.6222444508814458 0.06001360903905259 0.54102 0.0 0.0
8264 11080625 2.660458416137745 0.1117876014608434 0.54864 0.0 0.0
8265 11080625 2.6786507885675435 0.14194503193048266 0.54864 0.0 0.0
8266 11080625 2.6959243906454624 0.16983243074841567 0.55626 0.0 0.0
8267 11080625 2.7122262524571306 0.1978034552038272 0.558165 0.0 0.0
8268 11080625 2.7285281142687987 0.22577447965923872 0.5600700000000001 0.0 0.0
8269 11080625 2.7472727697389976 0.263812086580164 0.565785 0.0 0.0
8270 11080625 2.7660174252091965 0.30184969350108926 0.5715 0.0 0.0
8271 11080625 2.7793594955032788 0.3318383849464187 0.57912 0.0 0.0
8272 11080625 2.7945086940785986 0.37280208097024947 0.58674 0.0 0.0
8273 11080625 2.812340758245365 0.413824453681929 0.59436 0.0 0.0
8274 11080625 2.822999867479388 0.44375451284786294 0.6019800000000001 0.0 0.0
8275 11080625 2.8379024242413315 0.4758037629393467 0.6096 0.0 0.0
8276 11080625 2.8448399285933457 0.49515020273941107 0.61341 0.0 0.0
8277 11080625 2.85177743294536 0.5144966425394755 0.61722 0.0 0.0
8278 11080625 2.8724564139864084 0.5612482283055165 0.6248400000000001 0.0 0.0
8279 11080625 2.881247392903151 0.5922554500471625 0.6248400000000001 0.0 0.0
8280 11080625 2.8956425654374858 0.6200312801534033 0.63246 0.0 0.0
8281 11080625 2.900536433345705 0.6350217351036366 0.63246 0.0 0.0
8282 11080625 2.9181555623671818 0.701229496029719 0.6400800000000001 0.0 0.0
8283 11080625 2.926082263323451 0.7255098097214898 0.6400800000000001 0.0 0.0
8284 11080625 2.932320007765796 0.7529115068941978 0.6438900000000001 0.0 0.0
8285 11080625 2.9385577522081405 0.7803132040669057 0.6477 0.0 0.0
8286 11080625 2.947015459600075 0.8100274258295757 0.6477 0.0 0.0
8287 11080625 2.9534022172801553 0.8459081913552243 0.65532 0.0 0.0
8288 11080625 2.9616707211131486 0.9011505112815847 0.65532 0.0 0.0
8289 11080625 2.9654879469613835 0.9345992622367892 0.6629400000000001 0.0 0.0
8290 11080625 2.967386944780321 0.9540135974915607 0.6629400000000001 0.0 0.0
8291 11080625 2.9692859425992584 0.973427932746332 0.6629400000000001 0.0 0.0
8292 11080625 2.973978806738753 1.0299544651386685 0.67056 0.0 0.0
8293 11080625 2.978665843192198 1.0608997327736318 0.6781800000000001 0.0 0.0
8294 11080625 2.97906218273761 1.103993095470344 0.6781800000000001 0.0 0.0
8295 11080625 2.983726179543204 1.1345954469381911 0.6858000000000001 0.0 0.0
8296 11080625 2.9823774638475857 1.190290869826624 0.69342 0.0 0.0
8297 11080625 2.982331220565821 1.2227815012194136 0.7010400000000001 0.0 0.0
8298 11080625 2.981947170005424 1.247438780719656 0.7048500000000001 0.0 0.0
8299 11080625 2.9815631194450267 1.2720960602198985 0.7086600000000001 0.0 0.0
8300 11080625 2.982014928234487 1.3115500641538012 0.7086600000000001 0.0 0.0
8301 11080625 2.9834385887812793 1.3471822317511857 0.7162800000000001 0.0 0.0
8302 11080625 2.9812807601006144 1.3759232342726209 0.7239000000000001 0.0 0.0
8303 11080625 2.9831181917814087 1.4128221676413901 0.73152 0.0 0.0
8304 11080625 2.982166855184687 1.4452579567635804 0.73152 0.0 0.0
8305 11080625 2.9766549865471603 1.4963551409947247 0.73914 0.0 0.0
8306 11080625 2.9766784979542775 1.5290567950346128 0.74676 0.0 0.0
8307 11080625 2.9760009477481475 1.543296302544466 0.74676 0.0 0.0
8308 11080625 2.9706969948658966 1.5800737758831602 0.74676 0.0 0.0
8309 11080625 2.9705142630776398 1.6046654762129484 0.75057 0.0 0.0
8310 11080625 2.970331531289383 1.6292571765427364 0.75438 0.0 0.0
8311 11080625 2.966562964655264 1.6802526598687226 0.762 0.0 0.0
8312 11080625 2.9631522582982575 1.7187484915604034 0.762 0.0 0.0
8313 11080625 2.962286284532638 1.7568807580370382 0.76962 0.0 0.0
8314 11080625 2.9591580342024173 1.7894434480958556 0.76962 0.0 0.0
8315 11080625 2.9562483036643243 1.8074491752115127 0.76962 0.0 0.0
8316 11080625 2.955358846062696 1.8444209783717032 0.77724 0.0 0.0
8317 11080625 2.9542425804202983 1.8845041763534567 0.77724 0.0 0.0
8318 11080625 2.950180652116555 1.9400348838466102 0.78486 0.0 0.0
8319 11080625 2.951859947266069 1.9778035049481828 0.7924800000000001 0.0 0.0
8320 11080625 2.945879535763475 2.0122322072376493 0.7924800000000001 0.0 0.0
8321 11080625 2.9465131037265704 2.0313006490618717 0.79629 0.0 0.0
8322 11080625 2.9471466716896657 2.0503690908860936 0.8001 0.0 0.0
8323 11080625 2.9412242325776905 2.1001992010566277 0.80772 0.0 0.0
8324 11080625 2.940688557185741 2.1339015350990094 0.8153400000000001 0.0 0.0
8325 11080625 2.937290978043289 2.187112833722672 0.82296 0.0 0.0
8326 11080625 2.9318496806337517 2.2210152281880364 0.82296 0.0 0.0
8327 11080625 2.931430346248632 2.2564319594634767 0.8305800000000001 0.0 0.0
8328 11080625 2.925771845271968 2.2907558049393373 0.8382000000000001 0.0 0.0
8329 11080625 2.9247633511997924 2.3128137700266533 0.84201 0.0 0.0
8330 11080625 2.9237548571276166 2.3348717351139694 0.84582 0.0 0.0
8331 11080625 2.922978599849497 2.3678350345883907 0.84582 0.0 0.0
8332 11080625 2.918977948151028 2.396360679945978 0.84582 0.0 0.0
8333 11080625 2.9230306847098486 2.433237714148068 0.8534400000000001 0.0 0.0
8334 11080625 2.9221644032331913 2.4822349419754857 0.8534400000000001 0.0 0.0
8335 11080625 2.9246390066509598 2.5020457772447524 0.8572500000000001 0.0 0.0
8336 11080625 2.9271136100687283 2.521856612514019 0.86106 0.0 0.0
8337 11080625 2.931814987564848 2.552563997448361 0.86106 0.0 0.0
8338 11080625 2.93797748321293 2.6040557058316685 0.8686800000000001 0.0 0.0
8339 11080625 2.937866156075139 2.6363347078419497 0.8686800000000001 0.0 0.0
8340 11080625 2.9430729369196076 2.682180660195661 0.8763000000000001 0.0 0.0
8341 11080625 2.9466403154535357 2.7134920340405926 0.88392 0.0 0.0
8342 11080625 2.9487228823584966 2.751129358232778 0.88392 0.0 0.0
8343 11080625 2.948859113207757 2.777369689018255 0.8877300000000001 0.0 0.0
8344 11080625 2.9489953440570176 2.803610019803732 0.8915400000000001 0.0 0.0
8345 11080625 2.951090770947692 2.8426450433027863 0.8991600000000001 0.0 0.0
8346 11080625 2.950693645478025 2.8751342981474832 0.8991600000000001 0.0 0.0
8347 11080625 2.9461164403628803 2.9116755331443303 0.9067800000000001 0.0 0.0
8348 11080625 2.9459024632002873 2.943637733165689 0.9144000000000001 0.0 0.0
8349 11080625 2.9457575170920327 2.9758110495122074 0.9144000000000001 0.0 0.0
8350 11080625 2.9440268571643218 3.003128422867649 0.9220200000000001 0.0 0.0
8351 11080625 2.939016677607273 3.042147602942267 0.9220200000000001 0.0 0.0
8352 11080625 2.9366358910316057 3.0864997006542874 0.9296400000000001 0.0 0.0
8353 11080625 2.9331106509119342 3.1191929125759716 0.93726 0.0 0.0
8354 11080625 2.9289410617662597 3.148825561482308 0.93726 0.0 0.0
8355 11080625 2.9182353577890927 3.2013871736788646 0.93726 0.0 0.0
8356 11080625 2.9185333620277367 3.2213248832151327 0.94107 0.0 0.0
8357 11080625 2.9188313662663807 3.2412625927514007 0.9448799999999999 0.0 0.0
8358 11080625 2.911085442230938 3.2963624035078256 0.9448799999999999 0.0 0.0
8359 11080625 2.9106784170984445 3.3290888238306953 0.9525 0.0 0.0
8360 11080625 2.90943495096925 3.3619716128449673 0.9525 0.0 0.0
8361 11080625 2.910966214042581 3.382966884501287 0.96012 0.0 0.0
8362 11080625 2.9114828820502856 3.43618612622533 0.96012 0.0 0.0
8363 11080625 2.912142346394001 3.4626647597615605 0.96393 0.0 0.0
8364 11080625 2.912801810737716 3.489143393297791 0.96774 0.0 0.0
8365 11080625 2.9142098540570354 3.5260668521383027 0.96774 0.0 0.0
8366 11080625 2.9190910835836936 3.5763420356191427 0.97536 0.0 0.0
8367 11080625 2.9203853953392365 3.6140036128252335 0.98298 0.0 0.0
8368 11080625 2.924045279917994 3.6567337604224837 0.9906 0.0 0.0
8369 11080625 2.9239294185367193 3.6808371673848885 0.99441 0.0 0.0
8370 11080625 2.9238135571554444 3.704940574347294 0.99822 0.0 0.0
8371 11080625 2.9256178283969687 3.748510464311851 0.99822 0.0 0.0
8372 11080625 2.929321589109124 3.788656228989239 1.00584 0.0 0.0
8373 11080625 2.9312190405343497 3.833597606329366 1.01346 0.0 0.0
8374 11080625 2.9283924808841952 3.850759246367807 1.01346 0.0 0.0
8375 11080625 2.925565921234041 3.8679208864062478 1.01346 0.0 0.0
8376 11080625 2.9300360313889646 3.9060640530360957 1.02108 0.0 0.0
8377 11080625 2.924600524115024 3.939965844165675 1.02108 0.0 0.0
8378 11080625 2.924049109403108 3.9882772841590084 1.0287 0.0 0.0
8379 11080625 2.9239745262723797 4.031526420988158 1.0363200000000001 0.0 0.0
8380 11080625 2.9183565886680958 4.065955198958707 1.0363200000000001 0.0 0.0
8381 11080625 2.915979835606649 4.1103068142034305 1.04394 0.0 0.0
8382 11080625 2.91597789391193 4.126604391735807 1.04394 0.0 0.0
8383 11080625 2.9159759522172113 4.142901969268184 1.04394 0.0 0.0
8384 11080625 2.9106447303102003 4.177120375016398 1.04394 0.0 0.0
8385 11080625 2.9053426373092552 4.22990434833128 1.05156 0.0 0.0
8386 11080625 2.9014979254028175 4.260249405005872 1.05537 0.0 0.0
8387 11080625 2.8976532134963797 4.290594461680464 1.05918 0.0 0.0
8388 11080625 2.8915384002090745 4.319695042317223 1.0668 0.0 0.0
8389 11080625 2.8896852547593763 4.347169984300448 1.07061 0.0 0.0
8390 11080625 2.887832109309678 4.374644926283673 1.0744200000000002 0.0 0.0
8391 11080625 2.879587625352018 4.405375824828457 1.0744200000000002 0.0 0.0
8392 11080625 2.8706052266003255 4.45503976498594 1.08204 0.0 0.0
8393 11080625 2.8656184556187103 4.488678683408225 1.08966 0.0 0.0
8394 11080625 2.853379173168012 4.535434584074198 1.09728 0.0 0.0
8395 11080625 2.846875513949873 4.564428791864834 1.09728 0.0 0.0
8396 11080625 2.8367569463437468 4.599744180979906 1.1049 0.0 0.0
8397 11080625 2.8297379087545425 4.628789997085714 1.1049 0.0 0.0
8398 11080625 2.8248127817867967 4.654464874529781 1.1087099999999999 0.0 0.0
8399 11080625 2.819887654819051 4.680139751973849 1.11252 0.0 0.0
8400 11080625 2.820179674302865 4.6793509439175915 1.1124655777493904 0.0 0.0
8401 11080625 2.820471693786679 4.678562135861333 1.1124111554987806 0.0 0.0
8402 11080625 2.820763713270493 4.677773327805076 1.112356733248171 0.0 0.0
8403 11080625 2.821055732754307 4.676984519748817 1.1123023109975612 0.0 0.0
8404 11080625 2.821347752238121 4.67619571169256 1.1122478887469516 0.0 0.0
8405 11080625 2.821639771721935 4.6754069036363015 1.1121934664963418 0.0 0.0
8406 11080625 2.821931791205749 4.674618095580044 1.1121390442457322 0.0 0.0
8407 11080625 2.822223810689563 4.673829287523786 1.1120846219951224 0.0 0.0
8408 11080625 2.822515830173377 4.673040479467528 1.1120301997445128 0.0 0.0
8409 11080625 2.822807849657191 4.672251671411271 1.1119757774939032 0.0 0.0
8410 11080625 2.823099869141005 4.671462863355012 1.1119213552432934 0.0 0.0
8411 11080625 2.823391888624819 4.670674055298755 1.1118669329926838 0.0 0.0
8412 11080625 2.823683908108633 4.6698852472424965 1.111812510742074 0.0 0.0
8413 11080625 2.8239759275924468 4.669096439186239 1.1117580884914644 0.0 0.0
8414 11080625 2.824267947076261 4.668307631129981 1.1117036662408546 0.0 0.0
8415 11080625 2.824559966560075 4.667518823073723 1.111649243990245 0.0 0.0
8416 11080625 2.824851986043889 4.666730015017465 1.1115948217396352 0.0 0.0
8417 11080625 2.825144005527703 4.665941206961207 1.1115403994890256 0.0 0.0
8418 11080625 2.825436025011517 4.66515239890495 1.111485977238416 0.0 0.0
8419 11080625 2.8257280444953308 4.664363590848692 1.1114315549878062 0.0 0.0
8420 11080625 2.826020063979145 4.663574782792434 1.1113771327371966 0.0 0.0
8421 11080625 2.826312083462959 4.662785974736176 1.1113227104865868 0.0 0.0
8422 11080625 2.826604102946773 4.661997166679918 1.1112682882359772 0.0 0.0
8423 11080625 2.826896122430587 4.66120835862366 1.1112138659853674 0.0 0.0
8424 11080625 2.8271881419144007 4.660419550567402 1.1111594437347578 0.0 0.0
8425 11080625 2.827480161398215 4.659630742511144 1.111105021484148 0.0 0.0
8426 11080625 2.827772180882029 4.658841934454887 1.1110505992335384 0.0 0.0
8427 11080625 2.828064200365843 4.658053126398629 1.1109961769829289 0.0 0.0
8428 11080625 2.828356219849657 4.657264318342371 1.110941754732319 0.0 0.0
8429 11080625 2.828648239333471 4.656475510286113 1.1108873324817095 0.0 0.0
8430 11080625 2.8289402588172847 4.655686702229855 1.1108329102310996 0.0 0.0
8431 11080625 2.829232278301099 4.6548978941735975 1.11077848798049 0.0 0.0
8432 11080625 2.829524297784913 4.654109086117339 1.1107240657298802 0.0 0.0
8433 11080625 2.829816317268727 4.653320278061082 1.1106696434792707 0.0 0.0
8434 11080625 2.830108336752541 4.652531470004823 1.110615221228661 0.0 0.0
8435 11080625 2.8304003562363547 4.651742661948566 1.1105607989780513 0.0 0.0
8436 11080625 2.8306923757201687 4.650953853892308 1.1105063767274417 0.0 0.0
8437 11080625 2.830984395203983 4.65016504583605 1.1104519544768319 0.0 0.0
8438 11080625 2.831276414687797 4.6493762377797925 1.1103975322262223 0.0 0.0
8439 11080625 2.831568434171611 4.648587429723534 1.1103431099756125 0.0 0.0
8440 11080625 2.831860453655425 4.647798621667277 1.1102886877250029 0.0 0.0
8441 11080625 2.8321524731392387 4.647009813611018 1.110234265474393 0.0 0.0
8442 11080625 2.8324444926230528 4.646221005554761 1.1101798432237835 0.0 0.0
8443 11080625 2.832736512106867 4.6454321974985024 1.110125420973174 0.0 0.0
8444 11080625 2.833028531590681 4.644643389442245 1.110070998722564 0.0 0.0
8445 11080625 2.833320551074495 4.6438545813859875 1.1100165764719545 0.0 0.0
8446 11080625 2.833612570558309 4.643065773329729 1.1099621542213447 0.0 0.0
8447 11080625 2.8339045900421227 4.642276965273472 1.1099077319707351 0.0 0.0
8448 11080625 2.8341966095259368 4.641488157217213 1.1098533097201253 0.0 0.0
8449 11080625 2.834488629009751 4.640699349160956 1.1097988874695157 0.0 0.0
8450 11080625 2.834780648493565 4.6399105411046975 1.109744465218906 0.0 0.0
8451 11080625 2.835072667977379 4.63912173304844 1.1096900429682963 0.0 0.0
8452 11080625 2.8353646874611926 4.6383329249921825 1.1096356207176867 0.0 0.0
8453 11080625 2.8356567069450067 4.637544116935924 1.109581198467077 0.0 0.0
8454 11080625 2.835948726428821 4.636755308879667 1.1095267762164673 0.0 0.0
8455 11080625 2.836240745912635 4.635966500823408 1.1094723539658575 0.0 0.0
8456 11080625 2.836532765396449 4.635177692767151 1.109417931715248 0.0 0.0
8457 11080625 2.836824784880263 4.6343888847108925 1.1093635094646381 0.0 0.0
8458 11080625 2.8371168043640766 4.633600076654635 1.1093090872140285 0.0 0.0
8459 11080625 2.8374088238478907 4.632811268598377 1.1092546649634187 0.0 0.0
