9435 10532852 0.9191683977295364 4.466886612202456 0.8153400000000001 0.0 0.0
9436 10532852 0.9190356014295238 4.442044335719781 0.8153400000000001 0.0 0.0
9437 10532852 0.930165540948422 4.356621848780529 0.8153400000000001 0.0 0.0
9438 10532852 0.9334367810768791 4.312323860984073 0.8153400000000001 0.0 0.0
9439 10532852 0.9407230344140163 4.251524965022636 0.8153400000000001 0.0 0.0
9440 10532852 0.9454338575311205 4.183389744888008 0.8153400000000001 0.0 0.0
9441 10532852 0.9468901886089931 4.15458152190279 0.8153400000000001 0.0 0.0
9442 10532852 0.9483465196868657 4.125773298917571 0.8153400000000001 0.0 0.0
9443 10532852 0.9504692859594341 4.0983244919556645 0.8153400000000001 0.0 0.0
9444 10532852 0.957411544656271 4.016374711904415 0.8153400000000001 0.0 0.0
9445 10532852 0.9628342821294241 3.9528557391801193 0.8153400000000001 0.0 0.0
9446 10532852 0.9682570196025773 3.889336766455823 0.8153400000000001 0.0 0.0
9447 10532852 0.97459751276329 3.831067491725571 0.8153400000000001 0.0 0.0
9448 10532852 0.9759145844830329 3.7796978568531197 0.8153400000000001 0.0 0.0
9449 10532852 0.9814974326101082 3.7299715099822595 0.8153400000000001 0.0 0.0
9450 10532852 0.9851949684994152 3.675019870530225 0.8153400000000001 0.0 0.0
9451 10532852 0.9891962404781687 3.6044303035625567 0.8153400000000001 0.0 0.0
9452 10532852 0.9919389165966919 3.5714049121677576 0.8153400000000001 0.0 0.0
9453 10532852 0.9946815927152152 3.538379520772958 0.8153400000000001 0.0 0.0
9454 10532852 0.9980774251106371 3.499883223359841 0.8153400000000001 0.0 0.0
9455 10532852 1.0007055909764853 3.4199288503915803 0.8153400000000001 0.0 0.0
9456 10532852 1.002685037843396 3.364604493532853 0.8153400000000001 0.0 0.0
9457 10532852 1.0081498176140455 3.330806345895553 0.8153400000000001 0.0 0.0
9458 10532852 1.0075456906561766 3.2708354597464755 0.8153400000000001 0.0 0.0
9459 10532852 1.0131405064012553 3.187458305560636 0.8153400000000001 0.0 0.0
9460 10532852 1.0140621626395276 3.1386719990471525 0.8153400000000001 0.0 0.0
9461 10532852 1.0164871457502969 3.101953757590735 0.8153400000000001 0.0 0.0
9462 10532852 1.0189121288610663 3.065235516134318 0.8153400000000001 0.0 0.0
9463 10532852 1.0203561698947095 3.0221201386793823 0.80772 0.0 0.0
9464 10532852 1.022986150550722 2.962260828662652 0.8153400000000001 0.0 0.0
9465 10532852 1.0263305949041726 2.9056730023289687 0.8153400000000001 0.0 0.0
9466 10532852 1.0258838455825974 2.851609474410636 0.8153400000000001 0.0 0.0
9467 10532852 1.0242453617404559 2.7977018250627084 0.8153400000000001 0.0 0.0
9468 10532852 1.0298089017502048 2.7468145868852454 0.8153400000000001 0.0 0.0
9469 10532852 1.028955674448894 2.6980245873216546 0.80772 0.0 0.0
9470 10532852 1.0302295011169706 2.610920042302615 0.80772 0.0 0.0
9471 10532852 1.0321669126387218 2.5665922956335567 0.80772 0.0 0.0
9472 10532852 1.0306070248737575 2.521070964248565 0.80772 0.0 0.0
9473 10532852 1.0313506282758818 2.4635811441880247 0.80772 0.0 0.0
9474 10532852 1.03032648146921 2.4259460728780127 0.80772 0.0 0.0
9475 10532852 1.029302334662538 2.388311001568001 0.80772 0.0 0.0
9476 10532852 1.0285826764723867 2.3342202554724305 0.80772 0.0 0.0
9477 10532852 1.0273819377983835 2.280286771715635 0.80772 0.0 0.0
9478 10532852 1.028824772693652 2.2330833255451856 0.80772 0.0 0.0
9479 10532852 1.0227915547727306 2.1494188446672142 0.80772 0.0 0.0
9480 10532852 1.021947741179487 2.096303484247715 0.80772 0.0 0.0
9481 10532852 1.0208402160681607 2.0429238551588536 0.80772 0.0 0.0
9482 10532852 1.016236161890844 2.012534013950346 0.8153400000000001 0.0 0.0
9483 10532852 1.0159640534454177 1.957362646047006 0.8153400000000001 0.0 0.0
9484 10532852 1.008646359188493 1.8833476767916775 0.8153400000000001 0.0 0.0
9485 10532852 1.0063192491769724 1.8599245134857552 0.8153400000000001 0.0 0.0
9486 10532852 1.0039921391654518 1.8365013501798328 0.8153400000000001 0.0 0.0
9487 10532852 0.9974259217096008 1.7566330859717905 0.8153400000000001 0.0 0.0
9488 10532852 0.9915751865622455 1.7050373394249847 0.8153400000000001 0.0 0.0
9489 10532852 0.988313478086202 1.6513104402050756 0.8153400000000001 0.0 0.0
9490 10532852 0.9821293472943752 1.5984217398896001 0.8153400000000001 0.0 0.0
9491 10532852 0.975854679260817 1.546614104830629 0.8153400000000001 0.0 0.0
9492 10532852 0.9701064663396362 1.4936998239770347 0.8153400000000001 0.0 0.0
9493 10532852 0.9637095966351727 1.4578208604153455 0.8153400000000001 0.0 0.0
9494 10532852 0.9525562745254306 1.3747786678996725 0.8153400000000001 0.0 0.0
9495 10532852 0.9473100354296287 1.3492135424473304 0.8153400000000001 0.0 0.0
9496 10532852 0.9420637963338269 1.323648416994988 0.8153400000000001 0.0 0.0
9497 10532852 0.9356607953012791 1.2687284397376695 0.8153400000000001 0.0 0.0
9498 10532852 0.9231782028007138 1.1979203800441562 0.82296 0.0 0.0
9499 10532852 0.9189958522308841 1.1511537576911743 0.82296 0.0 0.0
9500 10532852 0.9115368114145728 1.0943591890861464 0.82296 0.0 0.0
9501 10532852 0.8991043046798015 1.0400076106170582 0.82296 0.0 0.0
9502 10532852 0.8865968692379886 0.9664038712668551 0.82296 0.0 0.0
9503 10532852 0.8788660850833404 0.9128525155756836 0.82296 0.0 0.0
9504 10532852 0.8742644748267758 0.8770295853359309 0.82296 0.0 0.0
9505 10532852 0.8696628645702111 0.8412066550961783 0.82296 0.0 0.0
9506 10532852 0.8614524381125448 0.7956979637069579 0.82296 0.0 0.0
9507 10532852 0.8532420116548785 0.7501892723177376 0.82296 0.0 0.0
9508 10532852 0.8470729276299446 0.6986978945460822 0.82296 0.0 0.0
9509 10532852 0.8409039814477178 0.6472064905706119 0.82296 0.0 0.0
9510 10532852 0.8307541624568804 0.5930437407640998 0.82296 0.0 0.0
9511 10532852 0.824745223538493 0.5406822930339265 0.82296 0.0 0.0
9512 10532852 0.8200071602478607 0.4990042299722107 0.82296 0.0 0.0
9513 10532852 0.8142798885770087 0.44070940236611034 0.82296 0.0 0.0
9514 10532852 0.8029997529298221 0.3654197754396852 0.82296 0.0 0.0
9515 10532852 0.7941921422795314 0.3112858466798872 0.82296 0.0 0.0
9516 10532852 0.7878172484198975 0.2591609043567056 0.82296 0.0 0.0
9517 10532852 0.7847787388239887 0.23287453685088016 0.81915 0.0 0.0
9518 10532852 0.78174022922808 0.20658816934505472 0.8153400000000001 0.0 0.0
9519 10532852 0.7749789085992254 0.15803594100553814 0.8153400000000001 0.0 0.0
9520 10532852 0.7682175879703708 0.10948371266602157 0.8153400000000001 0.0 0.0
9521 10532852 0.7620755025338849 0.060787588959189905 0.8153400000000001 0.0 0.0
9522 10532852 0.7531786858813724 -0.018084445809536304 0.8153400000000001 0.0 0.0
9523 10532852 0.7442065290328975 -0.0645707332343107 0.8153400000000001 0.0 0.0
9524 10532852 0.7307046956885874 -0.15210201661437892 0.80772 0.0 0.0
9525 10532852 0.7226490579356093 -0.1862704272491818 0.80772 0.0 0.0
9526 10532852 0.7145934201826312 -0.2204388378839847 0.80772 0.0 0.0
9527 10532852 0.7057848265636173 -0.26370737688265333 0.80772 0.0 0.0
9528 10532852 0.691500653088818 -0.34140316494046574 0.80772 0.0 0.0
9529 10532852 0.6822551411846732 -0.3862813297482388 0.80772 0.0 0.0
9530 10532852 0.6668563810646608 -0.4671177086372452 0.8001 0.0 0.0
9531 10532852 0.6558753250654433 -0.5170364766367599 0.8001 0.0 0.0
9532 10532852 0.6449288265354471 -0.5668497010668715 0.8001 0.0 0.0
9533 10532852 0.6418181033919133 -0.5845255940982428 0.8001 0.0 0.0
9534 10532852 0.6387073802483793 -0.602201487129614 0.8001 0.0 0.0
9535 10532852 0.6230571742785361 -0.6827219909715341 0.7924800000000001 0.0 0.0
9536 10532852 0.611991532819586 -0.7383375844499942 0.78486 0.0 0.0
9537 10532852 0.6038257076381108 -0.7959520488632492 0.78486 0.0 0.0
9538 10532852 0.5863175394985232 -0.8631313707172995 0.77724 0.0 0.0
9539 10532852 0.5800833404066472 -0.9148346352431992 0.77724 0.0 0.0
9540 10532852 0.5675854878631561 -0.9693981100316768 0.76962 0.0 0.0
9541 10532852 0.5598061273889972 -1.0176758444976677 0.76962 0.0 0.0
9542 10532852 0.5520267669148382 -1.0659535789636585 0.76962 0.0 0.0
9543 10532852 0.5448902507084539 -1.1136235418419171 0.76962 0.0 0.0
9544 10532852 0.5437289850597945 -1.1756292727932995 0.762 0.0 0.0
9545 10532852 0.5380848548220569 -1.2364039881610576 0.762 0.0 0.0
9546 10532852 0.5412412381297577 -1.2919929191646629 0.762 0.0 0.0
9547 10532852 0.543930681936988 -1.3734813695709922 0.762 0.0 0.0
9548 10532852 0.5461817090125008 -1.3992174796469419 0.75819 0.0 0.0
9549 10532852 0.5484327360880137 -1.4249535897228913 0.75438 0.0 0.0
9550 10532852 0.5653222361870754 -1.4901692364464845 0.75438 0.0 0.0
9551 10532852 0.5813719137262456 -1.544362407647609 0.74676 0.0 0.0
9552 10532852 0.6086965742770929 -1.612986730982603 0.74676 0.0 0.0
9553 10532852 0.6307937672433934 -1.6638980309335163 0.73914 0.0 0.0
9554 10532852 0.6597143867251795 -1.7162204093171174 0.73914 0.0 0.0
9555 10532852 0.6884589100893638 -1.759022219691365 0.73914 0.0 0.0
9556 10532852 0.7242563765063266 -1.803076307440993 0.73152 0.0 0.0
9557 10532852 0.7586338852054588 -1.8446802297073372 0.73152 0.0 0.0
9558 10532852 0.8117486802134802 -1.891469738160041 0.7239000000000001 0.0 0.0
9559 10532852 0.8523041932123108 -1.9234085899267879 0.7239000000000001 0.0 0.0
9560 10532852 0.9192518209184729 -1.9702759597801907 0.7162800000000001 0.0 0.0
9561 10532852 0.9401403773930961 -1.9824724807061915 0.7162800000000001 0.0 0.0
9562 10532852 0.9610289338677194 -1.9946690016321924 0.7162800000000001 0.0 0.0
9563 10532852 1.0445601034185095 -2.027208330247953 0.7086600000000001 0.0 0.0
9564 10532852 1.0951282792854578 -2.0437239890034298 0.7010400000000001 0.0 0.0
9565 10532852 1.151662668554922 -2.0569307790102602 0.7010400000000001 0.0 0.0
9566 10532852 1.2098174329392442 -2.0651756783755624 0.69342 0.0 0.0
9567 10532852 1.260578331770307 -2.06750083940077 0.6858000000000001 0.0 0.0
9568 10532852 1.3030809005191257 -2.0706333884722157 0.6858000000000001 0.0 0.0
9569 10532852 1.3695801509137113 -2.068284494915098 0.6781800000000001 0.0 0.0
9570 10532852 1.4296578158721025 -2.06383808429594 0.67056 0.0 0.0
9571 10532852 1.4849290914284214 -2.0605086046031014 0.67056 0.0 0.0
9572 10532852 1.545417577957132 -2.058882342269387 0.6629400000000001 0.0 0.0
9573 10532852 1.6070778610907734 -2.05366638074228 0.65532 0.0 0.0
9574 10532852 1.6650126103309018 -2.0448971271725496 0.6477 0.0 0.0
9575 10532852 1.7300479225730356 -2.033422669788781 0.6477 0.0 0.0
9576 10532852 1.7717418363540463 -2.025424499560971 0.6400800000000001 0.0 0.0
9577 10532852 1.854370329104583 -1.9927082803155474 0.6400800000000001 0.0 0.0
9578 10532852 1.8769525898472352 -1.9820327489163947 0.6400800000000001 0.0 0.0
9579 10532852 1.8995348505898877 -1.971357217517242 0.6400800000000001 0.0 0.0
9580 10532852 1.968369072384641 -1.9319169104084908 0.6400800000000001 0.0 0.0
9581 10532852 2.007554292984067 -1.8962306203616615 0.63246 0.0 0.0
9582 10532852 2.0432284279768433 -1.8631361225960326 0.63246 0.0 0.0
9583 10532852 2.091896120796098 -1.8092845847984653 0.63246 0.0 0.0
9584 10532852 2.1176224087111137 -1.7631296224972746 0.63246 0.0 0.0
9585 10532852 2.1425314123908317 -1.722198242451039 0.6248400000000001 0.0 0.0
9586 10532852 2.152917615490467 -1.6985457472608603 0.6248400000000001 0.0 0.0
9587 10532852 2.163303818590103 -1.6748932520706816 0.6248400000000001 0.0 0.0
9588 10532852 2.1872904207746817 -1.6014191327447997 0.61722 0.0 0.0
9589 10532852 2.1986725859944825 -1.5502308376714757 0.61722 0.0 0.0
9590 10532852 2.2037218407965984 -1.5037504706487879 0.6096 0.0 0.0
9591 10532852 2.208969927491988 -1.450676401780065 0.6019800000000001 0.0 0.0
9592 10532852 2.212188033575239 -1.3782487681983786 0.6019800000000001 0.0 0.0
9593 10532852 2.2152006087925615 -1.3445374422771135 0.5981700000000001 0.0 0.0
9594 10532852 2.218213184009884 -1.3108261163558483 0.59436 0.0 0.0
9595 10532852 2.218274195023968 -1.2847956814802146 0.59436 0.0 0.0
9596 10532852 2.2185019003075683 -1.2092888939628303 0.58674 0.0 0.0
9597 10532852 2.2182896193051596 -1.1609737851293602 0.58674 0.0 0.0
9598 10532852 2.2191124619006226 -1.1078565942745282 0.57912 0.0 0.0
9599 10532852 2.2185795496234126 -1.0594367305380707 0.57912 0.0 0.0
9600 10532852 2.2183333866496993 -1.011227267020342 0.57912 0.0 0.0
9601 10532852 2.2175124476037893 -0.9468259970618652 0.57912 0.0 0.0
9602 10532852 2.218590064386237 -0.9097959456368009 0.57912 0.0 0.0
9603 10532852 2.2200060784960165 -0.8728179431757442 0.57912 0.0 0.0
9604 10532852 2.2214220926057955 -0.8358399407146876 0.57912 0.0 0.0
9605 10532852 2.2177203211485046 -0.7954971077234098 0.57912 0.0 0.0
9606 10532852 2.216899495790309 -0.7327311175079075 0.57912 0.0 0.0
9607 10532852 2.2177621795658924 -0.6920093959548381 0.57912 0.0 0.0
9608 10532852 2.2154051801318904 -0.6475495810032401 0.57912 0.0 0.0
9609 10532852 2.2137129990515856 -0.6037740696693168 0.57912 0.0 0.0
9610 10532852 2.2129523848144776 -0.538107061666025 0.57912 0.0 0.0
9611 10532852 2.2095780304964245 -0.48969354452634495 0.57912 0.0 0.0
9612 10532852 2.2081363936269107 -0.4495042901415094 0.57912 0.0 0.0
9613 10532852 2.204102122739239 -0.3938660467124041 0.57912 0.0 0.0
9614 10532852 2.203488121137289 -0.3685493833362388 0.57912 0.0 0.0
9615 10532852 2.2028741195353394 -0.34323271996007354 0.57912 0.0 0.0
9616 10532852 2.2042853523733443 -0.28995652946758277 0.57912 0.0 0.0
9617 10532852 2.2024222057027023 -0.2467090070676707 0.57912 0.0 0.0
9618 10532852 2.2032147241373554 -0.17629184984897409 0.5715 0.0 0.0
9619 10532852 2.1994561577684584 -0.1388504247790677 0.5715 0.0 0.0
9620 10532852 2.199204051681356 -0.08795144034478816 0.57912 0.0 0.0
9621 10532852 2.1994504583091326 -0.054562964243209 0.57531 0.0 0.0
9622 10532852 2.1996968649369086 -0.021174488141629838 0.5715 0.0 0.0
9623 10532852 2.1994548509309206 0.027034428556749784 0.5715 0.0 0.0
9624 10532852 2.197627367036577 0.07038736813124877 0.5715 0.0 0.0
9625 10532852 2.199662648216107 0.14460458576657717 0.5715 0.0 0.0
9626 10532852 2.202483482123244 0.19403305779738825 0.57912 0.0 0.0
9627 10532852 2.200863428704855 0.2380193011721193 0.5715 0.0 0.0
9628 10532852 2.20639249977182 0.2903017191352244 0.5715 0.0 0.0
9629 10532852 2.2059618107136174 0.31345602233674663 0.5715 0.0 0.0
9630 10532852 2.207184595893155 0.34792769889828856 0.5715 0.0 0.0
9631 10532852 2.2084073810726927 0.3823993754598305 0.5715 0.0 0.0
9632 10532852 2.200827664520623 0.44457000581131045 0.5715 0.0 0.0
9633 10532852 2.1979235509023187 0.487340263566975 0.5715 0.0 0.0
9634 10532852 2.1867688163619174 0.5358422460765232 0.5715 0.0 0.0
9635 10532852 2.1693417756615885 0.5983084257912474 0.57912 0.0 0.0
9636 10532852 2.1590860007892374 0.6212836346713837 0.57912 0.0 0.0
9637 10532852 2.123337235680672 0.6820233148624163 0.57912 0.0 0.0
9638 10532852 2.113212961229272 0.6964277719150759 0.57912 0.0 0.0
9639 10532852 2.1030886867778724 0.7108322289677355 0.57912 0.0 0.0
9640 10532852 2.0680575819581826 0.7490251204101082 0.57912 0.0 0.0
9641 10532852 2.033847993698317 0.7815761724653715 0.57912 0.0 0.0
9642 10532852 1.9992907635206352 0.8089840102272422 0.57912 0.0 0.0
9643 10532852 1.950222659464223 0.8408978287368397 0.57912 0.0 0.0
9644 10532852 1.901518361489622 0.8684876444489885 0.57912 0.0 0.0
9645 10532852 1.8583114100783695 0.8884411433406337 0.57912 0.0 0.0
9646 10532852 1.8260456104103846 0.8983960202747818 0.57531 0.0 0.0
9647 10532852 1.7937798107423997 0.9083508972089299 0.5715 0.0 0.0
9648 10532852 1.749651490943184 0.9227649285008406 0.5715 0.0 0.0
9649 10532852 1.708275067055643 0.9374486029227644 0.5715 0.0 0.0
9650 10532852 1.661139101711204 0.9470044756825959 0.5715 0.0 0.0
9651 10532852 1.6107979366519203 0.9625143309363585 0.56388 0.0 0.0
9652 10532852 1.569371218597781 0.9716077400770416 0.56388 0.0 0.0
9653 10532852 1.4997927940289346 0.9880287666130277 0.56388 0.0 0.0
9654 10532852 1.4707564346741826 0.9931919203167848 0.56388 0.0 0.0
9655 10532852 1.4231962699967238 1.0025375491405568 0.56388 0.0 0.0
9656 10532852 1.3614540109408177 1.011960596765883 0.55626 0.0 0.0
9657 10532852 1.29262881100064 1.0241655679466342 0.55626 0.0 0.0
9658 10532852 1.2372016539809243 1.0311760059713662 0.55626 0.0 0.0
9659 10532852 1.200010360097481 1.0325792014652795 0.55626 0.0 0.0
9660 10532852 1.147861397552027 1.0387529042402144 0.55626 0.0 0.0
9661 10532852 1.113113663265969 1.0419284199365468 0.55626 0.0 0.0
9662 10532852 1.0783659289799112 1.045103935632879 0.55626 0.0 0.0
9663 10532852 1.0463257675524615 1.0503156919451926 0.55626 0.0 0.0
9664 10532852 0.9735249721654365 1.0530746190511957 0.55626 0.0 0.0
9665 10532852 0.924672090244314 1.0530324571532672 0.55626 0.0 0.0
9666 10532852 0.8774058018813404 1.0578462525534231 0.55626 0.0 0.0
9667 10532852 0.8337371406023159 1.060082780739928 0.55626 0.0 0.0
9668 10532852 0.7767407822484607 1.0568612451126465 0.55626 0.0 0.0
9669 10532852 0.73121309320093 1.0574861108774425 0.55626 0.0 0.0
9670 10532852 0.6939410538565265 1.0589181833575745 0.55626 0.0 0.0
9670 11322591 -0.14559927976300902 4.997462723907563 1.31064 0.0 0.0
9671 11322591 -0.12890856895380298 4.899232083694527 1.31064 0.0 0.0
9671 10532852 0.645087686531344 1.058877947037438 0.55626 0.0 0.0
9672 11322591 -0.11845670175380407 4.848142623333202 1.31064 0.0 0.0
9672 10532852 0.5888152809917242 1.0578745934148022 0.55626 0.0 0.0
9673 11322591 -0.1102831915189566 4.802705790252969 1.3258800000000002 0.0 0.0
9673 10532852 0.522833128103999 1.0584093835942627 0.55626 0.0 0.0
9674 10532852 0.47738287526998 1.056556999243238 0.55626 0.0 0.0
9674 11322591 -0.10210968128410913 4.7572689571727365 1.34112 0.0 0.0
9675 11322591 -0.09403923496839406 4.7073091962979525 1.34112 0.0 0.0
9675 10532852 0.42798993766153004 1.0562271465447037 0.55626 0.0 0.0
9676 10532852 0.38794871325397273 1.0519064203932862 0.55626 0.0 0.0
9676 11322591 -0.0882228112286052 4.6599561862174825 1.34112 0.0 0.0
9677 10532852 0.3497338559615123 1.0511365339328904 0.55626 0.0 0.0
9677 11322591 -0.07909493204671603 4.611870664364344 1.34112 0.0 0.0
9678 11322591 -0.07389939292989345 4.562617753706413 1.34112 0.0 0.0
9678 10532852 0.31151899866905186 1.0503666474724946 0.55626 0.0 0.0
9679 11322591 -0.06328653913102666 4.519070780673311 1.34112 0.0 0.0
9679 10532852 0.26264160135961345 1.0499861548195046 0.54864 0.0 0.0
9680 10532852 0.21895672011142053 1.0483760359523417 0.54864 0.0 0.0
9680 11322591 -0.054959763167671705 4.47124750642359 1.34112 0.0 0.0
9681 10532852 0.1604745991373926 1.0514861444569352 0.54864 0.0 0.0
9681 11322591 -0.04848831135540843 4.424264790188094 1.34112 0.0 0.0
9682 11322591 -0.04139988768623448 4.37550306547253 1.34112 0.0 0.0
9682 10532852 0.1202731792725189 1.0480369284962845 0.54864 0.0 0.0
9683 11322591 -0.03431146401706053 4.326741340756966 1.34112 0.0 0.0
9683 10532852 0.07701745840657359 1.051544761080883 0.55626 0.0 0.0
9684 11322591 -0.02485772020815813 4.281003394602942 1.34112 0.0 0.0
9684 10532852 0.03685038288290443 1.0482015700505114 0.55626 0.0 0.0
9685 11322591 -0.01893546197702145 4.23396688519952 1.34112 0.0 0.0
9685 10532852 -0.02246889985899614 1.0514699059801675 0.56388 0.0 0.0
9686 10532852 -0.06270348643020585 1.0495512795795503 0.56388 0.0 0.0
9686 11322591 -0.009736083614446667 4.186092349843109 1.34112 0.0 0.0
9687 11322591 -0.0031919820973158597 4.140955691151401 1.34112 0.0 0.0
9687 10532852 -0.10761743215799502 1.0463585973764928 0.56388 0.0 0.0
9688 10532852 -0.13912338796309465 1.0477790225774406 0.56388 0.0 0.0
9688 11322591 0.00430056996493644 4.093289027382788 1.34112 0.0 0.0
9689 10532852 -0.1789199594802675 1.0482881240626105 0.56388 0.0 0.0
9689 11322591 0.01179312202718874 4.045622363614175 1.34112 0.0 0.0
9690 11322591 0.021346986842685767 3.9961133601397427 1.34112 0.0 0.0
9690 10532852 -0.2030800388889893 1.0463726512356994 0.56388 0.0 0.0
9691 11322591 0.030900851658182793 3.9466043566653104 1.34112 0.0 0.0
9691 10532852 -0.22724011829771107 1.0444571784087882 0.56388 0.0 0.0
9692 11322591 0.0388724923712247 3.8963276979509334 1.34112 0.0 0.0
9692 10532852 -0.26881401244792325 1.0449636259828134 0.56388 0.0 0.0
9693 11322591 0.047603798387860774 3.8483731155494545 1.31064 0.0 0.0
9693 10532852 -0.30171772128512786 1.0475426968948718 0.55626 0.0 0.0
9694 11322591 0.05367542982933132 3.808912033995517 1.31064 0.0 0.0
9694 10532852 -0.3246295960097201 1.0442847938927622 0.55626 0.0 0.0
9695 10532852 -0.3802417459219496 1.0409694880851574 0.54864 0.0 0.0
9695 11322591 0.05974706127080187 3.769450952441579 1.31064 0.0 0.0
9696 10532852 -0.41534128403520976 1.0381915743216636 0.54864 0.0 0.0
9696 11322591 0.07057716806694903 3.703138706956757 1.31064 0.0 0.0
9697 10532852 -0.4466794374468379 1.0360533448238587 0.54864 0.0 0.0
9697 11322591 0.08140727486309618 3.636826461471936 1.31064 0.0 0.0
9698 11322591 0.09113103205699569 3.583757456773419 1.31064 0.0 0.0
9698 10532852 -0.49068662072796077 1.0345525178614519 0.54864 0.0 0.0
9699 11322591 0.0996004700006598 3.5309234995426992 1.2954 0.0 0.0
9699 10532852 -0.5351685214276065 1.0288842515844516 0.54102 0.0 0.0
9700 10532852 -0.5682020667137051 1.0283523537354344 0.54102 0.0 0.0
9700 11322591 0.10806990794432392 3.478089542311979 1.2801600000000002 0.0 0.0
9701 10532852 -0.608197909571877 1.0255405540972928 0.54102 0.0 0.0
9701 11322591 0.11731165548954553 3.4235427758070767 1.2801600000000002 0.0 0.0
9702 11322591 0.12655340303476714 3.3689960093021747 1.2801600000000002 0.0 0.0
9702 10532852 -0.6273711433032889 1.0233977468598 0.53721 0.0 0.0
9703 11322591 0.13469125435596863 3.311071593233941 1.2801600000000002 0.0 0.0
9703 10532852 -0.6465443770347008 1.021254939622307 0.5334 0.0 0.0
9704 11322591 0.14511851607316206 3.2598761815156188 1.2801600000000002 0.0 0.0
9704 10532852 -0.6878017017971578 1.0183886743590667 0.5334 0.0 0.0
9705 10532852 -0.7454839938150168 1.0103783301975549 0.52578 0.0 0.0
9705 11322591 0.15090872347103734 3.2031869273875313 1.2801600000000002 0.0 0.0
9706 11322591 0.15511059996591742 3.1454398498290783 1.2801600000000002 0.0 0.0
9706 10532852 -0.7859392328517334 1.0072502721439853 0.52578 0.0 0.0
9707 11322591 0.1593124764607975 3.0876927722706253 1.2801600000000002 0.0 0.0
9707 10532852 -0.8224919796548795 0.9975886084475117 0.5181600000000001 0.0 0.0
9708 11322591 0.1702708774910262 3.0386607594731396 1.2801600000000002 0.0 0.0
9708 10532852 -0.8626310788825486 0.9902682518577647 0.5181600000000001 0.0 0.0
9709 10532852 -0.8952890362264272 0.97758066288972 0.5181600000000001 0.0 0.0
9709 11322591 0.1776722935832734 2.9863521027482 1.2801600000000002 0.0 0.0
9710 10532852 -0.9315781422372402 0.968183722069966 0.51054 0.0 0.0
9710 11322591 0.1865261552374784 2.9308814312422045 1.2801600000000002 0.0 0.0
9711 10532852 -0.969419639611004 0.944806795042246 0.51054 0.0 0.0
9711 11322591 0.19392930179415074 2.8793902625727688 1.2801600000000002 0.0 0.0
9712 10532852 -1.0191069168732143 0.9205136410540044 0.51054 0.0 0.0
9712 11322591 0.2013324483508231 2.8278990939033335 1.2801600000000002 0.0 0.0
9713 10532852 -1.0356899145241039 0.9078270964772441 0.51054 0.0 0.0
9713 11322591 0.2074685046783934 2.7706300773477133 1.2801600000000002 0.0 0.0
9714 11322591 0.2111901131084064 2.7168377293989137 1.2801600000000002 0.0 0.0
9714 10532852 -1.0812548987844253 0.8689834237492213 0.50292 0.0 0.0
9715 11322591 0.2213206497435033 2.663637294873307 1.2496800000000001 0.0 0.0
9715 10532852 -1.093712101185167 0.8546555483896368 0.50292 0.0 0.0
9716 10532852 -1.1061693035859086 0.8403276730300522 0.50292 0.0 0.0
9716 11322591 0.2281049401540446 2.6110636354531587 1.2496800000000001 0.0 0.0
9717 10532852 -1.1262305889418676 0.8142909169613335 0.50292 0.0 0.0
9717 11322591 0.23678679340017894 2.5534299785007355 1.2496800000000001 0.0 0.0
9718 11322591 0.24291607083084532 2.4988507822044728 1.2496800000000001 0.0 0.0
9718 10532852 -1.1584372087843546 0.7660546349388563 0.50292 0.0 0.0
9719 11322591 0.25204725235069314 2.442589259545546 1.2496800000000001 0.0 0.0
9719 10532852 -1.175919947753307 0.7288928876656506 0.50292 0.0 0.0
9720 10532852 -1.1821073381569074 0.712689777722759 0.4953 0.0 0.0
9720 11322591 0.2581771876903939 2.3880100150165897 1.2496800000000001 0.0 0.0
9721 11322591 0.26992263933895755 2.3315950315027485 1.2496800000000001 0.0 0.0
9721 10532852 -1.1981588869863227 0.6636098670551743 0.4953 0.0 0.0
9722 10532852 -1.2106465115168656 0.6227114016553755 0.4953 0.0 0.0
9722 11322591 0.27851598840510133 2.275042350714064 1.2344400000000002 0.0 0.0
9723 11322591 0.2871093374712451 2.218489669925379 1.2192 0.0 0.0
9723 10532852 -1.211907721436263 0.602560438797004 0.4953 0.0 0.0
9724 10532852 -1.2179752643626307 0.5503321303247525 0.4953 0.0 0.0
9724 11322591 0.2955781890468181 2.1629125013491395 1.2192 0.0 0.0
9725 11322591 0.30732519540756875 2.1064974565655903 1.2192 0.0 0.0
9725 10532852 -1.2226080617401693 0.5196000835264868 0.48768 0.0 0.0
9726 10532852 -1.2250253527291333 0.4603361351671206 0.48768 0.0 0.0
9726 11322591 0.3155404715203705 2.048783608771701 1.2192 0.0 0.0
9727 11322591 0.3237557476331723 1.9910697609778114 1.2192 0.0 0.0
9727 11120911 0.5059525766967664 0.00264933171686145 0.27432 0.0 0.0
9727 10532852 -1.226528226743526 0.4084844476175843 0.48006 0.0 0.0
9728 11322591 0.33240893119610837 1.934965402192801 1.2192 0.0 0.0
9728 11120911 0.5430091511924855 0.0019027416179577248 0.27813 0.0 0.0
9728 10532852 -1.2272726805933314 0.36818533502372763 0.47243999999999997 0.0 0.0
9729 11120911 0.5800657256882046 0.0011561515190539999 0.28194 0.0 0.0
9729 11322591 0.34142994645201097 1.879441896510349 1.2192 0.0 0.0
9729 10532852 -1.228067543617379 0.34945921832935706 0.47243999999999997 0.0 0.0
9730 11322591 0.34788418805390275 1.824757525341954 1.2192 0.0 0.0
9730 11120911 0.6171223001839237 0.00040956142015027494 0.28575 0.0 0.0
9730 10532852 -1.2288624066414264 0.3307331016349865 0.47243999999999997 0.0 0.0
9731 11120911 0.6541788746796428 -0.0003370286787534502 0.28956000000000004 0.0 0.0
9731 11322591 0.3593126118503893 1.7684472750638767 1.2192 0.0 0.0
9731 10532852 -1.226492076125682 0.28637761577758014 0.47243999999999997 0.0 0.0
9732 10532852 -1.2201265110247996 0.24609010279194463 0.46482000000000007 0.0 0.0
9732 11120911 0.6912354491753618 -0.0010836187776571754 0.29337 0.0 0.0
9732 11322591 0.3676826033802908 1.7139158415414082 1.2192 0.0 0.0
9733 11322591 0.3760525949101922 1.65938440801894 1.2192 0.0 0.0
9733 11120911 0.7282920236710808 -0.0018302088765609 0.29718 0.0 0.0
9733 10532852 -1.212441397902268 0.22721963329891434 0.46482000000000007 0.0 0.0
9734 10532852 -1.193632675308556 0.1668563052702635 0.46482000000000007 0.0 0.0
9734 11322591 0.3844225864400937 1.6048529744964715 1.2192 0.0 0.0
9734 11120911 0.7653485981668 -0.0025767989754646257 0.30099000000000004 0.0 0.0
9735 10532852 -1.1715197754015485 0.12854629824603955 0.46482000000000007 0.0 0.0
9735 11120911 0.802405172662519 -0.0033233890743683504 0.3048 0.0 0.0
9735 11322591 0.3937624573331897 1.5505694413726125 1.2192 0.0 0.0
9736 11120911 0.8394617471582382 -0.004069979173272075 0.30861000000000005 0.0 0.0
9736 10532852 -1.1449542885305102 0.09298649562479597 0.45720000000000005 0.0 0.0
9736 11322591 0.4031023282262857 1.4962859082487538 1.2192 0.0 0.0
9737 11322591 0.4136592562523707 1.4375740386623364 1.2192 0.0 0.0
9737 10532852 -1.1138294566328097 0.06684085394561547 0.45466000000000006 0.0 0.0
9737 11120911 0.8765183216539572 -0.004816569272175801 0.31242000000000003 0.0 0.0
9738 11322591 0.4226034567998368 1.3820765767704803 1.20396 0.0 0.0
9738 11120911 0.9135748961496764 -0.005563159371079526 0.31623 0.0 0.0
9738 10532852 -1.0827046247351093 0.04069521226643496 0.45212 0.0 0.0
9739 10532852 -1.0515797928374089 0.014549570587254451 0.44958000000000004 0.0 0.0
9739 11322591 0.4315476573473028 1.3265791148786243 1.18872 0.0 0.0
9739 11120911 0.9506314706453953 -0.00630974946998325 0.32004000000000005 0.0 0.0
9740 11322591 0.4412626263793668 1.2731664966790022 1.18872 0.0 0.0
9740 11120911 1.000831900481408 -0.00623822802760865 0.32766 0.0 0.0
9740 10532852 -1.0066519983595186 -0.008320076974227902 0.44196 0.0 0.0
9741 11322591 0.4516718947845567 1.2142696683879712 1.18872 0.0 0.0
9741 10532852 -0.9857928972448244 -0.013797136315816555 0.44196 0.0 0.0
9741 11120911 1.025444633135597 -0.00633510986628065 0.33147000000000004 0.0 0.0
9742 11322591 0.4610185267066946 1.1586410305556696 1.18872 0.0 0.0
9742 10532852 -0.9649337961301303 -0.019274195657405208 0.44196 0.0 0.0
9742 11120911 1.050057365789786 -0.00643199170495265 0.33528 0.0 0.0
9743 10532852 -0.9239921224408485 -0.02717009855765487 0.43434000000000006 0.0 0.0
9743 11120911 1.0878303800055078 -0.010419157282001365 0.33909 0.0 0.0
9743 11322591 0.46811426041182586 1.0988412823871203 1.18872 0.0 0.0
9744 11322591 0.4782641409671493 1.0429503737448467 1.18872 0.0 0.0
9744 11120911 1.1256033942212293 -0.01440632285905008 0.34290000000000004 0.0 0.0
9744 10532852 -0.9032149964984888 -0.028822988378996356 0.43434000000000006 0.0 0.0
9745 10532852 -0.8253527210665892 -0.02974625882000506 0.42672000000000004 0.0 0.0
9745 11120911 1.170266708193661 -0.012524785867052982 0.34290000000000004 0.0 0.0
9745 11322591 0.4884140215224727 0.9870594651025731 1.18872 0.0 0.0
9746 11120911 1.2038139223878868 -0.016941754010083188 0.35052000000000005 0.0 0.0
9746 11322591 0.5001691323880965 0.9306440959430883 1.18872 0.0 0.0
9746 10532852 -0.785981715626594 -0.02614537526393787 0.42672000000000004 0.0 0.0
9747 11322591 0.5082427933429501 0.872744919381578 1.18872 0.0 0.0
9747 11120911 1.2415257991688644 -0.018396525429552057 0.35052000000000005 0.0 0.0
9747 10532852 -0.7437893575919385 -0.022064741881186928 0.41910000000000003 0.0 0.0
9748 11120911 1.2957253703780574 -0.021031370233436597 0.35814000000000007 0.0 0.0
9748 11322591 0.5187792818627623 0.8178963922102588 1.17348 0.0 0.0
9748 10532852 -0.699233013877389 -0.01618644078100198 0.41148 0.0 0.0
9749 10532852 -0.664068665098404 -0.010508624170854436 0.41148 0.0 0.0
9749 11322591 0.5293157703825746 0.7630478650389395 1.15824 0.0 0.0
9749 11120911 1.3334026676946795 -0.022591212778870412 0.36576 0.0 0.0
9750 10532852 -0.6446702385753362 -0.008906030407061699 0.40767 0.0 0.0
9750 11322591 0.5398012578263249 0.7080409770036333 1.15824 0.0 0.0
9750 11120911 1.3720202917324729 -0.0239907315028203 0.36576 0.0 0.0
9751 10532852 -0.6252718120522684 -0.007303436643268962 0.40386 0.0 0.0
9751 11322591 0.5502867452700753 0.6530340889683273 1.15824 0.0 0.0
9751 11120911 1.4049209085005294 -0.026647568934243963 0.36956999999999995 0.0 0.0
9752 10532852 -0.5727820872692655 -0.0029666705916373826 0.39624000000000004 0.0 0.0
9752 11322591 0.5571769944364402 0.6120243067887156 1.15824 0.0 0.0
9752 11120911 1.437821525268586 -0.029304406365667626 0.37338 0.0 0.0
9753 11120911 1.4558039012001172 -0.03263726122087137 0.37338 0.0 0.0
9753 11322591 0.5640672436028052 0.5710145246091038 1.15824 0.0 0.0
9753 10532852 -0.5331829966691066 -2.3322650049478755e-05 0.39624000000000004 0.0 0.0
9754 11120911 1.4737862771316483 -0.035970116076075115 0.37338 0.0 0.0
9754 11322591 0.5743634671320096 0.5058668754637039 1.15824 0.0 0.0
9754 10532852 -0.5002491281873878 0.00019221077509953832 0.39624000000000004 0.0 0.0
9755 11322591 0.5846596906612138 0.44071922631830407 1.15824 0.0 0.0
9755 11120911 1.5335349375941374 -0.03901389136537589 0.381 0.0 0.0
9755 10532852 -0.4527124043800137 0.005681647421683672 0.38862 0.0 0.0
9756 11120911 1.5701419377965369 -0.04547999351263601 0.381 0.0 0.0
9756 11322591 0.5949559141904182 0.3755715771729041 1.15824 0.0 0.0
9756 10532852 -0.4199728423710636 0.006662030126245416 0.38862 0.0 0.0
9757 10532852 -0.3699078942317795 0.0063016455459644904 0.381 0.0 0.0
9757 11322591 0.6045674398573229 0.3189233935682771 1.14808 0.0 0.0
9757 11120911 1.615774476556235 -0.04987041370255438 0.38862 0.0 0.0
9758 11120911 1.644781449560385 -0.053503365089715565 0.39624000000000004 0.0 0.0
9758 10532852 -0.3598774326325598 0.0030226848482226842 0.37338 0.0 0.0
9758 11322591 0.6141789655242276 0.26227520996365 1.13792 0.0 0.0
9759 11322591 0.6237904911911323 0.20562702635902297 1.12776 0.0 0.0
9759 11120911 1.6831919473246668 -0.05553455648757677 0.39624000000000004 0.0 0.0
9759 10532852 -0.3064608082703415 0.006123516959120251 0.36576 0.0 0.0
9760 11322591 0.635403964958253 0.1514792425273817 1.12776 0.0 0.0
9760 11120911 1.7200164786228216 -0.062421400593699966 0.40386 0.0 0.0
9760 10532852 -0.2765917325542224 0.0034863823473715028 0.36576 0.0 0.0
9761 11120911 1.7847519079495404 -0.06650771591027566 0.40386 0.0 0.0
9761 11322591 0.6441022668346763 0.09384468031130529 1.12776 0.0 0.0
9761 10532852 -0.24344073963728796 0.003281524368108718 0.35814000000000007 0.0 0.0
9762 11120911 1.8145945599879387 -0.0719315971949129 0.41148 0.0 0.0
9762 10532852 -0.21625987890031617 0.0015234121348219054 0.35433000000000003 0.0 0.0
9762 11322591 0.6526538560057352 0.03847788505833874 1.12776 0.0 0.0
9763 10532852 -0.18907901816334438 -0.00023470009846490725 0.35052000000000005 0.0 0.0
9763 11322591 0.6619047638605643 -0.017467802358995782 1.12776 0.0 0.0
9763 11120911 1.8445415240886067 -0.07581224494126541 0.413385 0.0 0.0
9764 10532852 -0.15658130760458477 8.022297588422544e-06 0.35052000000000005 0.0 0.0
9764 11322591 0.670088227333727 -0.07505066696222398 1.12776 0.0 0.0
9764 11120911 1.8744884881892747 -0.07969289268761792 0.41529000000000005 0.0 0.0
9765 11322591 0.6807364406140408 -0.13378926119014645 1.12776 0.0 0.0
9765 11120911 1.9376029094056397 -0.08955685715610495 0.41910000000000003 0.0 0.0
9765 10532852 -0.12378592596830007 -0.00019691286579384681 0.34290000000000004 0.0 0.0
9766 11120911 1.9562273806448585 -0.0928936801139852 0.42291 0.0 0.0
9766 10532852 -0.08370854732990307 0.00013887235238765894 0.33528 0.0 0.0
9766 11322591 0.6888974474248726 -0.19171506357098042 1.12776 0.0 0.0
9767 11322591 0.697852094190574 -0.24721305945444197 1.12776 0.0 0.0
9767 10532852 -0.050878753965663215 3.982807595850901e-05 0.33528 0.0 0.0
9767 11120911 1.974851851884077 -0.09623050307186545 0.42672000000000004 0.0 0.0
9768 10532852 -0.02923077784259487 -0.001661672786351237 0.32766 0.0 0.0
9768 11322591 0.7035719391426556 -0.30445788093809 1.12776 0.0 0.0
9768 11120911 2.0166086835106394 -0.10052094624843846 0.42672000000000004 0.0 0.0
9769 10532852 0.027808835261748488 0.0016592098283032541 0.32004000000000005 0.0 0.0
9769 11322591 0.7125272944075065 -0.35995592077658134 1.12776 0.0 0.0
9769 11120911 2.062329125325295 -0.1100773697253564 0.42672000000000004 0.0 0.0
9770 11322591 0.7182823148676637 -0.4170952381268386 1.12776 0.0 0.0
9770 11120911 2.0936399531364835 -0.11481128849698763 0.43434000000000006 0.0 0.0
9770 10532852 0.06074198391051244 0.001877345201399705 0.32004000000000005 0.0 0.0
9771 10532852 0.09440852907489139 0.001622259099103518 0.31242000000000003 0.0 0.0
9771 11120911 2.1293755647268444 -0.12122358010387743 0.43434000000000006 0.0 0.0
9771 11322591 0.7266520768670753 -0.4743878125612254 1.12776 0.0 0.0
9772 10532852 0.1318022602600497 0.0019016158306901787 0.31242000000000003 0.0 0.0
9772 11120911 2.1850120034232967 -0.13413396820497642 0.44196 0.0 0.0
9772 11322591 0.73619480092475 -0.5280914245732699 1.12776 0.0 0.0
9773 11120911 2.2206216282035953 -0.14038782759864377 0.44196 0.0 0.0
9773 11322591 0.7419508559712856 -0.5852308203670246 1.12776 0.0 0.0
9773 10532852 0.14407133448675657 0.0013966331721695924 0.3048 0.0 0.0
9774 10532852 0.1966933231916389 0.0020734803185711304 0.29718 0.0 0.0
9774 11120911 2.263431826738741 -0.14688988697242836 0.44958000000000004 0.0 0.0
9774 11322591 0.7470521644650829 -0.6443758747390796 1.11252 0.0 0.0
9775 11120911 2.298883142654981 -0.14982071463428673 0.44958000000000004 0.0 0.0
9775 11322591 0.7521534729588804 -0.7035209291111347 1.09728 0.0 0.0
9775 10532852 0.23407790112841187 0.0050433998002905045 0.29718 0.0 0.0
9776 10532852 0.26317107438257703 0.0071014947416215835 0.29718 0.0 0.0
9776 11322591 0.7575092894387725 -0.7605293211749686 1.09728 0.0 0.0
9776 11120911 2.3233580199732167 -0.15781207492196161 0.44958000000000004 0.0 0.0
9777 11322591 0.7629047676637746 -0.8187772208237514 1.09728 0.0 0.0
9777 10532852 0.2950944885434814 0.006949628384379847 0.29718 0.0 0.0
9777 11120911 2.376995423250741 -0.15943766452681432 0.45720000000000005 0.0 0.0
9778 11322591 0.7683002458887765 -0.877025120472534 1.09728 0.0 0.0
9778 10532852 0.3280617730255364 0.007274558803063269 0.29718 0.0 0.0
9778 11120911 2.42314197126639 -0.16632717970437474 0.45720000000000005 0.0 0.0
9779 11120911 2.4679769553261703 -0.16227451526900752 0.46482000000000007 0.0 0.0
9779 11322591 0.7732059937302128 -0.9245401493336158 1.09728 0.0 0.0
9779 10532852 0.35933873821363516 0.0024273972361971152 0.3048 0.0 0.0
9780 11120911 2.5055844959198685 -0.16403924375387238 0.46482000000000007 0.0 0.0
9780 11322591 0.778111741571649 -0.9720551781946977 1.09728 0.0 0.0
9780 10532852 0.381344115766813 0.003180534303110716 0.3048 0.0 0.0
9781 11120911 2.5475541186471524 -0.15788246109612072 0.47243999999999997 0.0 0.0
9781 11322591 0.7830174894130852 -1.0195702070557795 1.09728 0.0 0.0
9781 10532852 0.4033494933199908 0.0039336713700243164 0.3048 0.0 0.0
9782 11120911 2.580029399763538 -0.15224711431389754 0.47243999999999997 0.0 0.0
9782 10532852 0.4458769074370405 0.0009012922294036052 0.31242000000000003 0.0 0.0
9782 11322591 0.7907139168177171 -1.1074836665657726 1.09728 0.0 0.0
9783 11120911 2.6125046808799235 -0.14661176753167435 0.47243999999999997 0.0 0.0
9783 11322591 0.7953731190330933 -1.1639134199133172 1.09728 0.0 0.0
9783 10532852 0.48223519853812635 0.0011410897822869241 0.31242000000000003 0.0 0.0
9784 11322591 0.8000323212484695 -1.2203431732608618 1.09728 0.0 0.0
9784 10532852 0.5185934896392121 0.001380887335170243 0.31242000000000003 0.0 0.0
9784 11120911 2.6422746468495193 -0.13974259238175943 0.48006 0.0 0.0
9785 10532852 0.550054664679271 0.0007678388617409319 0.31242000000000003 0.0 0.0
9785 11120911 2.679892035057398 -0.1251552581168147 0.48006 0.0 0.0
9785 11322591 0.8061546636425858 -1.2763745629707035 1.09728 0.0 0.0
9786 10532852 0.5815158397193299 0.00015479038831162084 0.31242000000000003 0.0 0.0
9786 11322591 0.812277006036702 -1.3324059526805452 1.09728 0.0 0.0
9786 11120911 2.718449561667825 -0.1104074292787677 0.48006 0.0 0.0
9787 10532852 0.5991329999226567 0.005146295896208117 0.31242000000000003 0.0 0.0
9787 11322591 0.818055181732996 -1.3894929958039763 1.09728 0.0 0.0
9787 11120911 2.7561700068003216 -0.09550300329918468 0.48768 0.0 0.0
9788 11322591 0.82383335742929 -1.4465800389274075 1.09728 0.0 0.0
9788 10532852 0.6432558727769107 0.004280844540712168 0.31623 0.0 0.0
9788 11120911 2.8095479896560906 -0.06935539983240932 0.48768 0.0 0.0
9789 10532852 0.6873787456311645 0.00341539318521622 0.32004000000000005 0.0 0.0
9789 11120911 2.8287317176049593 -0.05751117666809999 0.49149 0.0 0.0
9789 11322591 0.8292969393651681 -1.5032721348111666 1.09728 0.0 0.0
9790 10532852 0.734861854960309 0.0033217646479217003 0.32385 0.0 0.0
9790 11120911 2.847915445553828 -0.04566695350379066 0.4953 0.0 0.0
9790 11322591 0.8361151767363924 -1.5585374770892677 1.09728 0.0 0.0
9791 11120911 2.891253425176574 -0.011919272608058334 0.4953 0.0 0.0
9791 10532852 0.7823449642894534 0.0032281361106271805 0.32766 0.0 0.0
9791 11322591 0.8398611860184355 -1.6123318853305204 1.09728 0.0 0.0
9792 11322591 0.8468179832647398 -1.6671750377150187 1.09728 0.0 0.0
9792 10532852 0.8211616438806228 0.003271693491971897 0.33059076923076924 0.0 0.0
9792 11120911 2.9220898053936546 0.015629618718141253 0.50292 0.0 0.0
9793 11120911 2.951056292721657 0.041803082749292425 0.50292 0.0 0.0
9793 11322591 0.8521794110177764 -1.7241839261101142 1.09728 0.0 0.0
9793 10532852 0.8599783234717923 0.0033152508733166127 0.3335215384615385 0.0 0.0
9794 10532852 0.8987950030629617 0.003358808254661329 0.3364523076923077 0.0 0.0
9794 11120911 2.9799822691171203 0.07710151080595948 0.51054 0.0 0.0
9794 11322591 0.8564078887821927 -1.7781357253649201 1.09728 0.0 0.0
9795 11120911 3.0063501611225343 0.11054822902398961 0.51054 0.0 0.0
9795 10532852 0.937611682654131 0.0034023656360060448 0.3393830769230769 0.0 0.0
9795 11322591 0.8621944540035527 -1.8349328610289917 1.09728 0.0 0.0
9796 10532852 0.9764283622453005 0.003445923017350761 0.34231384615384614 0.0 0.0
9796 11322591 0.8663578397372476 -1.8928936252836703 1.09728 0.0 0.0
9796 11120911 3.0409626764286797 0.16490063852362888 0.5181600000000001 0.0 0.0
9797 11120911 3.051520145759557 0.1803786797765954 0.52197 0.0 0.0
9797 11322591 0.8705212254709426 -1.950854389538349 1.09728 0.0 0.0
9797 10532852 1.0152450418364698 0.0034894803986954773 0.34524461538461537 0.0 0.0
9798 11322591 0.8728211693948786 -2.009082558607141 1.09728 0.0 0.0
9798 11120911 3.062077615090434 0.19585672102956195 0.52578 0.0 0.0
9798 10532852 1.0540617214276393 0.003533037780040193 0.3481753846153846 0.0 0.0
9799 11322591 0.87661367249383 -2.065461718781469 1.09728 0.0 0.0
9799 11120911 3.0823758049828616 0.2414478251520433 0.5334 0.0 0.0
9799 10532852 1.0928784010188086 0.0035765951613849095 0.35110615384615385 0.0 0.0
9800 10532852 1.131695080609978 0.0036201525427296257 0.3540369230769231 0.0 0.0
9800 11120911 3.0979637975364707 0.2715212701341947 0.5334 0.0 0.0
9800 11322591 0.8812877825165585 -2.1245820431154403 1.09728 0.0 0.0
9801 10532852 1.1705117602011474 0.0036637099240743416 0.35696769230769226 0.0 0.0
9801 11322591 0.8843176967693438 -2.18193858934652 1.0820400000000001 0.0 0.0
9801 11120911 3.119237559630575 0.31901345108017676 0.54102 0.0 0.0
9802 11322591 0.8873476110221292 -2.2392951355776 1.0668 0.0 0.0
9802 11120911 3.13529705633879 0.35161977422764945 0.54102 0.0 0.0
9802 10532852 1.2093284397923167 0.003707267305419058 0.3598984615384615 0.0 0.0
9803 10532852 1.2481451193834863 0.0037508246867637737 0.36282923076923074 0.0 0.0
9803 11322591 0.8903781326986704 -2.296651749229609 1.0668 0.0 0.0
9803 11120911 3.153285732823674 0.38932037707281075 0.54102 0.0 0.0
9804 10532852 1.2869617989746556 0.00379438206810849 0.36576 0.0 0.0
9804 11322591 0.8934086543752117 -2.354008362881617 1.0668 0.0 0.0
9804 11120911 3.166035688249451 0.4283805507352956 0.54864 0.0 0.0
9805 10532852 1.3340507159866297 -0.0004894641505143599 0.36576 0.0 0.0
9805 11120911 3.182152660681325 0.46143539227765895 0.54864 0.0 0.0
9805 11322591 0.8963708293570474 -2.4115761671916416 1.0668 0.0 0.0
9806 11120911 3.199889370192106 0.5184929270468636 0.55626 0.0 0.0
9806 11322591 0.899333004338883 -2.469143971501666 1.0668 0.0 0.0
9806 10532852 1.3727291242557478 0.0026472698565367936 0.36576 0.0 0.0
9807 10532852 1.412848012685585 0.0004070513668131548 0.37338 0.0 0.0
9807 11120911 3.2125948006469827 0.541096561081048 0.55626 0.0 0.0
9807 11322591 0.9001122070946027 -2.5244215911658756 1.0668 0.0 0.0
9808 11120911 3.2286626033481687 0.5876013256387687 0.56388 0.0 0.0
9808 10532852 1.4496693857048868 0.0043843992956074385 0.37338 0.0 0.0
9808 11322591 0.9008914098503225 -2.5796992108300856 1.0668 0.0 0.0
9809 10532852 1.4809707417023517 0.0023378402934456782 0.37338 0.0 0.0
9809 11120911 3.2394040706394405 0.6232285514470088 0.56388 0.0 0.0
9809 11322591 0.9067395650189586 -2.6368659061537287 1.0668 0.0 0.0
9810 10532852 1.5122720976998165 0.000291281291283918 0.37338 0.0 0.0
9810 11120911 3.251287435687563 0.6514740747281729 0.56769 0.0 0.0
9810 11322591 0.9080828920443188 -2.6898743733576707 1.0668 0.0 0.0
9811 11120911 3.2631708007356854 0.6797195980093369 0.5715 0.0 0.0
9811 10532852 1.552234076401419 0.003009626876372823 0.381 0.0 0.0
9811 11322591 0.9087467565785691 -2.747684209307532 1.0668 0.0 0.0
9812 11322591 0.9093321246672696 -2.8030151060629174 1.0668 0.0 0.0
9812 11120911 3.274424075926741 0.7087548771298707 0.57912 0.0 0.0
9812 10532852 1.617190570284029 0.003405598401996973 0.381 0.0 0.0
9813 11120911 3.2872428713564474 0.7480262357856868 0.57912 0.0 0.0
9813 10532852 1.6356515570844936 0.003918001989179937 0.381 0.0 0.0
9813 11322591 0.9098832705205474 -2.858451598432891 1.0668 0.0 0.0
9814 11322591 0.9108878964561543 -2.913860883394266 1.05156 0.0 0.0
9814 11120911 3.2984076292960616 0.7822303244412988 0.58674 0.0 0.0
9814 10532852 1.6884095743739045 0.006663267338674422 0.38862 0.0 0.0
9815 11322591 0.9118925223917612 -2.969270168355641 1.0363200000000001 0.0 0.0
9815 10532852 1.7374173692983659 0.008530904555566543 0.38862 0.0 0.0
9815 11120911 3.307278515988088 0.8148468476520296 0.58674 0.0 0.0
9816 10532852 1.7819646807439917 0.010336927769756199 0.38862 0.0 0.0
9816 11322591 0.9131768921534926 -2.998661231908166 1.0363200000000001 0.0 0.0
9816 11120911 3.320943901738538 0.8512719167122411 0.59436 0.0 0.0
9817 10532852 1.8486288429551019 0.010527558363448097 0.39624000000000004 0.0 0.0
9817 11322591 0.914461261915224 -3.028052295460691 1.0363200000000001 0.0 0.0
9817 11120911 3.3337626999730334 0.8905432846499365 0.6019800000000001 0.0 0.0
9818 11322591 0.9176862091043209 -3.1419544338855023 1.0363200000000001 0.0 0.0
9818 11120911 3.343598469638567 0.92611571501856 0.6019800000000001 0.0 0.0
9818 10532852 1.8934737275793116 0.011886560130041107 0.40386 0.0 0.0
9819 11322591 0.9184556882140644 -3.1994478657944256 1.0363200000000001 0.0 0.0
9819 10532852 1.938490892649494 0.013773660160767198 0.41148 0.0 0.0
9819 11120911 3.3546598609305383 0.9600031065984648 0.6096 0.0 0.0
9820 10532852 1.9847930261857685 0.016876881873442495 0.41148 0.0 0.0
9820 11322591 0.9213826316829191 -3.255776670759121 1.0363200000000001 0.0 0.0
9820 11120911 3.368256885398239 1.015257915000991 0.61722 0.0 0.0
9821 11120911 3.3738392802925565 1.0323599624008093 0.61722 0.0 0.0
9821 10532852 2.025054768282327 0.023237955271634164 0.41910000000000003 0.0 0.0
9821 11322591 0.9216020349916922 -3.313323996771789 1.0363200000000001 0.0 0.0
9822 11120911 3.379421675186874 1.0494620098006275 0.61722 0.0 0.0
9822 10532852 2.0741420179143892 0.0250817074873064 0.42672000000000004 0.0 0.0
9822 11322591 0.9243217906960524 -3.3719214290744906 1.0363200000000001 0.0 0.0
9823 10532852 2.110718460188023 0.029200535822763274 0.42862500000000003 0.0 0.0
9823 11322591 0.9241516760780724 -3.429575085884636 1.0363200000000001 0.0 0.0
9823 11120911 3.390793220943225 1.0842995157569688 0.61722 0.0 0.0
9824 11120911 3.3971096934676783 1.1199693725554738 0.6248400000000001 0.0 0.0
9824 11322591 0.9251071584669106 -3.48514304037971 1.0363200000000001 0.0 0.0
9824 10532852 2.147294902461657 0.03331936415822015 0.4305300000000001 0.0 0.0
9825 11322591 0.9255348380051215 -3.5416483530539065 1.02108 0.0 0.0
9825 10532852 2.213806522138356 0.038352446614457164 0.44196 0.0 0.0
9825 11120911 3.4080340329935543 1.1724753085951918 0.6248400000000001 0.0 0.0
9826 11322591 0.9259625175433324 -3.5981536657281032 1.00584 0.0 0.0
9826 11120911 3.414340101720656 1.1917942834043709 0.63246 0.0 0.0
9826 10532852 2.239027443598305 0.040806037319267546 0.44196 0.0 0.0
9827 10532852 2.264248365058254 0.04325962802407793 0.44196 0.0 0.0
9827 11120911 3.4272374029984274 1.245992545990935 0.63246 0.0 0.0
9827 11322591 0.9261950172380258 -3.6559385691831148 1.00584 0.0 0.0
9828 11322591 0.9264275169327192 -3.713723472638126 1.00584 0.0 0.0
9828 11120911 3.435231267532047 1.2870725269060055 0.6400800000000001 0.0 0.0
9828 10532852 2.315630364876715 0.0483274134065286 0.44958000000000004 0.0 0.0
9829 11322591 0.9239193291871814 -3.7703797099875964 1.00584 0.0 0.0
9829 11120911 3.446396157416415 1.3212766055629757 0.6400800000000001 0.0 0.0
9829 10532852 2.3539168632470764 0.051363149695622695 0.45720000000000005 0.0 0.0
9830 11322591 0.9246228602370057 -3.828084663011373 1.00584 0.0 0.0
9830 10532852 2.4107928669869088 0.05966087712142662 0.46482000000000007 0.0 0.0
9830 11120911 3.450026638301953 1.3511647166133545 0.6400800000000001 0.0 0.0
9831 10532852 2.447991297466184 0.06480459552062887 0.46482000000000007 0.0 0.0
9831 11120911 3.457779418636492 1.3915056924692137 0.6477 0.0 0.0
9831 11322591 0.9243859057000912 -3.8859497367314955 1.00584 0.0 0.0
9832 10532852 2.4948435632485095 0.06960017302672031 0.47243999999999997 0.0 0.0
9832 11322591 0.924497078631401 -3.9147235987823477 1.00584 0.0 0.0
9832 11120911 3.47607751884859 1.447562360210376 0.6477 0.0 0.0
9833 11120911 3.4824870232517258 1.46719803036898 0.65532 0.0 0.0
9833 10532852 2.5356553942328244 0.07765316744004677 0.48006 0.0 0.0
9833 11322591 0.9246082515627108 -3.9434974608332003 1.00584 0.0 0.0
9834 11120911 3.5003716091398385 1.5219878875806374 0.65532 0.0 0.0
9834 10532852 2.5812816579151887 0.08413450574063994 0.48006 0.0 0.0
9834 11322591 0.9264745988292198 -4.061860624279432 0.97536 0.0 0.0
9835 11322591 0.9274674511070569 -4.117323398774723 0.97536 0.0 0.0
9835 11120911 3.5166478657257434 1.5541730731755068 0.6629400000000001 0.0 0.0
9835 10532852 2.6229053703445153 0.08923601971611558 0.48768 0.0 0.0
9836 11322591 0.928426093534884 -4.172891770539222 0.97536 0.0 0.0
9836 10532852 2.6811218094745524 0.09756519411764705 0.4953 0.0 0.0
9836 11120911 3.5278127855153176 1.5883771586126139 0.6629400000000001 0.0 0.0
9837 11322591 0.9243343045671362 -4.234404242962005 0.97536 0.0 0.0
9837 10532852 2.705606242019093 0.10592626053836282 0.4953 0.0 0.0
9837 11120911 3.5376566251373442 1.6096953935127833 0.6667500000000001 0.0 0.0
9838 11120911 3.547500464759371 1.6310136284129528 0.67056 0.0 0.0
9838 10532852 2.7456345013351986 0.10886242794095721 0.50292 0.0 0.0
9838 11322591 0.9271276311159642 -4.292791130656107 0.97536 0.0 0.0
9839 10532852 2.7806019548483363 0.11397668282109777 0.50673 0.0 0.0
9839 11120911 3.5689249925901905 1.6653732802611914 0.67056 0.0 0.0
9839 11322591 0.9297262133658539 -4.351231183926887 0.97536 0.0 0.0
9840 10532852 2.8155694083614744 0.11909093770123833 0.51054 0.0 0.0
9840 11322591 0.9309911908223244 -4.380556792599935 0.97536 0.0 0.0
9840 11120911 3.5751718263388614 1.6817911967383832 0.67056 0.0 0.0
9841 11120911 3.607073385664351 1.733290675140026 0.6781800000000001 0.0 0.0
9841 10532852 2.8590827972094814 0.12182446008212874 0.51054 0.0 0.0
9841 11322591 0.9322561682787949 -4.409882401272983 0.97536 0.0 0.0
9842 11322591 0.9348509586890381 -4.526029310944754 0.97536 0.0 0.0
9842 10532852 2.9031228184475824 0.12345176593078308 0.51054 0.0 0.0
9842 11120911 3.6219930062664547 1.7599610983873788 0.6819900000000001 0.0 0.0
9843 10532852 2.938252350621368 0.12226399861661483 0.51054 0.0 0.0
9843 11120911 3.6369126268685585 1.7866315216347315 0.6858000000000001 0.0 0.0
9843 11322591 0.9403069434446851 -4.585518877785024 0.97536 0.0 0.0
9844 10532852 2.9791859112725376 0.1252562398998139 0.5181600000000001 0.0 0.0
9844 11322591 0.9427867804063516 -4.643919801635898 0.96012 0.0 0.0
9844 11120911 3.6633112433355137 1.837590969361374 0.69342 0.0 0.0
9845 10532852 3.021674996071961 0.12213373925162316 0.52578 0.0 0.0
9845 11322591 0.945266617368018 -4.702320725486772 0.9448799999999999 0.0 0.0
9845 11120911 3.6840337036740625 1.8684417428060176 0.69342 0.0 0.0
9846 10532852 3.088108656564664 0.1270825556346121 0.5334 0.0 0.0
9846 11322591 0.9479131929458182 -4.760892809362818 0.9448799999999999 0.0 0.0
9846 11120911 3.6999082921719397 1.9007581122260746 0.69342 0.0 0.0
9847 11322591 0.954405236569881 -4.815580357544162 0.9448799999999999 0.0 0.0
9847 10532852 3.1292486625332243 0.13070906831904414 0.5334 0.0 0.0
9847 11120911 3.7327905051343944 1.9457463682463039 0.7010400000000001 0.0 0.0
9848 11120911 3.754320329501164 1.9845107940835403 0.7086600000000001 0.0 0.0
9848 10532852 3.1762566231582605 0.13055141486579766 0.5334 0.0 0.0
9848 11322591 0.9578565145319138 -4.871961860160907 0.9448799999999999 0.0 0.0
9849 11322591 0.9578532587095272 -4.871961971359141 0.9448016269284711 0.0 0.0
9849 11120911 3.7754090492004924 2.0151252713116508 0.7086600000000001 0.0 0.0
9849 10532852 3.214290123077915 0.13554277734220885 0.54102 0.0 0.0
9850 11120911 3.796062117387546 2.0457651487295765 0.7162800000000001 0.0 0.0
9850 10532852 3.259269666228813 0.1373326544507266 0.54102 0.0 0.0
9850 11322591 0.9578500028871406 -4.871962082557377 0.9447232538569424 0.0 0.0
9851 10532852 3.304111289742364 0.13870053989800155 0.54864 0.0 0.0
9851 11120911 3.821562760725601 2.074939601116999 0.7162800000000001 0.0 0.0
9851 11322591 0.957846747064754 -4.8719621937556115 0.9446448807854136 0.0 0.0
9852 11120911 3.8310869993152545 2.0905214294871866 0.7200900000000001 0.0 0.0
9852 11322591 0.9578434912423676 -4.871962304953847 0.944566507713885 0.0 0.0
9852 10532852 3.3531961751199537 0.14218821235355614 0.54864 0.0 0.0
9853 10532852 3.376815539907437 0.1438246120664521 0.54864 0.0 0.0
9853 11322591 0.957840235419981 -4.871962416152082 0.9444881346423561 0.0 0.0
9853 11120911 3.840611237904908 2.106103257857374 0.7239000000000001 0.0 0.0
9854 11322591 0.9578369795975944 -4.871962527350317 0.9444097615708275 0.0 0.0
9854 11120911 3.8685829155264724 2.145568730324566 0.7239000000000001 0.0 0.0
9854 10532852 3.4004349046949205 0.1454610117793481 0.54864 0.0 0.0
9855 11322591 0.9578337237752078 -4.871962638548552 0.9443313884992987 0.0 0.0
9855 10532852 3.4725380931138834 0.15282634805253145 0.55626 0.0 0.0
9855 11120911 3.8915069979149157 2.1790887345570678 0.7277100000000001 0.0 0.0
9856 11322591 0.9578304679528212 -4.871962749746787 0.94425301542777 0.0 0.0
9856 11120911 3.914431080303359 2.212608738789569 0.73152 0.0 0.0
9856 10532852 3.5171032989876814 0.1581113973759888 0.5600700000000001 0.0 0.0
9857 11120911 3.935840523709339 2.2439363816878815 0.73152 0.0 0.0
9857 11322591 0.9578272121304346 -4.871962860945022 0.9441746423562412 0.0 0.0
9857 10532852 3.561668504861479 0.16339644669944617 0.56388 0.0 0.0
9858 11120911 3.9569516097883444 2.2748941615812037 0.73914 0.0 0.0
9858 11322591 0.9578239563080481 -4.8719629721432565 0.9440962692847125 0.0 0.0
9858 10532852 3.5962158040067793 0.16859275946811322 0.56388 0.0 0.0
9859 11322591 0.9578207004856615 -4.871963083341492 0.9440178962131837 0.0 0.0
9859 11120911 3.978681735992004 2.306117173100025 0.73914 0.0 0.0
9859 10532852 3.637964726799537 0.17681245342897975 0.5715 0.0 0.0
9860 11120911 3.9947965690995435 2.339172972097264 0.74676 0.0 0.0
9860 11322591 0.957817444663275 -4.871963194539727 0.943939523141655 0.0 0.0
9860 10532852 3.6882108190675167 0.18821690945058853 0.5715 0.0 0.0
9861 10532852 3.7306754251814587 0.20624941113653025 0.57912 0.0 0.0
9861 11120911 4.017171532887697 2.3750917981810136 0.74676 0.0 0.0
9861 11322591 0.9578141888408884 -4.871963305737962 0.9438611500701262 0.0 0.0
9862 11322591 0.9578109330185018 -4.871963416936197 0.9437827769985975 0.0 0.0
9862 11120911 4.038798020923286 2.4059982369691855 0.74676 0.0 0.0
9862 10532852 3.7693772478500476 0.2203702001708093 0.58674 0.0 0.0
9863 11120911 4.057153799689634 2.430963277668657 0.75438 0.0 0.0
9863 10532852 3.809563648610162 0.24557115765938894 0.58674 0.0 0.0
9863 11322591 0.9578076771961153 -4.871963528134432 0.9437044039270687 0.0 0.0
9864 11120911 4.074082934014212 2.465155121394535 0.75438 0.0 0.0
9864 10532852 3.846609077142978 0.27203081740092083 0.59436 0.0 0.0
9864 11322591 0.9578044213737287 -4.871963639332667 0.9436260308555399 0.0 0.0
9865 11322591 0.9578011655513421 -4.871963750530902 0.9435476577840112 0.0 0.0
9865 10532852 3.8739523140937857 0.2932460126341724 0.6019800000000001 0.0 0.0
9865 11120911 4.095768416335046 2.498962736622993 0.762 0.0 0.0
9866 11120911 4.114800700681211 2.524641541626616 0.762 0.0 0.0
9866 10532852 3.9035043738519386 0.32939337291332715 0.6019800000000001 0.0 0.0
9866 11322591 0.9577979097289555 -4.871963861729137 0.9434692847124824 0.0 0.0
9867 11120911 4.1449856316787566 2.568174384091363 0.76962 0.0 0.0
9867 10532852 3.9299457999684586 0.35872936725823434 0.6096 0.0 0.0
9867 11322591 0.9577946539065689 -4.871963972927372 0.9433909116409537 0.0 0.0
9868 10532852 3.9590782865218443 0.40447551814066474 0.6096 0.0 0.0
9868 11120911 4.163910157486001 2.604401768974722 0.76962 0.0 0.0
9868 11322591 0.9577913980841825 -4.871964084125607 0.9433125385694249 0.0 0.0
9869 11120911 4.185161358756863 2.640687497821512 0.77724 0.0 0.0
9869 11322591 0.9577881422617959 -4.871964195323842 0.9432341654978962 0.0 0.0
9869 10532852 3.971686436180538 0.44311473313322924 0.61722 0.0 0.0
9870 11120911 4.207752941936231 2.676185328788139 0.77724 0.0 0.0
9870 11322591 0.9577848864394093 -4.871964306522077 0.9431557924263674 0.0 0.0
9870 10532852 3.989108882346896 0.4801830259152359 0.61722 0.0 0.0
9871 11120911 4.231327391070938 2.707624314568731 0.77724 0.0 0.0
9871 11322591 0.9577816306170227 -4.871964417720312 0.9430774193548387 0.0 0.0
9871 10532852 4.00171700703368 0.5188222545035408 0.61722 0.0 0.0
9872 10532852 4.005631172534349 0.5389801095823552 0.61722 0.0 0.0
9872 11322591 0.9577783747946361 -4.871964528918547 0.9429990462833099 0.0 0.0
9872 11120911 4.253701274981543 2.743543681037643 0.78486 0.0 0.0
9873 10532852 4.009545338035018 0.5591379646611696 0.61722 0.0 0.0
9873 11120911 4.2698152286565065 2.7765998877486786 0.78486 0.0 0.0
9873 11322591 0.9577751189722495 -4.871964640116782 0.9429206732117812 0.0 0.0
9874 10532852 4.012430322774876 0.616953213085608 0.61722 0.0 0.0
9874 11120911 4.281334246558694 2.794217572916404 0.7924800000000001 0.0 0.0
9874 11322591 0.957771863149863 -4.8719647513150175 0.9428423001402524 0.0 0.0
9875 10532852 4.015410205137281 0.6587342190267819 0.61722 0.0 0.0
9875 11120911 4.304064469633483 2.827830408108035 0.7943850000000001 0.0 0.0
9875 11322591 0.9577686073274765 -4.871964862513252 0.9427639270687237 0.0 0.0
9876 11120911 4.326794692708272 2.8614432432996666 0.79629 0.0 0.0
9876 10532852 4.018057917496062 0.7008572577081625 0.61722 0.0 0.0
9876 11322591 0.9577653515050899 -4.871964973711487 0.9426855539971949 0.0 0.0
9877 11120911 4.341509203694785 2.888852637248436 0.798195 0.0 0.0
9877 11322591 0.9577620956827033 -4.871965084909722 0.9426071809256661 0.0 0.0
9877 10532852 4.020579244341013 0.7208271611445846 0.6096 0.0 0.0
9878 10532852 4.019708675731635 0.7861758812261619 0.6096 0.0 0.0
9878 11322591 0.9577588398603167 -4.871965196107957 0.9425288078541374 0.0 0.0
9878 11120911 4.356223714681298 2.9162620311972054 0.8001 0.0 0.0
9879 11322591 0.9577555840379302 -4.871965307306192 0.9424504347826086 0.0 0.0
9879 11120911 4.376874322036688 2.946903165135759 0.8001 0.0 0.0
9879 10532852 4.017671621497972 0.8139411556425886 0.6096 0.0 0.0
9880 11322591 0.9577523282155436 -4.871965418504427 0.9423720617110799 0.0 0.0
9880 10532852 4.004670910004719 0.8761226894972207 0.6096 0.0 0.0
9880 11120911 4.3869115601475475 2.959981456522999 0.80772 0.0 0.0
9881 10532852 3.9916593578873405 0.9178656171731869 0.6096 0.0 0.0
9881 11322591 0.957749072393157 -4.8719655297026625 0.9422936886395511 0.0 0.0
9881 11120911 4.418864352372236 3.0102969753788806 0.80772 0.0 0.0
9882 10532852 3.9868789167588927 0.9385829412076054 0.6096 0.0 0.0
9882 11322591 0.9577458165707704 -4.871965640900897 0.9422153155680224 0.0 0.0
9882 11120911 4.441207704799474 3.0447662769561417 0.8115300000000001 0.0 0.0
9883 11120911 4.463551057226711 3.0792355785334027 0.8153400000000001 0.0 0.0
9883 11322591 0.9577425607483839 -4.871965752099132 0.9421369424964936 0.0 0.0
9883 10532852 3.964125556851845 0.9767689715413915 0.60706 0.0 0.0
9884 11120911 4.494169318521532 3.1227442140328674 0.82296 0.0 0.0
9884 10532852 3.941372196944798 1.0149550018751776 0.6045200000000001 0.0 0.0
9884 11322591 0.9577393049259973 -4.871965863297367 0.9420585694249649 0.0 0.0
9885 11120911 4.5053669752072105 3.1404668726098945 0.82296 0.0 0.0
9885 10532852 3.9186188370377506 1.0531410322089636 0.6019800000000001 0.0 0.0
9885 11322591 0.9577360491036108 -4.871965974495602 0.9419801963534361 0.0 0.0
9886 11322591 0.9577327932812242 -4.871966085693837 0.9419018232819074 0.0 0.0
9886 11120911 4.538395042200654 3.188913024952224 0.8305800000000001 0.0 0.0
9886 10532852 3.8560176777069417 1.117025448084894 0.6019800000000001 0.0 0.0
9887 11120911 4.559724284276702 3.2243558521427134 0.8305800000000001 0.0 0.0
9887 11322591 0.9577295374588376 -4.871966196892072 0.9418234502103786 0.0 0.0
9887 10532852 3.8172132133703642 1.1368543622857272 0.6019800000000001 0.0 0.0
9888 11322591 0.957726281636451 -4.8719663080903075 0.9417450771388499 0.0 0.0
9888 11120911 4.581889953161877 3.2596425420685566 0.8382000000000001 0.0 0.0
9888 10532852 3.7784087490337863 1.1566832764865607 0.6019800000000001 0.0 0.0
9889 11120911 4.593016853468692 3.274701597274447 0.8382000000000001 0.0 0.0
9889 10532852 3.739604284697209 1.1765121906873939 0.6019800000000001 0.0 0.0
9889 11322591 0.9577230258140644 -4.871966419288542 0.9416667040673211 0.0 0.0
9890 10532852 3.6922684400574663 1.1919614373725282 0.59436 0.0 0.0
9890 11120911 4.613321888368938 3.30428756112036 0.84201 0.0 0.0
9890 11322591 0.957719769991678 -4.871966530486778 0.9415883309957924 0.0 0.0
9891 10532852 3.6473395988966546 1.2066254236650285 0.59436 0.0 0.0
9891 11322591 0.9577165141692914 -4.871966641685012 0.9415099579242636 0.0 0.0
9891 11120911 4.633626923269186 3.3338735249662728 0.84582 0.0 0.0
9892 11322591 0.9577132583469048 -4.871966752883247 0.9414315848527348 0.0 0.0
9892 11120911 4.6542763542031915 3.3645152643977507 0.84582 0.0 0.0
9892 10532852 3.6104706511431424 1.2133440343697672 0.59436 0.0 0.0
9893 11322591 0.9577100025245182 -4.871966864081482 0.9413532117812061 0.0 0.0
9893 10532852 3.57360170338963 1.220062645074506 0.59436 0.0 0.0
9894 11322591 0.9577067467021316 -4.871966975279717 0.9412748387096773 0.0 0.0
9894 10532852 3.5237476090841438 1.2229012556609329 0.59436 0.0 0.0
9895 10532852 3.478123505615466 1.225644582137917 0.59436 0.0 0.0
9895 11322591 0.957703490879745 -4.8719670864779525 0.9411964656381486 0.0 0.0
9896 11322591 0.9577002350573585 -4.871967197676187 0.9411180925666198 0.0 0.0
9896 10532852 3.4324994021467887 1.2283879086149012 0.59436 0.0 0.0
9897 11322591 0.9576969792349719 -4.871967308874423 0.9410397194950911 0.0 0.0
9897 10532852 3.3796556145282315 1.2351237731169626 0.59436 0.0 0.0
9898 11322591 0.9576937234125854 -4.871967420072657 0.9409613464235623 0.0 0.0
9898 10532852 3.3561521719313117 1.2311142651650187 0.59436 0.0 0.0
9899 10532852 3.2819607457018725 1.2350067224361716 0.58674 0.0 0.0
9899 11322591 0.9576904675901988 -4.871967531270893 0.9408829733520336 0.0 0.0
9900 10532852 3.2293870570910848 1.2344128196604667 0.58674 0.0 0.0
9900 11322591 0.9576872117678122 -4.871967642469127 0.9408046002805048 0.0 0.0
9901 10532852 3.1778664459610644 1.2316064072246973 0.58674 0.0 0.0
9901 11322591 0.9576839559454257 -4.871967753667362 0.9407262272089761 0.0 0.0
9902 11322591 0.9576807001230391 -4.8719678648655975 0.9406478541374473 0.0 0.0
9902 10532852 3.12429863554328 1.236127271554779 0.57912 0.0 0.0
9903 10532852 3.0746484819961815 1.2363322608884408 0.57912 0.0 0.0
9903 11322591 0.9576774443006525 -4.871967976063832 0.9405694810659186 0.0 0.0
9904 11322591 0.9576741884782659 -4.871968087262068 0.9404911079943898 0.0 0.0
9904 10532852 3.0248603780568724 1.2361153322452798 0.57912 0.0 0.0
9905 10532852 2.9798859577214545 1.2343271379000436 0.57912 0.0 0.0
9905 11322591 0.9576709326558793 -4.871968198460302 0.940412734922861 0.0 0.0
9906 10532852 2.930269992002832 1.2346387034871016 0.5715 0.0 0.0
9906 11322591 0.9576676768334929 -4.871968309658538 0.9403343618513323 0.0 0.0
9907 10532852 2.9166797720670585 1.2351623591339953 0.5715 0.0 0.0
9907 11322591 0.9576644210111063 -4.871968420856772 0.9402559887798035 0.0 0.0
9908 10532852 2.903089552131285 1.2356860147808892 0.5715 0.0 0.0
9908 11322591 0.9576611651887197 -4.871968532055008 0.9401776157082748 0.0 0.0
9909 10532852 2.8299597552386113 1.2346803044084949 0.5715 0.0 0.0
9910 10532852 2.7568047924988592 1.23087982206414 0.57912 0.0 0.0
9911 10532852 2.7079562240182447 1.2308254156443723 0.5715 0.0 0.0
9912 10532852 2.6621788744600057 1.2293011987061746 0.5715 0.0 0.0
9913 10532852 2.612493353780838 1.2294038562845342 0.5715 0.0 0.0
9914 10532852 2.5675181120869253 1.2276182718243343 0.5715 0.0 0.0
9915 10532852 2.5259243244196727 1.2253128425049782 0.5715 0.0 0.0
9916 10532852 2.476971879439165 1.2249433327169725 0.5715 0.0 0.0
9917 10532852 2.4262956948531382 1.2192959750327066 0.5715 0.0 0.0
9918 10532852 2.382501553420903 1.2184107626341538 0.5715 0.0 0.0
9919 10532852 2.333686694185716 1.2184644940383182 0.5715 0.0 0.0
9920 10532852 2.2866580952878506 1.2158323817221521 0.5715 0.0 0.0
9921 10532852 2.220474439880877 1.215718042809244 0.5715 0.0 0.0
9922 10532852 2.180703978307535 1.2149217296717465 0.5715 0.0 0.0
9923 10532852 2.153235043519293 1.2145472481314643 0.5715 0.0 0.0
9924 10532852 2.1257661087310513 1.214172766591182 0.5715 0.0 0.0
9925 10532852 2.0653911039875714 1.2098261608978578 0.5715 0.0 0.0
9926 10532852 2.023946812072559 1.209343680651198 0.5715 0.0 0.0
9927 10532852 1.9778544237352784 1.2027860785714164 0.5715 0.0 0.0
9928 10532852 1.9271688977026227 1.2014673342596773 0.5715 0.0 0.0
9929 10532852 1.8817412803919165 1.1950435979899043 0.5715 0.0 0.0
9930 10532852 1.8297810703379294 1.191454873460261 0.5715 0.0 0.0
9931 10532852 1.7779613629918545 1.191558961992201 0.5715 0.0 0.0
9932 10532852 1.7323039062387542 1.1849774694062642 0.5715 0.0 0.0
9933 10532852 1.6883014752113303 1.183463169499338 0.5715 0.0 0.0
9934 10532852 1.6489748395021455 1.1799543755494175 0.56388 0.0 0.0
9935 10532852 1.577730604351578 1.1765918846076842 0.56388 0.0 0.0
9936 10532852 1.5273277233193718 1.1717953968489125 0.56388 0.0 0.0
9937 10532852 1.4908468136543567 1.1715634246447113 0.5715 0.0 0.0
9938 10532852 1.4280389018499895 1.1668480987390664 0.56388 0.0 0.0
9939 10532852 1.4030104009600377 1.165795728503861 0.56769 0.0 0.0
9940 10532852 1.3779819000700857 1.1647433582686557 0.5715 0.0 0.0
9941 10532852 1.3310966293724893 1.1582147195177135 0.5715 0.0 0.0
9942 10532852 1.2866576856244132 1.1567284061287595 0.5715 0.0 0.0
9943 10532852 1.2346058130683408 1.1550426654769812 0.5715 0.0 0.0
9944 10532852 1.1951148033514025 1.148318604011741 0.5715 0.0 0.0
9945 10532852 1.1239521029091568 1.148204639833679 0.5715 0.0 0.0
9946 10532852 1.0964578456185066 1.1466737489854097 0.5715 0.0 0.0
9947 10532852 1.0508329687349491 1.140202172061468 0.5715 0.0 0.0
9948 10532852 1.0067945684552784 1.1385865287633328 0.5715 0.0 0.0
9949 10532852 0.940292884463423 1.1334463406947932 0.5715 0.0 0.0
9950 10532852 0.912718127384631 1.1319423757889369 0.5715 0.0 0.0
9951 10532852 0.872186338340544 1.1288311245440754 0.5715 0.0 0.0
9952 10532852 0.7975409651598135 1.1205118357359316 0.5715 0.0 0.0
9953 10532852 0.7582813622191803 1.1172190683297556 0.5715 0.0 0.0
9954 10532852 0.7161407153021297 1.1105453248477404 0.5715 0.0 0.0
9955 10532852 0.6547878599401029 1.1075801870799264 0.5715 0.0 0.0
9956 10532852 0.6084388367317822 1.1005298636191032 0.5715 0.0 0.0
9957 10532852 0.5487231667355283 1.0955116790410389 0.5715 0.0 0.0
9958 10532852 0.4950647096098612 1.0943557713340435 0.5715 0.0 0.0
9959 10532852 0.4635085985337515 1.0905912841978709 0.57531 0.0 0.0
9960 10532852 0.4319524874576418 1.0868267970616983 0.57912 0.0 0.0
9961 10532852 0.3529734238876654 1.0807457221853027 0.57912 0.0 0.0
9962 10532852 0.3301683649505277 1.0802550758552463 0.57912 0.0 0.0
9963 10532852 0.30736330601339 1.07976442952519 0.57912 0.0 0.0
9964 10532852 0.24925291004249928 1.075859379411708 0.5715 0.0 0.0
9965 10532852 0.19877720200164573 1.0708611727461033 0.5715 0.0 0.0
9966 10532852 0.1764164010046123 1.0676554172583517 0.57912 0.0 0.0
9967 10532852 0.10469655924184074 1.0642276836890845 0.57912 0.0 0.0
9968 10532852 0.06105718492706447 1.062486758451338 0.57912 0.0 0.0
9969 10532852 0.02183046255551213 1.0593035992848607 0.57912 0.0 0.0
9970 10532852 -0.020916161826877944 1.0562197890342453 0.57912 0.0 0.0
9971 10532852 -0.03982645594217993 1.052704471537161 0.57912 0.0 0.0
9972 10532852 -0.08421237486479827 1.050040047573157 0.57912 0.0 0.0
9973 10532852 -0.12444877793932485 1.0464866617870319 0.57912 0.0 0.0
9974 10532852 -0.175831417190224 1.04143673758506 0.5715 0.0 0.0
9975 10532852 -0.2187984984245921 1.0363230244432955 0.5715 0.0 0.0
9976 10532852 -0.24720319170511373 1.032290354541885 0.56769 0.0 0.0
9977 10532852 -0.2756078849856354 1.028257684640474 0.56388 0.0 0.0
9978 10532852 -0.32760356715680183 1.0186189181870582 0.56388 0.0 0.0
9979 10532852 -0.36193529228663124 1.0154728730592189 0.55626 0.0 0.0
9980 10532852 -0.4028885124008299 1.0070144730652597 0.55626 0.0 0.0
9981 10532852 -0.44657658815211443 1.0037733278881442 0.54864 0.0 0.0
9982 10532852 -0.48315595404431444 1.000544823331028 0.54864 0.0 0.0
9983 10532852 -0.5242301813085164 0.9971504691378447 0.54864 0.0 0.0
9984 10532852 -0.5634237565988014 0.9940760771256136 0.54102 0.0 0.0
9985 10532852 -0.6039531048886273 0.9858305420282623 0.54102 0.0 0.0
9986 10532852 -0.6592108674422847 0.9825180175830999 0.54102 0.0 0.0
9987 10532852 -0.6868113460300032 0.9806773556782948 0.5334 0.0 0.0
9988 10532852 -0.7260052912277462 0.9776038567336801 0.5334 0.0 0.0
9989 10532852 -0.7555893007301709 0.9759447468542868 0.52959 0.0 0.0
9990 10532852 -0.7851733102325957 0.9742856369748935 0.52578 0.0 0.0
9991 10532852 -0.8241324914280328 0.9762766461849012 0.52578 0.0 0.0
9992 10532852 -0.8750704109919998 0.9709687833525836 0.5181600000000001 0.0 0.0
9993 10532852 -0.9226985323591637 0.9725237605699141 0.5181600000000001 0.0 0.0
9994 10532852 -0.9549499919562592 0.9646105935344208 0.51054 0.0 0.0
9995 10532852 -0.9974489527996613 0.9595814692267636 0.51054 0.0 0.0
9996 10532852 -1.0343485320179746 0.9580958626299628 0.51054 0.0 0.0
9997 10532852 -1.0725132692413677 0.9432373467541402 0.51054 0.0 0.0
9998 10532852 -1.120754907523316 0.9301557321150675 0.50292 0.0 0.0
9999 10532852 -1.1603222567968305 0.9123679782777141 0.50292 0.0 0.0
10000 10618569 4.990278410995028 -2.31684325400328 0.7239000000000001 0.0 0.0
10000 10532852 -1.1918748129485721 0.8946463338531377 0.50292 0.0 0.0
10001 10532852 -1.2169724027497926 0.8765661731384694 0.50292 0.0 0.0
10001 10618569 4.878550023879168 -2.242804616684231 0.7239000000000001 0.0 0.0
10002 10618569 4.801771308288766 -2.196395284102372 0.7162800000000001 0.0 0.0
10002 10532852 -1.2565432552758946 0.8462782037848835 0.50292 0.0 0.0
10003 10618569 4.74717026322062 -2.158909781418098 0.7124700000000002 0.0 0.0
10003 10532852 -1.2808799130436068 0.8221073668215902 0.50292 0.0 0.0
10004 10532852 -1.2938250317344797 0.8076471651050563 0.50292 0.0 0.0
10004 10618569 4.6925692181524745 -2.121424278733824 0.7086600000000001 0.0 0.0
10005 10532852 -1.3067701504253526 0.7931869633885223 0.50292 0.0 0.0
10005 10618569 4.625121422167891 -2.0763610104260697 0.7048500000000001 0.0 0.0
10006 10532852 -1.3252639182022816 0.7648852173069984 0.4953 0.0 0.0
10006 10618569 4.557673626183307 -2.031297742118315 0.7010400000000001 0.0 0.0
10007 10618569 4.470740282717418 -1.976549532102285 0.69342 0.0 0.0
10007 10532852 -1.351460679780051 0.7190066908938363 0.4953 0.0 0.0
10008 10618569 4.360051236830127 -1.9075111141372953 0.6858000000000001 0.0 0.0
10008 10532852 -1.362730398636811 0.7008439033280929 0.4953 0.0 0.0
10009 10618569 4.293954728791301 -1.8596725197436663 0.6781800000000001 0.0 0.0
10009 10532852 -1.3834087119865106 0.657717164276981 0.4953 0.0 0.0
10010 10532852 -1.405266509375857 0.6060964773003865 0.48768 0.0 0.0
10010 10618569 4.210717339606764 -1.804490203232963 0.6781800000000001 0.0 0.0
10011 10618569 4.137960314561061 -1.7552948238709292 0.67056 0.0 0.0
10011 10532852 -1.411714278628002 0.5782362748851906 0.48768 0.0 0.0
10012 10532852 -1.4181620478801469 0.5503760724699946 0.48768 0.0 0.0
10012 10618569 4.070271536356871 -1.709620578257563 0.67056 0.0 0.0
10013 10532852 -1.4294507175779374 0.5158620894676855 0.48768 0.0 0.0
10013 10618569 4.005266859132549 -1.663886548918444 0.67056 0.0 0.0
10014 10532852 -1.4319393160173675 0.47566570380486695 0.48006 0.0 0.0
10014 10618569 3.9199516483135977 -1.5933038975725533 0.6629400000000001 0.0 0.0
10015 10532852 -1.4362546205678755 0.44237607986609173 0.48006 0.0 0.0
10015 10618569 3.8459163560010126 -1.5371460770785632 0.6629400000000001 0.0 0.0
10016 10532852 -1.4374676048536996 0.4044497901578421 0.48006 0.0 0.0
10016 10618569 3.777196658677247 -1.4674192440100657 0.6629400000000001 0.0 0.0
10017 10532852 -1.4394548992959393 0.3712166313171398 0.47243999999999997 0.0 0.0
10017 10618569 3.7066423706109717 -1.4005970968190866 0.6629400000000001 0.0 0.0
10018 10618569 3.640760135573502 -1.3249020400308784 0.6629400000000001 0.0 0.0
10018 10532852 -1.4420942599118696 0.32920020181383847 0.46482000000000007 0.0 0.0
10019 10618569 3.6122561658087706 -1.289786769780134 0.6629400000000001 0.0 0.0
10019 10532852 -1.4382115322465727 0.2745351944891924 0.46482000000000007 0.0 0.0
10020 10618569 3.54805435093642 -1.2045927050145175 0.6629400000000001 0.0 0.0
10020 10532852 -1.4348999653832302 0.25207070817192545 0.46482000000000007 0.0 0.0
10021 10532852 -1.421853495567342 0.1982643585261172 0.46482000000000007 0.0 0.0
10021 10618569 3.495257263758993 -1.1339824191395749 0.6629400000000001 0.0 0.0
10022 10618569 3.442415527743922 -1.0632400093586976 0.6629400000000001 0.0 0.0
10022 10532852 -1.411394709851036 0.17836957327489697 0.45720000000000005 0.0 0.0
10023 10618569 3.379787566971327 -0.9571799115246306 0.6629400000000001 0.0 0.0
10023 10532852 -1.3847001064119595 0.12582481930441344 0.45720000000000005 0.0 0.0
10024 10532852 -1.3697717920127055 0.10832409743825355 0.45720000000000005 0.0 0.0
10024 10618569 3.3385934055493722 -0.8866737339492188 0.65913 0.0 0.0
10025 10618569 3.2973992441274174 -0.8161675563738069 0.65532 0.0 0.0
10025 10532852 -1.3548434776134515 0.09082337557209366 0.45720000000000005 0.0 0.0
10026 10618569 3.2720948494482625 -0.766090261412274 0.65913 0.0 0.0
10026 10532852 -1.3249916012420415 0.06680646816323821 0.45339000000000007 0.0 0.0
10027 10618569 3.2467904547691075 -0.7160129664507412 0.6629400000000001 0.0 0.0
10027 10532852 -1.2951397248706316 0.042789560754382755 0.44958000000000004 0.0 0.0
10028 10532852 -1.264804574724647 0.025274600153068788 0.44958000000000004 0.0 0.0
10028 10618569 3.198325527793249 -0.6201783848598037 0.65532 0.0 0.0
10029 10532852 -1.2337771951559928 0.011505880943145724 0.44958000000000004 0.0 0.0
10029 10618569 3.1652407951511305 -0.5531342646063013 0.65532 0.0 0.0
10030 10532852 -1.1980687569668966 -0.0001715358356826624 0.44196 0.0 0.0
10030 10618569 3.1321560625090124 -0.48609014435279907 0.65532 0.0 0.0
10031 10618569 3.087109169381491 -0.3748982949481192 0.65532 0.0 0.0
10031 10532852 -1.1631626983402057 -0.01158636368528368 0.44196 0.0 0.0
10032 10532852 -1.0980785679007161 -0.016278663597059678 0.43434000000000006 0.0 0.0
10032 10618569 3.058765661806363 -0.3123793249588931 0.65532 0.0 0.0
10033 10618569 3.0221550256002567 -0.23139147740258534 0.65532 0.0 0.0
10033 10532852 -1.0771373916582638 -0.01471427741884515 0.43434000000000006 0.0 0.0
10034 10532852 -1.02190699232427 -0.01151031487821233 0.42672000000000004 0.0 0.0
10034 10618569 2.9886100292907027 -0.14509572324660888 0.65532 0.0 0.0
10035 10532852 -0.9994386737006555 -0.00799154528813753 0.42672000000000004 0.0 0.0
10035 10618569 2.950249157513862 -0.061316017791302774 0.65532 0.0 0.0
10036 10618569 2.931861783064262 -0.01699805370121707 0.65532 0.0 0.0
10036 10532852 -0.9553908534678583 -0.006388135995150673 0.41910000000000003 0.0 0.0
10037 10618569 2.8892743069095266 0.08918927544921548 0.65532 0.0 0.0
10037 10532852 -0.9065284942719662 -0.006358727154452654 0.41148 0.0 0.0
10038 10532852 -0.8710402342030674 0.0016658130822193307 0.41148 0.0 0.0
10038 10618569 2.8552529966289337 0.17646015592393202 0.65532 0.0 0.0
10039 10618569 2.8168278892327177 0.2600292360453521 0.65532 0.0 0.0
10039 10532852 -0.8204351567692953 0.0015932662252134688 0.41148 0.0 0.0
10040 10618569 2.8021061128996694 0.2954415629681475 0.65532 0.0 0.0
10040 10532852 -0.7642304994280527 0.0050646114984155 0.39624000000000004 0.0 0.0
10041 10532852 -0.7241953631351523 0.007981264391766135 0.39624000000000004 0.0 0.0
10041 10618569 2.7669213715584657 0.3872989818357927 0.65532 0.0 0.0
10042 10532852 -0.6902517876957508 0.008566864703272087 0.39624000000000004 0.0 0.0
10042 10618569 2.7250163787347104 0.49174784362300983 0.65532 0.0 0.0
10043 10618569 2.6949931839155488 0.5656834520096301 0.65532 0.0 0.0
10043 10532852 -0.6463426590459118 0.009749981616606035 0.38862 0.0 0.0
10044 10618569 2.665005375071951 0.639724708582293 0.65532 0.0 0.0
10044 10532852 -0.6270153811070625 0.009097605793961294 0.38481 0.0 0.0
10045 10532852 -0.6076881031682131 0.008445229971316554 0.381 0.0 0.0
10045 10618569 2.6349840188083924 0.7136604820549968 0.65532 0.0 0.0
10046 10532852 -0.5528427055146112 0.006403937746471106 0.381 0.0 0.0
10046 10618569 2.6141318448618627 0.7659117482818534 0.65532 0.0 0.0
10047 10532852 -0.5324156168117931 0.01047447129919113 0.381 0.0 0.0
10047 10618569 2.593279670915333 0.8181630145087101 0.65532 0.0 0.0
10048 10532852 -0.47392489960834316 0.0073588303723981785 0.37338 0.0 0.0
10048 10618569 2.574852329513736 0.8775665483575553 0.65532 0.0 0.0
10049 10532852 -0.4362800329998098 0.005684028871308672 0.36576 0.0 0.0
10049 10618569 2.544868351726927 0.9516081233899975 0.65532 0.0 0.0
10050 10532852 -0.3935100321464724 0.003385478684286375 0.35814000000000007 0.0 0.0
10050 10618569 2.514885294368727 1.0256497805825093 0.65532 0.0 0.0
10051 10532852 -0.35022089385859223 0.004305608354383955 0.35814000000000007 0.0 0.0
10051 10618569 2.4897170305503007 1.0981195696402117 0.65532 0.0 0.0
10052 10618569 2.4458832327451865 1.1977127587664964 0.65532 0.0 0.0
10052 10532852 -0.3100067663522721 0.0034271982386067934 0.35052000000000005 0.0 0.0
10053 10532852 -0.26881614228282924 0.004449604662696699 0.34290000000000004 0.0 0.0
10053 10618569 2.422909536808273 1.2589527671528875 0.65532 0.0 0.0
10054 10532852 -0.23113701170488654 0.0028814457933816484 0.33528 0.0 0.0
10054 10618569 2.3918534681513006 1.3340473386118497 0.65532 0.0 0.0
10055 10618569 2.359139329982167 1.4133052798081474 0.65532 0.0 0.0
10055 10532852 -0.19397388627236567 0.0013653121769990617 0.33528 0.0 0.0
10056 10618569 2.3268837692365425 1.4912456820020297 0.65532 0.0 0.0
10056 10532852 -0.16139593181862866 0.0015817826104370936 0.33528 0.0 0.0
10057 10532852 -0.12710807285967973 0.0032256119535225836 0.32766 0.0 0.0
10057 10618569 2.306302837430719 1.5304437721927344 0.65532 0.0 0.0
10058 10532852 -0.0821559840407422 0.004888804132396923 0.32766 0.0 0.0
10058 10618569 2.255035451778392 1.6287296954379566 0.65532 0.0 0.0
10059 10618569 2.2080725469326845 1.7037646904836428 0.65532 0.0 0.0
10059 10532852 -0.049291709723509713 0.004895320663976771 0.32004000000000005 0.0 0.0
10060 10618569 2.157105457677784 1.773332448273538 0.65532 0.0 0.0
10060 10532852 -0.010672415567815952 0.003488269084136797 0.31242000000000003 0.0 0.0
10061 10532852 0.02930127039188979 0.0035080285955799706 0.31242000000000003 0.0 0.0
10061 10618569 2.115078901459208 1.8267795400883764 0.65532 0.0 0.0
10062 10618569 2.071742764201855 1.8762155370211893 0.65532 0.0 0.0
10062 10532852 0.0778062744828758 0.0035435648859707958 0.3048 0.0 0.0
10063 10532852 0.11655595804343133 0.006884576878319448 0.3048 0.0 0.0
10063 10618569 2.017261365923588 1.9350169899192549 0.65532 0.0 0.0
10064 10532852 0.13599072578857835 0.005205932907053207 0.30099 0.0 0.0
10064 10618569 1.9805543275000508 1.9666925985905808 0.65913 0.0 0.0
10065 10618569 1.9438472890765135 1.9983682072619067 0.6629400000000001 0.0 0.0
10065 10532852 0.15542549353372537 0.0035272889357869652 0.29718 0.0 0.0
10066 10618569 1.882719711916134 2.044972888017513 0.6629400000000001 0.0 0.0
10066 10532852 0.183956317629538 0.004951077382885027 0.28956 0.0 0.0
10067 10532852 0.23560327994725017 0.005362690424144889 0.28956 0.0 0.0
10067 10618569 1.8287091656645122 2.088902807485761 0.6629400000000001 0.0 0.0
10068 10532852 0.26798569481977175 0.005528024802757048 0.28194 0.0 0.0
10068 10618569 1.7649657098932032 2.1315736411925097 0.6629400000000001 0.0 0.0
10069 10532852 0.29835596053510366 0.006059061136433785 0.28194 0.0 0.0
10069 10618569 1.7026893083337677 2.173298647649597 0.6629400000000001 0.0 0.0
10070 10618569 1.6392281470612207 2.210037446423825 0.6629400000000001 0.0 0.0
10070 10532852 0.32872622625043557 0.006590097470110523 0.28194 0.0 0.0
10071 10618569 1.5563899634126805 2.2540426528862096 0.6629400000000001 0.0 0.0
10071 10532852 0.36040441240518806 0.0016118217802265633 0.27432 0.0 0.0
10072 10532852 0.3869521362248881 0.004034902399749407 0.27432 0.0 0.0
10072 10618569 1.495067075677868 2.2840094269695648 0.6629400000000001 0.0 0.0
10073 10532852 0.42182192243848793 0.003388022572686347 0.28194 0.0 0.0
10073 10618569 1.415226363272176 2.3206117534377 0.65532 0.0 0.0
10074 10532852 0.4634597412413851 0.005786906977423539 0.28194 0.0 0.0
10074 10618569 1.3494129197790974 2.352865172551357 0.65532 0.0 0.0
10075 10618569 1.2679752807534364 2.384850853605 0.65532 0.0 0.0
10075 10532852 0.48470615896907576 0.004218119347142495 0.27813 0.0 0.0
10076 10532852 0.5059525766967664 0.00264933171686145 0.27432 0.0 0.0
10076 10618569 1.2009425010938068 2.412013414992057 0.65532 0.0 0.0
10077 10618569 1.1275447600203012 2.4359994578852873 0.65532 0.0 0.0
10077 10532852 0.5450231645493013 0.0067053524445201546 0.27432 0.0 0.0
10078 10618569 1.0687714672245563 2.4571930187676134 0.6629400000000001 0.0 0.0
10078 10532852 0.5662695337176118 0.0051367774455613885 0.28194 0.0 0.0
10079 10532852 0.5935609790612987 0.006032407359782957 0.28194 0.0 0.0
10079 10618569 1.0124200839107615 2.4756098127627797 0.6629400000000001 0.0 0.0
10080 10618569 0.956068700596967 2.494026606757946 0.6629400000000001 0.0 0.0
10080 10532852 0.6050969387644103 0.00661473432341653 0.28194 0.0 0.0
10081 10618569 0.8948119621078644 2.513054491480305 0.6629400000000001 0.0 0.0
10081 10532852 0.6166328984675218 0.0071970612870501036 0.28194 0.0 0.0
10082 10532852 0.6589323296658272 0.0060511715870025795 0.28194 0.0 0.0
10082 10618569 0.8335552236187618 2.532082376202664 0.6629400000000001 0.0 0.0
10083 10532852 0.6637469513615128 0.004477973971385343 0.28194 0.0 0.0
10083 10618569 0.7373665079172708 2.5528904476075436 0.6629400000000001 0.0 0.0
10084 10618569 0.672823943393577 2.5700149990218004 0.6629400000000001 0.0 0.0
10084 10532852 0.6685615730571984 0.0029047763557681072 0.28194 0.0 0.0
10085 10618569 0.5922127057811047 2.589588782117913 0.6629400000000001 0.0 0.0
10085 10532852 0.6961288360243281 0.00464525966969484 0.28194 0.0 0.0
10086 10618569 0.5369165334269845 2.602407001694832 0.6629400000000001 0.0 0.0
10086 10532852 0.7211824668254585 0.0035855099718146155 0.28194 0.0 0.0
10087 10618569 0.43588101761317144 2.6246869242223845 0.6629400000000001 0.0 0.0
10087 10532852 0.7334857897070286 0.003187104689830439 0.28194 0.0 0.0
10088 10532852 0.744667096845257 0.004790909847680991 0.28194 0.0 0.0
10088 10618569 0.3661120469367497 2.642121007679734 0.6629400000000001 0.0 0.0
10089 10618569 0.3203727313125806 2.6515830266011893 0.6629400000000001 0.0 0.0
10089 10532852 0.7498026937040452 0.003112893299644176 0.28194 0.0 0.0
10090 10618569 0.2127433732741969 2.671348608124943 0.65532 0.0 0.0
10090 10532852 0.750009027169091 0.0031133485223157815 0.28194386605783867 0.0 0.0
10091 10618569 0.15213019320135657 2.6855578272449026 0.65532 0.0 0.0
10091 10532852 0.7502153606341367 0.003113803744987387 0.28194773211567736 0.0 0.0
10092 10618569 0.08806229660502163 2.6959900748378867 0.65532 0.0 0.0
10092 10532852 0.7504216940991826 0.003114258967658992 0.281951598173516 0.0 0.0
10093 10618569 0.018688222918620268 2.7075736957427643 0.65532 0.0 0.0
10093 10532852 0.7506280275642284 0.0031147141903305974 0.28195546423135465 0.0 0.0
10094 10618569 -0.06274011667297885 2.72356688440805 0.65532 0.0 0.0
10094 10532852 0.7508343610292743 0.003115169413002203 0.28195933028919334 0.0 0.0
10095 10618569 -0.12908696572848333 2.7358565820004994 0.657225 0.0 0.0
10095 10532852 0.75104069449432 0.0031156246356738083 0.281963196347032 0.0 0.0
10096 10618569 -0.1954338147839878 2.748146279592949 0.65913 0.0 0.0
10096 10532852 0.7512470279593658 0.0031160798583454133 0.2819670624048706 0.0 0.0
10097 10618569 -0.25454424441771695 2.758129164783459 0.657225 0.0 0.0
10097 10532852 0.7514533614244117 0.0031165350810170188 0.2819709284627093 0.0 0.0
10098 10532852 0.7516596948894574 0.003116990303688624 0.28197479452054797 0.0 0.0
10098 10618569 -0.3136546740514461 2.7681120499739693 0.65532 0.0 0.0
10099 10532852 0.7518660283545032 0.0031174455263602296 0.2819786605783866 0.0 0.0
10099 10618569 -0.3806334321366611 2.7791499982461225 0.65532 0.0 0.0
10100 10618569 -0.44592075583729884 2.7953604742669254 0.65532 0.0 0.0
10100 10532852 0.7520723618195491 0.0031179007490318347 0.2819825266362253 0.0 0.0
10101 10618569 -0.518458406822057 2.807049366409598 0.65532 0.0 0.0
10101 10532852 0.7522786952845949 0.00311835597170344 0.28198639269406395 0.0 0.0
10102 10618569 -0.5970677675631049 2.821893229896328 0.65532 0.0 0.0
10102 10532852 0.7524850287496406 0.0031188111943750456 0.2819902587519026 0.0 0.0
10103 10618569 -0.6559775444627716 2.8318136628791524 0.65532 0.0 0.0
10103 10532852 0.7526913622146865 0.003119266417046651 0.2819941248097413 0.0 0.0
10104 10532852 0.7528976956797323 0.003119721639718256 0.28199799086757993 0.0 0.0
10104 10618569 -0.7227724030296538 2.8431452708771237 0.65532 0.0 0.0
10105 10532852 0.753104029144778 0.0031201768623898615 0.28200185692541857 0.0 0.0
10105 10618569 -0.7814913350106136 2.8498496690018467 0.6477 0.0 0.0
10106 10532852 0.7533103626098239 0.003120632085061467 0.28200572298325727 0.0 0.0
10106 10618569 -0.8185104665938876 2.856116437067214 0.6477 0.0 0.0
10107 10532852 0.7535166960748697 0.0031210873077330724 0.2820095890410959 0.0 0.0
10107 10618569 -0.903597604450314 2.8701616257276634 0.6477 0.0 0.0
10108 10618569 -0.9933352803215019 2.8781344997213107 0.6400800000000001 0.0 0.0
10108 10532852 0.7537230295399154 0.0031215425304046774 0.28201345509893455 0.0 0.0
10109 10532852 0.7539293630049613 0.003121997753076283 0.28201732115677325 0.0 0.0
10109 10618569 -1.0566194498671362 2.8828293096340603 0.63246 0.0 0.0
10110 10532852 0.7541356964700071 0.0031224529757478883 0.2820211872146119 0.0 0.0
10110 10618569 -1.1296936880335038 2.8874558465213322 0.63246 0.0 0.0
10111 10618569 -1.1574528248851634 2.887423523812414 0.63246 0.0 0.0
10111 10532852 0.754342029935053 0.0031229081984194937 0.28202505327245053 0.0 0.0
10112 10532852 0.7545483634000987 0.003123363421091099 0.28202891933028923 0.0 0.0
10112 10618569 -1.185211961736823 2.887391201103496 0.63246 0.0 0.0
10113 10618569 -1.2965463239552266 2.8877110595796722 0.6248400000000001 0.0 0.0
10113 10532852 0.7547546968651445 0.003123818643762704 0.28203278538812787 0.0 0.0
10114 10618569 -1.3281610237532655 2.8806449048125278 0.6248400000000001 0.0 0.0
10114 10532852 0.7549610303301904 0.0031242738664343096 0.2820366514459665 0.0 0.0
10115 10618569 -1.396038556885428 2.8713052954427747 0.6248400000000001 0.0 0.0
10115 10532852 0.7551673637952361 0.003124729089105915 0.2820405175038052 0.0 0.0
10116 10618569 -1.466652359914524 2.8563182995448004 0.61722 0.0 0.0
10116 10532852 0.7553736972602819 0.0031251843117775205 0.28204438356164385 0.0 0.0
10117 10618569 -1.5220420982827199 2.841725370743262 0.61722 0.0 0.0
10117 10532852 0.7555800307253278 0.0031256395344491255 0.2820482496194825 0.0 0.0
10118 10618569 -1.5781840508868903 2.8221209446918882 0.61722 0.0 0.0
10118 10532852 0.7557863641903736 0.003126094757120731 0.2820521156773212 0.0 0.0
10119 10532852 0.7559926976554193 0.0031265499797923364 0.28205598173515983 0.0 0.0
10119 10618569 -1.6408658058639836 2.7988145495288452 0.6096 0.0 0.0
10120 10532852 0.7561990311204652 0.003127005202463942 0.2820598477929985 0.0 0.0
10120 10618569 -1.693749871690884 2.7728867803635087 0.6096 0.0 0.0
10121 10532852 0.756405364585511 0.003127460425135547 0.28206371385083717 0.0 0.0
10121 10618569 -1.7465229071413477 2.7445860527119565 0.6096 0.0 0.0
10122 10532852 0.7566116980505567 0.0031279156478071523 0.2820675799086758 0.0 0.0
10122 10618569 -1.796215944891398 2.7137587277393593 0.6019800000000001 0.0 0.0
10123 10532852 0.7568180315156026 0.0031283708704787578 0.28207144596651446 0.0 0.0
10123 10618569 -1.8591045476586021 2.6746304630045707 0.6019800000000001 0.0 0.0
10124 10618569 -1.9529738116540767 2.591307953872042 0.59436 0.0 0.0
10124 10532852 0.7570243649806484 0.003128826093150363 0.28207531202435315 0.0 0.0
10125 10532852 0.7572306984456942 0.0031292813158219682 0.2820791780821918 0.0 0.0
10125 10618569 -1.9939429892226797 2.552952746248726 0.58674 0.0 0.0
10126 10532852 0.75743703191074 0.0031297365384935737 0.2820830441400305 0.0 0.0
10126 10618569 -2.0186503116864563 2.5269779466726208 0.58674 0.0 0.0
10127 10618569 -2.043357634150233 2.5010031470965157 0.58674 0.0 0.0
10127 10532852 0.7576433653757858 0.003130191761165179 0.28208691019786913 0.0 0.0
10128 10618569 -2.075950679597918 2.451611003017462 0.57912 0.0 0.0
10128 10532852 0.7578496988408316 0.0031306469838367846 0.2820907762557078 0.0 0.0
10129 10532852 0.7580560323058774 0.0031311022065083896 0.2820946423135465 0.0 0.0
10129 10618569 -2.113619846064002 2.4043474908614986 0.5715 0.0 0.0
10130 10532852 0.7582623657709232 0.003131557429179995 0.2820985083713851 0.0 0.0
10130 10618569 -2.140034403239979 2.3545692881282982 0.56388 0.0 0.0
10131 10618569 -2.1754715103333107 2.296760389455504 0.55626 0.0 0.0
10131 10532852 0.758468699235969 0.0031320126518516005 0.28210237442922376 0.0 0.0
10132 10532852 0.7586750327010149 0.003132467874523206 0.28210624048706245 0.0 0.0
10132 10618569 -2.202812458060027 2.2322123469664157 0.55626 0.0 0.0
10133 10532852 0.7588813661660606 0.003132923097194811 0.2821101065449011 0.0 0.0
10133 10618569 -2.2293435502765453 2.1647118344952627 0.54864 0.0 0.0
10134 10532852 0.7590876996311064 0.0031333783198664164 0.28211397260273974 0.0 0.0
10134 10618569 -2.2498482790860734 2.0857746335943657 0.54102 0.0 0.0
10135 10532852 0.7592940330961523 0.003133833542538022 0.28211783866057843 0.0 0.0
10135 10618569 -2.2782926700703054 1.9690073255284872 0.5334 0.0 0.0
10136 10618569 -2.2870356970124277 1.9053836246616191 0.5334 0.0 0.0
10136 10532852 0.759500366561198 0.0031342887652096273 0.2821217047184171 0.0 0.0
10137 10532852 0.7597067000262439 0.0031347439878812327 0.2821255707762557 0.0 0.0
10137 10618569 -2.298579619133383 1.8391712150570523 0.5334 0.0 0.0
10138 10532852 0.7599130334912897 0.0031351992105528377 0.2821294368340944 0.0 0.0
10138 10618569 -2.3050137398605575 1.7869438450990478 0.5334 0.0 0.0
10139 10532852 0.7601193669563355 0.003135654433224443 0.28213330289193306 0.0 0.0
10139 10618569 -2.3084683371114374 1.7419205876967792 0.52959 0.0 0.0
10140 10618569 -2.3119229343623173 1.6968973302945103 0.52578 0.0 0.0
10140 10532852 0.7603257004213813 0.0031361096558960486 0.2821371689497717 0.0 0.0
10141 10532852 0.7605320338864271 0.003136564878567654 0.2821410350076104 0.0 0.0
10141 10618569 -2.3218753340818843 1.6157338231694292 0.52578 0.0 0.0
10142 10618569 -2.326244295714582 1.5618083339049589 0.52578 0.0 0.0
10142 10532852 0.7607383673514729 0.003137020101239259 0.28214490106544904 0.0 0.0
10143 10532852 0.7609447008165187 0.0031374753239108645 0.2821487671232877 0.0 0.0
10143 10618569 -2.33061325734728 1.5078828446404884 0.52578 0.0 0.0
10144 10618569 -2.33587315676378 1.4239569780185246 0.52578 0.0 0.0
10144 10532852 0.7611510342815645 0.00313793054658247 0.2821526331811264 0.0 0.0
10145 10532852 0.7613573677466103 0.0031383857692540754 0.282156499238965 0.0 0.0
10145 10618569 -2.335661873686197 1.3757478680611785 0.52578 0.0 0.0
10146 10532852 0.7615637012116561 0.0031388409919256804 0.28216036529680366 0.0 0.0
10146 10618569 -2.3443136820621406 1.3102250781713167 0.5181600000000001 0.0 0.0
10147 10532852 0.7617700346767019 0.003139296214597286 0.28216423135464236 0.0 0.0
10147 10618569 -2.3458439329903786 1.2452929681570017 0.5181600000000001 0.0 0.0
10148 10618569 -2.351102656694388 1.1874232219359089 0.51054 0.0 0.0
10148 10532852 0.7619763681417477 0.0031397514372688913 0.282168097412481 0.0 0.0
10149 10532852 0.7621827016067936 0.0031402066599404968 0.28217196347031964 0.0 0.0
10149 10618569 -2.3526996390525543 1.149971431734515 0.51054 0.0 0.0
10150 10618569 -2.3551600661723446 1.0745941757982145 0.50292 0.0 0.0
10151 10618569 -2.3576334159664407 1.015462535262554 0.50292 0.0 0.0
10152 10618569 -2.358735161759321 0.9616074612247982 0.4953 0.0 0.0
10153 10618569 -2.3604970912377654 0.9024767960389183 0.4953 0.0 0.0
10154 10618569 -2.364533942369558 0.8396505212860906 0.48768 0.0 0.0
10155 10618569 -2.3632844650127227 0.7946073781224093 0.48006 0.0 0.0
10156 10618569 -2.359422935522309 0.7385441721556586 0.48006 0.0 0.0
10157 10618569 -2.35884979614948 0.7158642620393885 0.47624999999999995 0.0 0.0
10158 10618569 -2.358276656776651 0.6931843519231182 0.47243999999999997 0.0 0.0
10159 10618569 -2.349730480583389 0.6324336220130535 0.46482000000000007 0.0 0.0
10160 10618569 -2.339294790256721 0.569312091342961 0.46482000000000007 0.0 0.0
10161 10618569 -2.325296499721569 0.5211493267189579 0.45720000000000005 0.0 0.0
10162 10618569 -2.3129717084125216 0.4733005596854144 0.45720000000000005 0.0 0.0
10163 10618569 -2.288985553137505 0.4244405917390395 0.44958000000000004 0.0 0.0
10164 10618569 -2.2558210730755075 0.36019251589900414 0.44196 0.0 0.0
10165 10618569 -2.242917459938403 0.33447168014252804 0.44196 0.0 0.0
10166 10618569 -2.20798898608557 0.28647224465446863 0.43434000000000006 0.0 0.0
10167 10618569 -2.168796299430716 0.24607483942476868 0.43434000000000006 0.0 0.0
10168 10618569 -2.1285590492391986 0.20615393838883397 0.42672000000000004 0.0 0.0
10169 10618569 -2.066656049676224 0.1591454337187643 0.41910000000000003 0.0 0.0
10170 10618569 -2.029849767135108 0.13588767227101647 0.41910000000000003 0.0 0.0
10171 10618569 -1.9811718346617815 0.11470539343743288 0.41148 0.0 0.0
10172 10618569 -1.9331356585667512 0.09373344737015063 0.41148 0.0 0.0
10173 10618569 -1.9011389023867897 0.08075454066380747 0.40767 0.0 0.0
10174 10618569 -1.8691421462068283 0.0677756339574643 0.40386 0.0 0.0
10175 10618569 -1.808976546664985 0.05346935776823089 0.39624000000000004 0.0 0.0
10176 10618569 -1.7792865657040722 0.043757606423779544 0.39624000000000004 0.0 0.0
10177 10618569 -1.7063499757458407 0.035907201823953655 0.38862 0.0 0.0
10178 10618569 -1.6562379789195003 0.024540221765899733 0.38862 0.0 0.0
10179 10618569 -1.6017798512729955 0.023202274746152524 0.381 0.0 0.0
10180 10618569 -1.5506920455060291 0.02296704363964816 0.381 0.0 0.0
10181 10618569 -1.4797096724536043 0.021366287767487585 0.381 0.0 0.0
10182 10618569 -1.4342176333017937 0.02167675753099982 0.37338 0.0 0.0
10183 10618569 -1.379770213473501 0.02139542205399289 0.37338 0.0 0.0
10184 10618569 -1.3529356554651397 0.021966353204688288 0.37338 0.0 0.0
10185 10618569 -1.2797508898483703 0.021399721064845084 0.36576 0.0 0.0
10186 10618569 -1.2256489511247002 0.020064081457704858 0.36576 0.0 0.0
10187 10618569 -1.2014979939674009 0.020578439070187277 0.35814000000000007 0.0 0.0
10188 10618569 -1.1314681849598605 0.01905872310347942 0.35814000000000007 0.0 0.0
10189 10618569 -1.0700617291209567 0.017789095158594143 0.35052000000000005 0.0 0.0
10190 10618569 -1.019104351273313 0.014445454929175455 0.35052000000000005 0.0 0.0
10191 10618569 -0.9867894360189684 0.014393965400944925 0.34290000000000004 0.0 0.0
10192 10618569 -0.9378235970763711 0.014739805028222225 0.34290000000000004 0.0 0.0
10193 10618569 -0.9110024420480238 0.013914663854831782 0.33909 0.0 0.0
10194 10618569 -0.8841812870196766 0.01308952268144134 0.33528 0.0 0.0
10195 10618569 -0.8140374469590999 0.011652254319682281 0.32766 0.0 0.0
10196 10618569 -0.7730401691608801 0.013436224014016201 0.32766 0.0 0.0
10197 10618569 -0.7226078982285873 0.01283661780082121 0.32766 0.0 0.0
10198 10618569 -0.6961449202162198 0.009558934266539226 0.32004000000000005 0.0 0.0
10199 10618569 -0.6173173389757958 0.011593370930626873 0.31242000000000003 0.0 0.0
10200 10618569 -0.5652804712279234 0.010470192066677958 0.31242000000000003 0.0 0.0
10201 10618569 -0.5164189303823405 0.010502282933501556 0.31242000000000003 0.0 0.0
10202 10618569 -0.4691102793467692 0.005784856314683923 0.3048 0.0 0.0
10203 10618569 -0.4247874620335137 0.008235970578072765 0.3048 0.0 0.0
10204 10618569 -0.35535648984585566 0.005984427401765163 0.29718 0.0 0.0
10205 10618569 -0.3084885691070993 0.008071531198934695 0.29718 0.0 0.0
10206 10618569 -0.2635016574282343 0.00983912824978353 0.28956 0.0 0.0
10207 10618569 -0.2153908804185669 0.004861091657422184 0.28956 0.0 0.0
10208 10618569 -0.17040413006655242 0.006629278675238187 0.28956 0.0 0.0
10209 10618569 -0.12701345743274173 0.006232301515546407 0.28194 0.0 0.0
10210 10618569 -0.06532262331181304 0.004760902014698504 0.28194 0.0 0.0
10211 10618569 -0.013226654431074292 0.00654290831313295 0.28194 0.0 0.0
10212 10618569 0.010474648720037227 0.005689221229083372 0.27813 0.0 0.0
10213 10618569 0.034175951871148746 0.004835534145033793 0.27432 0.0 0.0
10214 10618569 0.05647935348648647 0.005139831446917875 0.27432 0.0 0.0
10215 10618569 0.13363965210869988 0.004806005824651682 0.27432 0.0 0.0
10216 10618569 0.1906443121950352 0.008022638348089889 0.27432 0.0 0.0
10217 10618569 0.23070841572881506 0.006962407406647747 0.27432 0.0 0.0
10218 10618569 0.2514558922136193 0.005088709101864569 0.27432 0.0 0.0
10219 10618569 0.27220336869842354 0.0032150107970813913 0.27432 0.0 0.0
10220 10618569 0.33354084703908804 0.005016672366518898 0.27432 0.0 0.0
10221 10618569 0.3933992766794425 0.007185321540871786 0.27432 0.0 0.0
