11078 11388217 -4.066950512033491 -0.02057963269605248 0.5181600000000001 2.0566212421265475 0.06844913464651936
11079 11388217 -4.025966184139818 -0.01588700345592567 0.5181600000000001 2.0566212421265475 0.06844913464651936
11080 11388217 -3.9813041733761043 -0.013800497621409141 0.5181600000000001 2.0566212421265475 0.06844913464651936
11081 11388217 -3.940051627128412 -0.013986106101146062 0.5181600000000001 2.0566212421265475 0.06844913464651936
11082 11388217 -3.8697237885754747 -0.012473167002862301 0.51054 2.0566212421265475 0.06844913464651936
11083 11388217 -3.824547213866466 -0.011255344150712748 0.51054 2.0566212421265475 0.06844913464651936
11084 11388217 -3.8039209962020397 -0.007141148894153543 0.50673 2.0566212421265475 0.06844913464651936
11085 11388217 -3.7832947785376136 -0.0030269536375943373 0.50292 2.0566212421265475 0.06844913464651936
11086 11388217 -3.730148622460999 -0.0024312902909152945 0.50292 2.0566212421265475 0.06844913464651936
11087 11388217 -3.6716351474773554 0.0024837978625553425 0.4953 2.0566212421265475 0.06844913464651936
11088 11388217 -3.6343106697258154 0.0047542647760682455 0.49149 2.0566212421265475 0.06844913464651936
11089 11388217 -3.596986191974276 0.0070247316895811485 0.48768 2.0566212421265475 0.06844913464651936
11090 11388217 -3.546712573844296 0.01241795509714691 0.48768 2.0566212421265475 0.06844913464651936
11091 11388217 -3.4941009006607606 0.016812433706050983 0.48006 2.0566212421265475 0.06844913464651936
11092 11388217 -3.445834780989138 0.022045477851347778 0.48006 2.0566212421265475 0.06844913464651936
11093 11388217 -3.401678938065725 0.023950335110661664 0.47243999999999997 2.0566212421265475 0.06844913464651936
11094 11388217 -3.3352592915683426 0.028733632828411876 0.47243999999999997 2.0566212421265475 0.06844913464651936
11095 11388217 -3.2946667757602572 0.0333244438103418 0.47243999999999997 2.0566212421265475 0.06844913464651936
11096 11388217 -3.2480852553341997 0.03992796361070092 0.47243999999999997 2.0566212421265475 0.06844913464651936
11097 11388217 -3.1999256381653867 0.04321090551928783 0.47243999999999997 2.0566212421265475 0.06844913464651936
11098 11388217 -3.151024857410766 0.04333039783926371 0.46482000000000007 2.0566212421265475 0.06844913464651936
11099 11388217 -3.1012951503152326 0.04598319805161308 0.46482000000000007 2.0566212421265475 0.06844913464651936
11100 11388217 -3.0636897334801594 0.04687896237644837 0.46482000000000007 2.0566212421265475 0.06844913464651936
11101 11388217 -3.0196383610817596 0.04846956643955033 0.46482000000000007 2.0566212421265475 0.06844913464651936
11102 11388217 -2.9707724871429404 0.0484847583578559 0.46482000000000007 2.0566212421265475 0.06844913464651936
11103 11388217 -2.907021923550899 0.04783544652856006 0.45720000000000005 2.0566212421265475 0.06844913464651936
11104 11388217 -2.874178218349397 0.04707730336717417 0.45529500000000006 2.0566212421265475 0.06844913464651936
11105 11388217 -2.841334513147895 0.04631916020578827 0.45339000000000007 2.0566212421265475 0.06844913464651936
11106 11388217 -2.7720495136266345 0.0422239536331693 0.44958000000000004 2.0566212421265475 0.06844913464651936
11107 11388217 -2.740343086504446 0.04002745198006438 0.44958000000000004 2.0566212421265475 0.06844913464651936
11108 11388217 -2.7086366593822575 0.03783095032695946 0.44958000000000004 2.0566212421265475 0.06844913464651936
11109 11388217 -2.6609292442812444 0.03811035200432475 0.44958000000000004 2.0566212421265475 0.06844913464651936
11110 11388217 -2.6173438166101812 0.03448088946286995 0.44196 2.0566212421265475 0.06844913464651936
11111 11388217 -2.5732932095184706 0.036074262399491935 0.44196 2.0566212421265475 0.06844913464651936
11112 11388217 -2.5259821486341414 0.03134309068146632 0.43434000000000006 2.0566212421265475 0.06844913464651936
11113 11388217 -2.478671118906795 0.026612235609093732 0.43434000000000006 2.0566212421265475 0.06844913464651936
11114 11388217 -2.426354653209513 0.02631975099965253 0.42672000000000004 2.0566212421265475 0.06844913464651936
11115 11388217 -2.3813292620607323 0.028179481043038662 0.42672000000000004 2.0566212421265475 0.06844913464651936
11116 11388217 -2.3332504909243728 0.02308150756325053 0.42672000000000004 2.0566212421265475 0.06844913464651936
11117 11388217 -2.2826427503924798 0.02299853351759759 0.41910000000000003 2.0566212421265475 0.06844913464651936
11118 11388217 -2.231498716451056 0.020754124084369135 0.41910000000000003 2.0566212421265475 0.06844913464651936
11119 11388217 -2.1662240724391193 0.02043023524670526 0.41148 2.0566212421265475 0.06844913464651936
11120 11388217 -2.117577008131314 0.020872947042429674 0.41148 2.0566212421265475 0.06844913464651936
11121 11388217 -2.0868145655693633 0.01606692935324136 0.40386 2.0566212421265475 0.06844913464651936
11122 11388217 -2.018613090394263 0.018175173753903734 0.40386 2.0566212421265475 0.06844913464651936
11123 11388217 -1.993797040908127 0.018002194481303774 0.40386 2.0566212421265475 0.06844913464651936
11124 11388217 -1.9689809914219911 0.017829215208703814 0.40386 2.0566212421265475 0.06844913464651936
11125 11388217 -1.8992053573680079 0.017963062764539545 0.39624000000000004 2.0566212421265475 0.06844913464651936
11126 11388217 -1.8312419175024301 0.017989235248555085 0.39624000000000004 2.0566212421265475 0.06844913464651936
11127 11388217 -1.7929847398511172 0.01885328905834091 0.39624000000000004 2.0566212421265475 0.06844913464651936
11128 11388217 -1.7547275621998042 0.019717342868126736 0.39624000000000004 2.0566212421265475 0.06844913464651936
11129 11388217 -1.7337727607610238 0.022677588370546425 0.39624000000000004 2.0566212421265475 0.06844913464651936
11130 11388217 -1.6622160953547198 0.021471503343546056 0.38862 2.0566212421265475 0.06844913464651936
11131 11388217 -1.6229472794473743 0.02475110604777861 0.38862 2.0566212421265475 0.06844913464651936
11132 11388217 -1.5692692508922457 0.02320118835677229 0.38862 2.0566212421265475 0.06844913464651936
11133 11388217 -1.5162725713491858 0.027716400920057865 0.381 2.0566212421265475 0.06844913464651936
11134 11388217 -1.4699202291992555 0.028212627961595377 0.381 2.0566212421265475 0.06844913464651936
11135 11388217 -1.4210571121401736 0.028238489333591715 0.37338 2.0566212421265475 0.06844913464651936
11136 11388217 -1.366552830321557 0.027588122542477972 0.37338 2.0566212421265475 0.06844913464651936
11137 11388217 -1.3501311380647862 0.027825726979301718 0.37338 2.0566212421265475 0.06844913464651936
11138 11388217 -1.293558605149628 0.03105611898071267 0.36576 2.0566212421265475 0.06844913464651936
11139 11388217 -1.2571575166137101 0.02896623879112617 0.36576 2.0566212421265475 0.06844913464651936
11140 11388217 -1.2207564280777923 0.02687635860153967 0.36576 2.0566212421265475 0.06844913464651936
11141 11388217 -1.172180222707371 0.02711444778357272 0.35814000000000007 2.0566212421265475 0.06844913464651936
11142 11388217 -1.0981814695827357 0.026867545761797923 0.35052000000000005 2.0566212421265475 0.06844913464651936
11143 11388217 -1.048896295993801 0.025472675466407108 0.3467100000000001 2.0566212421265475 0.06844913464651936
11144 11388217 -0.9996111224048663 0.024077805171016292 0.34290000000000004 2.0566212421265475 0.06844913464651936
11145 11388217 -0.9507143402999569 0.024212454370047015 0.34290000000000004 2.0566212421265475 0.06844913464651936
11146 11388217 -0.9082543525789919 0.020960845258276656 0.34290000000000004 2.0566212421265475 0.06844913464651936
11147 11388217 -0.8596786974286745 0.021201073499754725 0.34290000000000004 2.0566212421265475 0.06844913464651936
11148 11388217 -0.8273294900171777 0.021255859585495168 0.34290000000000004 2.0566212421265475 0.06844913464651936
11149 11388217 -0.7848351279076566 0.01811054111784413 0.33528 2.0566212421265475 0.06844913464651936
11150 11388217 -0.7162058201140196 0.016117828198079137 0.33528 2.0566212421265475 0.06844913464651936
11151 11388217 -0.6495353473182441 0.016284996626292986 0.32766 2.0566212421265475 0.06844913464651936
11152 11388217 -0.5997677222006204 0.01637081799156151 0.33528 2.0566212421265475 0.06844913464651936
11153 11388217 -0.5565401977979545 0.012753422311544499 0.33528 2.0566212421265475 0.06844913464651936
11154 11388217 -0.5066692069268015 0.013156552613273115 0.34290000000000004 2.0566212421265475 0.06844913464651936
11155 11388217 -0.47176826157055457 0.013955955430537154 0.34480500000000003 2.0566212421265475 0.06844913464651936
11156 11388217 -0.43686731621430763 0.014755358247801192 0.3467100000000001 2.0566212421265475 0.06844913464651936
11157 11388217 -0.3895094439547157 0.013585854634080657 0.34861500000000006 2.0566212421265475 0.06844913464651936
11158 11388217 -0.3421515716951238 0.012416351020360122 0.35052000000000005 2.0566212421265475 0.06844913464651936
11159 11388217 -0.29522593765050953 0.014951983843235012 0.35052000000000005 2.0566212421265475 0.06844913464651936
11160 11388217 -0.25069807530999966 0.01640237204223058 0.35814000000000007 2.0566212421265475 0.06844913464651936
11161 11388217 -0.205529936949715 0.016008072249264288 0.35814000000000007 2.0566212421265475 0.06844913464651936
11162 11388217 -0.15670359668216283 0.015937084532848728 0.36576 2.0566212421265475 0.06844913464651936
11163 11388217 -0.11902465722313693 0.014369520000673791 0.36576 2.0566212421265475 0.06844913464651936
11164 11388217 -0.06769656229832055 0.016518967567548976 0.37338 2.0566212421265475 0.06844913464651936
11165 11388217 0.010990932148806087 0.01813815801457272 0.37338 2.0566212421265475 0.06844913464651936
11166 11388217 0.06279276793498956 0.024456334622904835 0.381 2.0566212421265475 0.06844913464651936
11167 11388217 0.11847756651230856 0.026351332289233254 0.381 2.0566212421265475 0.06844913464651936
11168 11388217 0.16859915086655408 0.02644318850070626 0.38862 2.0566212421265475 0.06844913464651936
11169 11388217 0.21312609554296114 0.027896481610227536 0.38862 2.0566212421265475 0.06844913464651936
11170 11388217 0.23321170163616972 0.02956866780533869 0.39243000000000006 2.0566212421265475 0.06844913464651936
11171 11388217 0.2532973077293783 0.031240854000449847 0.39624000000000004 2.0566212421265475 0.06844913464651936
11172 11388217 0.30309763297455805 0.0314385574843537 0.39624000000000004 2.0566212421265475 0.06844913464651936
11173 11388217 0.3576089790254988 0.029746533768312045 0.40386 2.0566212421265475 0.06844913464651936
11174 11388217 0.4323225903718027 0.03225968033182911 0.40767 2.0566212421265475 0.06844913464651936
11175 11388217 0.47386318480819833 0.0319157710585299 0.409575 2.0566212421265475 0.06844913464651936
11176 11388217 0.515403779244594 0.03157186178523069 0.41148 2.0566212421265475 0.06844913464651936
11177 11388217 0.5426501718862078 0.0334166332111009 0.42672000000000004 2.0566212421265475 0.06844913464651936
11178 11388217 0.6387821749741629 0.028640761650373547 0.42672000000000004 2.0566212421265475 0.06844913464651936
11179 11388217 0.6668308568367253 0.03022380687916619 0.42672000000000004 2.0566212421265475 0.06844913464651936
11180 11388217 0.7349829173505265 0.024077310395343 0.43434000000000006 2.0566212421265475 0.06844913464651936
11181 11388217 0.7772937025647105 0.02310358969052176 0.44196 2.0566212421265475 0.06844913464651936
11182 11388217 0.8049846663412259 0.022233868684528903 0.44196 2.0566212421265475 0.06844913464651936
11183 11388217 0.8326756301177414 0.021364147678536047 0.44196 2.0566212421265475 0.06844913464651936
11184 11388217 0.8768233739630851 0.023295583853519805 0.44958000000000004 2.0566212421265475 0.06844913464651936
11185 11388217 0.9273905022215099 0.023129934628142598 0.44958000000000004 2.0566212421265475 0.06844913464651936
11186 11388217 0.9918966891645754 0.018060116960904815 0.45720000000000005 2.0566212421265475 0.06844913464651936
11187 11388217 1.0204841282779868 0.019935713084295315 0.46482000000000007 2.0566212421265475 0.06844913464651936
11188 11388217 1.0867144507188724 0.020144706400517354 0.46482000000000007 2.0566212421265475 0.06844913464651936
11189 11388217 1.1303411191886577 0.01640652882566955 0.47243999999999997 2.0566212421265475 0.06844913464651936
11190 11388217 1.194073024126375 0.018484072166895932 0.47243999999999997 2.0566212421265475 0.06844913464651936
11191 11388217 1.2364083255550398 0.020308662934114693 0.48006 2.0566212421265475 0.06844913464651936
11192 11388217 1.2749913957691508 0.018803050613500474 0.48006 2.0566212421265475 0.06844913464651936
11193 11388217 1.3254356705111268 0.023703581164120746 0.48768 2.0566212421265475 0.06844913464651936
11194 11388217 1.3847913046930018 0.03141787420091746 0.4953 2.0566212421265475 0.06844913464651936
11195 11388217 1.4342761430500932 0.04153906844534033 0.4953 2.0566212421265475 0.06844913464651936
11196 11388217 1.45569872173557 0.04622387504746957 0.50292 2.0566212421265475 0.06844913464651936
11197 11388217 1.5251927425563807 0.07247351111534245 0.50292 2.0566212421265475 0.06844913464651936
11198 11388217 1.5641682879562353 0.09011692065260635 0.51054 2.0566212421265475 0.06844913464651936
11199 11388217 1.6030533665324254 0.1096591930966013 0.51054 2.0566212421265475 0.06844913464651936
11200 11388217 1.639178022795324 0.13325743783148009 0.5181600000000001 2.0566212421265475 0.06844913464651936
11201 11388217 1.690264965160527 0.17112781139682434 0.5181600000000001 2.0566212421265475 0.06844913464651936
11202 11388217 1.710103270207508 0.1891811342967393 0.5181600000000001 2.0566212421265475 0.06844913464651936
11203 11388217 1.729941575254489 0.20723445719665426 0.5181600000000001 2.0566212421265475 0.06844913464651936
11204 11388217 1.762758602220571 0.23974047265399892 0.52578 2.0566212421265475 0.06844913464651936
11205 11388217 1.7972303313310651 0.27731360155092244 0.52578 2.0566212421265475 0.06844913464651936
11206 11388217 1.8200745812249828 0.3135441825734482 0.52578 2.0566212421265475 0.06844913464651936
11207 11388217 1.8498117694643463 0.3526637207221224 0.52578 2.0566212421265475 0.06844913464651936
11208 11388217 1.8775282694560038 0.40354138147984187 0.5334 2.0566212421265475 0.06844913464651936
11209 11388217 1.8958217295194264 0.44160877830273415 0.5334 2.0566212421265475 0.06844913464651936
11210 11388217 1.9160138246826108 0.4887523460387436 0.5334 2.0566212421265475 0.06844913464651936
11211 11388217 1.9309515802821786 0.5317708619258811 0.5334 2.0566212421265475 0.06844913464651936
11212 11388217 1.9451559081521286 0.5752625624788447 0.54102 2.0566212421265475 0.06844913464651936
11213 11388217 1.9542250893110633 0.6204314002311856 0.54102 2.0566212421265475 0.06844913464651936
11214 11388217 1.9646634185903478 0.6866484128925835 0.54864 2.0566212421265475 0.06844913464651936
11215 11388217 1.9691706417074735 0.7330735716334825 0.54864 2.0566212421265475 0.06844913464651936
11216 11388217 1.968967328850637 0.7813876979158146 0.54864 2.0566212421265475 0.06844913464651936
11217 11388217 1.9650125592666605 0.8263710276015337 0.55626 2.0566212421265475 0.06844913464651936
11218 11388217 1.9585130677825804 0.8717182457443401 0.55626 2.0566212421265475 0.06844913464651936
11219 11388217 1.9513149090629236 0.9176441879707201 0.55626 2.0566212421265475 0.06844913464651936
11220 11388217 1.9452605039460134 0.9453227173029597 0.5600700000000001 2.0566212421265475 0.06844913464651936
11221 11388217 1.939206098829103 0.9730012466351993 0.56388 2.0566212421265475 0.06844913464651936
11222 11388217 1.9200119825212687 1.0420045091378858 0.5715 2.0566212421265475 0.06844913464651936
11223 11388217 1.9090472572940114 1.0791141768164587 0.5715 2.0566212421265475 0.06844913464651936
11224 11388217 1.8887534367448116 1.1338740397637217 0.57912 2.0566212421265475 0.06844913464651936
11225 11388217 1.8751913906191655 1.1766220461654935 0.57912 2.0566212421265475 0.06844913464651936
11226 11388217 1.8538387575917006 1.225419595604791 0.57912 2.0566212421265475 0.06844913464651936
11227 11388217 1.8436647375536046 1.2608694762587935 0.58674 2.0566212421265475 0.06844913464651936
11228 11388217 1.8181852764351032 1.309262978948586 0.59436 2.0566212421265475 0.06844913464651936
11229 11388217 1.801985396662108 1.3493683737861095 0.59436 2.0566212421265475 0.06844913464651936
11230 11388217 1.7768803329578562 1.4057008549666503 0.6019800000000001 2.0566212421265475 0.06844913464651936
11231 11388217 1.7639360429486297 1.4313081917011259 0.6019800000000001 2.0566212421265475 0.06844913464651936
11232 11388217 1.729151813982829 1.4960600695181692 0.6096 2.0566212421265475 0.06844913464651936
11233 11388217 1.7091234840650857 1.5353138477477186 0.6096 2.0566212421265475 0.06844913464651936
11234 11388217 1.68925018733067 1.5679748987366322 0.61722 2.0566212421265475 0.06844913464651936
11235 11388217 1.654520351827641 1.6274527186748982 0.61722 2.0566212421265475 0.06844913464651936
11236 11388217 1.6346070091813891 1.6659684775415067 0.6248400000000001 2.0566212421265475 0.06844913464651936
11237 11388217 1.6095940790352836 1.7062672263705387 0.6248400000000001 2.0566212421265475 0.06844913464651936
11238 11388217 1.5922743551403122 1.7279892105834205 0.62865 2.0566212421265475 0.06844913464651936
11239 11388217 1.5749546312453409 1.7497111947963024 0.63246 2.0566212421265475 0.06844913464651936
11240 11388217 1.553539757181083 1.7874329323073361 0.63246 2.0566212421265475 0.06844913464651936
11241 11388217 1.5261392067566106 1.823138327288413 0.6400800000000001 2.0566212421265475 0.06844913464651936
11242 11388217 1.4993702420619595 1.859689007873678 0.6400800000000001 2.0566212421265475 0.06844913464651936
11243 11388217 1.4612701669596881 1.9153632463654813 0.6477 2.0566212421265475 0.06844913464651936
11244 11388217 1.429825111205928 1.9522739735916308 0.6477 2.0566212421265475 0.06844913464651936
11245 11388217 1.4067652826403583 1.9822393561397273 0.65532 2.0566212421265475 0.06844913464651936
11246 11388217 1.3830631282109798 2.011596961370703 0.65532 2.0566212421265475 0.06844913464651936
11247 11388217 1.3476641203646582 2.048631985446329 0.6629400000000001 2.0566212421265475 0.06844913464651936
11248 11388217 1.3139877223716843 2.088492437913358 0.6629400000000001 2.0566212421265475 0.06844913464651936
11249 11388217 1.2848546680771973 2.1199756964077254 0.67056 2.0566212421265475 0.06844913464651936
11250 11388217 1.236117783401451 2.1735201593061597 0.67056 2.0566212421265475 0.06844913464651936
11251 11388217 1.2028108570772131 2.203096682292013 0.6781800000000001 2.0566212421265475 0.06844913464651936
11252 11388217 1.1753280460817042 2.2331067884380142 0.6781800000000001 2.0566212421265475 0.06844913464651936
11253 11388217 1.1435931085351605 2.2636888239467616 0.6858000000000001 2.0566212421265475 0.06844913464651936
11254 11388217 1.1243574490918402 2.2808984759829327 0.6858000000000001 2.0566212421265475 0.06844913464651936
11255 11388217 1.10512178964852 2.2981081280191042 0.6858000000000001 2.0566212421265475 0.06844913464651936
11256 11388217 1.0578094258637596 2.340791224663307 0.69342 2.0566212421265475 0.06844913464651936
11257 11388217 1.0209432144879638 2.3746866679635783 0.7010400000000001 2.0566212421265475 0.06844913464651936
11258 11388217 0.9863632638458381 2.4019936982087624 0.7010400000000001 2.0566212421265475 0.06844913464651936
11259 11388217 0.943744550269431 2.437302456168901 0.7086600000000001 2.0566212421265475 0.06844913464651936
11260 11388217 0.926454840685329 2.4509561576868832 0.7086600000000001 2.0566212421265475 0.06844913464651936
11261 11388217 0.9091651311012269 2.4646098592048653 0.7086600000000001 2.0566212421265475 0.06844913464651936
11262 11388217 0.8509007925637487 2.5118091955583868 0.7200900000000001 2.0566212421265475 0.06844913464651936
11263 11388217 0.8177193859679273 2.53795941807667 0.7219950000000002 2.0566212421265475 0.06844913464651936
11264 11388217 0.7845379793721058 2.5641096405949537 0.7239000000000001 2.0566212421265475 0.06844913464651936
11265 11388217 0.7484070636570641 2.5866678635736178 0.73152 2.0566212421265475 0.06844913464651936
11266 11388217 0.7137340122877911 2.610969607364249 0.73152 2.0566212421265475 0.06844913464651936
11267 11388217 0.6776034658966212 2.633528191122837 0.73914 2.0566212421265475 0.06844913464651936
11268 11388217 0.6375573853135332 2.6604045733893815 0.73914 2.0566212421265475 0.06844913464651936
11269 11388217 0.6053948473977802 2.6842368998423387 0.73914 2.0566212421265475 0.06844913464651936
11270 11388217 0.5581730938481952 2.710889203366889 0.74676 2.0566212421265475 0.06844913464651936
11271 11388217 0.5316343474066593 2.730196444318152 0.74676 2.0566212421265475 0.06844913464651936
11272 11388217 0.48974336916483663 2.756859217262818 0.75438 2.0566212421265475 0.06844913464651936
11273 11388217 0.44789379252389727 2.779302777169069 0.75438 2.0566212421265475 0.06844913464651936
11274 11388217 0.4058065204603537 2.8042778648436606 0.762 2.0566212421265475 0.06844913464651936
11275 11388217 0.36569684296368354 2.82416705360272 0.762 2.0566212421265475 0.06844913464651936
11276 11388217 0.32073172085333446 2.8482142876856584 0.76962 2.0566212421265475 0.06844913464651936
11277 11388217 0.28737130621166396 2.865663791622609 0.76962 2.0566212421265475 0.06844913464651936
11278 11388217 0.23162568767838587 2.894755172900903 0.77724 2.0566212421265475 0.06844913464651936
11279 11388217 0.18921204122541668 2.9141136942066344 0.77724 2.0566212421265475 0.06844913464651936
11280 11388217 0.15984813188494001 2.9276285614242417 0.78105 2.0566212421265475 0.06844913464651936
11281 11388217 0.13048422254446335 2.9411434286418485 0.78486 2.0566212421265475 0.06844913464651936
11282 11388217 0.088458475557704 2.9585650449481427 0.78867 2.0566212421265475 0.06844913464651936
11283 11388217 0.04643272857094466 2.975986661254437 0.7924800000000001 2.0566212421265475 0.06844913464651936
11284 11388217 0.007356751853802551 2.9915680067276584 0.79629 2.0566212421265475 0.06844913464651936
11285 11388217 -0.03171922486333956 3.0071493522008805 0.8001 2.0566212421265475 0.06844913464651936
11286 11388217 -0.07213792501898919 3.026091079187799 0.8001 2.0566212421265475 0.06844913464651936
11287 11388217 -0.11558893603191656 3.039832321866078 0.80772 2.0566212421265475 0.06844913464651936
11288 11388217 -0.16531851383333152 3.0560943820267097 0.80772 2.0566212421265475 0.06844913464651936
11289 11388217 -0.19004519327791214 3.0646477423418714 0.8153400000000001 2.0566212421265475 0.06844913464651936
11290 11388217 -0.22894642912943763 3.0773692518140354 0.8153400000000001 2.0566212421265475 0.06844913464651936
11291 11388217 -0.27552526530643484 3.0921344583683785 0.82296 2.0566212421265475 0.06844913464651936
11292 11388217 -0.33616280044655467 3.111965105632447 0.82296 2.0566212421265475 0.06844913464651936
11293 11388217 -0.37091529099056086 3.123798028861129 0.82296 2.0566212421265475 0.06844913464651936
11294 11388217 -0.4165719485251451 3.1332386216191344 0.8305800000000001 2.0566212421265475 0.06844913464651936
11295 11388217 -0.4641769219680325 3.142966220109155 0.8305800000000001 2.0566212421265475 0.06844913464651936
11296 11388217 -0.5094141375298082 3.157761676051082 0.8305800000000001 2.0566212421265475 0.06844913464651936
11297 11388217 -0.561646671205968 3.1701718826297745 0.8305800000000001 2.0566212421265475 0.06844913464651936
11298 11388217 -0.6024917555550913 3.177222110276029 0.8305800000000001 2.0566212421265475 0.06844913464651936
11299 11388217 -0.635769797208483 3.185419603348865 0.8305800000000001 2.0566212421265475 0.06844913464651936
11300 11388217 -0.6690478388618748 3.193617096421701 0.8305800000000001 2.0566212421265475 0.06844913464651936
11301 11388217 -0.6939120986231122 3.2017500386407405 0.8305800000000001 2.0566212421265475 0.06844913464651936
11302 11388217 -0.7867636952658018 3.22733164477961 0.8382000000000001 2.0566212421265475 0.06844913464651936
11303 11388217 -0.8167642482162689 3.234691599894435 0.8382000000000001 2.0566212421265475 0.06844913464651936
11304 11388217 -0.8467648011667359 3.24205155500926 0.8382000000000001 2.0566212421265475 0.06844913464651936
11305 11388217 -0.9253673055845888 3.2677644323552646 0.84582 2.0566212421265475 0.06844913464651936
11306 11388217 -0.9679702152873066 3.280299237834845 0.84582 2.0566212421265475 0.06844913464651936
11307 11388217 -1.0200294893244537 3.2932405754321037 0.84582 0.0 0.0
11308 11388217 -1.064969385549891 3.3067742345127065 0.84582 0.0 0.0
11309 11388217 -1.1034437756919495 3.320529793488984 0.84582 0.0 0.0
11310 11388217 -1.15993313414716 3.337842644266781 0.8534400000000001 0.0 0.0
11311 11388217 -1.2048482745569922 3.352537608923233 0.8534400000000001 0.0 0.0
11312 11388217 -1.2553776953718299 3.3690697869304174 0.8534400000000001 0.0 0.0
11313 11388217 -1.3087698712674933 3.3877074669725173 0.8534400000000001 0.0 0.0
11314 11388217 -1.3544366667140764 3.3973914743704783 0.86106 0.0 0.0
11315 11388217 -1.4302246160977654 3.4262791719068826 0.86106 0.0 0.0
11316 11388217 -1.46590791862923 3.4352679402504975 0.862965 0.0 0.0
11317 11388217 -1.5015912211606945 3.4442567085941125 0.86487 0.0 0.0
11318 11388217 -1.5721710607037516 3.467352308505929 0.8686800000000001 0.0 0.0
11319 11388217 -1.6012306646776657 3.474875334936348 0.8724900000000001 0.0 0.0
11320 11388217 -1.6302902686515799 3.4823983613667666 0.8763000000000001 0.0 0.0
11321 11388217 -1.7052790895925598 3.500161254007555 0.8763000000000001 0.0 0.0
11322 11388217 -1.7249155682499848 3.5079895308038247 0.8763000000000001 0.0 0.0
11323 11388217 -1.7946775066134657 3.5254450521947738 0.88392 0.0 0.0
11324 11388217 -1.8451905093283558 3.536601583164059 0.88392 0.0 0.0
11325 11388217 -1.8957034682203384 3.547758476504687 0.88392 0.0 0.0
11326 11388217 -1.9477707993603823 3.554166383116765 0.88392 0.0 0.0
11327 11388217 -2.003629104820006 3.570695805158756 0.8915400000000001 0.0 0.0
11328 11388217 -2.0723909449481717 3.5819845247205264 0.8915400000000001 0.0 0.0
11329 11388217 -2.124779081050968 3.588498743212612 0.8915400000000001 0.0 0.0
11330 11388217 -2.1537099507105486 3.5937034973054276 0.8915400000000001 0.0 0.0
11331 11388217 -2.1826408203701293 3.5989082513982433 0.8915400000000001 0.0 0.0
11332 11388217 -2.2403988980314242 3.6096348537894962 0.8915400000000001 0.0 0.0
11333 11388217 -2.2932337264240603 3.6164133816207285 0.8915400000000001 0.0 0.0
11334 11388217 -2.3453504735099138 3.6280985731379682 0.8991600000000001 0.0 0.0
11335 11388217 -2.4042276347384757 3.6340515211624953 0.8991600000000001 0.0 0.0
11336 11388217 -2.4710978870072564 3.645426009531398 0.8991600000000001 0.0 0.0
11337 11388217 -2.5232343892754594 3.65162708714989 0.8991600000000001 0.0 0.0
11338 11388217 -2.5801484871291764 3.6595095029440805 0.8991600000000001 0.0 0.0
11339 11388217 -2.6338053378174013 3.661067719524666 0.8991600000000001 0.0 0.0
