11492 10561439 0.7845548895318525 0.2654841100810821 0.0 0.0 0.0
11493 10561439 0.7845953470420801 0.265470890641219 0.002049075630252101 0.0 0.0
11494 10561439 0.7846358045523077 0.2654576712013559 0.004098151260504202 0.0 0.0
11495 10561439 0.7846762620625353 0.2654444517614928 0.0061472268907563025 0.0 0.0
11496 10561439 0.7847167195727629 0.2654312323216297 0.008196302521008404 0.0 0.0
11497 10561439 0.7847571770829905 0.2654180128817666 0.010245378151260505 0.0 0.0
11498 10697110 5.521912676891613 -1.661218495272363 1.64592 0.0 0.0
11498 10561439 0.7847976345932182 0.2654047934419035 0.012294453781512605 0.0 0.0
11499 10697110 5.453275742730893 -1.6443330548992878 1.64592 0.0 0.0
11499 10561439 0.7848380921034457 0.2653915740020404 0.014343529411764706 0.0 0.0
11500 10561439 0.7848785496136733 0.2653783545621773 0.016392605042016808 0.0 0.0
11500 10697110 5.386231670873521 -1.633455880372066 1.6383 0.0 0.0
11501 10697110 5.311747352495077 -1.6140786960844538 1.6383 0.0 0.0
11501 10561439 0.784919007123901 0.2653651351223142 0.01844168067226891 0.0 0.0
11502 10561439 0.7849594646341286 0.2653519156824511 0.02049075630252101 0.0 0.0
11502 10697110 5.210339827775824 -1.5917629708423071 1.6306800000000001 0.0 0.0
11503 10697110 5.127793790053365 -1.5764131070341356 1.6306800000000001 0.0 0.0
11503 10561439 0.7849999221443561 0.265338696242588 0.022539831932773112 0.0 0.0
11504 10561439 0.7850403796545837 0.2653254768027249 0.02458890756302521 0.0 0.0
11504 10697110 5.063560555553775 -1.5599082769519328 1.6230600000000002 0.0 0.0
11505 10561439 0.7850808371648114 0.2653122573628618 0.02663798319327731 0.0 0.0
11505 10697110 5.0106497204939435 -1.5484377080019491 1.6230600000000002 0.0 0.0
11506 10561439 0.785121294675039 0.2652990379229987 0.028687058823529413 0.0 0.0
11506 10697110 4.957738885434112 -1.5369671390519655 1.6230600000000002 0.0 0.0
11507 10697110 4.884125104744256 -1.524176491874053 1.61544 0.0 0.0
11507 10561439 0.7851617521852665 0.2652858184831356 0.030736134453781514 0.0 0.0
11508 10561439 0.7852022096954941 0.2652725990432725 0.032785210084033616 0.0 0.0
11508 10697110 4.8078294071690015 -1.5065390408041806 1.61544 0.0 0.0
11509 10561439 0.7852426672057218 0.2652593796034094 0.03483428571428571 0.0 0.0
11509 10697110 4.69758148192436 -1.4851875181882703 1.6078200000000002 0.0 0.0
11510 10697110 4.642498559805638 -1.4716624613757894 1.6078200000000002 0.0 0.0
11510 10561439 0.7852831247159494 0.2652461601635463 0.03688336134453782 0.0 0.0
11511 10697110 4.587415637686916 -1.4581374045633086 1.6078200000000002 0.0 0.0
11511 10561439 0.7853235822261769 0.2652329407236832 0.038932436974789916 0.0 0.0
11512 10697110 4.515579497136138 -1.4453385294453807 1.6002 0.0 0.0
11512 10561439 0.7853640397364046 0.2652197212838201 0.04098151260504202 0.0 0.0
11513 10697110 4.445453425549515 -1.427840349477302 1.6002 0.0 0.0
11513 10561439 0.7854044972466322 0.265206501843957 0.04303058823529412 0.0 0.0
11514 10561439 0.7854449547568598 0.2651932824040939 0.045079663865546224 0.0 0.0
11514 10697110 4.373732088085842 -1.4149606296283757 1.59258 0.0 0.0
11515 10561439 0.7854854122670873 0.2651800629642308 0.04712873949579832 0.0 0.0
11515 10697110 4.298641506310892 -1.3960753003564519 1.59258 0.0 0.0
11516 10561439 0.785525869777315 0.2651668435243677 0.04917781512605042 0.0 0.0
11516 10697110 4.220624767909756 -1.383710361923589 1.59258 0.0 0.0
11517 10561439 0.7855663272875426 0.2651536240845046 0.051226890756302525 0.0 0.0
11517 10697110 4.1158031697821436 -1.3576949042204998 1.5849600000000001 0.0 0.0
11518 10561439 0.7856067847977702 0.2651404046446415 0.05327596638655462 0.0 0.0
11518 10697110 4.075670633675459 -1.3527801245018827 1.5849600000000001 0.0 0.0
11519 10697110 3.9776931791877272 -1.3319153516182134 1.5773400000000002 0.0 0.0
11519 10561439 0.7856472423079978 0.2651271852047784 0.05532504201680673 0.0 0.0
11520 10561439 0.7856876998182254 0.2651139657649153 0.057374117647058825 0.0 0.0
11520 10697110 3.905515568287969 -1.3136254864422003 1.5773400000000002 0.0 0.0
11521 10561439 0.785728157328453 0.2651007463250522 0.05942319327731093 0.0 0.0
11521 10697110 3.8654983959173927 -1.3069948783682643 1.57353 0.0 0.0
11522 10561439 0.7857686148386807 0.26508752688518916 0.06147226890756303 0.0 0.0
11522 10697110 3.8254812235468165 -1.300364270294328 1.56972 0.0 0.0
11523 10697110 3.71861202668567 -1.278171703394257 1.5659100000000001 0.0 0.0
11523 10561439 0.7858090723489082 0.26507430744532606 0.06352134453781513 0.0 0.0
11524 10697110 3.648099409372558 -1.2622617664401405 1.564005 0.0 0.0
11524 10561439 0.7858495298591358 0.26506108800546296 0.06557042016806723 0.0 0.0
11525 10697110 3.5775867920594457 -1.246351829486024 1.5621 0.0 0.0
11525 10561439 0.7858899873693634 0.26504786856559986 0.06761949579831933 0.0 0.0
11526 10561439 0.7859304448795911 0.26503464912573677 0.06966857142857143 0.0 0.0
11526 10697110 3.506267382339834 -1.2335942183842337 1.55448 0.0 0.0
11527 10561439 0.7859709023898186 0.26502142968587367 0.07171764705882354 0.0 0.0
11527 10697110 3.4689112766727854 -1.2256102992525089 1.55448 0.0 0.0
11528 10561439 0.7860113599000462 0.26500821024601057 0.07376672268907564 0.0 0.0
11528 10697110 3.3807033947335023 -1.2074574924779506 1.55448 0.0 0.0
11529 10697110 3.3040659259200034 -1.1892244391413715 1.5468600000000001 0.0 0.0
11529 10561439 0.7860518174102739 0.26499499080614747 0.07581579831932773 0.0 0.0
11530 10697110 3.2319096907647253 -1.1763077246306841 1.5468600000000001 0.0 0.0
11530 10561439 0.7860922749205015 0.26498177136628437 0.07786487394957983 0.0 0.0
11531 10697110 3.1572909947370986 -1.1573300434849114 1.53924 0.0 0.0
11531 10561439 0.786132732430729 0.26496855192642127 0.07991394957983194 0.0 0.0
11532 10561439 0.7861731899409566 0.26495533248655817 0.08196302521008404 0.0 0.0
11532 10697110 3.0797580782967167 -1.1418393715061643 1.53924 0.0 0.0
11533 10697110 3.000369634749177 -1.1222378084460438 1.5316200000000002 0.0 0.0
11533 10561439 0.7862136474511843 0.26494211304669507 0.08401210084033614 0.0 0.0
11534 10561439 0.7862541049614119 0.26492889360683197 0.08606117647058824 0.0 0.0
11534 10697110 2.9287296490483863 -1.1093695811217548 1.5316200000000002 0.0 0.0
11535 10697110 2.858491078274636 -1.0919349804930911 1.524 0.0 0.0
11535 10561439 0.7862945624716395 0.2649156741669689 0.08811025210084034 0.0 0.0
11536 10561439 0.7863350199818671 0.2649024547271058 0.09015932773109245 0.0 0.0
11536 10697110 2.774629169277304 -1.0754264459480194 1.524 0.0 0.0
11537 10561439 0.7863754774920947 0.2648892352872427 0.09220840336134455 0.0 0.0
11537 10697110 2.7017052518151807 -1.062136777174863 1.51638 0.0 0.0
11538 10561439 0.7864159350023223 0.2648760158473796 0.09425747899159664 0.0 0.0
11538 10697110 2.6294950558251573 -1.0439394072345973 1.51638 0.0 0.0
11539 10697110 2.5228493947282367 -1.0251304606380913 1.50876 0.0 0.0
11539 10561439 0.78645639251255 0.2648627964075165 0.09630655462184874 0.0 0.0
11540 10697110 2.452210092971808 -1.0075608159012586 1.50876 0.0 0.0
11540 10561439 0.7864968500227775 0.2648495769676534 0.09835563025210084 0.0 0.0
11541 10561439 0.7865373075330051 0.2648363575277903 0.10040470588235295 0.0 0.0
11541 10697110 2.414143159295109 -1.000390305440138 1.50876 0.0 0.0
11542 10697110 2.376076225618409 -0.9932197949790175 1.50876 0.0 0.0
11542 10561439 0.7865777650432327 0.2648231380879272 0.10245378151260505 0.0 0.0
11543 10697110 2.2979729460731537 -0.9740295243888263 1.5011400000000001 0.0 0.0
11543 10561439 0.7866182225534604 0.2648099186480641 0.10450285714285715 0.0 0.0
11544 10697110 2.2242124000211234 -0.9605784687291857 1.5011400000000001 0.0 0.0
11544 10561439 0.7866586800636879 0.264796699208201 0.10655193277310925 0.0 0.0
11545 10561439 0.7866991375739155 0.2647834797683379 0.10860100840336136 0.0 0.0
11545 10697110 2.1528399165006418 -0.9425326693318988 1.49352 0.0 0.0
11546 10561439 0.7867395950841432 0.2647702603284748 0.11065008403361346 0.0 0.0
11546 10697110 2.087311737161963 -0.9310670834011737 1.49352 0.0 0.0
11547 10697110 2.0151564293579876 -0.9181379150381453 1.49352 0.0 0.0
11547 10561439 0.7867800525943708 0.2647570408886117 0.11269915966386555 0.0 0.0
11548 10561439 0.7868205101045983 0.2647438214487486 0.11474823529411765 0.0 0.0
11548 10697110 1.9086519225802245 -0.8948094736245091 1.4859 0.0 0.0
11549 10561439 0.7868609676148259 0.2647306020088855 0.11679731092436975 0.0 0.0
11549 10697110 1.8379776968323123 -0.8793828531406409 1.48209 0.0 0.0
11550 10561439 0.7869014251250536 0.2647173825690224 0.11884638655462186 0.0 0.0
11550 10697110 1.7673034710844 -0.8639562326567728 1.47828 0.0 0.0
11551 10697110 1.6905648676060079 -0.8460223203125673 1.47828 0.0 0.0
11551 10561439 0.7869418826352812 0.2647041631291593 0.12089546218487396 0.0 0.0
11552 10697110 1.617503913982398 -0.8331436884038544 1.47066 0.0 0.0
11552 10561439 0.7869823401455087 0.2646909436892962 0.12294453781512606 0.0 0.0
11553 10697110 1.5491451577673818 -0.8194635464316805 1.47066 0.0 0.0
11554 10697110 1.4874825041370576 -0.8070350934685278 1.46304 0.0 0.0
11555 10697110 1.4072238489164 -0.7889997309254748 1.46304 0.0 0.0
11556 10697110 1.3470189354918525 -0.774826490707544 1.46304 0.0 0.0
11557 10697110 1.2455833591814673 -0.7525592767859212 1.4554200000000002 0.0 0.0
11558 10697110 1.1656304952466583 -0.7401116480975588 1.4554200000000002 0.0 0.0
11559 10697110 1.124239287525126 -0.7319650509117537 1.4478000000000002 0.0 0.0
11560 10697110 1.0582590132436436 -0.7126316143418051 1.4478000000000002 0.0 0.0
11561 10697110 0.9716591857557602 -0.6949729671109968 1.44018 0.0 0.0
11562 10697110 0.8919623644282866 -0.6779328180325527 1.44018 0.0 0.0
11563 10697110 0.81903993622295 -0.6646236742380085 1.4325600000000003 0.0 0.0
11564 10697110 0.7153807087767603 -0.6420893913486644 1.4325600000000003 0.0 0.0
11565 10697110 0.6520228791724009 -0.6280481186217979 1.4325600000000003 0.0 0.0
11566 10697110 0.5802699050818357 -0.6152353644842659 1.42494 0.0 0.0
11567 10697110 0.5052885013632455 -0.5959929324170153 1.42494 0.0 0.0
11568 10697110 0.4404836302405144 -0.5847480356853735 1.4173200000000001 0.0 0.0
11569 10697110 0.3780778120286694 -0.5707816332485901 1.4173200000000001 0.0 0.0
11570 10697110 0.3011432729157082 -0.5561559703018316 1.4097 0.0 0.0
11571 10697110 0.2458235605352807 -0.5433354349750137 1.4097 0.0 0.0
11572 10697110 0.19050384815485322 -0.5305148996481958 1.4097 0.0 0.0
11573 10697110 0.11545408088551601 -0.5114794301469953 1.4020800000000002 0.0 0.0
11574 10697110 0.04363253990834248 -0.4988723248964103 1.4020800000000002 0.0 0.0
11575 10697110 -0.026131800797479454 -0.48132899144080776 1.4020800000000002 0.0 0.0
11576 10697110 -0.09347053942535877 -0.46995190849558377 1.39446 0.0 0.0
11577 10697110 -0.1801214528999775 -0.447004580192064 1.39446 0.0 0.0
11578 10697110 -0.2536167416338764 -0.4340809630381828 1.38684 0.0 0.0
11579 10697110 -0.32502012120353974 -0.41611561500964556 1.38684 0.0 0.0
11580 10697110 -0.38161193666699966 -0.4031080089521337 1.3792200000000001 0.0 0.0
11581 10697110 -0.4697804513498147 -0.3848014593951642 1.3792200000000001 0.0 0.0
11582 10697110 -0.5322526956081746 -0.36940296363953784 1.3792200000000001 0.0 0.0
11583 10697110 -0.641543849534598 -0.3504980071912591 1.3716000000000002 0.0 0.0
11584 10697110 -0.7094951984711506 -0.3328392910373662 1.36398 0.0 0.0
11585 10697110 -0.7651806241674586 -0.3197743053684783 1.36398 0.0 0.0
11586 10697110 -0.8663719569530446 -0.2975554002871025 1.36398 0.0 0.0
11587 10697110 -0.9380779786685955 -0.28485897948665395 1.3563600000000002 0.0 0.0
11588 10697110 -0.9787017489370429 -0.2787031030238708 1.3563600000000002 0.0 0.0
11589 10697110 -1.0703296552731818 -0.2573882993686357 1.34874 0.0 0.0
11590 10697110 -1.1487382948283653 -0.2391097702310693 1.34874 0.0 0.0
11591 10697110 -1.222703106476527 -0.22625594599942703 1.34112 0.0 0.0
11592 10697110 -1.3033593191639745 -0.20805850408317952 1.34112 0.0 0.0
11593 10697110 -1.353897187750936 -0.19690553530324875 1.33731 0.0 0.0
11594 10697110 -1.4044350563378976 -0.18575256652331798 1.3335 0.0 0.0
11595 10697110 -1.4999019097558601 -0.1625921703386685 1.3335 0.0 0.0
11596 10697110 -1.6158402815822013 -0.14091366036723466 1.3258800000000002 0.0 0.0
11597 10697110 -1.6815293681412358 -0.121765086391072 1.3258800000000002 0.0 0.0
11598 10697110 -1.7248621100697512 -0.11302447710496968 1.3258800000000002 0.0 0.0
11599 10697110 -1.7681948519982666 -0.10428386781886737 1.3258800000000002 0.0 0.0
11600 10697110 -1.837283824727088 -0.09009731157490056 1.31826 0.0 0.0
11601 10697110 -1.914957959539999 -0.07228383293114529 1.31826 0.0 0.0
11602 10697110 -1.9978264360472433 -0.054055482863799825 1.31064 0.0 0.0
11603 10697110 -2.0716179453257837 -0.04066502379771045 1.31064 0.0 0.0
11604 10697110 -2.1430186356685814 -0.022681249443539914 1.30302 0.0 0.0
11605 10697110 -2.2145227864210915 -0.005013384767469736 1.30302 0.0 0.0
11606 10697110 -2.2834945366793464 0.010891977560286786 1.2954 0.0 0.0
11607 10697110 -2.369723510838744 0.02835486972755505 1.2954 0.873430837160519 0.5437946552671099
11608 10697110 -2.4679756829003985 0.05115495288206859 1.28778 0.873430837160519 0.5437946552671099
11609 10697110 -2.5314448766703554 0.06514556091329779 1.28778 0.873430837160519 0.5437946552671099
11610 10697110 -2.607895088338828 0.07964543782197406 1.28778 0.873430837160519 0.5437946552671099
11611 10697110 -2.675075590646091 0.09695499952042227 1.2801600000000002 0.873430837160519 0.5437946552671099
11611 10561439 0.7893693332489374 0.2639109967373734 0.24384 0.873430837160519 0.5437946552671099
11612 10561439 0.7878271571674905 0.2639475908825861 0.24384 0.873430837160519 0.5437946552671099
11612 10697110 -2.7547597678503495 0.11134633564675309 1.2801600000000002 0.873430837160519 0.5437946552671099
11613 10561439 0.7862849810860436 0.26398418502779886 0.24384 0.873430837160519 0.5437946552671099
11613 10697110 -2.8249669371109576 0.12918048108331556 1.27254 0.873430837160519 0.5437946552671099
11614 10561439 0.7851909212087743 0.2629007962723321 0.24384 0.873430837160519 0.5437946552671099
11614 10697110 -2.908179523874284 0.14636412124306428 1.27254 0.873430837160519 0.5437946552671099
11615 10697110 -2.980038051258952 0.16403925737013422 1.26492 0.873430837160519 0.5437946552671099
11615 10561439 0.7840968613315051 0.2618174075168653 0.24384 0.873430837160519 0.5437946552671099
11616 10561439 0.7830028014542358 0.2607340187613985 0.24384 0.873430837160519 0.5437946552671099
11616 10697110 -3.0530608100718073 0.17707183535489798 1.26492 0.873430837160519 0.5437946552671099
11617 10561439 0.7831042338955605 0.26090288992085564 0.244475 0.873430837160519 0.5437946552671099
11617 10697110 -3.12369212479566 0.19469738579782478 1.2572999999999999 0.873430837160519 0.5437946552671099
11618 10561439 0.7832056663368852 0.26107176108031277 0.24511 0.873430837160519 0.5437946552671099
11618 10697110 -3.1810489126558856 0.20809592936290752 1.255395 0.873430837160519 0.5437946552671099
11619 10561439 0.7833070987782098 0.26124063223976984 0.245745 0.873430837160519 0.5437946552671099
11619 10697110 -3.238405700516111 0.22149447292799027 1.25349 0.873430837160519 0.5437946552671099
11620 10561439 0.7834085312195345 0.261409503399227 0.24638 0.873430837160519 0.5437946552671099
11620 10697110 -3.296696274413694 0.2354332536879513 1.251585 0.873430837160519 0.5437946552671099
11621 10697110 -3.3549868483112766 0.2493720344479123 1.2496800000000001 0.873430837160519 0.5437946552671099
11621 10561439 0.783509963660859 0.2615783745586841 0.247015 0.873430837160519 0.5437946552671099
11622 10561439 0.7836113961021837 0.26174724571814123 0.24765 0.873430837160519 0.5437946552671099
11622 10697110 -3.45021365691868 0.2692096920927626 1.2420600000000002 0.873430837160519 0.5437946552671099
11623 10561439 0.7837128285435083 0.26191611687759836 0.248285 0.873430837160519 0.5437946552671099
11623 10697110 -3.5241420608730865 0.2821932031590112 1.2420600000000002 0.873430837160519 0.5437946552671099
11624 10697110 -3.59557506996077 0.30008616195389115 1.2420600000000002 0.873430837160519 0.5437946552671099
11624 10561439 0.783814260984833 0.2620849880370555 0.24892 0.873430837160519 0.5437946552671099
11625 10561439 0.7839156934261576 0.26225385919651256 0.249555 0.873430837160519 0.5437946552671099
11625 10697110 -3.6634182819266297 0.31808998655342113 1.23444 0.873430837160519 0.5437946552671099
11626 10697110 -3.7456469085605617 0.33285845337147923 1.23444 0.873430837160519 0.5437946552671099
11626 10561439 0.7840171258674823 0.2624227303559697 0.25019 0.873430837160519 0.5437946552671099
11627 10561439 0.784118558308807 0.2625916015154268 0.250825 0.873430837160519 0.5437946552671099
11627 10697110 -3.8511181190897963 0.35804214818911506 1.2268200000000002 0.873430837160519 0.5437946552671099
11628 10561439 0.7842199907501315 0.26276047267488395 0.25146 0.873430837160519 0.5437946552671099
11628 10697110 -3.9256910678772687 0.37720038573303294 1.2268200000000002 0.873430837160519 0.5437946552671099
11629 10697110 -3.982630569643173 0.3850936942454858 1.2192 0.873430837160519 0.5437946552671099
11629 10561439 0.7843214231914561 0.2629293438343411 0.252095 0.873430837160519 0.5437946552671099
11630 10561439 0.7844228556327808 0.26309821499379815 0.25273 0.873430837160519 0.5437946552671099
11630 10697110 -4.058040271663177 0.4044105259931189 1.2192 0.873430837160519 0.5437946552671099
11631 10561439 0.7845242880741055 0.2632670861532553 0.253365 0.873430837160519 0.5437946552671099
11632 10561439 0.7846257205154301 0.2634359573127124 0.254 0.873430837160519 0.5437946552671099
11633 10561439 0.7847271529567548 0.26360482847216954 0.254635 0.873430837160519 0.5437946552671099
11634 10561439 0.7848285853980794 0.26377369963162667 0.25527 0.873430837160519 0.5437946552671099
11635 10561439 0.7849300178394041 0.26394257079108374 0.255905 0.873430837160519 0.5437946552671099
11636 10561439 0.7850314502807287 0.26411144195054087 0.25654 0.873430837160519 0.5437946552671099
11637 10561439 0.7851328827220533 0.264280313109998 0.257175 0.873430837160519 0.5437946552671099
11638 10561439 0.7852343151633779 0.26444918426945513 0.25781 0.873430837160519 0.5437946552671099
11639 10561439 0.7853357476047026 0.26461805542891226 0.258445 0.873430837160519 0.5437946552671099
11640 10561439 0.7854371800460273 0.26478692658836933 0.25908 0.873430837160519 0.5437946552671099
11641 10561439 0.7855386124873519 0.26495579774782646 0.25971500000000003 0.873430837160519 0.5437946552671099
11642 10561439 0.7856400449286766 0.2651246689072836 0.26035 0.873430837160519 0.5437946552671099
11643 10561439 0.7857414773700012 0.2652935400667407 0.260985 0.873430837160519 0.5437946552671099
11644 10561439 0.7858429098113258 0.26546241122619785 0.26162 0.873430837160519 0.5437946552671099
11645 10561439 0.7859443422526504 0.265631282385655 0.262255 0.873430837160519 0.5437946552671099
11646 10561439 0.7860457746939751 0.26580015354511205 0.26289 0.873430837160519 0.5437946552671099
11647 10561439 0.7861472071352997 0.2659690247045692 0.263525 0.873430837160519 0.5437946552671099
11648 10561439 0.7862486395766244 0.2661378958640263 0.26416 0.873430837160519 0.5437946552671099
11649 10561439 0.786350072017949 0.26630676702348344 0.264795 0.873430837160519 0.5437946552671099
11650 10561439 0.7864515044592737 0.26647563818294057 0.26543 0.873430837160519 0.5437946552671099
11651 10561439 0.7865529369005984 0.26664450934239764 0.266065 0.873430837160519 0.5437946552671099
11652 10561439 0.786654369341923 0.26681338050185477 0.2667 0.873430837160519 0.5437946552671099
11653 10561439 0.7867558017832476 0.2669822516613119 0.267335 0.873430837160519 0.5437946552671099
11654 10561439 0.7868572342245722 0.267151122820769 0.26797 0.873430837160519 0.5437946552671099
11655 10561439 0.7869586666658969 0.26731999398022616 0.268605 0.873430837160519 0.5437946552671099
11656 10561439 0.7870600991072215 0.2674888651396833 0.26924000000000003 0.873430837160519 0.5437946552671099
11657 10561439 0.7871615315485462 0.26765773629914036 0.26987500000000003 0.873430837160519 0.5437946552671099
11658 10561439 0.7872629639898708 0.2678266074585975 0.27051000000000003 0.873430837160519 0.5437946552671099
11659 10561439 0.7873643964311955 0.2679954786180546 0.271145 0.873430837160519 0.5437946552671099
11660 10561439 0.78746582887252 0.26816434977751175 0.27178 0.873430837160519 0.5437946552671099
11661 10561439 0.7875672613138447 0.2683332209369689 0.272415 0.873430837160519 0.5437946552671099
11662 10561439 0.7876686937551693 0.26850209209642595 0.27305 0.873430837160519 0.5437946552671099
11663 10561439 0.787770126196494 0.2686709632558831 0.273685 0.873430837160519 0.5437946552671099
11664 10561439 0.7878715586378187 0.2688398344153402 0.27432 0.873430837160519 0.5437946552671099
11665 10561439 0.7878128460744831 0.26878028716076235 0.27432 0.873430837160519 0.5437946552671099
11666 10561439 0.7877541335111474 0.2687207399061845 0.27432 0.873430837160519 0.5437946552671099
11667 10561439 0.7876954209478119 0.26866119265160665 0.27432 0.873430837160519 0.5437946552671099
11668 10561439 0.7876367083844763 0.2686016453970288 0.27432 0.873430837160519 0.5437946552671099
11669 10561439 0.7875779958211406 0.268542098142451 0.27432 0.873430837160519 0.5437946552671099
11670 10561439 0.7875192832578051 0.26848255088787315 0.27432 0.873430837160519 0.5437946552671099
11671 10561439 0.7874605706944695 0.2684230036332953 0.27432 0.873430837160519 0.5437946552671099
11672 10561439 0.787401858131134 0.26836345637871745 0.27432 0.873430837160519 0.5437946552671099
11673 10561439 0.7873431455677983 0.2683039091241396 0.27432 0.873430837160519 0.5437946552671099
11674 10561439 0.7872844330044627 0.26824436186956174 0.27432 0.873430837160519 0.5437946552671099
11675 10561439 0.7872257204411272 0.2681848146149839 0.27432 0.873430837160519 0.5437946552671099
11676 10561439 0.7871670078777915 0.26812526736040604 0.27432 0.873430837160519 0.5437946552671099
11677 10561439 0.7871082953144559 0.26806572010582824 0.27432 0.873430837160519 0.5437946552671099
11678 10561439 0.7870495827511204 0.2680061728512504 0.27432 0.873430837160519 0.5437946552671099
11679 10561439 0.7869908701877847 0.26794662559667254 0.27432 0.873430837160519 0.5437946552671099
11680 10561439 0.7869321576244491 0.2678870783420947 0.27432 0.873430837160519 0.5437946552671099
11681 10651547 -4.112614573114875 -0.04173477345420121 0.5181600000000001 0.873430837160519 0.5437946552671099
11681 10561439 0.7868734450611136 0.26782753108751683 0.27432 0.873430837160519 0.5437946552671099
11682 10561439 0.7868147324977779 0.267767983832939 0.27432 0.873430837160519 0.5437946552671099
11682 10651547 -4.053694517032769 -0.04630357896491502 0.5181600000000001 0.873430837160519 0.5437946552671099
11683 10651547 -4.00479163754327 -0.04618995008505436 0.5181600000000001 0.873430837160519 0.5437946552671099
11683 10561439 0.7867560199344423 0.26770843657836113 0.27432 0.873430837160519 0.5437946552671099
11684 10651547 -3.941371216412859 -0.047323629449742916 0.5181600000000001 0.873430837160519 0.5437946552671099
11684 10561439 0.7866973073711068 0.2676488893237833 0.27432 0.873430837160519 0.5437946552671099
11685 10561439 0.7866385948077711 0.2675893420692055 0.27432 0.873430837160519 0.5437946552671099
11685 10651547 -3.8957419767008377 -0.05069451670689187 0.5181600000000001 0.873430837160519 0.5437946552671099
11686 10651547 -3.850112736988817 -0.05406540396404083 0.5181600000000001 0.873430837160519 0.5437946552671099
11686 10561439 0.7865798822444355 0.26752979481462763 0.27432 0.873430837160519 0.5437946552671099
11687 10651547 -3.794431735826283 -0.05359885830253322 0.5181600000000001 0.873430837160519 0.5437946552671099
11687 10561439 0.7865211696811 0.2674702475600498 0.27432 0.873430837160519 0.5437946552671099
11688 10561439 0.7864624571177644 0.2674107003054719 0.27432 0.873430837160519 0.5437946552671099
11688 10651547 -3.752376843443428 -0.054046078065188935 0.5181600000000001 0.873430837160519 0.5437946552671099
11689 10561439 0.7864037445544287 0.2673511530508941 0.27432 0.873430837160519 0.5437946552671099
11689 10651547 -3.6793248113507833 -0.05207938631214151 0.48768 0.873430837160519 0.5437946552671099
11690 10561439 0.7863450319910932 0.2672916057963162 0.27432 0.873430837160519 0.5437946552671099
11690 10651547 -3.63451536020894 -0.052930992884577394 0.48768 0.873430837160519 0.5437946552671099
11691 10651547 -3.5897059090670966 -0.053782599457013275 0.48768 0.873430837160519 0.5437946552671099
11691 10561439 0.7862863194277576 0.26723205854173837 0.27432 0.873430837160519 0.5437946552671099
11692 10651547 -3.545230646344643 -0.05361884184985635 0.48768 0.873430837160519 0.5437946552671099
11692 10561439 0.786227606864422 0.2671725112871605 0.27432 0.873430837160519 0.5437946552671099
11693 10561439 0.7861688943010864 0.2671129640325827 0.27432 0.873430837160519 0.5437946552671099
11693 10651547 -3.4903127148315125 -0.04869382484046994 0.48768 0.873430837160519 0.5437946552671099
11694 10651547 -3.4366653075588722 -0.050363397384723646 0.48768 0.873430837160519 0.5437946552671099
11694 10561439 0.7861101817377508 0.26705341677800487 0.27432 0.873430837160519 0.5437946552671099
11695 10651547 -3.383889523342188 -0.051980981721204605 0.48768 0.873430837160519 0.5437946552671099
11695 10561439 0.7860514691744152 0.266993869523427 0.27432 0.873430837160519 0.5437946552671099
11696 10561439 0.7859927566110796 0.26693432226884917 0.27432 0.873430837160519 0.5437946552671099
11696 10651547 -3.343745646228422 -0.048762445373559477 0.48768 0.873430837160519 0.5437946552671099
11697 10561439 0.785934044047744 0.2668747750142713 0.27432 0.873430837160519 0.5437946552671099
11697 10651547 -3.2900294189465367 -0.050219830146613825 0.48768 0.873430837160519 0.5437946552671099
11698 10651547 -3.2437983174164913 -0.048759524748686195 0.45720000000000005 0.873430837160519 0.5437946552671099
11698 10561439 0.7858753314844084 0.26681522775969346 0.27432 0.873430837160519 0.5437946552671099
11699 10561439 0.7858166189210728 0.2667556805051156 0.27432 0.873430837160519 0.5437946552671099
11699 10651547 -3.193624184170532 -0.048823196681089615 0.45720000000000005 0.873430837160519 0.5437946552671099
11700 10561439 0.7857579063577372 0.26669613325053776 0.27432 0.873430837160519 0.5437946552671099
11700 10651547 -3.14395499478388 -0.0490718184406477 0.45720000000000005 0.873430837160519 0.5437946552671099
11701 10651547 -3.094078644543168 -0.04868684894471445 0.45720000000000005 0.873430837160519 0.5437946552671099
11701 10561439 0.7856991937944016 0.26663658599595996 0.27432 0.873430837160519 0.5437946552671099
11702 10651547 -3.0422356544779037 -0.04392084621758921 0.45720000000000005 0.873430837160519 0.5437946552671099
11702 10561439 0.785640481231066 0.2665770387413821 0.27432 0.873430837160519 0.5437946552671099
11703 10651547 -3.0168902509657993 -0.0435692438037755 0.45720000000000005 0.873430837160519 0.5437946552671099
11703 10561439 0.7855817686677304 0.26651749148680426 0.27432 0.873430837160519 0.5437946552671099
11704 10651547 -2.9296318799759407 -0.03754002256433267 0.45720000000000005 0.873430837160519 0.5437946552671099
11704 10561439 0.7855230561043949 0.2664579442322264 0.27432 0.873430837160519 0.5437946552671099
11705 10651547 -2.8771554561119492 -0.03029284799213286 0.45720000000000005 0.873430837160519 0.5437946552671099
11705 10561439 0.7854643435410592 0.26639839697764855 0.27432 0.873430837160519 0.5437946552671099
11706 10561439 0.7854056309777236 0.2663388497230707 0.27432 0.873430837160519 0.5437946552671099
11706 10651547 -2.821816915365912 -0.026786238664500278 0.45720000000000005 0.873430837160519 0.5437946552671099
11707 10651547 -2.784524519516915 -0.028474005407352593 0.42672000000000004 0.873430837160519 0.5437946552671099
11707 10561439 0.7853469184143881 0.26627930246849285 0.27432 0.873430837160519 0.5437946552671099
11708 10651547 -2.720056634469975 -0.02421518216223842 0.42672000000000004 0.873430837160519 0.5437946552671099
11708 10561439 0.7852882058510524 0.266219755213915 0.27432 0.873430837160519 0.5437946552671099
11709 10561439 0.7852294932877169 0.2661602079593372 0.27432 0.873430837160519 0.5437946552671099
11709 10651547 -2.6624473063468983 -0.02028211604982691 0.42672000000000004 0.873430837160519 0.5437946552671099
11710 10561439 0.7851707807243813 0.26610066070475935 0.27432 0.873430837160519 0.5437946552671099
11710 10651547 -2.612314046483994 -0.015304458521549519 0.42672000000000004 0.873430837160519 0.5437946552671099
11711 10561439 0.7851120681610456 0.2660411134501815 0.27432 0.873430837160519 0.5437946552671099
11711 10651547 -2.566727393011247 -0.014447267217647802 0.42672000000000004 0.873430837160519 0.5437946552671099
11712 10651547 -2.535473006125517 -0.011236998712846752 0.42672000000000004 0.873430837160519 0.5437946552671099
11712 10561439 0.7850533555977101 0.26598156619560365 0.27432 0.873430837160519 0.5437946552671099
11713 10561439 0.7849946430343745 0.2659220189410258 0.27432 0.873430837160519 0.5437946552671099
11713 10651547 -2.5042186192397873 -0.008026730208045701 0.42672000000000004 0.873430837160519 0.5437946552671099
11714 10651547 -2.452720670140355 -0.0026767340866360734 0.42672000000000004 0.873430837160519 0.5437946552671099
11714 10561439 0.7849359304710388 0.26586247168644794 0.27432 0.873430837160519 0.5437946552671099
11715 10651547 -2.3908043698901675 -0.0021372939168144145 0.42672000000000004 0.873430837160519 0.5437946552671099
11715 10561439 0.7848772179077033 0.2658029244318701 0.27432 0.873430837160519 0.5437946552671099
11716 10561439 0.7848185053443677 0.26574337717729224 0.27432 0.873430837160519 0.5437946552671099
11716 10651547 -2.3404656811250675 0.002657965879114016 0.42672000000000004 0.873430837160519 0.5437946552671099
11717 10561439 0.784759792781032 0.26568382992271444 0.27432 0.873430837160519 0.5437946552671099
11717 10651547 -2.317920445192807 0.0020584734632927704 0.42672000000000004 0.873430837160519 0.5437946552671099
11718 10561439 0.7847010802176965 0.2656242826681366 0.27432 0.873430837160519 0.5437946552671099
11718 10651547 -2.261082220582714 0.004727727537642584 0.42672000000000004 0.873430837160519 0.5437946552671099
11719 10651547 -2.211242416743672 0.005013343066330472 0.42672000000000004 0.873430837160519 0.5437946552671099
11719 10561439 0.7846423676543609 0.26556473541355874 0.27432 0.873430837160519 0.5437946552671099
11720 10651547 -2.1598143516604127 0.010154365829636774 0.42672000000000004 0.873430837160519 0.5437946552671099
11720 10561439 0.7845836550910253 0.2655051881589809 0.27432 0.873430837160519 0.5437946552671099
11721 10651547 -2.114996564167458 0.011382517808781717 0.42672000000000004 0.873430837160519 0.5437946552671099
11721 10561439 0.7845249425276897 0.26544564090440304 0.27432 0.873430837160519 0.5437946552671099
11722 10561439 0.7844662299643541 0.2653860936498252 0.27432 0.873430837160519 0.5437946552671099
11722 10651547 -2.065191607384971 0.011563612304305443 0.39624000000000004 0.873430837160519 0.5437946552671099
11723 10561439 0.7844075174010186 0.26532654639524733 0.27432 0.873430837160519 0.5437946552671099
11723 10651547 -1.9906742521371263 0.011255408853652143 0.42672000000000004 0.873430837160519 0.5437946552671099
11724 10561439 0.7843488048376829 0.2652669991406695 0.27432 0.873430837160519 0.5437946552671099
11724 10651547 -1.9705001789061687 0.013185210019235866 0.39624000000000004 0.873430837160519 0.5437946552671099
11725 10651547 -1.8976570254417988 0.013191891236581127 0.39624000000000004 0.873430837160519 0.5437946552671099
11726 10651547 -1.8488620815116363 0.013003719132622188 0.39624000000000004 0.873430837160519 0.5437946552671099
11727 10651547 -1.79880760012804 0.011235458316759511 0.39624000000000004 0.873430837160519 0.5437946552671099
11728 10651547 -1.7462852213472007 0.011581266461421408 0.39624000000000004 0.873430837160519 0.5437946552671099
11729 10651547 -1.6974214981180464 0.011605228696379227 0.39624000000000004 0.873430837160519 0.5437946552671099
11730 10651547 -1.662383084382388 0.010777032523776209 0.39624000000000004 0.873430837160519 0.5437946552671099
11731 10651547 -1.6273446706467292 0.00994883635117319 0.39624000000000004 0.873430837160519 0.5437946552671099
11732 10651547 -1.5842386325818567 0.009344823371505384 0.39624000000000004 0.873430837160519 0.5437946552671099
11733 10651547 -1.541132594516984 0.008740810391837578 0.39624000000000004 0.873430837160519 0.5437946552671099
11734 10651547 -1.4925902099665207 0.00887116325439416 0.36576 0.873430837160519 0.5437946552671099
11735 10651547 -1.4295574250453422 0.004963720949557854 0.36576 0.873430837160519 0.5437946552671099
11736 10651547 -1.378192152822634 0.0017764389501085665 0.36576 0.873430837160519 0.5437946552671099
11737 10651547 -1.3047424083099324 -0.0031416202600067777 0.36576 0.873430837160519 0.5437946552671099
11738 10651547 -1.2829275557316813 -0.005018072691280323 0.36576 0.873430837160519 0.5437946552671099
11739 10651547 -1.2611127031534302 -0.006894525122553868 0.36576 0.873430837160519 0.5437946552671099
11740 10651547 -1.1897425629614837 -0.010021376898061735 0.36576 0.873430837160519 0.5437946552671099
11741 10651547 -1.1415139993032806 -0.0132912625965447 0.36576 0.873430837160519 0.5437946552671099
11742 10651547 -1.1195977719729449 -0.011461660447180583 0.36576 0.873430837160519 0.5437946552671099
11743 10651547 -1.0716842887309619 -0.019768848751171603 0.36576 0.873430837160519 0.5437946552671099
11744 10651547 -1.028352456125482 -0.023072470465200584 0.36576 0.873430837160519 0.5437946552671099
11745 10651547 -0.9737347326802919 -0.024458066623967795 0.36576 0.873430837160519 0.5437946552671099
11746 10651547 -0.9307498396349245 -0.0304517243669378 0.36576 0.873430837160519 0.5437946552671099
11747 10651547 -0.8671224719034021 -0.035249840622822076 0.36576 0.873430837160519 0.5437946552671099
11748 10651547 -0.8182601130795877 -0.03521981913384584 0.36576 0.873430837160519 0.5437946552671099
11749 10651547 -0.7709163080531238 -0.03983370594374677 0.36576 0.873430837160519 0.5437946552671099
11750 10651547 -0.7239970422000197 -0.04465898625703982 0.36576 0.873430837160519 0.5437946552671099
11751 10651547 -0.682077067676996 -0.04901782363160426 0.39624000000000004 0.873430837160519 0.5437946552671099
11752 10651547 -0.629458852869561 -0.05407004872827634 0.39624000000000004 0.873430837160519 0.5437946552671099
11753 10651547 -0.5822644352444568 -0.05886754060712254 0.39624000000000004 0.873430837160519 0.5437946552671099
11754 10651547 -0.5541024952214071 -0.060480190953417334 0.39624000000000004 0.873430837160519 0.5437946552671099
11755 10651547 -0.5259405551983574 -0.062092841299712126 0.39624000000000004 0.873430837160519 0.5437946552671099
11756 10651547 -0.4714888939527997 -0.06832748920796702 0.39624000000000004 0.873430837160519 0.5437946552671099
11757 10651547 -0.44391999441068997 -0.0665914176774747 0.42672000000000004 0.873430837160519 0.5437946552671099
11758 10651547 -0.39557984016347914 -0.07222959500141438 0.42672000000000004 0.873430837160519 0.5437946552671099
11759 10651547 -0.346178904765823 -0.07190526701287972 0.42672000000000004 0.873430837160519 0.5437946552671099
11760 10651547 -0.3052895515474192 -0.07452306882825707 0.42672000000000004 0.873430837160519 0.5437946552671099
11761 10651547 -0.23624659054678587 -0.07524447990686031 0.42672000000000004 0.873430837160519 0.5437946552671099
11762 10651547 -0.19312253116093547 -0.07917630752302188 0.42672000000000004 0.873430837160519 0.5437946552671099
11763 10651547 -0.15436465668640564 -0.08016191656938584 0.42672000000000004 0.873430837160519 0.5437946552671099
11764 10651547 -0.1033196994671286 -0.0870327820965899 0.42672000000000004 0.873430837160519 0.5437946552671099
11765 10651547 -0.04642120594568799 -0.08822251236455267 0.42672000000000004 0.873430837160519 0.5437946552671099
11766 10651547 0.002056610616163246 -0.0934357542211946 0.42672000000000004 0.873430837160519 0.5437946552671099
11767 10651547 0.05225935631929912 -0.09337092508461967 0.42672000000000004 0.873430837160519 0.5437946552671099
11768 10651547 0.09996913224239501 -0.09821567177610246 0.42672000000000004 0.873430837160519 0.5437946552671099
11769 10651547 0.14722365691638117 -0.09928959398681994 0.42672000000000004 0.873430837160519 0.5437946552671099
11770 10651547 0.2092282035174331 -0.10903912585726497 0.42672000000000004 0.873430837160519 0.5437946552671099
11771 10651547 0.2565276160954699 -0.11106166267501696 0.42672000000000004 0.873430837160519 0.5437946552671099
11772 10651547 0.32624297612087005 -0.11515208808659991 0.42672000000000004 0.873430837160519 0.5437946552671099
11773 10651547 0.34962483867582084 -0.11426464985701737 0.42672000000000004 0.873430837160519 0.5437946552671099
11774 10651547 0.43204126759967876 -0.12297201266009425 0.45720000000000005 0.873430837160519 0.5437946552671099
11775 10651547 0.4841642324579188 -0.12925640851720868 0.45720000000000005 0.873430837160519 0.5437946552671099
11776 10651547 0.5330246183118668 -0.12921706975549954 0.45720000000000005 0.873430837160519 0.5437946552671099
11777 10651547 0.5851130065652433 -0.13560627830430527 0.45720000000000005 0.873430837160519 0.5437946552671099
11778 10651547 0.6263717630402589 -0.13436754424645805 0.45720000000000005 0.873430837160519 0.5437946552671099
11779 10651547 0.6746202555326947 -0.13891728623262242 0.48768 0.873430837160519 0.5437946552671099
11780 10651547 0.7301413986083742 -0.14023526923708923 0.48768 0.873430837160519 0.5437946552671099
11781 10651547 0.7742211596489541 -0.13851555699996598 0.48768 0.873430837160519 0.5437946552671099
11782 10651547 0.8238835134357066 -0.13873640155586084 0.48768 0.873430837160519 0.5437946552671099
11783 10651547 0.8692470169460106 -0.13743559005817652 0.48768 0.873430837160519 0.5437946552671099
11784 10651547 0.9071748915947629 -0.12844802921257137 0.5181600000000001 0.873430837160519 0.5437946552671099
11785 10651547 0.9421828929983544 -0.12119329183439316 0.5181600000000001 0.873430837160519 0.5437946552671099
11786 10651547 0.977190894401946 -0.11393855445621495 0.5181600000000001 0.873430837160519 0.5437946552671099
11787 10651547 1.0143776729806506 -0.09933444493438673 0.5181600000000001 0.873430837160519 0.5437946552671099
11788 10651547 1.0567801974350157 -0.08643415500151888 0.5181600000000001 0.873430837160519 0.5437946552671099
11789 10651547 1.0782088636894684 -0.07520997596158621 0.5181600000000001 0.873430837160519 0.5437946552671099
11790 10651547 1.1376294515656866 -0.04555534785167786 0.5181600000000001 0.873430837160519 0.5437946552671099
11791 10651547 1.169915277363819 -0.02175598561204417 0.54864 0.873430837160519 0.5437946552671099
11792 10651547 1.2098644767109106 0.007016802535385905 0.54864 0.873430837160519 0.5437946552671099
11793 10651547 1.2395118526011077 0.029809056246500903 0.54864 0.873430837160519 0.5437946552671099
11794 10651547 1.2779485604352374 0.0604780366618069 0.54864 0.873430837160519 0.5437946552671099
11795 10651547 1.3090677369433033 0.08886452889205491 0.54864 0.873430837160519 0.5437946552671099
11796 10651547 1.3487466536788282 0.12496913776641819 0.54864 0.873430837160519 0.5437946552671099
11797 10651547 1.3807632682492792 0.1577355922874842 0.54864 0.873430837160519 0.5437946552671099
11798 10651547 1.411952118925597 0.18796871994522268 0.54864 0.873430837160519 0.5437946552671099
11799 10651547 1.4357134829140996 0.2215627197231534 0.54864 0.873430837160519 0.5437946552671099
11800 10651547 1.4730384189502603 0.26895073826250215 0.54864 0.873430837160519 0.5437946552671099
11801 10651547 1.5002556557688045 0.30877585715848765 0.57912 0.873430837160519 0.5437946552671099
11802 10561439 0.7797692248975064 0.2606223132835976 0.27432 0.873430837160519 0.5437946552671099
11802 10651547 1.5193108398274444 0.3507998280634082 0.57912 0.873430837160519 0.5437946552671099
11803 10651547 1.5430768795187204 0.39093454465956157 0.57912 0.873430837160519 0.5437946552671099
11803 10561439 0.7822165688146167 0.259822645684164 0.27432 0.873430837160519 0.5437946552671099
11804 10651547 1.5605178212486195 0.43617277163869694 0.57912 0.873430837160519 0.5437946552671099
11804 10561439 0.7846639127317269 0.2590229780847304 0.27432 0.873430837160519 0.5437946552671099
11805 10561439 0.7842758910542261 0.2578354551556452 0.27432 0.873430837160519 0.5437946552671099
11805 10651547 1.5730754756440093 0.4827724655137189 0.57912 0.873430837160519 0.5437946552671099
11806 10561439 0.7838878693767253 0.25664793222655996 0.27432 0.873430837160519 0.5437946552671099
11806 10651547 1.5861848617327192 0.5310611267669125 0.57912 0.873430837160519 0.5437946552671099
11807 10651547 1.594128666788193 0.5716911958641906 0.57912 0.873430837160519 0.5437946552671099
11807 10561439 0.7834998476992245 0.2554604092974747 0.27432 0.873430837160519 0.5437946552671099
11808 10561439 0.7831118260217238 0.2542728863683895 0.27432 0.873430837160519 0.5437946552671099
11808 10651547 1.5947959481263108 0.6029573296857356 0.59436 0.873430837160519 0.5437946552671099
11809 10651547 1.5954632294644284 0.6342234635072804 0.6096 0.873430837160519 0.5437946552671099
11809 10561439 0.7846096064769789 0.2493440468866618 0.27432 0.873430837160519 0.5437946552671099
11810 10651547 1.5913300745465 0.6979577053139764 0.6096 0.873430837160519 0.5437946552671099
11810 10561439 0.7837645825348067 0.24675788554228603 0.27432 0.873430837160519 0.5437946552671099
11811 10561439 0.7829195585926347 0.24417172419791025 0.27432 0.873430837160519 0.5437946552671099
11811 10651547 1.5865678434292003 0.7279600550150587 0.6096 0.873430837160519 0.5437946552671099
11812 10561439 0.7848678607534154 0.2430678103978793 0.27432 0.873430837160519 0.5437946552671099
11812 10651547 1.5818056123119004 0.7579624047161408 0.6096 0.873430837160519 0.5437946552671099
11813 10561439 0.7840745736980124 0.24063998524898883 0.27432 0.873430837160519 0.5437946552671099
11813 10651547 1.5686421981113232 0.7981275003006322 0.6096 0.873430837160519 0.5437946552671099
11814 10651547 1.558169797658233 0.8340257075095253 0.6400800000000001 0.873430837160519 0.5437946552671099
11814 10561439 0.7832812866426094 0.23821216010009838 0.27432 0.873430837160519 0.5437946552671099
11815 10561439 0.7848818368054992 0.23278243361711923 0.27432 0.873430837160519 0.5437946552671099
11815 10651547 1.5408504028796457 0.866903564067864 0.6400800000000001 0.873430837160519 0.5437946552671099
11816 10561439 0.7852780627736342 0.2269284265650502 0.27432 0.873430837160519 0.5437946552671099
11816 10651547 1.5217708788591104 0.9060809357195622 0.6400800000000001 0.873430837160519 0.5437946552671099
11817 10561439 0.7835106231592717 0.2250525580135323 0.27432 0.873430837160519 0.5437946552671099
11817 10651547 1.5004170624066622 0.9399264935403312 0.6400800000000001 0.873430837160519 0.5437946552671099
11818 10651547 1.4795519824645262 0.9684722109632502 0.6400800000000001 0.873430837160519 0.5437946552671099
11818 10561439 0.781743183544909 0.2231766894620144 0.27432 0.873430837160519 0.5437946552671099
11819 10561439 0.7843312909990794 0.21941034918402796 0.27432 0.873430837160519 0.5437946552671099
11819 10651547 1.4544340754386953 0.9975896135866693 0.6400800000000001 0.873430837160519 0.5437946552671099
11820 10561439 0.7869193984532498 0.2156440089060415 0.27432 0.873430837160519 0.5437946552671099
11820 10651547 1.4209229878715433 1.0254770941951905 0.6400800000000001 0.873430837160519 0.5437946552671099
11821 10561439 0.7833612884045563 0.2115493788516501 0.27432 0.873430837160519 0.5437946552671099
11821 10651547 1.3904489757048375 1.051788467070728 0.6400800000000001 0.873430837160519 0.5437946552671099
11822 10561439 0.7845770840116063 0.2075694174607707 0.27432 0.873430837160519 0.5437946552671099
11822 10651547 1.3608464577142587 1.0780489669900502 0.6400800000000001 0.873430837160519 0.5437946552671099
11823 10651547 1.3298392733580786 1.0972916917640039 0.67056 0.873430837160519 0.5437946552671099
11823 10561439 0.7857928796186562 0.20358945606989132 0.27432 0.873430837160519 0.5437946552671099
11824 10651547 1.2917747792447791 1.122111473906743 0.67056 0.873430837160519 0.5437946552671099
11824 10561439 0.7870086752257062 0.19960949467901193 0.27432 0.873430837160519 0.5437946552671099
11825 10561439 0.7889639994419723 0.19336289109450264 0.27432 0.873430837160519 0.5437946552671099
11825 10651547 1.2329503535764634 1.1499758597137097 0.67056 0.873430837160519 0.5437946552671099
11826 10561439 0.7886500430025445 0.18832507424802938 0.27432 0.873430837160519 0.5437946552671099
11826 10651547 1.2088249320298368 1.1590266357413772 0.67056 0.873430837160519 0.5437946552671099
11827 10651547 1.1846995104832099 1.1680774117690444 0.67056 0.873430837160519 0.5437946552671099
11827 10561439 0.7879792500986275 0.18831059792882454 0.27432 0.873430837160519 0.5437946552671099
11828 10651547 1.1401716678764906 1.1826263346068397 0.67056 0.873430837160519 0.5437946552671099
11828 10561439 0.7873084571947104 0.18829612160961973 0.27432 0.873430837160519 0.5437946552671099
11829 10561439 0.7855114125022015 0.17871932333956714 0.27432 0.873430837160519 0.5437946552671099
11829 10651547 1.1074407214228628 1.1965921367884296 0.67056 0.873430837160519 0.5437946552671099
11830 10561439 0.7887738488014981 0.17239611304353208 0.27432 0.873430837160519 0.5437946552671099
11830 10651547 1.0695691511742833 1.2056954744375112 0.67056 0.873430837160519 0.5437946552671099
11831 10561439 0.7874780119545686 0.17223538403007466 0.27432 0.873430837160519 0.5437946552671099
11831 10651547 1.0223459628246827 1.2187893736149067 0.67056 0.873430837160519 0.5437946552671099
11832 10651547 0.9782195895083963 1.233208241774322 0.67056 0.873430837160519 0.5437946552671099
11832 10561439 0.7859259444501584 0.1674852867110812 0.27432 0.873430837160519 0.5437946552671099
11833 10651547 0.9373893799339109 1.2414098670389249 0.67056 0.873430837160519 0.5437946552671099
11833 10561439 0.7893369070308022 0.16052941313649507 0.27432 0.873430837160519 0.5437946552671099
11834 10651547 0.8931162368149553 1.258097020389611 0.7010400000000001 0.873430837160519 0.5437946552671099
11834 10561439 0.7885436298680943 0.15810158507921085 0.27432 0.873430837160519 0.5437946552671099
11835 10651547 0.8427365029059525 1.2669664163435836 0.7010400000000001 0.873430837160519 0.5437946552671099
11835 10561439 0.7877503527053866 0.15567375702192662 0.27432 0.873430837160519 0.5437946552671099
11836 10651547 0.7844179948699717 1.2825195561348768 0.7010400000000001 0.873430837160519 0.5437946552671099
11836 10561439 0.7874962468864743 0.1535370671603057 0.27432 0.873430837160519 0.5437946552671099
11837 10561439 0.7872421410675621 0.1514003772986848 0.27432 0.873430837160519 0.5437946552671099
11837 10651547 0.74382209571208 1.2957862771222652 0.7010400000000001 0.873430837160519 0.5437946552671099
11838 10561439 0.7880628515199481 0.14575816425590116 0.27432 0.873430837160519 0.5437946552671099
11838 10651547 0.7077368240725702 1.3022049805426248 0.7010400000000001 0.873430837160519 0.5437946552671099
11839 10561439 0.7888835619723342 0.14011595121311748 0.27432 0.873430837160519 0.5437946552671099
11839 10651547 0.6636093856023522 1.3149907218884624 0.73152 0.873430837160519 0.5437946552671099
11840 10651547 0.6246182458892187 1.3277337314344035 0.73152 0.873430837160519 0.5437946552671099
11840 10561439 0.7887260097217618 0.13691574069955145 0.27432 0.873430837160519 0.5437946552671099
11841 10651547 0.5754461789924639 1.3402994820947831 0.73152 0.873430837160519 0.5437946552671099
11841 10561439 0.7885684574711893 0.13371553018598545 0.27432 0.873430837160519 0.5437946552671099
11842 10561439 0.788410905220617 0.13051531967241942 0.27432 0.873430837160519 0.5437946552671099
11842 10651547 0.5411806532434107 1.3550034488131548 0.73152 0.873430837160519 0.5437946552671099
11843 10651547 0.4960201434894434 1.3662586876866658 0.73152 0.873430837160519 0.5437946552671099
11843 10561439 0.7882533529700445 0.12731510915885338 0.27432 0.873430837160519 0.5437946552671099
11844 10561439 0.788095800719472 0.12411489864528737 0.27432 0.873430837160519 0.5437946552671099
11844 10651547 0.46071977730812136 1.3777964001276677 0.73152 0.873430837160519 0.5437946552671099
11845 10561439 0.7879382484688997 0.12091468813172135 0.27432 0.873430837160519 0.5437946552671099
11845 10651547 0.44066278619381916 1.3843520260250977 0.73152 0.873430837160519 0.5437946552671099
11846 10651547 0.4206057950795169 1.3909076519225276 0.73152 0.873430837160519 0.5437946552671099
11846 10561439 0.7877806962183272 0.11771447761815532 0.27432 0.873430837160519 0.5437946552671099
11847 10651547 0.3630575403536722 1.4077316005356633 0.762 0.873430837160519 0.5437946552671099
11847 10561439 0.7876231439677548 0.1145142671045893 0.27432 0.873430837160519 0.5437946552671099
11848 10651547 0.3290410233015306 1.4188503993824841 0.762 0.873430837160519 0.5437946552671099
11848 10561439 0.7874655917171823 0.11131405659102328 0.27432 0.873430837160519 0.5437946552671099
11849 10561439 0.7873080394666099 0.10811384607745725 0.27432 0.873430837160519 0.5437946552671099
11849 10651547 0.28582336221465554 1.4349631327628507 0.762 0.873430837160519 0.5437946552671099
11850 10561439 0.7871504872160375 0.10491363556389123 0.27432 0.873430837160519 0.5437946552671099
11850 10651547 0.2651799713536357 1.4397248148900768 0.762 0.873430837160519 0.5437946552671099
11851 10651547 0.2256529056766965 1.4546315915612709 0.762 0.873430837160519 0.5437946552671099
11851 10561439 0.7869929349654651 0.10171342505032521 0.27432 0.873430837160519 0.5437946552671099
11852 10561439 0.7915062368971315 0.09650027770862474 0.27432 0.873430837160519 0.5437946552671099
11852 10651547 0.17029623418866602 1.4727270280235452 0.762 0.873430837160519 0.5437946552671099
11853 10651547 0.13170102059137756 1.490484270736305 0.762 0.873430837160519 0.5437946552671099
11853 10561439 0.7927328478196389 0.09447852028796438 0.27432 0.873430837160519 0.5437946552671099
11854 10651547 0.09640127753111882 1.5020238106009687 0.762 0.873430837160519 0.5437946552671099
11854 10561439 0.7939594587421462 0.09245676286730403 0.27432 0.873430837160519 0.5437946552671099
11855 10651547 0.056288003405190246 1.515137139010093 0.7924800000000001 0.873430837160519 0.5437946552671099
11855 10561439 0.7951860696646535 0.09043500544664367 0.27432 0.873430837160519 0.5437946552671099
11856 10561439 0.796412680587161 0.08841324802598331 0.27432 0.873430837160519 0.5437946552671099
11856 10651547 0.016495709325820673 1.528145786699617 0.7924800000000001 0.873430837160519 0.5437946552671099
11857 10561439 0.7976392915096684 0.08639149060532296 0.27432 0.873430837160519 0.5437946552671099
11857 10651547 -0.03012344667555833 1.5468915559272527 0.7924800000000001 0.873430837160519 0.5437946552671099
11858 10651547 -0.06727755517908784 1.5609075896630142 0.7924800000000001 0.873430837160519 0.5437946552671099
11858 10561439 0.7988659024321757 0.0843697331846626 0.27432 0.873430837160519 0.5437946552671099
11859 10651547 -0.09282477180492354 1.568325178259419 0.7924800000000001 0.873430837160519 0.5437946552671099
11859 10561439 0.800092513354683 0.08234797576400224 0.27432 0.873430837160519 0.5437946552671099
11860 10651547 -0.11837198843075925 1.5757427668558237 0.7924800000000001 0.873430837160519 0.5437946552671099
11860 10561439 0.8013191242771904 0.08032621834334189 0.27432 0.873430837160519 0.5437946552671099
11861 10561439 0.8029239810626707 0.07980185105105043 0.27432 0.873430837160519 0.5437946552671099
11861 10651547 -0.17505613101477735 1.5952099337549834 0.7924800000000001 0.873430837160519 0.5437946552671099
11862 10651547 -0.20119193241767752 1.6042223950922603 0.80772 0.873430837160519 0.5437946552671099
11862 10561439 0.8045288378481509 0.079277483758759 0.27432 0.873430837160519 0.5437946552671099
11863 10651547 -0.2273277338205777 1.613234856429537 0.82296 0.873430837160519 0.5437946552671099
11863 10561439 0.8061336946336312 0.07875311646646754 0.27432 0.873430837160519 0.5437946552671099
11864 10561439 0.8075914275456245 0.08049653374983812 0.27432 0.873430837160519 0.5437946552671099
11864 10651547 -0.2699981834819809 1.6253169770769378 0.82296 0.873430837160519 0.5437946552671099
11865 10651547 -0.327448738995505 1.6459707727594763 0.82296 0.873430837160519 0.5437946552671099
11865 10561439 0.8117506947440638 0.07691783510481166 0.27432 0.873430837160519 0.5437946552671099
11866 10561439 0.8124059977871754 0.07892343616274389 0.27432 0.873430837160519 0.5437946552671099
11866 10651547 -0.3626273387146246 1.6574733481558683 0.82296 0.873430837160519 0.5437946552671099
11867 10651547 -0.39780593843374423 1.6689759235522603 0.82296 0.873430837160519 0.5437946552671099
11867 10561439 0.8163545481276474 0.07892259784090595 0.27432 0.873430837160519 0.5437946552671099
11868 10561439 0.8203030984681196 0.07892175951906802 0.27432 0.873430837160519 0.5437946552671099
11868 10651547 -0.4317316141847769 1.6781997355231753 0.82296 0.873430837160519 0.5437946552671099
11869 10561439 0.8242516488085916 0.07892092119723007 0.27432 0.873430837160519 0.5437946552671099
11869 10651547 -0.46929353610631064 1.6958565850727336 0.82296 0.873430837160519 0.5437946552671099
11870 10651547 -0.51831059680705 1.7118850436908424 0.82296 0.873430837160519 0.5437946552671099
11870 10561439 0.8282001991490637 0.07892008287539214 0.27432 0.873430837160519 0.5437946552671099
11871 10651547 -0.5524058677909176 1.7230343365410716 0.82296 0.873430837160519 0.5437946552671099
11871 10561439 0.8321487494895358 0.0789192445535542 0.27432 0.873430837160519 0.5437946552671099
11872 10561439 0.8360972998300079 0.07891840623171627 0.27432 0.873430837160519 0.5437946552671099
11872 10651547 -0.5965290794647102 1.7374630783850755 0.82296 0.873430837160519 0.5437946552671099
11873 10561439 0.84004585017048 0.07891756790987833 0.27432 0.873430837160519 0.5437946552671099
11873 10651547 -0.6342510043410261 1.7551732767617185 0.82296 0.873430837160519 0.5437946552671099
11874 10561439 0.8439944005109521 0.07891672958804039 0.27432 0.873430837160519 0.5437946552671099
11874 10651547 -0.6777693716101505 1.7768823784588637 0.82296 0.873430837160519 0.5437946552671099
11875 10561439 0.8479429508514241 0.07891589126620245 0.27432 0.873430837160519 0.5437946552671099
11875 10651547 -0.72413467102456 1.795316705178478 0.82296 0.873430837160519 0.5437946552671099
11876 10651547 -0.7652459969627725 1.816239273908397 0.82296 0.873430837160519 0.5437946552671099
11876 10561439 0.8518915011918963 0.07891505294436452 0.27432 0.873430837160519 0.5437946552671099
11877 10651547 -0.812464300053745 1.8402109582823278 0.82296 0.873430837160519 0.5437946552671099
11877 10561439 0.8558400515323683 0.07891421462252658 0.27432 0.873430837160519 0.5437946552671099
11878 10651547 -0.8678854846293695 1.8689689362765887 0.82296 0.873430837160519 0.5437946552671099
11878 10561439 0.8597886018728405 0.07891337630068863 0.27432 0.873430837160519 0.5437946552671099
11879 10651547 -0.8919037357811328 1.883776292259074 0.82296 0.873430837160519 0.5437946552671099
11879 10561439 0.8637371522133125 0.0789125379788507 0.27432 0.873430837160519 0.5437946552671099
11880 10561439 0.8676857025537845 0.07891169965701277 0.27432 0.873430837160519 0.5437946552671099
11880 10651547 -0.9159219869328961 1.8985836482415592 0.82296 0.873430837160519 0.5437946552671099
11881 10561439 0.8716342528942567 0.07891086133517483 0.27432 0.873430837160519 0.5437946552671099
11881 10651547 -0.9545913035288276 1.918825729042066 0.82296 0.873430837160519 0.5437946552671099
11882 10561439 0.8755828032347287 0.0789100230133369 0.27432 0.873430837160519 0.5437946552671099
11882 10651547 -1.0151803276278166 1.949158575811554 0.82296 0.873430837160519 0.5437946552671099
11883 10651547 -1.0573586358552642 1.9684459761982156 0.82296 0.873430837160519 0.5437946552671099
11883 10561439 0.8795313535752008 0.07890918469149895 0.27432 0.873430837160519 0.5437946552671099
11884 10561439 0.8834799039156729 0.07890834636966101 0.27432 0.873430837160519 0.5437946552671099
11884 10651547 -1.0960487425273198 1.9899810486463323 0.82296 0.873430837160519 0.5437946552671099
11885 10651547 -1.139283865215248 2.0166251154785204 0.82296 0.873430837160519 0.5437946552671099
11885 10561439 0.887428454256145 0.07890750804782308 0.27432 0.873430837160519 0.5437946552671099
11886 10651547 -1.1818881508244357 2.0340664857659476 0.8534400000000001 0.873430837160519 0.5437946552671099
11886 10561439 0.8913770045966171 0.07890666972598515 0.27432 0.873430837160519 0.5437946552671099
11887 10651547 -1.2292323898098922 2.0565638907702883 0.8534400000000001 0.873430837160519 0.5437946552671099
11887 10561439 0.8953255549370892 0.0789058314041472 0.27432 0.873430837160519 0.5437946552671099
11888 10561439 0.8992741052775612 0.07890499308230926 0.27432 0.873430837160519 0.5437946552671099
11888 10651547 -1.27014251859797 2.08081265763751 0.8534400000000001 0.873430837160519 0.5437946552671099
11889 10651547 -1.3126406965934836 2.1002065533066974 0.8534400000000001 0.873430837160519 0.5437946552671099
11889 10561439 0.9032226556180334 0.07890415476047133 0.27432 0.873430837160519 0.5437946552671099
11890 10561439 0.9071712059585054 0.0789033164386334 0.27432 0.873430837160519 0.5437946552671099
11890 10651547 -1.3552077780912295 2.1193896141045623 0.8534400000000001 0.873430837160519 0.5437946552671099
11891 10561439 0.9111197562989775 0.07890247811679546 0.27432 0.873430837160519 0.5437946552671099
11891 10651547 -1.4025878709412989 2.1401475414693643 0.8534400000000001 0.873430837160519 0.5437946552671099
11892 10651547 -1.4499332568018015 2.161011332685779 0.8534400000000001 0.873430837160519 0.5437946552671099
11892 10561439 0.9150683066394496 0.07890163979495751 0.27432 0.873430837160519 0.5437946552671099
11893 10561439 0.9190168569799217 0.07890080147311958 0.27432 0.873430837160519 0.5437946552671099
11893 10651547 -1.494345950813553 2.1799812998006436 0.8534400000000001 0.873430837160519 0.5437946552671099
11894 10561439 0.9229654073203938 0.07889996315128164 0.27432 0.873430837160519 0.5437946552671099
11894 10651547 -1.5413987983964363 2.1963101084611583 0.8534400000000001 0.873430837160519 0.5437946552671099
11895 10561439 0.9276920247295241 0.07909640691113101 0.27432 0.873430837160519 0.5437946552671099
11895 10651547 -1.5930308730088039 2.217642760829806 0.8534400000000001 0.873430837160519 0.5437946552671099
11896 10651547 -1.6267384825067601 2.2340459870417444 0.8534400000000001 0.873430837160519 0.5437946552671099
11896 10561439 0.9324186421386544 0.07929285067098038 0.27432 0.873430837160519 0.5437946552671099
11897 10561439 0.9371452595477847 0.07948929443082976 0.27432 0.873430837160519 0.5437946552671099
11897 10651547 -1.6981930594885368 2.2637346485740846 0.8534400000000001 0.873430837160519 0.5437946552671099
11898 10651547 -1.7245167607713363 2.271763463513411 0.8534400000000001 0.873430837160519 0.5437946552671099
11898 10561439 0.9418718769569151 0.07968573819067913 0.27432 0.873430837160519 0.5437946552671099
11899 10651547 -1.794584870911325 2.300532232104428 0.8534400000000001 0.873430837160519 0.5437946552671099
11899 10561439 0.9465984943660454 0.0798821819505285 0.27432 0.873430837160519 0.5437946552671099
11900 10651547 -1.847281129710127 2.32268264249964 0.8534400000000001 0.873430837160519 0.5437946552671099
11900 10561439 0.9513251117751756 0.08007862571037787 0.27432 0.873430837160519 0.5437946552671099
11901 10651547 -1.889352895784601 2.342291653113161 0.8534400000000001 0.873430837160519 0.5437946552671099
11901 10561439 0.956051729184306 0.08027506947022724 0.27432 0.873430837160519 0.5437946552671099
11902 10651547 -1.926944615521531 2.359850729139159 0.8534400000000001 0.873430837160519 0.5437946552671099
11902 10561439 0.9607783465934363 0.08047151323007662 0.27432 0.873430837160519 0.5437946552671099
11903 10651547 -1.9819198189089111 2.383449138050851 0.8534400000000001 0.873430837160519 0.5437946552671099
11903 10561439 0.9655049640025667 0.08066795698992599 0.27432 0.873430837160519 0.5437946552671099
11904 10651547 -2.016054117926175 2.397190040367745 0.8534400000000001 0.873430837160519 0.5437946552671099
11904 10561439 0.970231581411697 0.08086440074977536 0.27432 0.873430837160519 0.5437946552671099
11905 10651547 -2.0501884169434392 2.410930942684639 0.8534400000000001 0.873430837160519 0.5437946552671099
11905 10561439 0.9779799662328678 0.07739828911171498 0.27432 0.873430837160519 0.5437946552671099
11906 10651547 -2.1163977027860135 2.443348156133401 0.8534400000000001 0.873430837160519 0.5437946552671099
11906 10561439 0.9821208387603158 0.07919972021812907 0.27432 0.873430837160519 0.5437946552671099
11907 10651547 -2.156189065665406 2.4615117086159315 0.8534400000000001 2.5707765526581845 0.08556141830814923
11907 10561439 0.9868392878346299 0.07923530022770048 0.28956000000000004 2.5707765526581845 0.08556141830814923
11908 10561439 0.9915577369089441 0.07927088023727187 0.3048 2.5707765526581845 0.08556141830814923
11908 10651547 -2.2041956706725623 2.483065257836225 0.8534400000000001 2.5707765526581845 0.08556141830814923
11909 10561439 0.9982796876057167 0.08244874759470103 0.27432 2.5707765526581845 0.08556141830814923
11909 10651547 -2.253107863913436 2.504565043051144 0.8534400000000001 2.5707765526581845 0.08556141830814923
11910 10561439 1.0047617734025325 0.07986368633148441 0.28956000000000004 2.5707765526581845 0.08556141830814923
11910 10651547 -2.2961419157593213 2.5236739742693852 0.8534400000000001 2.5707765526581845 0.08556141830814923
11911 10651547 -2.3484461844043762 2.5459342017001663 0.8534400000000001 2.5707765526581845 0.08556141830814923
11911 10561439 1.0112438591993484 0.07727862506826778 0.3048 2.5707765526581845 0.08556141830814923
11912 10651547 -2.396108933621301 2.5669093707767385 0.8534400000000001 2.5707765526581845 0.08556141830814923
11912 10561439 1.0177250701977718 0.08053515873335354 0.27432 2.5707765526581845 0.08556141830814923
11913 10561439 1.0238699609263793 0.07922853615604937 0.27432 2.5707765526581845 0.08556141830814923
11913 10651547 -2.460034471462402 2.5995177648096885 0.8534400000000001 2.5707765526581845 0.08556141830814923
11914 10561439 1.0354409470901351 0.08093904762807032 0.27432 2.5707765526581845 0.08556141830814923
11914 10651547 -2.5033997614313623 2.6189703200751233 0.8534400000000001 2.5707765526581845 0.08556141830814923
11915 10561439 1.0396931397639149 0.07873205577902195 0.27432 2.5707765526581845 0.08556141830814923
11915 10651547 -2.5542065303667156 2.6455329515072328 0.8534400000000001 2.5707765526581845 0.08556141830814923
11916 10651547 -2.601582127772887 2.6662989444639438 0.8534400000000001 2.5707765526581845 0.08556141830814923
11916 10561439 1.046816951750189 0.08259644997551618 0.27432 2.5707765526581845 0.08556141830814923
11917 10561439 1.051046604387015 0.08086413220687538 0.27432 2.5707765526581845 0.08556141830814923
11917 10651547 -2.6393146352116204 2.683967206172876 0.8534400000000001 2.5707765526581845 0.08556141830814923
11918 10561439 1.0615816328267549 0.07777279624274437 0.27432 2.5707765526581845 0.08556141830814923
11918 10651547 -2.6770471426503537 2.701635467881809 0.8534400000000001 2.5707765526581845 0.08556141830814923
11919 10561439 1.0647993442198533 0.0794669729689397 0.27432 2.5707765526581845 0.08556141830814923
11919 10651547 -2.7196416362350595 2.7223563279392993 0.88392 2.5707765526581845 0.08556141830814923
11920 10561439 1.0680170556129516 0.08116114969513503 0.27432 2.5707765526581845 0.08556141830814923
11920 10651547 -2.7624901341421095 2.7417584654318126 0.88392 2.5707765526581845 0.08556141830814923
11921 10651547 -2.8064836725175715 2.762003168883885 0.88392 2.5707765526581845 0.08556141830814923
11921 10561439 1.0728316253987598 0.07958823022754119 0.27432 2.5707765526581845 0.08556141830814923
11922 10651547 -2.850415381818099 2.785149198340163 0.88392 2.5707765526581845 0.08556141830814923
11922 10561439 1.077473766057871 0.0774875183550492 0.27432 2.5707765526581845 0.08556141830814923
11923 10561439 1.089457205518344 0.07882970794430766 0.27432 2.5707765526581845 0.08556141830814923
11923 10651547 -2.892977093648331 2.804341551215051 0.88392 2.5707765526581845 0.08556141830814923
11924 10561439 1.094271776899139 0.07725680314066799 0.27432 2.5707765526581845 0.08556141830814923
11924 10651547 -2.9335592815015223 2.8284949226409752 0.88392 2.5707765526581845 0.08556141830814923
11925 10561439 1.100993664710387 0.08043476671112132 0.3048 2.5707765526581845 0.08556141830814923
11925 10651547 -2.976587106638757 2.8500606484545035 0.9144000000000001 2.5707765526581845 0.08556141830814923
11926 10651547 -3.020316932976556 2.8697532297006396 0.9144000000000001 2.5707765526581845 0.08556141830814923
11926 10561439 1.1058884778404732 0.07883565487734398 0.3048 2.5707765526581845 0.08556141830814923
11927 10651547 -3.0643167858858265 2.892689516845666 0.9144000000000001 2.5707765526581845 0.08556141830814923
11927 10561439 1.1168406834422073 0.08109891063533323 0.3048 2.5707765526581845 0.08556141830814923
11928 10651547 -3.1040922979148444 2.9190338811393493 0.9144000000000001 2.5707765526581845 0.08556141830814923
11928 10561439 1.1216552532711805 0.07952602456086251 0.3048 2.5707765526581845 0.08556141830814923
11929 10561439 1.126469824175948 0.07795314177934876 0.3048 2.5707765526581845 0.08556141830814923
11929 10651547 -3.145789087792558 2.940866178545738 0.9144000000000001 2.5707765526581845 0.08556141830814923
11930 10561439 1.139221176425336 0.07892770896553164 0.3048 2.5707765526581845 0.08556141830814923
11930 10651547 -3.188349611847782 2.960060314859265 0.9144000000000001 2.5707765526581845 0.08556141830814923
11931 10561439 1.1448381763966304 0.07709269339061672 0.3048 2.5707765526581845 0.08556141830814923
11931 10651547 -3.1885578882557484 2.95940254006508 0.9143187561083964 2.5707765526581845 0.08556141830814923
11932 10651547 -3.1887661646637153 2.9587447652708954 0.9142375122167926 2.5707765526581845 0.08556141830814923
11932 10561439 1.1513080316056636 0.08058668081706465 0.3048 2.5707765526581845 0.08556141830814923
11933 10651547 -3.188974441071682 2.958086990476711 0.9141562683251889 2.5707765526581845 0.08556141830814923
11933 10561439 1.1593323158343363 0.0779652451466516 0.27432 2.5707765526581845 0.08556141830814923
11934 10561439 1.16331793947215 0.07929176375967406 0.28956000000000004 2.5707765526581845 0.08556141830814923
11934 10651547 -3.1891827174796483 2.9574292156825264 0.9140750244335851 2.5707765526581845 0.08556141830814923
11935 10561439 1.167303563109964 0.08061828237269651 0.3048 2.5707765526581845 0.08556141830814923
11935 10651547 -3.1893909938876153 2.9567714408883417 0.9139937805419814 2.5707765526581845 0.08556141830814923
11936 10651547 -3.1895992702955818 2.956113666094157 0.9139125366503777 2.5707765526581845 0.08556141830814923
11936 10561439 1.1697108481883487 0.0798318565929435 0.3048 2.5707765526581845 0.08556141830814923
11937 10651547 -3.1898075467035483 2.9554558912999727 0.913831292758774 2.5707765526581845 0.08556141830814923
11937 10561439 1.1721181332667334 0.07904543081319049 0.3048 2.5707765526581845 0.08556141830814923
11938 10651547 -3.1900158231115148 2.954798116505788 0.9137500488671703 2.5707765526581845 0.08556141830814923
11938 10561439 1.1786498586427434 0.07874188197260633 0.3048 2.5707765526581845 0.08556141830814923
11939 10561439 1.1851815840187536 0.07843833313202217 0.3048 2.5707765526581845 0.08556141830814923
11939 10651547 -3.1902240995194817 2.9541403417116032 0.9136688049755665 2.5707765526581845 0.08556141830814923
11940 10561439 1.1917133093947636 0.07813478429143801 0.3048 2.5707765526581845 0.08556141830814923
11940 10651547 -3.190432375927448 2.9534825669174185 0.9135875610839628 2.5707765526581845 0.08556141830814923
11941 10561439 1.1981599232068731 0.08128592089724333 0.3048 2.5707765526581845 0.08556141830814923
11941 10651547 -3.1906406523354147 2.9528247921232342 0.9135063171923591 2.5707765526581845 0.08556141830814923
11942 10561439 1.203054735745209 0.07968687662900323 0.3048 2.5707765526581845 0.08556141830814923
11942 10651547 -3.1908489287433817 2.9521670173290495 0.9134250733007553 2.5707765526581845 0.08556141830814923
11943 10651547 -3.191057205151348 2.951509242534865 0.9133438294091516 2.5707765526581845 0.08556141830814923
11943 10561439 1.2067556847944478 0.07993816208544183 0.29718 2.5707765526581845 0.08556141830814923
11944 10561439 1.2104566338436866 0.08018944754188043 0.28956000000000004 2.5707765526581845 0.08556141830814923
11944 10651547 -3.1912654815593147 2.95085146774068 0.9132625855175479 2.5707765526581845 0.08556141830814923
11945 10561439 1.2149139212980096 0.0799015939358062 0.29718 2.5707765526581845 0.08556141830814923
11945 10651547 -3.1914737579672816 2.950193692946496 0.9131813416259441 2.5707765526581845 0.08556141830814923
11946 10561439 1.2193712087523325 0.079613740329732 0.3048 2.5707765526581845 0.08556141830814923
11946 10651547 -3.191682034375248 2.949535918152311 0.9131000977343404 2.5707765526581845 0.08556141830814923
11947 10651547 -3.1918903107832146 2.9488781433581264 0.9130188538427366 2.5707765526581845 0.08556141830814923
11947 10561439 1.2241857795966555 0.0780409243821776 0.3048 2.5707765526581845 0.08556141830814923
11948 10561439 1.2290003515175396 0.07646811172752223 0.3048 2.5707765526581845 0.08556141830814923
11948 10651547 -3.1920985871911816 2.9482203685639417 0.9129376099511329 2.5707765526581845 0.08556141830814923
11949 10651547 -3.192306863599148 2.9475625937697574 0.9128563660595292 2.5707765526581845 0.08556141830814923
11949 10561439 1.233934263591825 0.08069756356251798 0.3048 2.5707765526581845 0.08556141830814923
11950 10561439 1.23915004855005 0.07899369249105294 0.3048 2.5707765526581845 0.08556141830814923
11950 10651547 -3.1925151400071146 2.9469048189755727 0.9127751221679254 2.5707765526581845 0.08556141830814923
11951 10561439 1.244365833508275 0.0772898214195879 0.3048 2.5707765526581845 0.08556141830814923
11951 10651547 -3.1927234164150815 2.946247044181388 0.9126938782763218 2.5707765526581845 0.08556141830814923
11952 10651547 -3.192931692823048 2.9455892693872032 0.912612634384718 2.5707765526581845 0.08556141830814923
11952 10561439 1.2480990988714267 0.07852358065001071 0.3048 2.5707765526581845 0.08556141830814923
11953 10651547 -3.1931399692310145 2.944931494593019 0.9125313904931143 2.5707765526581845 0.08556141830814923
11953 10561439 1.2518323642345783 0.07975733988043351 0.3048 2.5707765526581845 0.08556141830814923
11954 10561439 1.255581226740325 0.07899998400290602 0.3048 2.5707765526581845 0.08556141830814923
11954 10651547 -3.193348245638981 2.9442737197988342 0.9124501466015106 2.5707765526581845 0.08556141830814923
11955 10561439 1.2592966991670116 0.0794996707253206 0.3048 2.5707765526581845 0.08556141830814923
11955 10651547 -3.193556522046948 2.9436159450046495 0.9123689027099068 2.5707765526581845 0.08556141830814923
11956 10651547 -3.1937647984549145 2.942958170210465 0.9122876588183031 2.5707765526581845 0.08556141830814923
11956 10561439 1.2630121715936982 0.07999935744773519 0.3048 2.5707765526581845 0.08556141830814923
11957 10561439 1.2667276440203847 0.08049904417014977 0.3048 2.5707765526581845 0.08556141830814923
11957 10651547 -3.193973074862881 2.9423003954162805 0.9122064149266993 2.5707765526581845 0.08556141830814923
11958 10561439 1.2709780657441943 0.08082398367560077 0.29464 2.5707765526581845 0.08556141830814923
11958 10651547 -3.194181351270848 2.941642620622096 0.9121251710350956 2.5707765526581845 0.08556141830814923
11959 10651547 -3.1943896276788144 2.940984845827911 0.9120439271434919 2.5707765526581845 0.08556141830814923
11959 10561439 1.2752284874680038 0.08114892318105177 0.28448 2.5707765526581845 0.08556141830814923
11960 10651547 -3.194597904086781 2.9403270710337264 0.9119626832518881 2.5707765526581845 0.08556141830814923
11960 10561439 1.2794789091918133 0.08147386268650277 0.27432 2.5707765526581845 0.08556141830814923
11961 10561439 1.2823285910570235 0.08187184133630677 0.27813 2.5707765526581845 0.08556141830814923
11961 10651547 -3.194806180494748 2.939669296239542 0.9118814393602844 2.5707765526581845 0.08556141830814923
11962 10561439 1.2851782729222334 0.0822698199861108 0.28194 2.5707765526581845 0.08556141830814923
11962 10651547 -3.1950144569027144 2.9390115214453574 0.9118001954686807 2.5707765526581845 0.08556141830814923
11963 10651547 -3.195222733310681 2.9383537466511727 0.9117189515770769 2.5707765526581845 0.08556141830814923
11963 10561439 1.2880279547874436 0.08266779863591481 0.28575 2.5707765526581845 0.08556141830814923
11964 10651547 -3.195431009718648 2.937695971856988 0.9116377076854733 2.5707765526581845 0.08556141830814923
11964 10561439 1.2908776366526538 0.08306577728571882 0.28956000000000004 2.5707765526581845 0.08556141830814923
11965 10561439 1.293727318517864 0.08346375593552283 0.29337 2.5707765526581845 0.08556141830814923
11965 10651547 -3.1956392861266143 2.9370381970628037 0.9115564637938695 2.5707765526581845 0.08556141830814923
11966 10561439 1.296577000383074 0.08386173458532684 0.29718 2.5707765526581845 0.08556141830814923
11966 10651547 -3.195847562534581 2.936380422268619 0.9114752199022658 2.5707765526581845 0.08556141830814923
11967 10651547 -3.1960558389425473 2.9357226474744342 0.9113939760106621 2.5707765526581845 0.08556141830814923
11967 10561439 1.299426682248284 0.08425971323513086 0.30099000000000004 2.5707765526581845 0.08556141830814923
11968 10561439 1.3022763641134942 0.08465769188493487 0.3048 2.5707765526581845 0.08556141830814923
11968 10651547 -3.1962641153505142 2.9350648726802495 0.9113127321190583 2.5707765526581845 0.08556141830814923
11969 10651547 -3.1964723917584807 2.9344070978860652 0.9112314882274546 2.5707765526581845 0.08556141830814923
11969 10561439 1.3025522283554496 0.08550217298106089 0.3048 2.5707765526581845 0.08556141830814923
11970 10651547 -3.1966806681664472 2.9337493230918805 0.9111502443358508 2.5707765526581845 0.08556141830814923
11970 10561439 1.3058608219499117 0.07904743391496433 0.3048 2.5707765526581845 0.08556141830814923
11971 10651547 -3.196888944574414 2.933091548297696 0.9110690004442471 2.5707765526581845 0.08556141830814923
11971 10561439 1.3058586667651293 0.07904083640495783 0.3048 2.5707765526581845 0.08556141830814923
11972 10561439 1.3058565115803469 0.07903423889495134 0.3048 2.5707765526581845 0.08556141830814923
11972 10651547 -3.1970972209823807 2.932433773503511 0.9109877565526434 2.5707765526581845 0.08556141830814923
11973 10561439 1.3058543563955645 0.07902764138494485 0.3048 2.5707765526581845 0.08556141830814923
11973 10651547 -3.197305497390347 2.931775998709327 0.9109065126610396 2.5707765526581845 0.08556141830814923
11974 10651547 -3.197513773798314 2.931118223915142 0.9108252687694359 2.5707765526581845 0.08556141830814923
11974 10561439 1.305852201210782 0.07902104387493836 0.3048 2.5707765526581845 0.08556141830814923
11975 10561439 1.3058500460259994 0.07901444636493188 0.3048 2.5707765526581845 0.08556141830814923
11975 10651547 -3.1977220502062806 2.9304604491209574 0.9107440248778321 2.5707765526581845 0.08556141830814923
11976 10651547 -3.197930326614247 2.9298026743267727 0.9106627809862284 2.5707765526581845 0.08556141830814923
11976 10561439 1.305847890841217 0.07900784885492539 0.3048 2.5707765526581845 0.08556141830814923
11977 10651547 -3.198138603022214 2.9291448995325884 0.9105815370946247 2.5707765526581845 0.08556141830814923
11977 10561439 1.3058457356564346 0.0790012513449189 0.3048 2.5707765526581845 0.08556141830814923
11978 10561439 1.3058435804716522 0.0789946538349124 0.3048 2.5707765526581845 0.08556141830814923
11978 10651547 -3.1983468794301806 2.9284871247384037 0.910500293203021 2.5707765526581845 0.08556141830814923
11979 10651547 -3.198555155838147 2.927829349944219 0.9104190493114173 2.5707765526581845 0.08556141830814923
11979 10561439 1.3058414252868698 0.07898805632490591 0.3048 2.5707765526581845 0.08556141830814923
11980 10561439 1.3058392701020873 0.07898145881489942 0.3048 2.5707765526581845 0.08556141830814923
11980 10651547 -3.198763432246114 2.9271715751500342 0.9103378054198135 2.5707765526581845 0.08556141830814923
11981 10651547 -3.1989717086540805 2.92651380035585 0.9102565615282098 2.5707765526581845 0.08556141830814923
11981 10561439 1.305837114917305 0.07897486130489292 0.3048 2.5707765526581845 0.08556141830814923
11982 10561439 1.3058349597325225 0.07896826379488645 0.3048 2.5707765526581845 0.08556141830814923
11982 10651547 -3.199179985062047 2.9258560255616652 0.9101753176366061 2.5707765526581845 0.08556141830814923
11983 10651547 -3.1993882614700135 2.9251982507674805 0.9100940737450023 2.5707765526581845 0.08556141830814923
11983 10561439 1.3058328045477399 0.07896166628487995 0.3048 2.5707765526581845 0.08556141830814923
11984 10651547 -3.1995965378779805 2.924540475973296 0.9100128298533986 2.5707765526581845 0.08556141830814923
11984 10561439 1.3058306493629575 0.07895506877487346 0.3048 2.5707765526581845 0.08556141830814923
11985 10651547 -3.199804814285947 2.9238827011791115 0.9099315859617949 2.5707765526581845 0.08556141830814923
11985 10561439 1.305828494178175 0.07894847126486697 0.3048 2.5707765526581845 0.08556141830814923
11986 10561439 1.3058263389933926 0.07894187375486048 0.3048 2.5707765526581845 0.08556141830814923
11986 10651547 -3.2000130906939135 2.923224926384927 0.9098503420701911 2.5707765526581845 0.08556141830814923
11987 10561439 1.3058241838086102 0.07893527624485398 0.3048 2.5707765526581845 0.08556141830814923
11987 10651547 -3.2002213671018804 2.922567151590742 0.9097690981785874 2.5707765526581845 0.08556141830814923
11988 10651547 -3.200429643509847 2.9219093767965574 0.9096878542869836 2.5707765526581845 0.08556141830814923
11988 10561439 1.3058220286238278 0.07892867873484749 0.3048 2.5707765526581845 0.08556141830814923
11989 10561439 1.3058198734390454 0.078922081224841 0.3048 2.5707765526581845 0.08556141830814923
11989 10651547 -3.2006379199178134 2.921251602002373 0.9096066103953799 2.5707765526581845 0.08556141830814923
11990 10651547 -3.2008461963257804 2.9205938272081884 0.9095253665037762 2.5707765526581845 0.08556141830814923
11990 10561439 1.305817718254263 0.0789154837148345 0.3048 2.5707765526581845 0.08556141830814923
11991 10561439 1.3058155630694805 0.07890888620482803 0.3048 2.5707765526581845 0.08556141830814923
11992 10561439 1.305813407884698 0.07890228869482153 0.3048 2.5707765526581845 0.08556141830814923
11993 10561439 1.3058112526999155 0.07889569118481504 0.3048 2.5707765526581845 0.08556141830814923
11994 10561439 1.305809097515133 0.07888909367480855 0.3048 2.5707765526581845 0.08556141830814923
11995 10561439 1.3058069423303507 0.07888249616480206 0.3048 2.5707765526581845 0.08556141830814923
11996 10561439 1.3058047871455682 0.07887589865479556 0.3048 2.5707765526581845 0.08556141830814923
11997 10561439 1.3058026319607858 0.07886930114478907 0.3048 2.5707765526581845 0.08556141830814923
11998 10561439 1.3058004767760034 0.0788627036347826 0.3048 2.5707765526581845 0.08556141830814923
11999 10561439 1.305798321591221 0.0788561061247761 0.3048 2.5707765526581845 0.08556141830814923
12000 10561439 1.3057961664064386 0.07884950861476961 0.3048 2.5707765526581845 0.08556141830814923
12001 10561439 1.305794011221656 0.07884291110476312 0.3048 2.5707765526581845 0.08556141830814923
12002 10561439 1.3057918560368735 0.07883631359475662 0.3048 2.5707765526581845 0.08556141830814923
12003 10561439 1.3057897008520911 0.07882971608475013 0.3048 2.5707765526581845 0.08556141830814923
12004 10561439 1.3057875456673087 0.07882311857474364 0.3048 2.5707765526581845 0.08556141830814923
12005 10561439 1.3057853904825263 0.07881652106473715 0.3048 2.5707765526581845 0.08556141830814923
12006 10561439 1.3057832352977439 0.07880992355473065 0.3048 2.5707765526581845 0.08556141830814923
12007 10561439 1.3057810801129615 0.07880332604472418 0.3048 2.5707765526581845 0.08556141830814923
12008 10561439 1.305778924928179 0.07879672853471768 0.3048 2.5707765526581845 0.08556141830814923
12009 10561439 1.3057767697433964 0.07879013102471119 0.3048 2.5707765526581845 0.08556141830814923
12010 10561439 1.305774614558614 0.0787835335147047 0.3048 2.5707765526581845 0.08556141830814923
12011 10561439 1.3057724593738316 0.0787769360046982 0.3048 2.5707765526581845 0.08556141830814923
12012 10561439 1.3057703041890492 0.07877033849469171 0.3048 2.5707765526581845 0.08556141830814923
12013 10561439 1.3057681490042667 0.07876374098468522 0.3048 2.5707765526581845 0.08556141830814923
12014 10561439 1.3057659938194843 0.07875714347467874 0.3048 2.5707765526581845 0.08556141830814923
12015 10561439 1.305763838634702 0.07875054596467225 0.3048 2.5707765526581845 0.08556141830814923
12016 10561439 1.3057616834499195 0.07874394845466576 0.3048 2.5707765526581845 0.08556141830814923
12017 10561439 1.305759528265137 0.07873735094465927 0.3048 2.5707765526581845 0.08556141830814923
12018 10561439 1.3057573730803544 0.07873075343465277 0.3048 2.5707765526581845 0.08556141830814923
12019 10561439 1.305755217895572 0.07872415592464628 0.3048 2.5707765526581845 0.08556141830814923
12020 10561439 1.3057530627107896 0.07871755841463979 0.3048 2.5707765526581845 0.08556141830814923
12021 10561439 1.3057509075260072 0.0787109609046333 0.3048 2.5707765526581845 0.08556141830814923
12022 10561439 1.3057487523412248 0.0787043633946268 0.3048 2.5707765526581845 0.08556141830814923
12023 10561439 1.3057465971564424 0.07869776588462032 0.3048 2.5707765526581845 0.08556141830814923
12024 10561439 1.30574444197166 0.07869116837461383 0.3048 2.5707765526581845 0.08556141830814923
12025 10561439 1.3057422867868775 0.07868457086460734 0.3048 2.5707765526581845 0.08556141830814923
12026 10561439 1.3057401316020951 0.07867797335460085 0.3048 2.5707765526581845 0.08556141830814923
12027 10561439 1.3057379764173125 0.07867137584459435 0.3048 2.5707765526581845 0.08556141830814923
12028 10561439 1.30573582123253 0.07866477833458786 0.3048 2.5707765526581845 0.08556141830814923
12029 10561439 1.3057336660477477 0.07865818082458137 0.3048 2.5707765526581845 0.08556141830814923
12030 10561439 1.3057315108629652 0.07865158331457489 0.3048 2.5707765526581845 0.08556141830814923
