13137 10801356 0.6481486431085438 0.0002285922973193355 0.27432 0.978001393910093 -0.3195423726361111
13138 10801356 0.6244900200323344 -0.0031393986224290127 0.27432 0.978001393910093 -0.3195423726361111
13139 10801356 0.5644414241185473 -0.00045774053308143825 0.3048 0.978001393910093 -0.3195423726361111
13140 10801356 0.5313146469856648 8.623548170597073e-05 0.3048 0.978001393910093 -0.3195423726361111
13141 10801356 0.49154504754851236 -0.0033908221668174643 0.3048 0.978001393910093 -0.3195423726361111
13142 10801356 0.44709870508114175 -0.00487208820722225 0.3048 0.978001393910093 -0.3195423726361111
13143 10801356 0.40505958745872006 -0.0071397641330770145 0.3048 0.978001393910093 -0.3195423726361111
13144 10801356 0.38381308619654364 -0.005570706433969869 0.3048 0.978001393910093 -0.3195423726361111
13145 10801356 0.3233013434531845 -0.007292151629645166 0.3048 0.978001393910093 -0.3195423726361111
13146 10801356 0.3048978158278892 -0.006535111428003074 0.3048 0.978001393910093 -0.3195423726361111
13147 10801356 0.2864942882025939 -0.005778071226360981 0.3048 0.978001393910093 -0.3195423726361111
13148 10801356 0.27476223373798325 -0.007434922905758812 0.3048 0.978001393910093 -0.3195423726361111
13149 10801356 0.19073275299996206 -0.008011954546507771 0.33528 0.978001393910093 -0.3195423726361111
13150 10801356 0.15214816589559732 -0.006500446021450779 0.33528 0.978001393910093 -0.3195423726361111
13151 10801356 0.10726546069276877 -0.00795401274641519 0.33528 0.978001393910093 -0.3195423726361111
13152 10801356 0.06332462859489374 -0.007612218708103857 0.33528 0.978001393910093 -0.3195423726361111
13153 10801356 0.020957176699006208 -0.0046299991088809556 0.33528 0.978001393910093 -0.3195423726361111
13154 10801356 -0.019200304896502485 -0.004940148073390577 0.33528 0.978001393910093 -0.3195423726361111
13155 10801356 -0.08161330368544994 -0.003233095571744643 0.33528 0.978001393910093 -0.3195423726361111
13156 10801356 -0.10714317579171806 -0.0038063977784083456 0.34544 0.978001393910093 -0.3195423726361111
13157 10801356 -0.13267304789798617 -0.004379699985072048 0.35559999999999997 0.978001393910093 -0.3195423726361111
13158 10801356 -0.1582029200042543 -0.00495300219173575 0.36576 0.978001393910093 -0.3195423726361111
13159 10801356 -0.20628759615166536 -0.0026124444949161274 0.36576 0.978001393910093 -0.3195423726361111
13160 10801356 -0.25437227229907644 -0.0002718867980965045 0.36576 0.978001393910093 -0.3195423726361111
13161 10801356 -0.300056544400612 0.00017455383620909593 0.36576 0.978001393910093 -0.3195423726361111
13162 10801356 -0.33809125266858087 0.0017424511978413604 0.36576 0.978001393910093 -0.3195423726361111
13163 10801356 -0.38256957732908825 0.004248646268691397 0.36576 0.978001393910093 -0.3195423726361111
13164 10801356 -0.42024889024927736 0.0058176099297757855 0.36576 0.978001393910093 -0.3195423726361111
13165 10801356 -0.46833391031580895 0.00815994643163867 0.381 0.978001393910093 -0.3195423726361111
13166 10801356 -0.5164189303823405 0.010502282933501556 0.39624000000000004 0.978001393910093 -0.3195423726361111
13167 10801356 -0.5338716467559833 0.010775252810340974 0.39624000000000004 0.978001393910093 -0.3195423726361111
13168 10801356 -0.5513243631296261 0.011048222687180392 0.39624000000000004 0.978001393910093 -0.3195423726361111
13169 10801356 -0.5949531081030734 0.014796757867901161 0.39624000000000004 0.978001393910093 -0.3195423726361111
13170 10801356 -0.6310452283516021 0.021222223040762406 0.39624000000000004 0.978001393910093 -0.3195423726361111
13171 10801356 -0.6903385740617476 0.02460151667071328 0.39624000000000004 0.978001393910093 -0.3195423726361111
13172 10801356 -0.7120214022045803 0.026199488033421897 0.39624000000000004 0.978001393910093 -0.3195423726361111
13173 10801356 -0.7656633123638872 0.02784847079162847 0.39624000000000004 0.978001393910093 -0.3195423726361111
13174 10801356 -0.7742269130956547 0.030181084060616092 0.39624000000000004 0.978001393910093 -0.3195423726361111
13175 10801356 -0.7827905138274223 0.032513697329603714 0.39624000000000004 0.978001393910093 -0.3195423726361111
13176 10801356 -0.8295342427119072 0.0348871353416845 0.41148000000000007 0.978001393910093 -0.3195423726361111
13177 10801356 -0.8762779715963922 0.037260573353765286 0.42672000000000004 0.978001393910093 -0.3195423726361111
13178 10801356 -0.9476297175392018 0.04586990782311859 0.42672000000000004 0.978001393910093 -0.3195423726361111
13179 10801356 -0.9951695692231157 0.04920572267030324 0.44196 0.978001393910093 -0.3195423726361111
13180 10801356 -1.0427094209070298 0.052541537517487885 0.45720000000000005 0.978001393910093 -0.3195423726361111
13181 10801356 -1.0644916130086455 0.055195403626668055 0.45720000000000005 0.978001393910093 -0.3195423726361111
13182 10801356 -1.0862738051102612 0.057849269735848224 0.45720000000000005 0.978001393910093 -0.3195423726361111
13183 10801356 -1.1277825000279826 0.0633321597697401 0.45720000000000005 0.978001393910093 -0.3195423726361111
13184 10801356 -1.169291194945704 0.06881504980363198 0.45720000000000005 0.978001393910093 -0.3195423726361111
13185 10801356 -1.2083322163986627 0.07369587720912146 0.45720000000000005 0.978001393910093 -0.3195423726361111
13186 10801356 -1.2473732378516214 0.07857670461461094 0.45720000000000005 0.978001393910093 -0.3195423726361111
13187 10801356 -1.2606220424732035 0.08016380480985522 0.45720000000000005 0.978001393910093 -0.3195423726361111
13188 10801356 -1.2738708470947857 0.08175090500509949 0.45720000000000005 0.978001393910093 -0.3195423726361111
13189 10801356 -1.3308437025123447 0.08951728600334316 0.45720000000000005 0.978001393910093 -0.3195423726361111
13190 10801356 -1.392536048606955 0.10186541237942612 0.45720000000000005 0.978001393910093 -0.3195423726361111
13191 10801356 -1.4354897845860572 0.10469716952383154 0.45720000000000005 0.978001393910093 -0.3195423726361111
13192 10801356 -1.4833673536829046 0.11393011123638111 0.45720000000000005 0.978001393910093 -0.3195423726361111
13193 10801356 -1.531244922779752 0.12316305294893068 0.45720000000000005 0.978001393910093 -0.3195423726361111
13194 10801356 -1.567604877526876 0.12605888853664501 0.48768 0.978001393910093 -0.3195423726361111
13195 10801356 -1.606872239580355 0.13364481741326847 0.48768 0.978001393910093 -0.3195423726361111
13196 10801356 -1.6461396016338339 0.14123074628989193 0.48768 0.978001393910093 -0.3195423726361111
13197 10801356 -1.6642029538336172 0.1443933936959775 0.48768 0.978001393910093 -0.3195423726361111
13198 10801356 -1.6822663060334004 0.14755604110206308 0.48768 0.978001393910093 -0.3195423726361111
13199 10801356 -1.7457276063355158 0.15721441726208693 0.48768 0.978001393910093 -0.3195423726361111
13200 10801356 -1.7838389131348518 0.16290417068238103 0.48768 0.978001393910093 -0.3195423726361111
13201 10801356 -1.82471106043885 0.17101616067283007 0.48768 0.978001393910093 -0.3195423726361111
13202 10801356 -1.8704536351644265 0.18189001903790877 0.48768 0.978001393910093 -0.3195423726361111
13203 10801356 -1.897456085722861 0.18488116726349543 0.48768 0.978001393910093 -0.3195423726361111
13204 10801356 -1.968292325073013 0.21272758973493142 0.5181600000000001 0.978001393910093 -0.3195423726361111
13205 10801356 -1.986182223272074 0.22185164522480175 0.5181600000000001 0.978001393910093 -0.3195423726361111
13206 10801356 -2.0040721214711352 0.23097570071467208 0.5181600000000001 0.978001393910093 -0.3195423726361111
13207 10801356 -2.0382041980101073 0.2461144808776403 0.5181600000000001 0.978001393910093 -0.3195423726361111
13208 10801356 -2.0868419732334615 0.28072112483775774 0.5181600000000001 0.978001393910093 -0.3195423726361111
13209 10801356 -2.1208140736720216 0.30924495140465524 0.5181600000000001 0.978001393910093 -0.3195423726361111
13210 10801356 -2.1547861741105816 0.3377687779715528 0.5181600000000001 0.978001393910093 -0.3195423726361111
13211 10801356 -2.1663734432730095 0.3523092491224815 0.5181600000000001 0.978001393910093 -0.3195423726361111
13212 10801356 -2.204349656036068 0.40212361227194326 0.5181600000000001 0.978001393910093 -0.3195423726361111
13213 10801356 -2.228954860645737 0.4423056330489228 0.5181600000000001 0.978001393910093 -0.3195423726361111
13214 10801356 -2.2484539376963744 0.484789808429297 0.5181600000000001 0.978001393910093 -0.3195423726361111
13215 10801356 -2.2621674609685565 0.5226937465411194 0.5181600000000001 0.978001393910093 -0.3195423726361111
13216 10801356 -2.274401865610362 0.5694612339042502 0.5181600000000001 0.978001393910093 -0.3195423726361111
13217 10801356 -2.286283289771948 0.6322376543098286 0.5181600000000001 0.978001393910093 -0.3195423726361111
13218 10801356 -2.289733727125141 0.6468035968792056 0.5181600000000001 0.978001393910093 -0.3195423726361111
13219 10801356 -2.293184164478334 0.6613695394485827 0.5181600000000001 0.978001393910093 -0.3195423726361111
13220 10801356 -2.2887846772570697 0.7399675377155629 0.5181600000000001 0.978001393910093 -0.3195423726361111
13221 10801356 -2.2925425408950675 0.7787038191407337 0.5181600000000001 0.978001393910093 -0.3195423726361111
13222 10801356 -2.2883435056809667 0.8254692883563296 0.5181600000000001 0.978001393910093 -0.3195423726361111
13223 10801356 -2.2790118657750194 0.8865628657199847 0.54864 0.978001393910093 -0.3195423726361111
13224 10801356 -2.2695628650660424 0.9317273534151168 0.54864 0.978001393910093 -0.3195423726361111
13225 10801356 -2.266502819996931 0.9573663680949288 0.54864 0.978001393910093 -0.3195423726361111
13226 10801356 -2.2608905467565554 1.0060063330088458 0.54864 0.978001393910093 -0.3195423726361111
13227 10801356 -2.246488454286551 1.068478764593456 0.54864 0.978001393910093 -0.3195423726361111
13228 10801356 -2.2356131124973437 1.1169155555265426 0.54864 0.978001393910093 -0.3195423726361111
13229 10801356 -2.2300635235370874 1.1345540905341789 0.54864 0.978001393910093 -0.3195423726361111
13230 10801356 -2.224513934576831 1.1521926255418153 0.54864 0.978001393910093 -0.3195423726361111
13231 10801356 -2.213773469427416 1.2026599029805276 0.57912 0.978001393910093 -0.3195423726361111
13232 10801356 -2.198176677684679 1.2666109392535077 0.57912 0.978001393910093 -0.3195423726361111
13233 10801356 -2.1849149710896674 1.3071394260010216 0.57912 0.978001393910093 -0.3195423726361111
13234 10801356 -2.1776411821656625 1.3456545946941851 0.57912 0.978001393910093 -0.3195423726361111
13235 10801356 -2.163481515888498 1.3889271936106833 0.57912 0.978001393910093 -0.3195423726361111
13236 10801356 -2.150841422612217 1.427555906436977 0.57912 0.978001393910093 -0.3195423726361111
13237 10801356 -2.1413572290438028 1.4728257974729857 0.57912 0.978001393910093 -0.3195423726361111
13238 10801356 -2.1240202314392373 1.5258083448181115 0.57912 0.978001393910093 -0.3195423726361111
13239 10801356 -2.1076847720070937 1.575730151581138 0.57912 0.978001393910093 -0.3195423726361111
13240 10801356 -2.094043108129658 1.6174196127711313 0.6096 0.978001393910093 -0.3195423726361111
13241 10801356 -2.087999332561886 1.6358896284045898 0.6096 0.978001393910093 -0.3195423726361111
13242 10801356 -2.0819555569941137 1.6543596440380484 0.6096 0.978001393910093 -0.3195423726361111
13243 10801356 -2.0702133636835383 1.6902442479686615 0.6096 0.978001393910093 -0.3195423726361111
13244 10801356 -2.053070616446834 1.7263480268336602 0.6096 0.978001393910093 -0.3195423726361111
13245 10801356 -2.033696034981511 1.7855576447817014 0.6096 0.978001393910093 -0.3195423726361111
13246 10801356 -2.020917789378583 1.8246085545747797 0.6096 0.978001393910093 -0.3195423726361111
13247 10801356 -2.0116967305000486 1.8527885369691217 0.6400800000000001 0.978001393910093 -0.3195423726361111
13248 10801356 -1.997467979543443 1.8962722576577595 0.6400800000000001 0.978001393910093 -0.3195423726361111
13249 10801356 -1.975973891717526 1.945674531262511 0.6400800000000001 0.978001393910093 -0.3195423726361111
13250 10801356 -1.9626085615186752 1.9865196919989905 0.6400800000000001 0.978001393910093 -0.3195423726361111
13251 10801356 -1.9469638714184427 2.034330697554152 0.6400800000000001 0.978001393910093 -0.3195423726361111
13252 10801356 -1.934185646705201 2.073381632006486 0.6400800000000001 0.978001393910093 -0.3195423726361111
13253 10801356 -1.9231342083841516 2.1071554151581355 0.6400800000000001 0.978001393910093 -0.3195423726361111
13254 10801356 -1.905128396565568 2.1458979148465143 0.6400800000000001 0.978001393910093 -0.3195423726361111
13255 10801356 -1.897910439960456 2.1679564247491445 0.6553200000000001 0.978001393910093 -0.3195423726361111
13256 10801356 -1.890692483355344 2.190014934651775 0.67056 0.978001393910093 -0.3195423726361111
13257 10801356 -1.8803317793803773 2.221677869480815 0.67056 0.978001393910093 -0.3195423726361111
13258 10801356 -1.8645489725109188 2.2699110766759474 0.67056 0.978001393910093 -0.3195423726361111
13259 10801356 -1.8465354402311263 2.3059636577813984 0.67056 0.978001393910093 -0.3195423726361111
13260 10801356 -1.8356088477015693 2.3407130578772324 0.67056 0.978001393910093 -0.3195423726361111
13261 10801356 -1.8207028080141054 2.3849099474136914 0.67056 0.978001393910093 -0.3195423726361111
13262 10801356 -1.7990810518252778 2.4357894727997285 0.67056 0.978001393910093 -0.3195423726361111
13263 10801356 -1.7920012652423234 2.4574258307466548 0.67056 0.978001393910093 -0.3195423726361111
13264 10801356 -1.784921478659369 2.479062188693581 0.67056 0.978001393910093 -0.3195423726361111
13265 10801356 -1.7709936131097501 2.5205412252340804 0.67056 0.978001393910093 -0.3195423726361111
13266 10801356 -1.7548755514191507 2.570884791061062 0.7010400000000001 0.978001393910093 -0.3195423726361111
13267 10801356 -1.7435723895073714 2.6043425491760797 0.7010400000000001 0.978001393910093 -0.3195423726361111
13268 10801356 -1.7307942360221509 2.643393547867644 0.7010400000000001 0.978001393910093 -0.3195423726361111
13269 10801356 -1.707874794263519 2.6960685107083724 0.7010400000000001 0.978001393910093 -0.3195423726361111
13270 10801356 -1.6983084667195987 2.7253039993004924 0.7010400000000001 0.978001393910093 -0.3195423726361111
13271 10801356 -1.685530338881135 2.764355015109938 0.7010400000000001 0.978001393910093 -0.3195423726361111
13272 10801356 -1.6659242108846957 2.8253584821496887 0.7010400000000001 0.978001393910093 -0.3195423726361111
13273 10801356 -1.6588048871748275 2.8465729647603117 0.7010400000000001 0.978001393910093 -0.3195423726361111
13274 10801356 -1.6516855634649594 2.8677874473709344 0.7010400000000001 0.978001393910093 -0.3195423726361111
13275 10801356 -1.6389074323149397 2.9068384722476472 0.7010400000000001 0.978001393910093 -0.3195423726361111
13276 10801356 -1.6210292673444535 2.9449217513221857 0.7010400000000001 0.978001393910093 -0.3195423726361111
13277 10801356 -1.6033816669085292 2.9988544028126816 0.7010400000000001 0.978001393910093 -0.3195423726361111
13278 10801356 -1.5873226943619543 3.04793206435293 0.73152 0.978001393910093 -0.3195423726361111
13279 10801356 -1.5708928932908124 3.08321765514015 0.73152 0.978001393910093 -0.3195423726361111
13280 10801356 -1.564607457207732 3.102426552479526 0.73152 0.978001393910093 -0.3195423726361111
13281 10801356 -1.5434174584265257 3.1481894639433525 0.73152 0.978001393910093 -0.3195423726361111
13282 10801356 -1.5153585130169833 3.2040902229367583 0.73152 0.978001393910093 -0.3195423726361111
13283 10801356 -1.502491659162151 3.224417234883127 0.73152 0.978001393910093 -0.3195423726361111
13284 10801356 -1.4896248053073189 3.2447442468294962 0.73152 0.978001393910093 -0.3195423726361111
13285 10801356 -1.4672221001491106 3.2806460426690625 0.73152 0.978001393910093 -0.3195423726361111
13286 10801356 -1.425417221927342 3.32971222384243 0.73152 0.978001393910093 -0.3195423726361111
13287 10801356 -1.3961895890237266 3.360693534950799 0.73152 0.978001393910093 -0.3195423726361111
13288 10801356 -1.3644100625689413 3.3886198909696446 0.762 0.978001393910093 -0.3195423726361111
13289 10801356 -1.3320915587855209 3.4168373367552953 0.762 0.978001393910093 -0.3195423726361111
13290 10801356 -1.288188093548724 3.4506117961961236 0.762 0.978001393910093 -0.3195423726361111
13291 10801356 -1.2720029068454453 3.458694702550776 0.762 0.978001393910093 -0.3195423726361111
13292 10801356 -1.2558177201421665 3.4667776089054283 0.762 0.978001393910093 -0.3195423726361111
13293 10801356 -1.2216172665671878 3.488537417437255 0.762 0.978001393910093 -0.3195423726361111
13294 10801356 -1.1651081217939778 3.5119952848129263 0.762 0.978001393910093 -0.3195423726361111
13295 10801356 -1.1252648846863609 3.5279365507455416 0.762 0.978001393910093 -0.3195423726361111
13296 10801356 -1.08276619355931 3.5411397178399526 0.7924800000000001 0.978001393910093 -0.3195423726361111
13297 10801356 -1.043571572081272 3.5523861417403566 0.7924800000000001 0.978001393910093 -0.3195423726361111
13298 10801356 -0.9976846124674208 3.562378024882622 0.7924800000000001 0.978001393910093 -0.3195423726361111
13299 10801356 -0.9311570087636514 3.5784701785764157 0.7924800000000001 0.978001393910093 -0.3195423726361111
13300 10801356 -0.9109478554217901 3.583250922531734 0.7924800000000001 0.978001393910093 -0.3195423726361111
13301 10801356 -0.8907387020799289 3.588031666487052 0.7924800000000001 0.978001393910093 -0.3195423726361111
13302 10801356 -0.8439334149128179 3.5994765266381674 0.7924800000000001 0.978001393910093 -0.3195423726361111
13303 10801356 -0.7730473922381089 3.613968808291805 0.7924800000000001 0.978001393910093 -0.3195423726361111
13304 10801356 -0.7417554820415395 3.620061029183142 0.7924800000000001 0.978001393910093 -0.3195423726361111
13305 10801356 -0.7104635718449701 3.6261532500744793 0.7924800000000001 0.978001393910093 -0.3195423726361111
13306 10801356 -0.6634996828712487 3.6367292781449225 0.82296 0.978001393910093 -0.3195423726361111
13307 10801356 -0.6051164307028787 3.6496459152373584 0.82296 0.978001393910093 -0.3195423726361111
13308 10801356 -0.5582666288194678 3.6609608485799066 0.82296 0.978001393910093 -0.3195423726361111
13309 10801356 -0.5203411916105758 3.667250005144306 0.82296 0.978001393910093 -0.3195423726361111
13310 10801356 -0.4786655128777648 3.6752336618676162 0.82296 0.978001393910093 -0.3195423726361111
13311 10801356 -0.44337692163815035 3.6813341705574976 0.82296 0.978001393910093 -0.3195423726361111
13312 10801356 -0.40808833039853587 3.687434679247379 0.82296 0.978001393910093 -0.3195423726361111
13313 10801356 -0.36533087312592616 3.694656192126499 0.82296 0.978001393910093 -0.3195423726361111
13314 10801356 -0.32257341585331645 3.701877705005619 0.82296 0.978001393910093 -0.3195423726361111
13315 10801356 -0.27543843730170336 3.7129840062010224 0.82296 0.978001393910093 -0.3195423726361111
13316 10801356 -0.2363422039134231 3.721228247108107 0.8534400000000001 0.978001393910093 -0.3195423726361111
13317 10801356 -0.19543495528018795 3.729581397353779 0.8534400000000001 0.978001393910093 -0.3195423726361111
13318 10801356 -0.1474294450472311 3.7406373357512153 0.8534400000000001 0.978001393910093 -0.3195423726361111
13319 10801356 -0.10181399402593294 3.7471006210793885 0.8534400000000001 0.978001393910093 -0.3195423726361111
13320 10801356 -0.06134271209711306 3.7554801286356443 0.8534400000000001 0.978001393910093 -0.3195423726361111
13321 10801356 -0.01738739257588162 3.763655149725369 0.8534400000000001 0.978001393910093 -0.3195423726361111
13322 10801356 0.02916770121989587 3.770279189456695 0.8534400000000001 0.978001393910093 -0.3195423726361111
13323 10801356 0.07091060440704511 3.7784771335598824 0.8534400000000001 0.978001393910093 -0.3195423726361111
13324 10801356 0.09336875797242938 3.78199889208765 0.8534400000000001 0.978001393910093 -0.3195423726361111
13325 10801356 0.13991533034489945 3.791313564284564 0.8534400000000001 0.978001393910093 -0.3195423726361111
13326 10801356 0.1714937774620754 3.796935610192186 0.8686800000000001 0.978001393910093 -0.3195423726361111
13327 10801356 0.20307222457925134 3.802557656099808 0.88392 0.978001393910093 -0.3195423726361111
13328 10801356 0.24387449327112054 3.810596655669358 0.88392 0.978001393910093 -0.3195423726361111
13329 10801356 0.2995186345228238 3.817872050849353 0.88392 0.978001393910093 -0.3195423726361111
13330 10801356 0.3709199354827504 3.8326138889079213 0.88392 0.978001393910093 -0.3195423726361111
13331 10801356 0.4121916890838655 3.8407338303991705 0.88392 0.978001393910093 -0.3195423726361111
13332 10801356 0.4614832935359534 3.8462317776116954 0.88392 0.978001393910093 -0.3195423726361111
13333 10801356 0.5001203251012032 3.8557977619265418 0.88392 0.978001393910093 -0.3195423726361111
13334 10801356 0.5238431946732708 3.8584398195190603 0.88392 0.978001393910093 -0.3195423726361111
13335 10801356 0.5475660642453384 3.8610818771115785 0.88392 0.978001393910093 -0.3195423726361111
13336 10801356 0.6176249331653478 3.875797279026514 0.88392 0.978001393910093 -0.3195423726361111
13337 10801356 0.6579213517087947 3.8836530768508943 0.88392 0.978001393910093 -0.3195423726361111
13338 10801356 0.6935437115998662 3.893504486313921 0.9144000000000001 0.978001393910093 -0.3195423726361111
13339 10801356 0.742356005618309 3.9016142631722333 0.9144000000000001 0.978001393910093 -0.3195423726361111
13340 10801356 0.8087786106714043 3.9147159300570045 0.9144000000000001 0.978001393910093 -0.3195423726361111
13341 10801356 0.8543563556099667 3.921079747542064 0.9144000000000001 0.978001393910093 -0.3195423726361111
13342 10801356 0.8952124632270346 3.9279358262886404 0.9144000000000001 0.978001393910093 -0.3195423726361111
13343 10801356 0.9355098748366972 3.9374282315856326 0.9144000000000001 0.978001393910093 -0.3195423726361111
13344 10801356 0.984587057686042 3.9474389334168696 0.9144000000000001 0.978001393910093 -0.3195423726361111
13345 10801356 1.0262577924869007 3.9554313208770413 0.9144000000000001 0.978001393910093 -0.3195423726361111
13346 10801356 1.0543972428822976 3.957332090925855 0.9144000000000001 0.978001393910093 -0.3195423726361111
13347 10801356 1.0899922237995996 3.9643900967788896 0.92964 0.978001393910093 -0.3195423726361111
13348 10801356 1.1255872047169015 3.9714481026319244 0.9448799999999999 0.978001393910093 -0.3195423726361111
13349 10801356 1.1723109042300472 3.9786073388326444 0.9448799999999999 0.978001393910093 -0.3195423726361111
13350 10801356 1.2072267639637697 3.9833174241717635 0.9448799999999999 0.978001393910093 -0.3195423726361111
13351 10801356 1.2568409841387718 3.9928036127619686 0.9448799999999999 0.978001393910093 -0.3195423726361111
13352 10801356 1.315249571325508 4.0058413934065875 0.9448799999999999 0.978001393910093 -0.3195423726361111
13353 10801356 1.3609291322856083 4.012525098315093 0.9448799999999999 0.978001393910093 -0.3195423726361111
13354 10801356 1.4014153769069257 4.01798562890334 0.9448799999999999 0.978001393910093 -0.3195423726361111
13355 10801356 1.453667761736968 4.03011561160628 0.9448799999999999 0.978001393910093 -0.3195423726361111
13356 10801356 1.4820953785686155 4.034260291814033 0.9448799999999999 0.978001393910093 -0.3195423726361111
13357 10801356 1.510522995400263 4.0384049720217865 0.9448799999999999 0.978001393910093 -0.3195423726361111
13358 10801356 1.5605137304970262 4.047419329227231 0.9448799999999999 0.978001393910093 -0.3195423726361111
13359 10801356 1.6092927593645054 4.059517060907874 0.9448799999999999 0.978001393910093 -0.3195423726361111
13360 10801356 1.6495515216244547 4.0672728651293255 0.97536 0.978001393910093 -0.3195423726361111
13361 10801356 1.6982033918616104 4.078711650436793 0.97536 0.978001393910093 -0.3195423726361111
13362 10801356 1.766502604094532 4.093777506471504 0.97536 0.978001393910093 -0.3195423726361111
13363 10801356 1.8155609659069094 4.099943598180507 0.97536 0.978001393910093 -0.3195423726361111
13364 10801356 1.834993688201795 4.1064446168887025 0.97536 0.978001393910093 -0.3195423726361111
13365 10801356 1.8544264104966803 4.1129456355968985 0.97536 0.978001393910093 -0.3195423726361111
13366 10801356 1.9001041104185774 4.119632774532655 0.97536 0.978001393910093 -0.3195423726361111
13367 10801356 1.9664688090705 4.1380193517946235 0.97536 0.978001393910093 -0.3195423726361111
13368 10801356 2.012844598933171 4.144128483602443 0.97536 0.978001393910093 -0.3195423726361111
13369 10801356 2.0572756458535055 4.153794015274651 0.97536 0.978001393910093 -0.3195423726361111
13370 10801356 2.121125830031192 4.168563863118825 0.97536 0.978001393910093 -0.3195423726361111
13371 10801356 2.143649475681845 4.1723031571744045 0.97536 0.978001393910093 -0.3195423726361111
13372 10801356 2.2144795827559958 4.188064246531437 0.97536 0.978001393910093 -0.3195423726361111
13373 10801356 2.2582932385837546 4.199918554296393 0.97536 0.978001393910093 -0.3195423726361111
13374 10801356 2.302400084644619 4.207237848586956 0.97536 0.978001393910093 -0.3195423726361111
13375 10801356 2.3529739197618325 4.218052226145916 0.97536 0.978001393910093 -0.3195423726361111
13376 10801356 2.4304165523177828 4.235042619725132 0.97536 0.978001393910093 -0.3195423726361111
13377 10801356 2.454097255389743 4.238930448203083 0.97536 0.978001393910093 -0.3195423726361111
13378 10801356 2.4777779584617035 4.242818276681034 0.97536 0.978001393910093 -0.3195423726361111
13379 10801356 2.5360121881276276 4.259425753694793 0.97536 0.978001393910093 -0.3195423726361111
13380 10801356 2.5919484747398274 4.270358860164586 0.97536 0.978001393910093 -0.3195423726361111
13381 10801356 2.6464185465406924 4.282238592032749 0.97536 0.978001393910093 -0.3195423726361111
13382 10801356 2.7050705211189303 4.293336705559604 0.97536 0.978001393910093 -0.3195423726361111
13383 10801356 2.792370658366001 4.314703778710557 0.9448799999999999 0.978001393910093 -0.3195423726361111
13384 10801356 2.836617490672243 4.326536181140271 0.9448799999999999 0.978001393910093 -0.3195423726361111
13385 10801356 2.861485051508937 4.332023438597814 0.9448799999999999 0.978001393910093 -0.3195423726361111
13386 10801356 2.8863526123456316 4.337510696055357 0.9448799999999999 0.978001393910093 -0.3195423726361111
13387 10801356 2.969525403566383 4.358475245178107 0.97536 0.978001393910093 -0.3195423726361111
13388 10801356 2.9983072868856553 4.365079209104082 0.97536 0.978001393910093 -0.3195423726361111
13389 10801356 3.077752777662286 4.383874276227686 0.97536 0.978001393910093 -0.3195423726361111
13390 10801356 3.1252983904092817 4.395214756286256 0.97536 0.978001393910093 -0.3195423726361111
13391 10801356 3.1554094547859908 4.40208603772029 0.97536 0.978001393910093 -0.3195423726361111
13392 10801356 3.2270593239379712 4.418755563550495 0.97536 0.978001393910093 -0.3195423726361111
13393 10801356 3.274249061990207 4.430096225699066 0.97536 0.978001393910093 -0.3195423726361111
13394 10801356 3.3178171750203376 4.441218020995351 0.97536 0.978001393910093 -0.3195423726361111
13395 10801356 3.316531188039716 4.4415182628620435 0.9753435864297254 0.978001393910093 -0.3195423726361111
13396 10801356 3.3152452010590943 4.441818504728737 0.9753271728594507 0.978001393910093 -0.3195423726361111
13397 10801356 3.313959214078473 4.442118746595429 0.9753107592891761 0.978001393910093 -0.3195423726361111
13398 10801356 3.3126732270978514 4.442418988462121 0.9752943457189015 0.978001393910093 -0.3195423726361111
13399 10801356 3.3113872401172295 4.442719230328814 0.9752779321486268 0.978001393910093 -0.3195423726361111
13400 10801356 3.310101253136608 4.443019472195506 0.9752615185783522 0.978001393910093 -0.3195423726361111
13401 10801356 3.3088152661559866 4.4433197140621985 0.9752451050080776 0.978001393910093 -0.3195423726361111
13402 10801356 3.3075292791753648 4.443619955928891 0.9752286914378029 0.978001393910093 -0.3195423726361111
13403 10801356 3.3062432921947433 4.443920197795584 0.9752122778675283 0.978001393910093 -0.3195423726361111
13404 10801356 3.304957305214122 4.444220439662276 0.9751958642972537 0.978001393910093 -0.3195423726361111
13405 10801356 3.3036713182335 4.444520681528968 0.975179450726979 0.978001393910093 -0.3195423726361111
13406 10801356 3.3023853312528786 4.444820923395661 0.9751630371567044 0.978001393910093 -0.3195423726361111
13407 10801356 3.301099344272257 4.4451211652623535 0.9751466235864298 1.0283106210632738 0.03422456732325968
13408 10801356 3.2998133572916357 4.445421407129046 0.9751302100161551 1.0283106210632738 0.03422456732325968
13409 10801356 3.298527370311014 4.445721648995739 0.9751137964458805 1.0283106210632738 0.03422456732325968
13410 10801356 3.2972413833303924 4.446021890862431 0.9750973828756058 1.0283106210632738 0.03422456732325968
13411 10801356 3.295955396349771 4.446322132729123 0.9750809693053312 1.0283106210632738 0.03422456732325968
13412 10801356 3.294669409369149 4.446622374595815 0.9750645557350566 1.0283106210632738 0.03422456732325968
13413 10801356 3.2933834223885277 4.446922616462508 0.9750481421647819 1.0283106210632738 0.03422456732325968
13414 10801356 3.2920974354079062 4.447222858329201 0.9750317285945073 1.0283106210632738 0.03422456732325968
13415 10801356 3.2908114484272843 4.447523100195893 0.9750153150242327 1.0283106210632738 0.03422456732325968
13416 10801356 3.289525461446663 4.447823342062586 0.974998901453958 1.0283106210632738 0.03422456732325968
13417 10801356 3.2882394744660415 4.448123583929278 0.9749824878836834 1.0283106210632738 0.03422456732325968
13418 10801356 3.2869534874854196 4.44842382579597 0.9749660743134088 1.0283106210632738 0.03422456732325968
13419 10801356 3.285667500504798 4.448724067662663 0.974949660743134 1.0283106210632738 0.03422456732325968
13420 10801356 3.2843815135241767 4.449024309529356 0.9749332471728595 1.0283106210632738 0.03422456732325968
13421 10801356 3.283095526543555 4.449324551396048 0.9749168336025849 1.0283106210632738 0.03422456732325968
13422 10801356 3.2818095395629334 4.44962479326274 0.9749004200323101 1.0283106210632738 0.03422456732325968
13423 10801356 3.280523552582312 4.449925035129433 0.9748840064620355 1.0283106210632738 0.03422456732325968
13424 10801356 3.27923756560169 4.450225276996125 0.974867592891761 1.0283106210632738 0.03422456732325968
13425 10801356 3.2779515786210687 4.450525518862817 0.9748511793214862 1.0283106210632738 0.03422456732325968
13426 10801356 3.2766655916404472 4.4508257607295105 0.9748347657512116 1.0283106210632738 0.03422456732325968
13427 10801356 3.2753796046598254 4.451126002596203 0.974818352180937 1.0283106210632738 0.03422456732325968
13428 10801356 3.274093617679204 4.451426244462895 0.9748019386106623 1.0283106210632738 0.03422456732325968
13429 10801356 3.2728076306985825 4.451726486329588 0.9747855250403877 1.0283106210632738 0.03422456732325968
13430 10801356 3.2715216437179606 4.45202672819628 0.9747691114701131 1.0283106210632738 0.03422456732325968
13431 10801356 3.270235656737339 4.452326970062972 0.9747526978998384 1.0283106210632738 0.03422456732325968
13432 10801356 3.2689496697567177 4.452627211929665 0.9747362843295638 1.0283106210632738 0.03422456732325968
13433 10801356 3.267663682776096 4.452927453796358 0.9747198707592892 1.0283106210632738 0.03422456732325968
13434 10801356 3.2663776957954744 4.45322769566305 0.9747034571890145 1.0283106210632738 0.03422456732325968
13435 10801356 3.265091708814853 4.453527937529742 0.9746870436187399 1.0283106210632738 0.03422456732325968
13436 10801356 3.2638057218342316 4.453828179396435 0.9746706300484653 1.0283106210632738 0.03422456732325968
13437 10801356 3.2625197348536097 4.454128421263127 0.9746542164781906 1.0283106210632738 0.03422456732325968
13438 10801356 3.2612337478729883 4.4544286631298196 0.974637802907916 1.0283106210632738 0.03422456732325968
13439 10801356 3.259947760892367 4.454728904996513 0.9746213893376413 1.0283106210632738 0.03422456732325968
13440 10801356 3.258661773911745 4.455029146863205 0.9746049757673667 1.0283106210632738 0.03422456732325968
13441 10801356 3.2573757869311235 4.455329388729897 0.9745885621970921 1.0283106210632738 0.03422456732325968
13442 10801356 3.256089799950502 4.455629630596589 0.9745721486268174 1.0283106210632738 0.03422456732325968
13443 10801356 3.25480381296988 4.455929872463282 0.9745557350565428 1.0283106210632738 0.03422456732325968
13444 10801356 3.2535178259892588 4.4562301143299745 0.9745393214862682 1.0283106210632738 0.03422456732325968
13445 10801356 3.2522318390086373 4.456530356196667 0.9745229079159935 1.0283106210632738 0.03422456732325968
13446 10801356 3.2509458520280154 4.45683059806336 0.9745064943457189 1.0283106210632738 0.03422456732325968
13447 10801356 3.249659865047394 4.457130839930052 0.9744900807754443 1.0283106210632738 0.03422456732325968
13448 10801356 3.2483738780667726 4.457431081796744 0.9744736672051696 1.0283106210632738 0.03422456732325968
13449 10801356 3.2470878910861507 4.457731323663437 0.974457253634895 1.0283106210632738 0.03422456732325968
13450 10801356 3.2458019041055293 4.4580315655301295 0.9744408400646204 1.0283106210632738 0.03422456732325968
13451 10801356 3.244515917124908 4.458331807396822 0.9744244264943457 1.0283106210632738 0.03422456732325968
13452 10801356 3.243229930144286 4.458632049263514 0.9744080129240711 1.0283106210632738 0.03422456732325968
13453 10801356 3.2419439431636645 4.458932291130207 0.9743915993537965 1.0283106210632738 0.03422456732325968
13454 10801356 3.240657956183043 4.459232532996899 0.9743751857835218 1.0283106210632738 0.03422456732325968
