16215 10502576 5.536165597727476 -1.3451282975218266 1.7983200000000001 0.54379465526711 -0.873430837160519
16216 10502576 5.405341807746997 -1.422317535190264 1.76784 0.54379465526711 -0.873430837160519
16217 10502576 5.350858160383537 -1.4532614266315205 1.76784 0.54379465526711 -0.873430837160519
16218 10502576 5.26828854469369 -1.5022632301085714 1.76784 0.54379465526711 -0.873430837160519
16219 10502576 5.15957086181888 -1.564464462484934 1.76784 0.54379465526711 -0.873430837160519
16220 10502576 5.070003239678937 -1.6174905831580755 1.76784 0.54379465526711 -0.873430837160519
16221 10502576 5.020298277848601 -1.6501078401173803 1.76784 0.54379465526711 -0.873430837160519
16222 10502576 4.9252593049393125 -1.7019328908445461 1.76784 0.54379465526711 -0.873430837160519
16223 10502576 4.8847345261037844 -1.7262713118751138 1.76784 0.54379465526711 -0.873430837160519
16224 10502576 4.8442097472682555 -1.7506097329056816 1.76784 0.54379465526711 -0.873430837160519
16225 10502576 4.691048271376614 -1.8408310619244277 1.76784 0.54379465526711 -0.873430837160519
16226 10502576 4.589832466417987 -1.9006838660705974 1.76784 0.54379465526711 -0.873430837160519
16227 10502576 4.488616661459361 -1.9605366702167668 1.76784 0.54379465526711 -0.873430837160519
16228 10502576 4.371623437905226 -2.0258720844798237 1.76784 0.54379465526711 -0.873430837160519
16229 10502576 4.328978532585808 -2.0538389729276423 1.76784 0.54379465526711 -0.873430837160519
16230 10502576 4.286333627266388 -2.0818058613754613 1.76784 0.54379465526711 -0.873430837160519
16231 10502576 4.163962222578477 -2.1536783306734626 1.76784 0.54379465526711 -0.873430837160519
16232 10502576 4.082377309280658 -2.1979702837098434 1.76784 0.54379465526711 -0.873430837160519
16233 10502576 4.040294135758567 -2.2208047147280703 1.76784 0.54379465526711 -0.873430837160519
16234 10502576 3.9524316736936873 -2.2750793447373057 1.76784 0.54379465526711 -0.873430837160519
16235 10502576 3.836902889376579 -2.3406533628081836 1.76784 0.54379465526711 -0.873430837160519
16236 10502576 3.740642457238641 -2.3961585132724306 1.76784 0.54379465526711 -0.873430837160519
16237 10502576 3.657984471190378 -2.445353799123835 1.7373600000000002 0.54379465526711 -0.873430837160519
16238 10502576 3.585811249725067 -2.4841854252160975 1.7373600000000002 0.54379465526711 -0.873430837160519
16239 10502576 3.5095070537681776 -2.5275093983853405 1.7373600000000002 0.54379465526711 -0.873430837160519
16240 10502576 3.428396195406239 -2.5719513555716538 1.7373600000000002 0.54379465526711 -0.873430837160519
16241 10502576 3.3457344638776183 -2.6211432080475916 1.7373600000000002 0.54379465526711 -0.873430837160519
16242 10502576 3.286233010907769 -2.6544701473727104 1.7373600000000002 0.54379465526711 -0.873430837160519
16243 10502576 3.22673155793792 -2.6877970866978287 1.7373600000000002 0.54379465526711 -0.873430837160519
16244 10502576 3.1456848644039646 -2.7361127347710985 1.7373600000000002 0.54379465526711 -0.873430837160519
16245 10502576 3.0536831994007807 -2.7866939404775937 1.7373600000000002 0.54379465526711 -0.873430837160519
16246 10502576 2.981021557382583 -2.826997740953131 1.7373600000000002 0.54379465526711 -0.873430837160519
16247 10502576 2.8692180094937685 -2.886535302073464 1.7373600000000002 0.54379465526711 -0.873430837160519
16248 10502576 2.7772592285112454 -2.9356097113968906 1.7373600000000002 0.54379465526711 -0.873430837160519
16249 10502576 2.710215797330685 -2.9736566818555983 1.7373600000000002 0.54379465526711 -0.873430837160519
16250 10502576 2.628361892344448 -3.017616866960502 1.7373600000000002 0.54379465526711 -0.873430837160519
16251 10502576 2.55834542134901 -3.0579635018135765 1.7373600000000002 0.54379465526711 -0.873430837160519
16252 10502576 2.427261536877104 -3.1275584945046857 1.7373600000000002 0.54379465526711 -0.873430837160519
16253 10502576 2.34653798645666 -3.176207658832065 1.7373600000000002 0.54379465526711 -0.873430837160519
16254 10502576 2.296175278248982 -3.1971511861975817 1.7373600000000002 0.54379465526711 -0.873430837160519
16255 10502576 2.2155191217659445 -3.245587803682682 1.7373600000000002 0.54379465526711 -0.873430837160519
16256 10502576 2.1757249932727563 -3.2673517870230664 1.7373600000000002 0.54379465526711 -0.873430837160519
16257 10502576 2.135930864779568 -3.2891157703634506 1.7373600000000002 0.54379465526711 -0.873430837160519
16258 10502576 1.9713829712256277 -3.3771034599736254 1.7373600000000002 0.54379465526711 -0.873430837160519
16259 10502576 1.8591036977310766 -3.4393962046816235 1.7373600000000002 0.54379465526711 -0.873430837160519
16260 10502576 1.793572605454811 -3.474134787092458 1.7373600000000002 0.54379465526711 -0.873430837160519
16261 10502576 1.7280415131785452 -3.5088733695032928 1.7373600000000002 0.54379465526711 -0.873430837160519
16262 10502576 1.656697050050024 -3.548897827509782 1.7373600000000002 0.54379465526711 -0.873430837160519
16263 10502576 1.5825869496595661 -3.5897712336723533 1.7373600000000002 0.54379465526711 -0.873430837160519
16264 10502576 1.5142589408121898 -3.6276254970548982 1.7373600000000002 0.54379465526711 -0.873430837160519
16265 10502576 1.4235559882240374 -3.6768652814185327 1.7373600000000002 0.54379465526711 -0.873430837160519
16266 10502576 1.332668602456453 -3.725576856224349 1.7373600000000002 0.54379465526711 -0.873430837160519
16267 10502576 1.2134034984916953 -3.789904678287867 1.7373600000000002 0.54379465526711 -0.873430837160519
16268 10502576 1.142649088597974 -3.832454957946175 1.7373600000000002 0.54379465526711 -0.873430837160519
16269 10502576 1.0616490583360185 -3.876449015491532 1.7068800000000002 0.54379465526711 -0.873430837160519
16270 10502576 0.9736247548999757 -3.925625298846216 1.7068800000000002 0.54379465526711 -0.873430837160519
16271 10502576 0.8945043446048007 -3.969297366580568 1.7068800000000002 0.54379465526711 -0.873430837160519
16272 10502576 0.8153485794511115 -4.0130741621450685 1.7068800000000002 0.54379465526711 -0.873430837160519
16273 10502576 0.7429153347604911 -4.055307444032901 1.7068800000000002 0.54379465526711 -0.873430837160519
16274 10502576 0.6546802013521349 -4.105113363355379 1.7068800000000002 0.54379465526711 -0.873430837160519
16275 10502576 0.5808018098199734 -4.14360272528619 1.7068800000000002 0.54379465526711 -0.873430837160519
16276 10502576 0.5197907473226497 -4.17805779753359 1.7068800000000002 0.54379465526711 -0.873430837160519
16277 10502576 0.45877968482532594 -4.212512869780991 1.7068800000000002 0.54379465526711 -0.873430837160519
16278 10502576 0.3905097661898411 -4.250145764599529 1.7068800000000002 0.54379465526711 -0.873430837160519
16279 10502576 0.29066758758431854 -4.306905641771636 1.7068800000000002 0.54379465526711 -0.873430837160519
16280 10502576 0.2207311637418592 -4.346913781330218 1.7068800000000002 0.54379465526711 -0.873430837160519
16281 10502576 0.13918122483223694 -4.39118898456575 1.7068800000000002 0.54379465526711 -0.873430837160519
16282 10502576 0.07043541871058334 -4.432986972914077 1.7068800000000002 0.54379465526711 -0.873430837160519
16283 10502576 0.0007815662417192115 -4.476473949156949 1.7068800000000002 0.54379465526711 -0.873430837160519
16284 10502576 -0.0893782104217078 -4.525061407666841 1.7068800000000002 0.54379465526711 -0.873430837160519
16285 10502576 -0.17463863243906896 -4.571159755592986 1.7068800000000002 0.54379465526711 -0.873430837160519
16286 10502576 -0.2506526869911643 -4.617240557375283 1.7068800000000002 0.54379465526711 -0.873430837160519
16287 10502576 -0.3227630735311242 -4.657353025573635 1.7068800000000002 0.54379465526711 -0.873430837160519
16288 10502576 -0.429869427010545 -4.7186262775712455 1.7068800000000002 0.54379465526711 -0.873430837160519
