19553 10930127 3.4723793049275327 3.333280664805544 0.6096 0.0 0.0
19554 10930127 3.4452938041424352 3.2726165260720053 0.6096 0.0 0.0
19555 10930127 3.4182083033573374 3.2119523873384663 0.6096 0.0 0.0
19556 10930127 3.3854991613209884 3.1375095552336107 0.61214 0.0 0.0
19557 10930127 3.35279001928464 3.0630667231287547 0.61468 0.0 0.0
19558 10930127 3.320080877248291 2.988623891023899 0.61722 0.0 0.0
19559 10930127 3.2944217249833994 2.930881934734183 0.6163733333333333 0.0 0.0
19560 10930127 3.268762572718508 2.8731399784444664 0.6155266666666667 0.0 0.0
19561 10930127 3.2431034204536164 2.81539802215475 0.61468 0.0 0.0
19562 10930127 3.217444268188725 2.7576560658650338 0.6138333333333333 0.0 0.0
19563 10930127 3.1917851159238335 2.6999141095753174 0.6129866666666667 0.0 0.0
19564 10930127 3.166125963658942 2.642172153285601 0.61214 0.0 0.0
19565 10930127 3.1404668113940506 2.5844301969958847 0.6112933333333334 0.0 0.0
19566 10930127 3.114807659129159 2.5266882407061684 0.6104466666666667 0.0 0.0
19567 10930127 3.0891485068642677 2.468946284416452 0.6096 0.0 0.0
19568 10930127 3.0657219969263716 2.413512702850402 0.6096 0.0 0.0
19569 10930127 3.0344530256473052 2.3458426870195894 0.6096 0.0 0.0
19570 10930127 3.0031840543682384 2.278172671188777 0.6096 0.0 0.0
19571 10930127 2.971915083089172 2.2105026553579643 0.6096 0.0 0.0
19572 10930127 2.959455827275048 2.181861277805062 0.61341 0.0 0.0
19573 10930127 2.9469965714609243 2.1532199002521595 0.61722 0.0 0.0
19574 10930127 2.91324115351812 2.0824678288757816 0.6096 0.0 0.0
19575 10930127 2.887573461762088 2.020172816024545 0.6096 0.0 0.0
19576 10930127 2.857195811977821 1.9597662314391415 0.6096 0.0 0.0
19577 10930127 2.8323802701079286 1.9028003687910386 0.6096 0.0 0.0
19578 10930127 2.7937983243494315 1.817269545811148 0.6096 0.0 0.0
19579 10930127 2.775726267556217 1.7795966873047497 0.6096 0.0 0.0
19580 10930127 2.7453449095237232 1.715102670033372 0.6096 0.0 0.0
19581 10930127 2.7072450157349257 1.6310499926947377 0.6096 0.0 0.0
19582 10930127 2.6942556740193626 1.5994276152848754 0.6096 0.0 0.0
19583 10930127 2.6641246364940865 1.5329827787494434 0.6096 0.0 0.0
19584 10930127 2.625692064748325 1.4492724358811462 0.6096 0.0 0.0
19585 10930127 2.6082619378837757 1.4122077670004558 0.6096 0.0 0.0
19586 10930127 2.5779456126761593 1.343837535140887 0.6096 0.0 0.0
19587 10930127 2.5378798336158246 1.2537681538421692 0.6096 0.0 0.0
19588 10930127 2.5105905784909703 1.1865122552224416 0.61722 0.0 0.0
19589 10930127 2.4841190921583283 1.1244799029242571 0.61722 0.0 0.0
19590 10930127 2.4589491853973433 1.0707840908684472 0.61722 0.0 0.0
19591 10930127 2.4371571602241446 1.0232865507739468 0.61722 0.0 0.0
19592 10930127 2.415365135050946 0.9757890106794465 0.61722 0.0 0.0
19593 10930127 2.394161108802894 0.9329475409310122 0.61722 0.0 0.0
19594 10930127 2.3729570825548416 0.8901060711825778 0.61722 0.0 0.0
19595 10930127 2.3428749349361215 0.8142997891370933 0.61722 0.0 0.0
19596 10930127 2.301383656599082 0.7209578207043726 0.6096 0.0 0.0
19597 10930127 2.2759781961280736 0.6597456627696036 0.6096 0.0 0.0
19598 10930127 2.2454374890007944 0.6002104649005142 0.6096 0.0 0.0
19599 10930127 2.221697794540427 0.5438281286774493 0.6096 0.0 0.0
19600 10930127 2.2072751621013365 0.5132580204446155 0.6096 0.0 0.0
19601 10930127 2.180492222101451 0.45027613511767217 0.6096 0.0 0.0
19602 10930127 2.155166559750829 0.3890379730180109 0.6096 0.0 0.0
19603 10930127 2.1325986480268777 0.3362449312278465 0.61722 0.0 0.0
19604 10930127 2.1009308698409663 0.27298914681499087 0.6096 0.0 0.0
19605 10930127 2.0754789079679465 0.21190908645267184 0.61722 0.0 0.0
19606 10930127 2.0480975335393223 0.14655262733086435 0.6096 0.0 0.0
19607 10930127 2.0101765741209823 0.06197474299180264 0.6096 0.0 0.0
19608 10930127 1.9801640320204605 0.005421407343575213 0.6096 0.0 0.0
19609 10930127 1.9578808615907386 -0.049216866315116015 0.6096 0.0 0.0
19610 10930127 1.9325543947152135 -0.11045466574131682 0.6096 0.0 0.0
19611 10930127 1.9035976685739289 -0.16513314435635354 0.6096 0.0 0.0
19612 10930127 1.8686901510160052 -0.251629594410374 0.6096 0.0 0.0
19613 10930127 1.8382382621639328 -0.3122449252661781 0.6096 0.0 0.0
19614 10930127 1.828948479143417 -0.33117354134802973 0.6096 0.0 0.0
19615 10930127 1.819658696122901 -0.3501021574298814 0.6096 0.0 0.0
19616 10930127 1.7876092521069902 -0.43192450518410197 0.6096 0.0 0.0
19617 10930127 1.7621748808517708 -0.4826130661405391 0.6096 0.0 0.0
19618 10930127 1.7368476954898244 -0.5438505423812424 0.6096 0.0 0.0
19619 10930127 1.7077808449419356 -0.6070208963882547 0.6096 0.0 0.0
19620 10930127 1.6624243967281371 -0.6955954347909875 0.6096 0.0 0.0
19621 10930127 1.6350972950318101 -0.7629553779901946 0.61722 0.0 0.0
19622 10930127 1.623519433569681 -0.7902487904043125 0.61722 0.0 0.0
19623 10930127 1.5926028355621513 -0.8577214880119978 0.61722 0.0 0.0
19624 10930127 1.563769825169817 -0.9133747240957831 0.61722 0.0 0.0
19625 10930127 1.5380281933816082 -0.9758786168457018 0.61722 0.0 0.0
19626 10930127 1.495893054227563 -1.0641031625489303 0.61722 0.0 0.0
19627 10930127 1.4746522293836601 -1.1182639109906558 0.61722 0.0 0.0
19628 10930127 1.4489447573391538 -1.1806620983358505 0.61722 0.0 0.0
19629 10930127 1.4229851202676258 -1.242744277051749 0.61722 0.0 0.0
19630 10930127 1.404098777782497 -1.2828960016745654 0.61341 0.0 0.0
19631 10930127 1.385212435297368 -1.3230477262973819 0.6096 0.0 0.0
19632 10930127 1.3595622882482374 -1.384997308453 0.6096 0.0 0.0
19633 10930127 1.3286719739211286 -1.4455859479061852 0.6096 0.0 0.0
19634 10930127 1.2997232345822496 -1.5179067407182576 0.6096 0.0 0.0
19635 10930127 1.2699827142245483 -1.5736138753034439 0.6096 0.0 0.0
19636 10930127 1.245929340733879 -1.630944742240507 0.6096 0.0 0.0
19637 10930127 1.2210484611598806 -1.6908090632872672 0.6096 0.0 0.0
19638 10930127 1.1817672610654009 -1.7784467481561812 0.6096 0.0 0.0
19639 10930127 1.1601172518164962 -1.8256980759390355 0.6096 0.0 0.0
19640 10930127 1.1296271962278874 -1.8864173076506694 0.6096 0.0 0.0
19641 10930127 1.0988051388534512 -1.963383161951868 0.61722 0.0 0.0
19642 10930127 1.0806919460194488 -2.003612046589598 0.61722 0.0 0.0
19643 10930127 1.0481355484543462 -2.066576903998722 0.6096 0.0 0.0
19644 10930127 1.0191054043566536 -2.138870969738089 0.6096 0.0 0.0
19645 10930127 0.9887956500485731 -2.2033873044638628 0.6096 0.0 0.0
19646 10930127 0.9687985125615088 -2.2476153103504926 0.6096 0.0 0.0
19647 10930127 0.9488013750744445 -2.291843316237122 0.6096 0.0 0.0
19648 10930127 0.9248777071346186 -2.341973434950191 0.6096 0.0 0.0
19649 10930127 0.8944553724068295 -2.402480987040002 0.6096 0.0 0.0
19650 10930127 0.8527242309728249 -2.4976126191238617 0.61722 0.0 0.0
19651 10930127 0.8262859323326819 -2.551360624865349 0.6096 0.0 0.0
19652 10930127 0.8009553052755807 -2.6125965532669984 0.61722 0.0 0.0
19653 10930127 0.7697922654439979 -2.682441526619412 0.6096 0.0 0.0
19654 10930127 0.7577878644777684 -2.7107636643857185 0.6096 0.0 0.0
19655 10930127 0.7272231052433625 -2.7774161732934295 0.6096 0.0 0.0
19656 10930127 0.701363637009309 -2.839998019593146 0.6096 0.0 0.0
19657 10930127 0.6648670906276568 -2.917738759326257 0.6096 0.0 0.0
19658 10930127 0.6402475830438058 -2.9749817939698713 0.6096 0.0 0.0
19659 10930127 0.6156280754599549 -3.0322248286134856 0.6096 0.0 0.0
19660 10930127 0.5910085678761039 -3.0894678632571 0.6096 0.0 0.0
19661 10930127 0.5525952634782499 -3.177154900434692 0.6096 0.0 0.0
19662 10930127 0.5372969365464213 -3.2076721460939996 0.6096 0.0 0.0
19663 10930127 0.5219986096145925 -3.2381893917533073 0.6096 0.0 0.0
19664 10930127 0.4760735651302085 -3.3407125869866254 0.6096 0.0 0.0
19665 10930127 0.4537856370847685 -3.3953487185897697 0.6096 0.0 0.0
19666 10930127 0.42059272179104745 -3.461609909113729 0.6096 0.0 0.0
19667 10930127 0.3939957248762702 -3.527805862564021 0.61722 0.0 0.0
19668 10930127 0.3804224710996712 -3.550592112895432 0.6096 0.0 0.0
19669 10930127 0.3390107090781851 -3.643374385053185 0.61722 0.0 0.0
19670 10930127 0.315712608152665 -3.698381444391417 0.6096 0.0 0.0
19671 10930127 0.28444976393687527 -3.758730890378421 0.6096 0.0 0.0
19672 10930127 0.24541399706087952 -3.8483171940766376 0.61722 0.0 0.0
19673 10930127 0.2186232615479471 -3.911295570221292 0.6096 0.0 0.0
19674 10930127 0.19132508137055415 -3.9785474496259323 0.61722 0.0 0.0
19675 10930127 0.17648636295891218 -4.006294133613117 0.61341 0.0 0.0
19676 10930127 0.1616476445472702 -4.034040817600301 0.6096 0.0 0.0
19677 10930127 0.11836023236136206 -4.1339205624052635 0.61722 0.0 0.0
19678 10930127 0.09391268112646578 -4.191355820098575 0.61722 0.0 0.0
19679 10930127 0.07980622209586008 -4.222028587092863 0.61722 0.0 0.0
19680 10930127 0.05137353793614374 -4.286222897137658 0.6096 0.0 0.0
19681 10930127 0.01595880387956161 -4.361454367479342 0.6096 0.0 0.0
19682 10930127 -0.014126825611797789 -4.426627415266049 0.6096 0.0 0.0
19683 10930127 -0.03986198055823853 -4.487730828122459 0.61722 0.0 0.0
19684 10930127 -0.06867352044378217 -4.551450852280416 0.6096 0.0 0.0
19685 10930127 -0.0937267691313709 -4.603664785639082 0.6096 0.0 0.0
19686 10930127 -0.12164205212840351 -4.664640140252564 0.6096 0.0 0.0
19687 10930127 -0.16741437921281377 -4.75307705180466 0.6096 0.0 0.0
