20186 11322591 -1.097232698235378 4.63929295148981 0.6400800000000001 -0.7657325092434721 -0.6872028657446765
20187 11322591 -1.0544172258904154 4.612780703896708 0.6400800000000001 -0.7657325092434721 -0.6872028657446765
20188 11322591 -1.0126891944495768 4.582944203121121 0.6400800000000001 -0.7657325092434721 -0.6872028657446765
20189 11322591 -0.970961163008738 4.553107702345534 0.6400800000000001 -0.7657325092434721 -0.6872028657446765
20190 11322591 -0.9249564220383577 4.520061344237605 0.6400800000000001 -0.7657325092434721 -0.6872028657446765
20191 11322591 -0.8835555277843824 4.489222926257463 0.6248400000000001 -0.7657325092434721 -0.6872028657446765
20192 11322591 -0.8421546335304071 4.458384508277322 0.6096 -0.7657325092434721 -0.6872028657446765
20193 11322591 -0.800960463975128 4.426913180295467 0.6400800000000001 -0.7657325092434721 -0.6872028657446765
20194 11322591 -0.7596275472691237 4.395864510843826 0.6400800000000001 -0.7657325092434721 -0.6872028657446765
20195 11322591 -0.7182946305631196 4.364815841392186 0.6400800000000001 -0.7657325092434721 -0.6872028657446765
20196 11322591 -0.6769617138571153 4.333767171940545 0.6400800000000001 -0.7657325092434721 -0.6872028657446765
20197 11322591 -0.636514775757699 4.308150048901033 0.6400800000000001 -0.7657325092434721 -0.6872028657446765
20198 11322591 -0.5959404046258073 4.27478019176841 0.6400800000000001 -0.7657325092434721 -0.6872028657446765
20199 11322591 -0.5553660334939157 4.241410334635787 0.6400800000000001 -0.7657325092434721 -0.6872028657446765
20200 11322591 -0.5101065563653224 4.2142199013516795 0.6400800000000001 -0.7657325092434721 -0.6872028657446765
20201 11322591 -0.4719717751368373 4.181532086949816 0.6400800000000001 -0.7657325092434721 -0.6872028657446765
20202 11322591 -0.43137882353862433 4.148215936560438 0.6400800000000001 -0.7657325092434721 -0.6872028657446765
20203 11322591 -0.39078587194041137 4.114899786171059 0.6400800000000001 -0.7657325092434721 -0.6872028657446765
20204 11322591 -0.34958825182562836 4.083431063028652 0.6400800000000001 -0.7657325092434721 -0.6872028657446765
20205 11322591 -0.3105891062568007 4.053382796075126 0.6400800000000001 -0.7657325092434721 -0.6872028657446765
20206 11322591 -0.26839486515428723 4.020887913287945 0.6400800000000001 -0.7657325092434721 -0.6872028657446765
20207 11322591 -0.22620062405177377 3.9883930305007635 0.6400800000000001 -0.7657325092434721 -0.6872028657446765
20208 11322591 -0.1839144405386708 3.9569909774649092 0.6339840000000001 -0.7657325092434721 -0.6872028657446765
20209 11322591 -0.1416282570255678 3.925588924429055 0.6278880000000001 -0.7657325092434721 -0.6872028657446765
20210 11322591 -0.09934207351246482 3.894186871393201 0.621792 -0.7657325092434721 -0.6872028657446765
20211 11322591 -0.05705588999936184 3.8627848183573468 0.615696 -0.7657325092434721 -0.6872028657446765
20212 11322591 -0.01476970648625886 3.8313827653214925 0.6096 -0.7657325092434721 -0.6872028657446765
20213 11322591 0.03007981771808549 3.8029296089725144 0.6096 -0.7657325092434721 -0.6872028657446765
20214 11322591 0.07492934192242984 3.7744764526235364 0.6096 -0.7657325092434721 -0.6872028657446765
20215 11322591 0.11977886612677419 3.7460232962745583 0.6096 -0.7657325092434721 -0.6872028657446765
20216 11322591 0.16462839033111853 3.7175701399255803 0.6096 -0.7657325092434721 -0.6872028657446765
20217 11322591 0.21130786709192562 3.694711874395661 0.6096 -0.7657325092434721 -0.6872028657446765
20218 11322591 0.26135011074679293 3.665847308700082 0.6096 -0.7657325092434721 -0.6872028657446765
20219 11322591 0.3079955350438516 3.642884132246666 0.6096 -0.7657325092434721 -0.6872028657446765
20220 11322591 0.356460543540422 3.617340187540087 0.6096 -0.7657325092434721 -0.6872028657446765
20221 11322591 0.4034402469096741 3.5906467961607325 0.6096 -0.7657325092434721 -0.6872028657446765
20222 11322591 0.45041995027892623 3.5639534047813783 0.6096 -0.7657325092434721 -0.6872028657446765
20223 11322591 0.4995870965556467 3.5402841534871574 0.6096 -0.7657325092434721 -0.6872028657446765
20224 11322591 0.5473211518793961 3.516032533710531 0.6096 -0.7657325092434721 -0.6872028657446765
20225 11322591 0.5950552072031454 3.4917809139339044 0.6096 -0.7657325092434721 -0.6872028657446765
20226 11322591 0.6378467648628117 3.4651733340599424 0.6096 -0.7657325092434721 -0.6872028657446765
20227 11322591 0.683734839147153 3.4398904808071498 0.6096 -0.7657325092434721 -0.6872028657446765
20228 11322591 0.7293127294697372 3.4136580931993983 0.6096 -0.7657325092434721 -0.6872028657446765
20229 11322591 0.7748906197923213 3.3874257055916472 0.6096 -0.7657325092434721 -0.6872028657446765
20230 11322591 0.8207195570596436 3.3701079423554288 0.6096 -0.7657325092434721 -0.6872028657446765
20231 11322591 0.8666430515375814 3.344931831990697 0.6096 -0.7657325092434721 -0.6872028657446765
20232 11322591 0.9071933642050444 3.311464872855404 0.6096 -0.7657325092434721 -0.6872028657446765
20233 11322591 0.9524963534764872 3.284389343644257 0.6096 -0.7657325092434721 -0.6872028657446765
20234 11322591 0.9914691488958415 3.2542426704448197 0.6096 -0.7657325092434721 -0.6872028657446765
20235 11322591 1.0327104389434951 3.2228875172988616 0.6096 -0.7657325092434721 -0.6872028657446765
20236 11322591 1.0734345426899239 3.189949275810498 0.6096 -0.7657325092434721 -0.6872028657446765
20237 11322591 1.1094350469100283 3.155459344547578 0.59436 -0.7657325092434721 -0.6872028657446765
20238 11322591 1.1454355511301328 3.120969413284658 0.57912 -0.7657325092434721 -0.6872028657446765
20239 11322591 1.1814085357062578 3.081640441139858 0.57912 -0.7657325092434721 -0.6872028657446765
20240 11322591 1.212927280434816 3.0463377637706874 0.6096 -0.7657325092434721 -0.6872028657446765
20241 11322591 1.2426395899701488 3.0041485633360434 0.6096 -0.7657325092434721 -0.6872028657446765
20242 11322591 1.272352299668015 2.961959476724858 0.6096 -0.7657325092434721 -0.6872028657446765
20243 11322591 1.2982102735847567 2.9161235132357506 0.6096 -0.7657325092434721 -0.6872028657446765
20244 11322591 1.3176478071942488 2.868296975162915 0.6096 -0.7657325092434721 -0.6872028657446765
20245 11322591 1.3370853408037409 2.820470437090079 0.6096 -0.7657325092434721 -0.6872028657446765
20246 11322591 1.348662263856399 2.7689625619893343 0.6096 -0.7657325092434721 -0.6872028657446765
20247 11322591 1.360239186909057 2.717454686888589 0.6096 -0.7657325092434721 -0.6872028657446765
20248 11322591 1.3658980890798817 2.6679392633609167 0.6096 -0.7657325092434721 -0.6872028657446765
20249 11322591 1.3707069552777138 2.6163650994902485 0.6096 -0.7657325092434721 -0.6872028657446765
20250 11322591 1.370605860856081 2.5663370431102073 0.6096 -0.7657325092434721 -0.6872028657446765
20251 11322591 1.3705047664344479 2.516308986730166 0.6096 -0.7657325092434721 -0.6872028657446765
20252 11322591 1.3625231851136905 2.4663442691926964 0.6096 -0.7657325092434721 -0.6872028657446765
20253 11322591 1.3533930181670626 2.4139510018351444 0.6096 -0.7657325092434721 -0.6872028657446765
20254 11322591 1.339484459506928 2.3632360004721877 0.6096 -0.7657325092434721 -0.6872028657446765
20255 11322591 1.3255759008467933 2.312520999109231 0.6096 -0.7657325092434721 -0.6872028657446765
20256 11322591 1.3100541890971968 2.2650201852928182 0.6096 -0.7657325092434721 -0.6872028657446765
20257 11322591 1.2850707861550994 2.213017302598669 0.6096 -0.7657325092434721 -0.6872028657446765
20258 11322591 1.2651152763037543 2.1682504414485164 0.6096 -0.7657325092434721 -0.6872028657446765
20259 11322591 1.2451597664524092 2.1234835802983634 0.6096 -0.7657325092434721 -0.6872028657446765
20260 11322591 1.2177789866422413 2.0820777238583696 0.57912 -0.7657325092434721 -0.6872028657446765
20261 11322591 1.19288403555489 2.0390418016691596 0.57912 -0.7657325092434721 -0.6872028657446765
20262 11322591 1.167989084467539 1.99600587947995 0.57912 -0.7657325092434721 -0.6872028657446765
20263 11322591 1.1325161064400573 1.9445101133424774 0.6096 -0.7657325092434721 -0.6872028657446765
20264 11322591 1.1016910649091987 1.9045219788808077 0.6096 -0.7657325092434721 -0.6872028657446765
20265 11322591 1.0708660233783398 1.864533844419138 0.6096 -0.7657325092434721 -0.6872028657446765
20266 11322591 1.0381759414319323 1.8226434211417548 0.6096 -0.7657325092434721 -0.6872028657446765
20267 11322591 1.0019605678104628 1.7868118940050548 0.6096 -0.7657325092434721 -0.6872028657446765
20268 11322591 0.9626707990850553 1.749181235742816 0.6096 -0.7657325092434721 -0.6872028657446765
20269 11322591 0.9200971215960425 1.7183484840789254 0.6096 -0.7657325092434721 -0.6872028657446765
20270 11322591 0.8730442044194309 1.6911994579405227 0.6096 -0.7657325092434721 -0.6872028657446765
20271 11322591 0.8254990292373126 1.6652630623785707 0.59436 -0.7657325092434721 -0.6872028657446765
20272 11322591 0.7779538540551942 1.6393266668166186 0.57912 -0.7657325092434721 -0.6872028657446765
20273 11322591 0.7338667721184553 1.6212563144857433 0.57912 -0.7657325092434721 -0.6872028657446765
20274 11322591 0.683348432399094 1.603886214170634 0.57912 -0.7657325092434721 -0.6872028657446765
20275 11322591 0.6328300926797328 1.5865161138555248 0.57912 -0.7657325092434721 -0.6872028657446765
20276 11322591 0.5858436126548356 1.5704456145871557 0.57912 -0.7657325092434721 -0.6872028657446765
20277 11322591 0.5388571326299384 1.5543751153187866 0.57912 -0.7657325092434721 -0.6872028657446765
20278 11322591 0.4889975046123488 1.5430994696064928 0.57912 -0.7657325092434721 -0.6872028657446765
20279 11322591 0.44037545332405553 1.531536549239866 0.57912 -0.7657325092434721 -0.6872028657446765
20280 11322591 0.39175340203576225 1.5199736288732393 0.57912 -0.7657325092434721 -0.6872028657446765
20281 11322591 0.3449554781406243 1.5099178179611437 0.57912 -0.7657325092434721 -0.6872028657446765
20282 11322591 0.29696855543544154 1.5032885376793692 0.57912 -0.7657325092434721 -0.6872028657446765
20283 11322591 0.24939636398283815 1.4987437715052983 0.57912 -0.7657325092434721 -0.6872028657446765
20284 11322591 0.1994517414313508 1.4950916330254105 0.57912 -0.7657325092434721 -0.6872028657446765
20285 11322591 0.15518235611884534 1.491687576864987 0.57912 -0.7657325092434721 -0.6872028657446765
20286 11322591 0.10818941017540357 1.4932633934419894 0.57912 -0.7657325092434721 -0.6872028657446765
20287 11322591 0.06119646423196179 1.4948392100189916 0.57912 -0.7657325092434721 -0.6872028657446765
20288 11322591 0.011930307615201086 1.4935367759752245 0.57912 -0.7657325092434721 -0.6872028657446765
20289 11322591 -0.03427351229694353 1.4934533396091052 0.57912 -0.7657325092434721 -0.6872028657446765
20290 11322591 -0.07720791167662178 1.4952221545518098 0.57912 -0.7657325092434721 -0.6872028657446765
20291 11322591 -0.11982752866675983 1.496596333600348 0.57912 -0.7657325092434721 -0.6872028657446765
20292 11322591 -0.16244714565689788 1.4979705126488863 0.57912 -0.7657325092434721 -0.6872028657446765
20293 11322591 -0.20545072363799033 1.4995290013472269 0.57912 -0.7657325092434721 -0.6872028657446765
20294 11322591 -0.2453918605673473 1.5023063168459763 0.57912 -0.7657325092434721 -0.6872028657446765
20295 11322591 -0.2883955365297788 1.5038653092256138 0.57912 -0.7657325092434721 -0.6872028657446765
20296 11322591 -0.3329777872034567 1.5087447255952062 0.57912 -0.7657325092434721 -0.6872028657446765
20297 11322591 -0.3774005135188261 1.512754408806521 0.57912 -0.7657325092434721 -0.6872028657446765
20298 11322591 -0.4199341693974279 1.5143941428652552 0.54864 -0.7657325092434721 -0.6872028657446765
20299 11322591 -0.4638135775908182 1.5173505523873985 0.54864 -0.7657325092434721 -0.6872028657446765
20300 11322591 -0.5076929857842085 1.5203069619095415 0.54864 -0.7657325092434721 -0.6872028657446765
20301 11322591 -0.5522753914626646 1.525187761551485 0.54864 -0.7657325092434721 -0.6872028657446765
20302 11322591 -0.5953610535201883 1.5305726322300965 0.54864 -0.7657325092434721 -0.6872028657446765
20303 11322591 -0.638446715577712 1.535957502908708 0.54864 -0.7657325092434721 -0.6872028657446765
20304 11322591 -0.6811877233421262 1.5369655099389896 0.54864 -0.7657325092434721 -0.6872028657446765
20305 11322591 -0.7229968322187712 1.5408236026824633 0.54864 -0.7657325092434721 -0.6872028657446765
20306 11322591 -0.7677001909957649 1.545336480855573 0.54864 -0.7657325092434721 -0.6872028657446765
20307 11322591 -0.8124035497727586 1.5498493590286826 0.54864 -1.5314650184869443 -1.374405731489353
20308 11322591 -0.8562487678013945 1.5529137522130372 0.54864 -1.5314650184869443 -1.374405731489353
20309 11322591 -0.9000939858300303 1.5559781453973918 0.54864 -1.5314650184869443 -1.374405731489353
20310 11322591 -0.9402904259806026 1.5566227769441456 0.54864 -1.5314650184869443 -1.374405731489353
20311 11322591 -0.9828937009731396 1.5580547978828563 0.54864 -1.5314650184869443 -1.374405731489353
20312 11322591 -1.025190491816685 1.5617821276096242 0.54864 -1.5314650184869443 -1.374405731489353
20313 11322591 -1.0674872826602302 1.5655094573363921 0.54864 -1.5314650184869443 -1.374405731489353
20314 11322591 -1.1080160052165826 1.5664973343220185 0.54864 -1.5314650184869443 -1.374405731489353
20315 11322591 -1.1518146287753204 1.5656339812320506 0.5181600000000001 -1.5314650184869443 -1.374405731489353
20316 11322591 -1.1914129780931983 1.5586065897946064 0.5181600000000001 -1.5314650184869443 -1.374405731489353
20317 11322591 -1.234324061198276 1.5523124392207421 0.5181600000000001 -1.5314650184869443 -1.374405731489353
20318 11322591 -1.273664584519685 1.5406443402368375 0.5181600000000001 -1.5314650184869443 -1.374405731489353
20319 11322591 -1.313639876919935 1.5256788452401382 0.5181600000000001 -1.5314650184869443 -1.374405731489353
20320 11322591 -1.3484664772333137 1.5020189200521135 0.5181600000000001 -1.5314650184869443 -1.374405731489353
20321 11322591 -1.3875941087959536 1.477429278021868 0.5181600000000001 -1.5314650184869443 -1.374405731489353
20322 11322591 -1.4267217403585934 1.4528396359916227 0.5181600000000001 -1.5314650184869443 -1.374405731489353
20323 11322591 -1.4494346059664098 1.4252173657222464 0.5181600000000001 -1.5314650184869443 -1.374405731489353
20324 11322591 -1.477062666741783 1.391257845403879 0.5181600000000001 -1.5314650184869443 -1.374405731489353
20325 11322591 -1.4972652172493166 1.35393457865425 0.5181600000000001 -1.5314650184869443 -1.374405731489353
20326 11322591 -1.5174677677568502 1.3166113119046208 0.5181600000000001 -1.5314650184869443 -1.374405731489353
20327 11322591 -1.5341241767134555 1.281983763044755 0.5181600000000001 -1.5314650184869443 -1.374405731489353
20328 11322591 -1.548867110354654 1.2369156713213647 0.5181600000000001 -1.5314650184869443 -1.374405731489353
20329 11322591 -1.5622462348000432 1.1960166461826411 0.5181600000000001 -1.5314650184869443 -1.374405731489353
20330 11322591 -1.5756253592454323 1.1551176210439176 0.5181600000000001 -1.5314650184869443 -1.374405731489353
20331 11322591 -1.585786158851906 1.115911556451414 0.5181600000000001 -1.5314650184869443 -1.374405731489353
20332 11322591 -1.5959469584583796 1.0767054918589103 0.5181600000000001 -1.5314650184869443 -1.374405731489353
20333 11322591 -1.6044948714670586 1.0342844890835896 0.5181600000000001 -1.5314650184869443 -1.374405731489353
20334 11322591 -1.6114199789769768 0.9968241317397561 0.48768 -1.5314650184869443 -1.374405731489353
20335 11322591 -1.6209246522593432 0.9596234138153659 0.48768 -1.5314650184869443 -1.374405731489353
20336 11322591 -1.6269963609962017 0.9166260879353336 0.48768 -1.5314650184869443 -1.374405731489353
20337 11322591 -1.635489493472477 0.881431287262005 0.48768 -1.5314650184869443 -1.374405731489353
20338 11322591 -1.6435598259085125 0.840197754615796 0.48768 -1.5314650184869443 -1.374405731489353
20339 11322591 -1.6516301583445478 0.798964221969587 0.48768 -1.5314650184869443 -1.374405731489353
20340 11322591 -1.6583721269178195 0.7609766310061821 0.48768 -1.5314650184869443 -1.374405731489353
20341 11322591 -1.662993352551261 0.7224121584050802 0.47244 -1.5314650184869443 -1.374405731489353
20342 11322591 -1.6676145781847025 0.6838476858039784 0.45720000000000005 -1.5314650184869443 -1.374405731489353
20343 11322591 -1.6736512449763115 0.6409558013880339 0.45720000000000005 -1.5314650184869443 -1.374405731489353
20344 11322591 -1.6783413237566116 0.6021801985060631 0.45720000000000005 -1.5314650184869443 -1.374405731489353
20345 11322591 -1.6820825130134958 0.5608742607544475 0.45720000000000005 -1.5314650184869443 -1.374405731489353
20346 11322591 -1.68582370227038 0.5195683230028318 0.45720000000000005 -1.5314650184869443 -1.374405731489353
20347 11322591 -1.6936802306275511 0.4792580600042987 0.45720000000000005 -1.5314650184869443 -1.374405731489353
20348 11322591 -1.6983009362588295 0.4406934879018447 0.45720000000000005 -1.5314650184869443 -1.374405731489353
20349 11322591 -1.6983734537132453 0.4032700796952672 0.45720000000000005 -1.5314650184869443 -1.374405731489353
20350 11322591 -1.6984459711676612 0.36584667148868966 0.45720000000000005 -1.5314650184869443 -1.374405731489353
20351 11322591 -1.6971145970729313 0.32755513696347427 0.45720000000000005 -1.5314650184869443 -1.374405731489353
20352 11322591 -1.6913810598375332 0.2880573508856732 0.45720000000000005 -1.5314650184869443 -1.374405731489353
20353 11322591 -1.6820793826205993 0.24996294274672623 0.45720000000000005 -1.5314650184869443 -1.374405731489353
20354 11322591 -1.66314854814258 0.20871894867161486 0.45720000000000005 -1.5314650184869443 -1.374405731489353
20355 11322591 -1.641838996786498 0.181535595751918 0.45720000000000005 -1.5314650184869443 -1.374405731489353
20356 11322591 -1.6195113180094254 0.15203308466121532 0.45720000000000005 -1.5314650184869443 -1.374405731489353
20357 11322591 -1.5902891436924473 0.12459868380129499 0.42672000000000004 -1.5314650184869443 -1.374405731489353
20358 11322591 -1.5584756329551948 0.10169158125653407 0.42672000000000004 -1.5314650184869443 -1.374405731489353
20359 11322591 -1.5266621222179422 0.07878447871177316 0.42672000000000004 -1.5314650184869443 -1.374405731489353
20360 11322591 -1.4954586293283352 0.05876446502396834 0.42672000000000004 -1.5314650184869443 -1.374405731489353
20361 11322591 -1.4593407032172498 0.0442645512543324 0.42672000000000004 -1.5314650184869443 -1.374405731489353
20362 11322591 -1.4232227771061645 0.02976463748469646 0.42672000000000004 -1.5314650184869443 -1.374405731489353
20363 11322591 -1.3850940875527655 0.018696858008935807 0.41148000000000007 -1.5314650184869443 -1.374405731489353
20364 11322591 -1.3469653979993665 0.007629078533175154 0.39624000000000004 -1.5314650184869443 -1.374405731489353
20365 11322591 -1.3110453584926052 0.0006722150327223841 0.39624000000000004 -1.5314650184869443 -1.374405731489353
20366 11322591 -1.2733756997533532 -0.0002552580497384993 0.39624000000000004 -1.5314650184869443 -1.374405731489353
20367 11322591 -1.2357060410141012 -0.0011827311321993828 0.39624000000000004 -1.5314650184869443 -1.374405731489353
20368 11322591 -1.1955018406747449 -0.0018288201011550653 0.39624000000000004 -1.5314650184869443 -1.374405731489353
20369 11322591 -1.1573037897467404 -0.0018186635464218226 0.39624000000000004 -1.5314650184869443 -1.374405731489353
20370 11322591 -1.1225052850414745 0.004093641762029171 0.39624000000000004 -1.5314650184869443 -1.374405731489353
20371 11322591 -1.0862384567890293 -0.0001714515213166179 0.39624000000000004 -1.5314650184869443 -1.374405731489353
20372 11322591 -1.0506256556286984 0.0006262706431528764 0.381 -1.5314650184869443 -1.374405731489353
20373 11322591 -1.0150128544683674 0.0014239928076223707 0.36576 -1.5314650184869443 -1.374405731489353
20374 11322591 -0.9771127865044451 0.0018830645546247526 0.36576 -1.5314650184869443 -1.374405731489353
20375 11322591 -0.9392127185405228 0.0023421363016271346 0.36576 -1.5314650184869443 -1.374405731489353
20376 11322591 -0.9043822699984573 0.0008843777422293531 0.36576 -1.5314650184869443 -1.374405731489353
20377 11322591 -0.8695518214563918 -0.0005733808171684285 0.36576 -1.5314650184869443 -1.374405731489353
20378 11322591 -0.8317554666267191 -0.00043028563884381366 0.36576 -1.5314650184869443 -1.374405731489353
20379 11322591 -0.7976133291390439 0.0034781422364087156 0.36576 -1.5314650184869443 -1.374405731489353
20380 11322591 -0.7636971405962254 -0.0003673251372021402 0.36576 -1.5314650184869443 -1.374405731489353
20381 11322591 -0.7266713855187057 -0.002308453923781567 0.36576 -1.5314650184869443 -1.374405731489353
20382 11322591 -0.6939443202045128 -0.002727125564637861 0.33528 -1.5314650184869443 -1.374405731489353
20383 11322591 -0.6601560575152968 -0.0026162804681446883 0.33528 -1.5314650184869443 -1.374405731489353
20384 11322591 -0.6263677948260808 -0.0025054353716515154 0.33528 -1.5314650184869443 -1.374405731489353
20385 11322591 -0.5930196989210539 -0.0010237127612462704 0.33528 -1.5314650184869443 -1.374405731489353
20386 11322591 -0.5607052444913281 -0.0010732609022088557 0.33528 -1.5314650184869443 -1.374405731489353
20387 11322591 -0.5285064010160396 -0.0020195454338172436 0.33528 -1.5314650184869443 -1.374405731489353
20388 11322591 -0.5032236295001244 -0.0014348553762352084 0.33528 -1.5314650184869443 -1.374405731489353
20389 11322591 -0.47794085798420916 -0.0008501653186531732 0.33528 -1.5314650184869443 -1.374405731489353
20390 11322591 -0.4357651628192563 0.0016895549711786056 0.33528 -1.5314650184869443 -1.374405731489353
20391 11322591 -0.39358946765430347 0.0042292752610103845 0.33528 -1.5314650184869443 -1.374405731489353
20392 11322591 -0.3606886876682578 0.0059750317903631 0.33528 -1.5314650184869443 -1.374405731489353
20393 11322591 -0.32861127348730335 0.004251509601393588 0.33528 -1.5314650184869443 -1.374405731489353
20394 11322591 -0.2965338593063489 0.0025279874124240764 0.33528 -1.5314650184869443 -1.374405731489353
20395 11322591 -0.2627593811457489 0.006675687109162581 0.3048 -1.5314650184869443 -1.374405731489353
20396 11322591 -0.2252872881479182 0.0044742397588570515 0.3048 -1.5314650184869443 -1.374405731489353
20397 11322591 -0.19238675269911698 0.006220775208872126 0.3048 -1.5314650184869443 -1.374405731489353
20398 11322591 -0.1609128973246836 0.0030595342629450017 0.3048 -1.5314650184869443 -1.374405731489353
20399 11322591 -0.12894557051435562 0.00032128665234185116 0.3048 -1.5314650184869443 -1.374405731489353
20400 11322591 -0.09626262942107855 0.002489845008621344 0.3048 -1.5314650184869443 -1.374405731489353
20401 11322591 -0.06367433755153362 0.0016518635028270057 0.3048 -1.5314650184869443 -1.374405731489353
20402 11322591 -0.03313559382967901 0.0040542019007354935 0.3048 -1.5314650184869443 -1.374405731489353
20403 11322591 -0.001485913063119071 0.0051005470122519325 0.3048 -1.5314650184869443 -1.374405731489353
20404 11322591 0.03016376770344087 0.006146892123768372 0.3048 -1.5314650184869443 -1.374405731489353
20405 11322591 0.05716934412598618 0.007250924658791291 0.3048 -1.5314650184869443 -1.374405731489353
20406 11322591 0.08708309348072024 0.0036660422607827786 0.3048 -1.5314650184869443 -1.374405731489353
20407 11322591 0.1169968428354543 8.115986277426601e-05 0.3048 -1.5314650184869443 -1.374405731489353
20408 11322591 0.14391539082384053 0.006354463139978672 0.3048 -1.5314650184869443 -1.374405731489353
20409 11322591 0.17023087591488806 0.0053478245480399755 0.3048 -1.5314650184869443 -1.374405731489353
20410 11322591 0.197108036985903 0.004157757701269096 0.3048 -1.5314650184869443 -1.374405731489353
20411 11322591 0.22398519805691797 0.0029676908544982172 0.3048 -1.5314650184869443 -1.374405731489353
20412 11322591 0.2468224124659225 -0.0021592564388858426 0.3048 -1.5314650184869443 -1.374405731489353
20413 11322591 0.269875555906284 0.003157956785344196 0.3048 -1.5314650184869443 -1.374405731489353
20414 11322591 0.2916912856988422 0.0033302597222418656 0.3048 -1.5314650184869443 -1.374405731489353
20415 11322591 0.31350701549140036 0.0035025626591395354 0.3048 -1.5314650184869443 -1.374405731489353
20416 11322591 0.3362023586512415 0.006366641863274541 0.3048 -1.5314650184869443 -1.374405731489353
20417 11322591 0.359718187855649 0.0035885134601534863 0.3048 -1.5314650184869443 -1.374405731489353
20418 11322591 0.37399693768999687 0.006516155070691199 0.3048 -1.5314650184869443 -1.374405731489353
20419 11322591 0.3934914980410288 0.007739352089522644 0.3048 -1.5314650184869443 -1.374405731489353
20420 11322591 0.41298605839206076 0.00896254910835409 0.3048 -1.5314650184869443 -1.374405731489353
20421 11322591 0.4312170090919685 0.0076780307548248855 0.3048 -1.5314650184869443 -1.374405731489353
20422 11322591 0.44754533933549023 0.007365807759885691 0.3048 -1.5314650184869443 -1.374405731489353
20423 11322591 0.463873669579012 0.007053584764946497 0.3048 -1.5314650184869443 -1.374405731489353
20424 11322591 0.47667930527456454 0.006198604207987897 0.3048 -1.5314650184869443 -1.374405731489353
20425 11322591 0.4894849409701171 0.005343623651029296 0.3048 -1.5314650184869443 -1.374405731489353
20426 11322591 0.5022905766656696 0.004488643094070696 0.3048 -1.5314650184869443 -1.374405731489353
20427 11322591 0.5150962123612222 0.003633662537112096 0.3048 -1.5314650184869443 -1.374405731489353
20428 11322591 0.5279018480567748 0.0027786819801534956 0.3048 -1.5314650184869443 -1.374405731489353
20429 11322591 0.5407074837523272 0.0019237014231948957 0.3048 -1.5314650184869443 -1.374405731489353
20430 11322591 0.5480899076289834 -0.0004886600829537013 0.3048 -1.5314650184869443 -1.374405731489353
20431 11322591 0.5548121761273055 0.0026887971225141305 0.3048 -1.5314650184869443 -1.374405731489353
20432 11322591 0.5578748498235995 0.003907742712618872 0.3048 -1.5314650184869443 -1.374405731489353
20433 11322591 0.5618824822828634 0.003941696890418539 0.3048 -1.5314650184869443 -1.374405731489353
20434 11322591 0.5658901147421274 0.003975651068218206 0.3048 -1.5314650184869443 -1.374405731489353
20435 11322591 0.5660055777433771 0.00404942931306936 0.3048 -1.5314650184869443 -1.374405731489353
20436 11322591 0.566121040744627 0.004123207557920515 0.3048 -1.5314650184869443 -1.374405731489353
20437 11322591 0.5662365037458768 0.004196985802771669 0.3048 -1.5314650184869443 -1.374405731489353
20438 11322591 0.5663519667471265 0.004270764047622823 0.3048 -1.5314650184869443 -1.374405731489353
20439 11322591 0.5664674297483764 0.004344542292473977 0.3048 -1.5314650184869443 -1.374405731489353
20440 11322591 0.5665828927496261 0.004418320537325132 0.3048 -1.5314650184869443 -1.374405731489353
20441 11322591 0.5666983557508759 0.004492098782176286 0.3048 -1.5314650184869443 -1.374405731489353
20442 11322591 0.5668138187521257 0.0045658770270274405 0.3048 -1.5314650184869443 -1.374405731489353
20443 11322591 0.5669292817533755 0.004639655271878595 0.3048 -1.5314650184869443 -1.374405731489353
20444 11322591 0.5670447447546253 0.00471343351672975 0.3048 -1.5314650184869443 -1.374405731489353
20445 11322591 0.5671602077558751 0.004787211761580904 0.3048 -1.5314650184869443 -1.374405731489353
20446 11322591 0.5672756707571249 0.004860990006432058 0.3048 -1.5314650184869443 -1.374405731489353
20447 11322591 0.5673911337583747 0.004934768251283212 0.3048 -1.5314650184869443 -1.374405731489353
20448 11322591 0.5675065967596244 0.005008546496134367 0.3048 -1.5314650184869443 -1.374405731489353
20449 11322591 0.5676220597608743 0.005082324740985521 0.3048 -1.5314650184869443 -1.374405731489353
20450 11322591 0.5677375227621241 0.005156102985836675 0.3048 -1.5314650184869443 -1.374405731489353
20451 11322591 0.5678529857633738 0.00522988123068783 0.3048 -1.5314650184869443 -1.374405731489353
20452 11322591 0.5679684487646237 0.0053036594755389846 0.3048 -1.5314650184869443 -1.374405731489353
20453 11322591 0.5680839117658735 0.005377437720390139 0.3048 -1.5314650184869443 -1.374405731489353
20454 11322591 0.5681993747671232 0.005451215965241293 0.3048 -1.5314650184869443 -1.374405731489353
20454 10603290 -4.123108932350439 -0.001607463125959191 0.4953 -1.5314650184869443 -1.374405731489353
20455 11322591 0.5683148377683731 0.005524994210092447 0.3048 -1.5314650184869443 -1.374405731489353
20455 10603290 -4.075846803638399 -0.001891794783061368 0.4953 -1.5314650184869443 -1.374405731489353
20456 11322591 0.5684303007696229 0.005598772454943602 0.3048 -1.5314650184869443 -1.374405731489353
20456 10603290 -4.02858467492636 -0.002176126440163545 0.4953 -1.5314650184869443 -1.374405731489353
20457 10603290 -3.945983653666959 0.0004590237401468078 0.4953 -1.5314650184869443 -1.374405731489353
20457 11322591 0.5685457637708726 0.005672550699794756 0.3048 -1.5314650184869443 -1.374405731489353
20458 11322591 0.5686612267721224 0.00574632894464591 0.3048 -1.5314650184869443 -1.374405731489353
20458 10603290 -3.9049005742538494 0.002198657431774137 0.4953 -1.5314650184869443 -1.374405731489353
20459 11322591 0.5687766897733723 0.005820107189497065 0.3048 -1.5314650184869443 -1.374405731489353
20459 10603290 -3.853291101963034 0.0027123384611785484 0.48768 -1.5314650184869443 -1.374405731489353
20460 11322591 0.568892152774622 0.0058938854343482195 0.3048 -1.5314650184869443 -1.374405731489353
20460 10603290 -3.793218204240941 0.0030262195317150853 0.48768 -1.5314650184869443 -1.374405731489353
20461 11322591 0.5690076157758718 0.005967663679199374 0.3048 -1.5314650184869443 -1.374405731489353
20461 10603290 -3.7593395843180586 0.0033861590485869397 0.48768 -1.5314650184869443 -1.374405731489353
20462 11322591 0.5691230787771216 0.006041441924050529 0.3048 -1.5314650184869443 -1.374405731489353
20462 10603290 -3.725460964395176 0.003746098565458794 0.48768 -1.5314650184869443 -1.374405731489353
20463 11322591 0.5692385417783714 0.006115220168901682 0.3048 -1.5314650184869443 -1.374405731489353
20463 10603290 -3.660214869830245 0.004938086679055015 0.48768 -1.5314650184869443 -1.374405731489353
20464 11322591 0.5693540047796212 0.006188998413752837 0.3048 -1.5314650184869443 -1.374405731489353
20464 10603290 -3.6116930545110204 0.003893495469922875 0.48768 -1.5314650184869443 -1.374405731489353
20465 11322591 0.569469467780871 0.006262776658603991 0.3048 -1.5314650184869443 -1.374405731489353
20465 10603290 -3.5606603596939994 0.002377807814044036 0.48006 -1.5314650184869443 -1.374405731489353
20466 11322591 0.5695849307821208 0.006336554903455145 0.3048 -1.5314650184869443 -1.374405731489353
20466 10603290 -3.4901988435173736 0.0018639329454291642 0.47243999999999997 -1.5314650184869443 -1.374405731489353
20467 10603290 -3.4604152237663657 0.001929704825430617 0.47243999999999997 -1.5314650184869443 -1.374405731489353
20467 11322591 0.5697003937833706 0.0064103331483063 0.3048 -1.5314650184869443 -1.374405731489353
20468 10603290 -3.4085882160693624 0.0028425059147448584 0.47243999999999997 -1.5314650184869443 -1.374405731489353
20468 11322591 0.5698158567846204 0.006484111393157454 0.3048 -1.5314650184869443 -1.374405731489353
20469 11322591 0.5699313197858702 0.0065578896380086085 0.3048 -1.5314650184869443 -1.374405731489353
20469 10603290 -3.33590366876732 0.00125182060690196 0.46482000000000007 -1.5314650184869443 -1.374405731489353
20470 10603290 -3.2978630491680017 0.0013030928337872394 0.46101000000000003 -1.5314650184869443 -1.374405731489353
20470 11322591 0.57004678278712 0.0066316678828597635 0.3048 -1.5314650184869443 -1.374405731489353
20471 11322591 0.5701622457883698 0.006705446127710918 0.3048 -1.5314650184869443 -1.374405731489353
20471 10603290 -3.2598224295686835 0.0013543650606725188 0.45720000000000005 -1.5314650184869443 -1.374405731489353
20472 11322591 0.5702777087896196 0.006779224372562072 0.3048 -1.5314650184869443 -1.374405731489353
20472 10603290 -3.173432455130703 0.0006542215765111548 0.44958000000000004 -1.5314650184869443 -1.374405731489353
20473 10603290 -3.136635845831292 0.0011134383926748315 0.44577 -1.5314650184869443 -1.374405731489353
20473 11322591 0.5703931717908693 0.006853002617413227 0.3048 -1.5314650184869443 -1.374405731489353
20474 11322591 0.5705086347921191 0.00692678086226438 0.3048 -1.5314650184869443 -1.374405731489353
20474 10603290 -3.0998392365318814 0.0015726552088385082 0.44196 -1.5314650184869443 -1.374405731489353
20475 10603290 -3.032083822978467 0.0022991493742355595 0.44196 -1.5314650184869443 -1.374405731489353
20475 11322591 0.570624097793369 0.007000559107115535 0.3048 -1.5314650184869443 -1.374405731489353
20476 11322591 0.5707395607946187 0.007074337351966689 0.3048 -1.5314650184869443 -1.374405731489353
20476 10603290 -2.978023095029868 0.0018995255827332913 0.43434000000000006 -1.5314650184869443 -1.374405731489353
20477 11322591 0.5708550237958685 0.0071481155968178434 0.3048 -1.5314650184869443 -1.374405731489353
20477 10603290 -2.9023127128547435 -0.00020996626988858957 0.43434000000000006 -1.5314650184869443 -1.374405731489353
20478 11322591 0.5709704867971184 0.0072218938416689984 0.3048 -1.5314650184869443 -1.374405731489353
20478 10603290 -2.8458449161274233 -0.001396400640651635 0.43434000000000006 -1.5314650184869443 -1.374405731489353
20479 11322591 0.5710859497983681 0.007295672086520153 0.3048 -1.5314650184869443 -1.374405731489353
20479 10603290 -2.8243068655009225 -0.0007330090868426231 0.43434000000000006 -1.5314650184869443 -1.374405731489353
20480 11322591 0.5712014127996179 0.007369450331371307 0.3048 -1.5314650184869443 -1.374405731489353
20480 10603290 -2.749356686740388 -0.005162786356854104 0.43434000000000006 -1.5314650184869443 -1.374405731489353
20481 10603290 -2.6959526751299068 -0.007565560270661603 0.43434000000000006 -1.5314650184869443 -1.374405731489353
20481 11322591 0.5713168758008678 0.007443228576222462 0.3048 -1.5314650184869443 -1.374405731489353
20482 10603290 -2.653701666551328 -0.010115725214386334 0.4305300000000001 -1.5314650184869443 -1.374405731489353
20482 11322591 0.5714323388021175 0.007517006821073616 0.3048 -1.5314650184869443 -1.374405731489353
20483 10603290 -2.6114506579727497 -0.012665890158111065 0.42672000000000004 -1.5314650184869443 -1.374405731489353
20483 11322591 0.5715478018033673 0.00759078506592477 0.3048 -1.5314650184869443 -1.374405731489353
20484 10603290 -2.5528482873137706 -0.016826835682591107 0.42291 -1.5314650184869443 -1.374405731489353
20484 11322591 0.5716632648046172 0.007664563310775925 0.3048 -1.5314650184869443 -1.374405731489353
20485 11322591 0.5717787278058669 0.007738341555627078 0.3048 -1.5314650184869443 -1.374405731489353
20485 10603290 -2.4942459166547915 -0.02098778120707115 0.41910000000000003 -1.5314650184869443 -1.374405731489353
20486 11322591 0.5718941908071167 0.007812119800478233 0.3048 -1.5314650184869443 -1.374405731489353
20486 10603290 -2.4478783058356792 -0.02371528800059239 0.41910000000000003 -1.5314650184869443 -1.374405731489353
20487 10603290 -2.401510695016567 -0.026442794794113628 0.41910000000000003 -1.5314650184869443 -1.374405731489353
20487 11322591 0.5720096538083664 0.007885898045329388 0.3048 -1.5314650184869443 -1.374405731489353
20488 11322591 0.5721251168096163 0.007959676290180542 0.3048 -1.5314650184869443 -1.374405731489353
20488 10603290 -2.34799237861736 -0.02876365607009948 0.41148 -1.5314650184869443 -1.374405731489353
20489 11322591 0.5722405798108661 0.008033454535031697 0.3048 -1.5314650184869443 -1.374405731489353
20489 10603290 -2.2828771525845877 -0.028627013693429987 0.40386 -1.5314650184869443 -1.374405731489353
20490 10603290 -2.217761926551815 -0.028490371316760493 0.39624000000000004 -1.5314650184869443 -1.374405731489353
20490 11322591 0.5723560428121158 0.008107232779882852 0.3048 -1.5314650184869443 -1.374405731489353
20491 10603290 -2.1604320780210493 -0.027032733651534052 0.39624000000000004 -1.5314650184869443 -1.374405731489353
20491 11322591 0.5724715058133657 0.008181011024734005 0.3048 -1.5314650184869443 -1.374405731489353
20492 11322591 0.5725869688146155 0.008254789269585158 0.3048 -1.5314650184869443 -1.374405731489353
20492 10603290 -2.12787585622228 -0.02798573877976332 0.38862 -1.5314650184869443 -1.374405731489353
20493 11322591 0.5727024318158652 0.008328567514436315 0.3048 -1.5314650184869443 -1.374405731489353
20493 10603290 -2.0514851782737473 -0.025285195861273674 0.38862 -1.5314650184869443 -1.374405731489353
20494 11322591 0.5728178948171151 0.008402345759287468 0.3048 -1.5314650184869443 -1.374405731489353
20494 10603290 -2.005269692938226 -0.02521463485957523 0.381 -1.5314650184869443 -1.374405731489353
20495 10603290 -1.9673055306447331 -0.025248651193534727 0.381 -1.5314650184869443 -1.374405731489353
20496 10603290 -1.92934136835124 -0.025282667527494224 0.381 -1.5314650184869443 -1.374405731489353
20497 10603290 -1.8525156048527982 -0.022605688331970214 0.381 -1.5314650184869443 -1.374405731489353
20498 10603290 -1.795290222679397 -0.021461743842701192 0.381 -1.5314650184869443 -1.374405731489353
20499 10603290 -1.7307739731986203 -0.022468501873851993 0.37338 -1.5314650184869443 -1.374405731489353
20500 10603290 -1.6650626239753643 -0.021178325112920754 0.37338 -1.5314650184869443 -1.374405731489353
20501 10603290 -1.5995240668456006 -0.02041527717364136 0.36576 -1.5314650184869443 -1.374405731489353
20502 10603290 -1.5593062566187226 -0.019665490745754466 0.36576 -1.5314650184869443 -1.374405731489353
20503 10603290 -1.5190884463918444 -0.01891570431786757 0.36576 -1.5314650184869443 -1.374405731489353
20504 10603290 -1.4713120323000919 -0.016782117614939 0.36576 -1.5314650184869443 -1.374405731489353
20505 10603290 -1.418043796360324 -0.015509419692699117 0.36195 -1.5314650184869443 -1.374405731489353
20506 10603290 -1.3647755604205563 -0.014236721770459232 0.35814000000000007 -1.5314650184869443 -1.374405731489353
20507 10603290 -1.3012524534444034 -0.010124804226415735 0.35814000000000007 -1.5314650184869443 -1.374405731489353
20508 10603290 -1.228082882519886 -0.003675680097631223 0.35814000000000007 -1.5314650184869443 -1.374405731489353
20509 10603290 -1.1919685017793877 -0.0005306379094240088 0.35433000000000003 -1.5314650184869443 -1.374405731489353
20510 10603290 -1.1558541210388895 0.0026144042787832056 0.35052000000000005 -1.5314650184869443 -1.374405731489353
20511 10603290 -1.0953948315385167 0.005509942608800528 0.35814000000000007 -1.5314650184869443 -1.374405731489353
20512 10603290 -1.03507377754567 0.007983795385464093 0.35814000000000007 -1.5314650184869443 -1.374405731489353
20513 10603290 -0.9960821849160681 0.010422462370867719 0.35814000000000007 -1.5314650184869443 -1.374405731489353
20514 10603290 -0.93558885455852 0.01342490792103132 0.36576 -1.5314650184869443 -1.374405731489353
20515 10603290 -0.9077797538636982 0.01426289077008766 0.36576 -1.5314650184869443 -1.374405731489353
20516 10603290 -0.8321180951916918 0.014759972525703408 0.36576 -1.5314650184869443 -1.374405731489353
20517 10603290 -0.8019363216938415 0.01470570901055937 0.36576 -1.5314650184869443 -1.374405731489353
20518 10603290 -0.7533159398788862 0.013997313127140837 0.36576 -1.5314650184869443 -1.374405731489353
20519 10603290 -0.7103083708451362 0.01378085506913776 0.36956999999999995 -1.5314650184869443 -1.374405731489353
20520 10603290 -0.6673008018113862 0.013564397011134682 0.37338 -1.5314650184869443 -1.374405731489353
20521 10603290 -0.6211224668690285 0.013538409907395549 0.37338 -1.5314650184869443 -1.374405731489353
20522 10603290 -0.5539387185014719 0.011201925903844695 0.37338 -1.5314650184869443 -1.374405731489353
20523 10603290 -0.5247796002314631 0.009380076064687742 0.37338 -1.5314650184869443 -1.374405731489353
20524 10603290 -0.4487177999858092 0.00975007725092883 0.37338 -1.5314650184869443 -1.374405731489353
20525 10603290 -0.42210410416799027 0.008293420046781103 0.381 -1.5314650184869443 -1.374405731489353
20526 10603290 -0.37831626604785773 0.009108894844786941 0.381 -1.5314650184869443 -1.374405731489353
20527 10603290 -0.3345284279277252 0.00992436964279278 0.381 -1.5314650184869443 -1.374405731489353
20528 10603290 -0.258971918033722 0.010110901518433052 0.381 -1.5314650184869443 -1.374405731489353
20529 10603290 -0.21989942485169467 0.008729995166509269 0.38481 -1.5314650184869443 -1.374405731489353
20530 10603290 -0.18082693166966735 0.007349088814585486 0.38862 -1.5314650184869443 -1.374405731489353
20531 10603290 -0.12433013118383751 0.0062898634995672 0.39624000000000004 -1.5314650184869443 -1.374405731489353
20532 10603290 -0.0865521632388841 0.006384248486235811 0.40005 -1.5314650184869443 -1.374405731489353
20533 10603290 -0.04877419529393068 0.0064786334729044215 0.40386 -1.5314650184869443 -1.374405731489353
20534 10603290 -0.00015509133333457825 0.005775399220141586 0.40386 -1.5314650184869443 -1.374405731489353
20535 10603290 0.06508126351105903 0.007001603577144383 0.41148 -1.5314650184869443 -1.374405731489353
20536 10603290 0.11370016423445384 0.006299149320782571 0.41148 -1.5314650184869443 -1.374405731489353
20537 10603290 0.17102432977451365 0.007775593453804103 0.41910000000000003 -1.5314650184869443 -1.374405731489353
20538 10603290 0.20488493000032393 0.006756652767595475 0.41910000000000003 -1.5314650184869443 -1.374405731489353
20539 10603290 0.2387455302261342 0.005737712081386848 0.41910000000000003 -1.5314650184869443 -1.374405731489353
20540 10603290 0.3159143268055862 0.0027158444919248292 0.42672000000000004 -1.5314650184869443 -1.374405731489353
20541 10603290 0.3645328106963692 0.002015109552992972 0.42672000000000004 -1.5314650184869443 -1.374405731489353
20542 10603290 0.40272858632463626 0.0020336594962009624 0.42672000000000004 -1.5314650184869443 -1.374405731489353
20543 10603290 0.4523562342421202 0.0017049814235466226 0.4318 -1.5314650184869443 -1.374405731489353
20544 10603290 0.5019838821596041 0.0013763033508922828 0.43688000000000005 -1.5314650184869443 -1.374405731489353
20545 10603290 0.551611530077088 0.001047625278237943 0.44196 -1.5314650184869443 -1.374405731489353
20546 10603290 0.5907470551981322 0.000818545871958544 0.44196 -1.5314650184869443 -1.374405731489353
20547 10603290 0.6298825803191764 0.0005894664656791448 0.44196 -1.5314650184869443 -1.374405731489353
20548 10603290 0.6916760048605741 0.00025885070648992703 0.44958000000000004 -1.5314650184869443 -1.374405731489353
20549 10603290 0.7511175853318539 -0.0012888591346247869 0.44958000000000004 -1.5314650184869443 -1.374405731489353
20550 10603290 0.7913189099539294 -0.0019236915551332362 0.44958000000000004 -1.5314650184869443 -1.374405731489353
20551 10603290 0.8438579071923504 -0.002850756946695371 0.45339000000000007 -1.5314650184869443 -1.374405731489353
20552 10603290 0.8963969044307715 -0.0037778223382575055 0.45720000000000005 -1.5314650184869443 -1.374405731489353
20553 10603290 0.9422104503780873 -0.004901852232662159 0.46101000000000003 -1.5314650184869443 -1.374405731489353
20554 10603290 0.988023996325403 -0.006025882127066812 0.46482000000000007 -1.5314650184869443 -1.374405731489353
20555 10603290 1.0493676450760003 -0.008543174197807674 0.47243999999999997 -1.5314650184869443 -1.374405731489353
20556 10603290 1.1109287076252619 -0.01148147275345901 0.48006 -1.5314650184869443 -1.374405731489353
20557 10603290 1.15296191229079 -0.014932543594675357 0.48768 -1.5314650184869443 -1.374405731489353
20558 10603290 1.1987406236495572 -0.016160474835222767 0.49149 -1.5314650184869443 -1.374405731489353
20559 10603290 1.2445193350083246 -0.017388406075770177 0.4953 -1.5314650184869443 -1.374405731489353
20560 10603290 1.2955436183769862 -0.018869158305352407 0.50292 -1.5314650184869443 -1.374405731489353
20561 10603290 1.3649017763162048 -0.02131497635333629 0.51054 -1.5314650184869443 -1.374405731489353
20562 10603290 1.4158741106760424 -0.022953019793528887 0.51816 -1.5314650184869443 -1.374405731489353
20563 10603290 1.46684644503588 -0.024591063233721483 0.52578 -1.5314650184869443 -1.374405731489353
20564 10603290 1.5043166664951353 -0.026783363183187858 0.52578 -1.5314650184869443 -1.374405731489353
20565 10603290 1.5664179559055484 -0.0269738324887199 0.5334 -1.5314650184869443 -1.374405731489353
20566 10603290 1.6124891737347333 -0.02730196715391653 0.54102 -1.5314650184869443 -1.374405731489353
20567 10603290 1.6427372717373667 -0.027134708471425517 0.54102 -1.5314650184869443 -1.374405731489353
20568 10603290 1.712887655185124 -0.027149200304447285 0.54864 -1.5314650184869443 -1.374405731489353
20569 10603290 1.7427457064492142 -0.027087807726238672 0.54864 -1.5314650184869443 -1.374405731489353
20570 10603290 1.8131823248310412 -0.027311701163758167 0.55626 -1.5314650184869443 -1.374405731489353
20571 10603290 1.8567369871522867 -0.02664115301962494 0.5600700000000001 -1.5314650184869443 -1.374405731489353
20572 10603290 1.9002916494735322 -0.025970604875491715 0.56388 -1.5314650184869443 -1.374405731489353
20573 10603290 1.9404111821688859 -0.02657271744204287 0.56388 -1.5314650184869443 -1.374405731489353
20574 10603290 2.000539826781286 -0.025998689860232488 0.5715 -1.5314650184869443 -1.374405731489353
20575 10603290 2.063765092582398 -0.024099000093562195 0.5715 -1.5314650184869443 -1.374405731489353
20576 10603290 2.101477059049427 -0.023914081830134964 0.57912 -1.5314650184869443 -1.374405731489353
20577 10603290 2.1504609984018104 -0.022386484535822565 0.57912 -1.5314650184869443 -1.374405731489353
20578 10603290 2.2196945193172732 -0.019760627536722836 0.58674 -1.5314650184869443 -1.374405731489353
20579 10603290 2.25588640252355 -0.020421956162739896 0.59055 -1.5314650184869443 -1.374405731489353
20580 10603290 2.292078285729827 -0.021083284788756956 0.59436 -1.5314650184869443 -1.374405731489353
20581 10603290 2.3522673847078535 -0.02303767849462393 0.60198 -1.5314650184869443 -1.374405731489353
20582 10603290 2.41245648368588 -0.024992072200490906 0.6096 -1.5314650184869443 -1.374405731489353
20583 10603290 2.4634098242997466 -0.02667555213548059 0.61722 -1.5314650184869443 -1.374405731489353
20584 10603290 2.4929331350777906 -0.028721545685527955 0.6248400000000001 -1.5314650184869443 -1.374405731489353
20585 10603290 2.5622541049558816 -0.03126121659771344 0.63246 -1.5314650184869443 -1.374405731489353
20586 10603290 2.594184669111748 -0.03409273692123596 0.63246 -1.5314650184869443 -1.374405731489353
20587 10603290 2.6475278044405877 -0.03661341268057147 0.6362700000000001 -1.5314650184869443 -1.374405731489353
20588 10603290 2.7008709397694273 -0.03913408843990698 0.6400800000000001 -1.5314650184869443 -1.374405731489353
20589 10603290 2.7463026971792273 -0.04140769564354105 0.6438900000000001 -1.5314650184869443 -1.374405731489353
20590 10603290 2.7917344545890277 -0.04368130284717511 0.6477 -1.5314650184869443 -1.374405731489353
20591 10603290 2.8418946341397726 -0.04779010021693206 0.65532 -1.5314650184869443 -1.374405731489353
20592 10603290 2.888346517553779 -0.05033744049961514 0.657225 -1.5314650184869443 -1.374405731489353
20593 10603290 2.934798400967785 -0.05288478078229822 0.65913 -1.5314650184869443 -1.374405731489353
20594 10603290 2.996505203022722 -0.05562176443723313 0.6629400000000001 -1.5314650184869443 -1.374405731489353
20595 10603290 3.0499339662267637 -0.05787568981235122 0.6629400000000001 -1.5314650184869443 -1.374405731489353
20596 10603290 3.1048443439395914 -0.05558977146142721 0.6629400000000001 -1.5314650184869443 -1.374405731489353
20597 10603290 3.1691818303909525 -0.048904266398301616 0.67056 -1.5314650184869443 -1.374405731489353
20598 10603290 3.2428084186539303 -0.0382411988721523 0.6781800000000001 -1.5314650184869443 -1.374405731489353
20599 10603290 3.285681603281329 -0.03202529382303368 0.6858000000000001 -1.5314650184869443 -1.374405731489353
20600 10603290 3.348166825676195 -0.014687828464677338 0.69342 -1.5314650184869443 -1.374405731489353
20601 10603290 3.3900449725506645 -0.003357274474778321 0.69342 -1.5314650184869443 -1.374405731489353
20602 10603290 3.4298895494749053 0.011265544667426047 0.7010400000000001 -1.5314650184869443 -1.374405731489353
20603 10603290 3.469734126399146 0.025888363809630416 0.7086600000000001 -1.5314650184869443 -1.374405731489353
20604 10603290 3.538529548262524 0.05331634763328505 0.7162800000000001 -1.5314650184869443 -1.374405731489353
20605 10603290 3.592788747206355 0.07456663639163988 0.7200900000000001 -1.5314650184869443 -1.374405731489353
20606 10603290 3.6470479461501863 0.09581692514999471 0.7239000000000001 -1.5314650184869443 -1.374405731489353
20607 10603290 3.687964451645575 0.11236873788274057 0.73152 -1.9091808221355453 -0.7677270387252508
20608 10603290 3.735900115648679 0.13410622129529612 0.73914 -1.9091808221355453 -0.7677270387252508
20609 10603290 3.779648912320974 0.15253775449565452 0.74295 -1.9091808221355453 -0.7677270387252508
20610 10603290 3.8233977089932694 0.1709692876960129 0.74676 -1.9091808221355453 -0.7677270387252508
20611 10603290 3.8673466449242806 0.18933588394618464 0.75057 -1.9091808221355453 -0.7677270387252508
20612 10603290 3.911295580855292 0.20770248019635637 0.75438 -1.9091808221355453 -0.7677270387252508
20613 10603290 3.950016225424231 0.2263736577962783 0.75819 -1.9091808221355453 -0.7677270387252508
20614 10603290 3.9887368699931702 0.24504483539620023 0.762 -1.9091808221355453 -0.7677270387252508
20615 10603290 4.041324704403475 0.2737932367238396 0.76962 -1.9091808221355453 -0.7677270387252508
20616 10603290 4.093912538813779 0.30254163805147893 0.77724 -1.9091808221355453 -0.7677270387252508
20617 10603290 4.146500373224083 0.3312900393791183 0.78486 -1.9091808221355453 -0.7677270387252508
20618 10603290 4.196824997295831 0.3562802294294543 0.78867 -1.9091808221355453 -0.7677270387252508
20619 10603290 4.247149621367578 0.38127041947979035 0.7924800000000001 -1.9091808221355453 -0.7677270387252508
20620 10603290 4.324875111740887 0.4208586316484715 0.7924800000000001 -1.9091808221355453 -0.7677270387252508
20621 10603290 4.366614792552462 0.4399479673658325 0.8001 -1.9091808221355453 -0.7677270387252508
20622 10603290 4.414937097085357 0.4642490834104154 0.80391 -1.9091808221355453 -0.7677270387252508
20623 10603290 4.463259401618251 0.4885501994549982 0.80772 -1.9091808221355453 -0.7677270387252508
20624 10603290 4.523884104948697 0.5165476666327745 0.8153400000000001 -1.9091808221355453 -0.7677270387252508
20625 10603290 4.5726067435565625 0.5407187722687626 0.8153400000000001 -1.9091808221355453 -0.7677270387252508
20626 10603290 4.61405260645012 0.5597297848151725 0.8153400000000001 -1.9091808221355453 -0.7677270387252508
20627 10603290 4.655498469343678 0.5787407973615825 0.8153400000000001 -1.9091808221355453 -0.7677270387252508
20628 10603290 4.702826582389111 0.601498570004005 0.8153400000000001 -1.9091808221355453 -0.7677270387252508
20629 10603290 4.750154695434545 0.6242563426464274 0.8153400000000001 -1.9091808221355453 -0.7677270387252508
20630 10603290 4.799242311080551 0.6477838666631628 0.8153400000000001 -1.9091808221355453 -0.7677270387252508
20631 10603290 4.848329926726558 0.6713113906798983 0.8153400000000001 -1.9091808221355453 -0.7677270387252508
20632 10603290 4.919420917685928 0.7058258112080152 0.8153400000000001 -1.9091808221355453 -0.7677270387252508
20633 10603290 4.950929919735295 0.7207787607819084 0.8153400000000001 -1.9091808221355453 -0.7677270387252508
20634 10603290 5.00350762020632 0.7468485553192059 0.813435 -1.9091808221355453 -0.7677270387252508
20635 10603290 5.0560853206773455 0.7729183498565034 0.8115300000000001 -1.9091808221355453 -0.7677270387252508
20636 10603290 5.10866302114837 0.798988144393801 0.809625 -1.9091808221355453 -0.7677270387252508
20637 10603290 5.161240721619395 0.8250579389310985 0.80772 -1.9091808221355453 -0.7677270387252508
20638 10603290 5.213175612824419 0.8517469608723153 0.80391 -1.9091808221355453 -0.7677270387252508
20639 10603290 5.265110504029444 0.8784359828135321 0.8001 -1.9091808221355453 -0.7677270387252508
20640 10603290 5.3202606818480795 0.9060040626466831 0.8001 -1.9091808221355453 -0.7677270387252508
20641 10603290 5.372039371970092 0.9314013761081325 0.8001 -1.9091808221355453 -0.7677270387252508
20642 10603290 5.445934533503616 0.967457641854505 0.8001 -1.9091808221355453 -0.7677270387252508
20643 10603290 5.496269439746313 0.9965969554308381 0.8001 -1.9091808221355453 -0.7677270387252508
20644 10603290 5.537578554578445 1.015480819445405 0.8001 -1.9091808221355453 -0.7677270387252508
20645 10603290 5.587293700214685 1.044355420327357 0.80772 -1.9091808221355453 -0.7677270387252508
20646 10603290 5.659180932743125 1.0810679009628767 0.8153400000000001 -1.9091808221355453 -0.7677270387252508
20647 10603290 5.688543355100369 1.0962557452560515 0.82296 -1.9091808221355453 -0.7677270387252508
20648 10603290 5.735712192855263 1.123858823680579 0.82296 -1.9091808221355453 -0.7677270387252508
20649 10603290 5.735945720525924 1.1220316785370488 0.8224243537414966 -1.9091808221355453 -0.7677270387252508
20650 10603290 5.736179248196585 1.1202045333935187 0.8218887074829933 -1.9091808221355453 -0.7677270387252508
20651 10603290 5.7364127758672465 1.1183773882499883 0.8213530612244898 -1.9091808221355453 -0.7677270387252508
20652 10603290 5.736646303537908 1.116550243106458 0.8208174149659864 -1.9091808221355453 -0.7677270387252508
20653 10603290 5.736879831208569 1.1147230979629277 0.820281768707483 -1.9091808221355453 -0.7677270387252508
20654 10603290 5.73711335887923 1.1128959528193976 0.8197461224489796 -1.9091808221355453 -0.7677270387252508
20655 10603290 5.737346886549892 1.1110688076758672 0.8192104761904763 -1.9091808221355453 -0.7677270387252508
20656 10603290 5.737580414220552 1.109241662532337 0.8186748299319728 -1.9091808221355453 -0.7677270387252508
20657 10603290 5.737813941891214 1.1074145173888066 0.8181391836734694 -1.9091808221355453 -0.7677270387252508
20658 10603290 5.7380474695618755 1.1055873722452765 0.817603537414966 -1.9091808221355453 -0.7677270387252508
20659 10603290 5.738280997232536 1.1037602271017461 0.8170678911564626 -1.9091808221355453 -0.7677270387252508
20660 10603290 5.738514524903198 1.1019330819582158 0.8165322448979592 -1.9091808221355453 -0.7677270387252508
20661 10603290 5.738748052573858 1.1001059368146855 0.8159965986394558 -1.9091808221355453 -0.7677270387252508
20662 10603290 5.73898158024452 1.0982787916711554 0.8154609523809524 -1.9091808221355453 -0.7677270387252508
20663 10603290 5.739215107915181 1.096451646527625 0.814925306122449 -1.9091808221355453 -0.7677270387252508
20664 10603290 5.739448635585842 1.0946245013840947 0.8143896598639456 -1.9091808221355453 -0.7677270387252508
20665 10603290 5.739682163256504 1.0927973562405644 0.8138540136054422 -1.9091808221355453 -0.7677270387252508
20666 10603290 5.739915690927165 1.0909702110970343 0.8133183673469389 -1.9091808221355453 -0.7677270387252508
20667 10603290 5.740149218597826 1.089143065953504 0.8127827210884354 -1.9091808221355453 -0.7677270387252508
20668 10603290 5.740382746268487 1.0873159208099736 0.812247074829932 -1.9091808221355453 -0.7677270387252508
20669 10603290 5.740616273939149 1.0854887756664433 0.8117114285714286 -1.9091808221355453 -0.7677270387252508
20670 10603290 5.7408498016098095 1.0836616305229132 0.8111757823129252 -1.9091808221355453 -0.7677270387252508
20671 10603290 5.741083329280471 1.0818344853793829 0.8106401360544218 -1.9091808221355453 -0.7677270387252508
20672 10603290 5.741316856951133 1.0800073402358525 0.8101044897959184 -1.9091808221355453 -0.7677270387252508
20673 10603290 5.741550384621793 1.0781801950923224 0.809568843537415 -1.9091808221355453 -0.7677270387252508
20674 10603290 5.741783912292455 1.076353049948792 0.8090331972789115 -1.9091808221355453 -0.7677270387252508
20675 10603290 5.742017439963116 1.0745259048052618 0.8084975510204082 -1.9091808221355453 -0.7677270387252508
20676 10603290 5.742250967633777 1.0726987596617314 0.8079619047619048 -1.9091808221355453 -0.7677270387252508
20677 10603290 5.7424844953044385 1.0708716145182013 0.8074262585034014 -1.9091808221355453 -0.7677270387252508
20678 10603290 5.7427180229751 1.069044469374671 0.806890612244898 -1.9091808221355453 -0.7677270387252508
20679 10603290 5.742951550645761 1.0672173242311407 0.8063549659863946 -1.9091808221355453 -0.7677270387252508
20680 10603290 5.743185078316422 1.0653901790876104 0.8058193197278912 -1.9091808221355453 -0.7677270387252508
20681 10603290 5.743418605987083 1.0635630339440802 0.8052836734693878 -1.9091808221355453 -0.7677270387252508
20682 10603290 5.743652133657744 1.06173588880055 0.8047480272108843 -1.9091808221355453 -0.7677270387252508
20683 10603290 5.743885661328406 1.0599087436570196 0.804212380952381 -1.9091808221355453 -0.7677270387252508
20684 10603290 5.744119188999067 1.0580815985134893 0.8036767346938776 -1.9091808221355453 -0.7677270387252508
20685 10603290 5.744352716669728 1.0562544533699592 0.8031410884353741 -1.9091808221355453 -0.7677270387252508
20686 10603290 5.74458624434039 1.0544273082264288 0.8026054421768708 -1.9091808221355453 -0.7677270387252508
20687 10603290 5.74481977201105 1.0526001630828985 0.8020697959183674 -1.9091808221355453 -0.7677270387252508
20688 10603290 5.745053299681712 1.0507730179393682 0.801534149659864 -1.9091808221355453 -0.7677270387252508
20689 10603290 5.745286827352373 1.048945872795838 0.8009985034013606 -1.9091808221355453 -0.7677270387252508
20690 10603290 5.745520355023034 1.0471187276523077 0.8004628571428571 -1.9091808221355453 -0.7677270387252508
20691 10603290 5.745753882693696 1.0452915825087774 0.7999272108843538 -1.9091808221355453 -0.7677270387252508
20692 10603290 5.745987410364357 1.0434644373652473 0.7993915646258504 -1.9091808221355453 -0.7677270387252508
20693 10603290 5.746220938035018 1.041637292221717 0.7988559183673469 -1.9091808221355453 -0.7677270387252508
20694 10603290 5.746454465705679 1.0398101470781866 0.7983202721088436 -1.9091808221355453 -0.7677270387252508
20695 10603290 5.746687993376341 1.0379830019346563 0.7977846258503402 -1.9091808221355453 -0.7677270387252508
20696 10603290 5.7469215210470015 1.0361558567911262 0.7972489795918367 -1.9091808221355453 -0.7677270387252508
20697 10603290 5.747155048717663 1.0343287116475959 0.7967133333333334 -1.9091808221355453 -0.7677270387252508
20698 10603290 5.747388576388325 1.0325015665040655 0.7961776870748299 -1.9091808221355453 -0.7677270387252508
20699 10603290 5.747622104058985 1.0306744213605352 0.7956420408163266 -1.9091808221355453 -0.7677270387252508
20700 10603290 5.747855631729647 1.0288472762170051 0.7951063945578232 -1.9091808221355453 -0.7677270387252508
20701 10603290 5.748089159400307 1.0270201310734748 0.7945707482993197 -1.9091808221355453 -0.7677270387252508
20702 10603290 5.748322687070969 1.0251929859299445 0.7940351020408164 -1.9091808221355453 -0.7677270387252508
20703 10603290 5.7485562147416305 1.0233658407864141 0.793499455782313 -1.9091808221355453 -0.7677270387252508
20704 10603290 5.748789742412291 1.021538695642884 0.7929638095238095 -1.9091808221355453 -0.7677270387252508
20705 10603290 5.749023270082953 1.0197115504993537 0.7924281632653062 -1.9091808221355453 -0.7677270387252508
20706 10603290 5.749256797753614 1.0178844053558234 0.7918925170068027 -1.9091808221355453 -0.7677270387252508
20707 10603290 5.749490325424275 1.016057260212293 0.7913568707482993 -1.9091808221355453 -0.7677270387252508
20708 10603290 5.749723853094936 1.014230115068763 0.790821224489796 -1.9091808221355453 -0.7677270387252508
