22313 10561439 0.7755767245959669 0.2390940320748789 0.3048 0.0 0.0
22314 10561439 0.7776615660493782 0.23677722832464418 0.3048 0.0 0.0
22315 10561439 0.7797464075027895 0.23446042457440947 0.3048 0.0 0.0
22316 10561439 0.7811631545328697 0.23390404372039678 0.3048 0.0 0.0
22317 10561439 0.7825799015629499 0.2333476628663841 0.3048 0.0 0.0
22318 10561439 0.7839966485930302 0.23279128201237143 0.3048 0.0 0.0
22319 10561439 0.7854133956231104 0.23223490115835874 0.3048 0.0 0.0
22320 10561439 0.7868301426531906 0.23167852030434605 0.3048 0.0 0.0
22321 10561439 0.7872834202327889 0.22989483018953974 0.3048 0.0 0.0
22322 10561439 0.787736697812387 0.22811114007473346 0.3048 0.0 0.0
22323 10561439 0.7881899753919852 0.22632744995992715 0.3048 0.0 0.0
22324 10561439 0.7878723308153373 0.2236565897967161 0.3048 0.0 0.0
22325 10561439 0.7875546862386893 0.22098572963350505 0.3048 0.0 0.0
22326 10561439 0.7878102586231093 0.21820059022344826 0.3048 0.0 0.0
22327 10561439 0.7880658310075291 0.21541545081339147 0.3048 0.0 0.0
22328 10561439 0.788321403391949 0.2126303114033347 0.3048 0.0 0.0
22329 10561439 0.788576975776369 0.2098451719932779 0.3048 0.0 0.0
22330 10561439 0.7885607485453084 0.20435959035239495 0.3048 0.0 0.0
22331 10561439 0.7895901451246661 0.2013946254870409 0.3048 0.0 0.0
22332 10561439 0.7906195417040238 0.19842966062168682 0.3048 0.0 0.0
22333 10561439 0.7901676226028955 0.1929696132035326 0.3048 0.0 0.0
22334 10561439 0.7911854089628461 0.18983320242835156 0.3048 0.0 0.0
22335 10561439 0.7922031953227966 0.18669679165317052 0.3048 0.0 0.0
22336 10561439 0.791877982334983 0.18189630829694453 0.3048 0.0 0.0
22337 10561439 0.7919077589192843 0.17655146835062058 0.3048 0.0 0.0
22338 10561439 0.7919375355035857 0.17120662840429665 0.3048 0.0 0.0
22339 10561439 0.7919673120878871 0.1658617884579727 0.3048 0.0 0.0
22340 10561439 0.79149424154244 0.1602236796194301 0.3048 0.0 0.0
22341 10561439 0.7910211709969929 0.15458557078088747 0.3048 0.0 0.0
22342 10561439 0.7905481004515458 0.14894746194234487 0.3048 0.0 0.0
22343 10561439 0.7900750299060987 0.14330935310380227 0.3048 0.0 0.0
22344 10561439 0.7896019593606516 0.13767124426525967 0.3048 0.0 0.0
22345 10561439 0.7891288888152046 0.13203313542671707 0.3048 0.0 0.0
22346 10561439 0.7886558182697575 0.12639502658817445 0.3048 0.0 0.0
22347 10561439 0.7881827477243104 0.12075691774963185 0.3048 0.0 0.0
22348 10561439 0.7877096771788633 0.11511880891108925 0.3048 0.0 0.0
22349 10561439 0.7872366066334162 0.10948070007254664 0.3048 0.0 0.0
22350 10561439 0.7867635360879691 0.10384259123400402 0.3048 0.0 0.0
22351 10561439 0.786290465542522 0.09820448239546142 0.3048 0.0 0.0
22352 10561439 0.7850379115535031 0.09505051571905831 0.3048 0.0 0.0
22353 10561439 0.7837853575644842 0.0918965490426552 0.3048 0.0 0.0
22354 10561439 0.7826580965008609 0.08776702700156962 0.3048 0.0 0.0
22355 10561439 0.7815308354372377 0.08363750496048403 0.3048 0.0 0.0
22356 10561439 0.780439819901315 0.08165744197860661 0.3048 0.0 0.0
22357 10561439 0.7768725381555224 0.08025282407971916 0.3048 0.0 0.0
22358 10561439 0.7733052564097298 0.07884820618083171 0.3048 0.0 0.0
22359 10561439 0.768490686655158 0.08042133215763082 0.3048 0.0 0.0
22360 10561439 0.7636761169005861 0.08199445813442993 0.3048 0.0 0.0
22361 10561439 0.758767227162648 0.08056089991508047 0.3048 0.0 0.0
22362 10561439 0.7539526580435684 0.08213403418855102 0.3048 0.0 0.0
22363 10561439 0.7520592067856824 0.08041616470028629 0.3048 0.0 0.0
22364 10561439 0.7475170359664371 0.07874596170458648 0.3048 0.0 0.0
22365 10561439 0.742702465603391 0.08031910367263641 0.3048 0.0 0.0
22366 10561439 0.7351462602443966 0.08056835178567345 0.3048 0.0 0.0
22367 10561439 0.7300107198935258 0.08224637902705625 0.3048 0.0 0.0
22368 10561439 0.7262709700241141 0.08031399754996998 0.3048 0.0 0.0
22369 10561439 0.7236785551494826 0.07917500062392385 0.3048 0.0 0.0
22370 10561439 0.7146195436211779 0.07863020750767849 0.3048 0.0 0.0
22371 10561439 0.7067078670816025 0.07887880589407614 0.3048 0.0 0.0
22372 10561439 0.7058491354486189 0.08032767281563571 0.3048 0.0 0.0
22373 10561439 0.7049904038156354 0.08177653973719529 0.3048 0.0 0.0
22374 10561439 0.6938436535548242 0.08027835873280878 0.3048 0.0 0.0
22375 10561439 0.6906430693142189 0.07863712732641773 0.3048 0.0 0.0
22376 10561439 0.682627912127599 0.07856908034930749 0.3048 0.0 0.0
22377 10561439 0.6756513471016488 0.07950519336730297 0.3048 0.0 0.0
22378 10561439 0.6683159691404426 0.07988680204478997 0.3048 0.0 0.0
22379 10561439 0.6609805911792364 0.08026841072227697 0.3048 0.0 0.0
22380 10561439 0.6518075348360863 0.08046192130510862 0.3048 0.0 0.0
22381 10561439 0.646912722837792 0.08206134888498627 0.3048 0.0 0.0
22382 10561439 0.6416969407833096 0.08376566070811461 0.3048 0.0 0.0
22383 10561439 0.6353901051436437 0.08348993472002927 0.3048 0.0 0.0
22384 10561439 0.6237386247953827 0.08180629349223625 0.3048 0.0 0.0
22385 10561439 0.6194982140660552 0.08105979796682067 0.3048 0.0 0.0
22386 10561439 0.6152578033367277 0.08031330244140508 0.3048 0.0 0.0
22387 10561439 0.6023636206742421 0.08026245493771346 0.3048 0.0 0.0
22388 10561439 0.5967641858464726 0.0803397482433774 0.3048 0.0 0.0
22388 11322591 0.7915048191842267 0.14813834150737387 0.3048 0.0 0.0
22389 11322591 0.7913358737202167 0.13838005935506742 0.3048 0.0 0.0
22389 10561439 0.5911647510187032 0.08041704154904135 0.3048 0.0 0.0
22390 10561439 0.5855653161909338 0.0804943348547053 0.3048 0.0 0.0
22390 11322591 0.7907115284245694 0.13239221908265175 0.3048 0.0 0.0
22391 10561439 0.574063029085056 0.0789956677112094 0.3048 0.0 0.0
22391 11322591 0.790087183128922 0.1264043788102361 0.3048 0.0 0.0
22392 11322591 0.7905376663740081 0.1235701625418632 0.3048 0.0 0.0
22392 10561439 0.5691682160672393 0.0805951493504505 0.3048 0.0 0.0
22393 11322591 0.7909881496190942 0.12073594627349031 0.3048 0.0 0.0
22393 10561439 0.5639524329253404 0.08229951877810188 0.3048 0.0 0.0
22394 10561439 0.5584480033309696 0.08176165009778477 0.3048 0.0 0.0
22394 11322591 0.7927401094208427 0.11794379295532674 0.3048 0.0 0.0
22395 10561439 0.5516536931601801 0.08135322188781782 0.3048 0.0 0.0
22395 11322591 0.7895425707724821 0.116481656084007 0.3048 0.0 0.0
22396 10561439 0.5448593829893906 0.08094479367785087 0.3048 0.0 0.0
22396 11322591 0.7863450321241215 0.11501951921268727 0.3048 0.0 0.0
22397 10561439 0.5380650728186012 0.08053636546788391 0.3048 0.0 0.0
22397 11322591 0.783147493475761 0.11355738234136753 0.3048 0.0 0.0
22398 11322591 0.7799499548274005 0.11209524547004779 0.3048 0.0 0.0
22398 10561439 0.5312707626478117 0.08012793725791696 0.3048 0.0 0.0
22399 11322591 0.7767524161790399 0.11063310859872805 0.3048 0.0 0.0
22399 10561439 0.5237475437281074 0.07884784475105941 0.3048 0.0 0.0
22400 10561439 0.5168916827403922 0.08015356296499433 0.3048 0.0 0.0
22400 11322591 0.7735548775306793 0.10917097172740832 0.3048 0.0 0.0
22401 10561439 0.5091139331366213 0.08063120788136774 0.3048 0.0 0.0
22401 11322591 0.7703573388823187 0.10770883485608858 0.3048 0.0 0.0
22402 10561439 0.5013361835328504 0.08110885279774115 0.3048 0.0 0.0
22402 11322591 0.7671598002339581 0.10624669798476884 0.3048 0.0 0.0
22403 11322591 0.7639622615855975 0.10478456111344911 0.3048 0.0 0.0
22403 10561439 0.4935584339290795 0.08158649771411455 0.3048 0.0 0.0
22404 11322591 0.760764722937237 0.10332242424212937 0.3048 0.0 0.0
22404 10561439 0.4903405399570526 0.07989257790724535 0.3048 0.0 0.0
22405 10561439 0.48712264598502575 0.07819865810037616 0.3048 0.0 0.0
22405 11322591 0.7575671842888764 0.10186028737080963 0.3048 0.0 0.0
22406 10561439 0.4817906625936773 0.07818863510310275 0.3048 0.0 0.0
22406 11322591 0.7543696456405158 0.10039815049948989 0.3048 0.0 0.0
22407 10561439 0.47645867920232887 0.07817861210582934 0.3048 -1.5869194662810213 -2.024326912220049
22407 11322591 0.7511721069921553 0.09893601362817016 0.3048 -1.5869194662810213 -2.024326912220049
22408 11322591 0.7479745683437947 0.09747387675685042 0.3048 -1.5869194662810213 -2.024326912220049
22408 10561439 0.47112669581098043 0.07816858910855594 0.3048 -1.5869194662810213 -2.024326912220049
22409 11322591 0.7447770296954341 0.09601173988553069 0.3048 -1.5869194662810213 -2.024326912220049
22409 10561439 0.46101609846484315 0.08147258802080526 0.3048 -1.5869194662810213 -2.024326912220049
22410 11322591 0.7415794910470735 0.09454960301421095 0.3048 -1.5869194662810213 -2.024326912220049
22410 10561439 0.45226596699881894 0.08024301378311996 0.3048 -1.5869194662810213 -2.024326912220049
22411 11322591 0.738381952398713 0.0930874661428912 0.3048 -1.5869194662810213 -2.024326912220049
22411 10561439 0.44745139766225744 0.08181635768694434 0.3048 -1.5869194662810213 -2.024326912220049
22412 10561439 0.4446991671833227 0.08154746786839709 0.3048 -1.5869194662810213 -2.024326912220049
22412 11322591 0.7351844137503524 0.09162532927157147 0.3048 -1.5869194662810213 -2.024326912220049
22413 11322591 0.7319868751019918 0.09016319240025174 0.3048 -1.5869194662810213 -2.024326912220049
22413 10561439 0.4366666874402695 0.08142692503798143 0.3048 -1.5869194662810213 -2.024326912220049
22414 11322591 0.7287893364536313 0.088701055528932 0.3048 -1.5869194662810213 -2.024326912220049
22414 10561439 0.42863420769721633 0.08130638220756578 0.3048 -1.5869194662810213 -2.024326912220049
22415 10561439 0.42212670272421526 0.08109641096562256 0.3048 -1.5869194662810213 -2.024326912220049
22415 11322591 0.7255917978052707 0.08723891865761225 0.3048 -1.5869194662810213 -2.024326912220049
22416 10561439 0.41561919775121414 0.08088643972367934 0.3048 -1.5869194662810213 -2.024326912220049
22416 11322591 0.7223942591569101 0.08577678178629253 0.3048 -1.5869194662810213 -2.024326912220049
22417 11322591 0.7191967205085495 0.08431464491497279 0.3048 -1.5869194662810213 -2.024326912220049
22417 10561439 0.4091116927782131 0.08067646848173612 0.3048 -1.5869194662810213 -2.024326912220049
22418 11322591 0.715999181860189 0.08285250804365304 0.3048 -1.5869194662810213 -2.024326912220049
22418 10561439 0.402604187805212 0.0804664972397929 0.3048 -1.5869194662810213 -2.024326912220049
22419 11322591 0.70316946885619 0.08435760157362082 0.3048 -1.5869194662810213 -2.024326912220049
22419 10561439 0.3935967882647128 0.08008045311685866 0.3048 -1.5869194662810213 -2.024326912220049
22420 11322591 0.6999688884914862 0.0827163661381567 0.3048 -1.5869194662810213 -2.024326912220049
22420 10561439 0.3845893887242135 0.07969440899392441 0.3048 -1.5869194662810213 -2.024326912220049
22421 11322591 0.6912984036416264 0.0806427180368714 0.3048 -1.5869194662810213 -2.024326912220049
22421 10561439 0.37496025037507164 0.08284119266846887 0.3048 -1.5869194662810213 -2.024326912220049
22422 11322591 0.6858284988801586 0.08021030819290248 0.3048 -1.5869194662810213 -2.024326912220049
22422 10561439 0.36855888324123026 0.07955901517050099 0.3048 -1.5869194662810213 -2.024326912220049
22423 11322591 0.6802206267510454 0.07935567311190111 0.3048 -1.5869194662810213 -2.024326912220049
22423 10561439 0.35920571100438203 0.08355026809266008 0.3048 -1.5869194662810213 -2.024326912220049
22424 11322591 0.6718042527745617 0.07941873725435394 0.3048 -1.5869194662810213 -2.024326912220049
22424 10561439 0.3517604350125506 0.0797914485435279 0.3048 -1.5869194662810213 -2.024326912220049
22425 11322591 0.6660021112777861 0.07932855662657336 0.3048 -1.5869194662810213 -2.024326912220049
22425 10561439 0.3471873369673527 0.08210375222807326 0.3048 -1.5869194662810213 -2.024326912220049
22426 10561439 0.3418438288621553 0.08205864915048348 0.3048 -1.5869194662810213 -2.024326912220049
22426 11322591 0.6588123675898948 0.07906871605151047 0.3048 -1.5869194662810213 -2.024326912220049
22427 10561439 0.33650032075695785 0.0820135460728937 0.3048 -1.5869194662810213 -2.024326912220049
22427 11322591 0.6516226239020034 0.0788088754764476 0.3048 -1.5869194662810213 -2.024326912220049
22428 10561439 0.33115681265176045 0.08196844299530393 0.3048 -1.5869194662810213 -2.024326912220049
22428 11322591 0.6444328802141122 0.07854903490138472 0.3048 -1.5869194662810213 -2.024326912220049
22429 10561439 0.3191384191405804 0.08052197438021447 0.3048 -1.5869194662810213 -2.024326912220049
22429 11322591 0.6364694454663493 0.0786393803043157 0.3048 -1.5869194662810213 -2.024326912220049
22430 10561439 0.31488480347757974 0.08109427990902823 0.3048 -1.5869194662810213 -2.024326912220049
22430 11322591 0.6285060107185866 0.07872972570724669 0.3048 -1.5869194662810213 -2.024326912220049
22431 10561439 0.30795694122223727 0.07891884144739814 0.3048 -1.5869194662810213 -2.024326912220049
22431 11322591 0.6189204685040496 0.07929172170496314 0.3048 -1.5869194662810213 -2.024326912220049
22432 11322591 0.6093349262895126 0.07985371770267959 0.3048 -1.5869194662810213 -2.024326912220049
22432 10561439 0.2980068305724233 0.08217062645612658 0.3048 -1.5869194662810213 -2.024326912220049
22433 11322591 0.6025923713989907 0.07960356979394366 0.3048 -1.5869194662810213 -2.024326912220049
22433 10561439 0.29311201976092394 0.0837703000490391 0.3048 -1.5869194662810213 -2.024326912220049
22434 10561439 0.2868013455386461 0.07940707380041354 0.3048 -1.5869194662810213 -2.024326912220049
22434 11322591 0.5958498165084689 0.07935342188520773 0.3048 -1.5869194662810213 -2.024326912220049
22435 11322591 0.5853928526389389 0.07996655019173306 0.3048 -1.5869194662810213 -2.024326912220049
22435 10561439 0.28095561751432574 0.08190167348914157 0.3048 -1.5869194662810213 -2.024326912220049
22436 10561439 0.2727569760551693 0.08195243265383738 0.3048 -1.5869194662810213 -2.024326912220049
22436 11322591 0.574063029085056 0.0789956677112094 0.3048 -1.5869194662810213 -2.024326912220049
22437 10561439 0.26455833459601286 0.08200319181853319 0.3048 -1.5869194662810213 -2.024326912220049
22437 11322591 0.5673705479693429 0.08351913892255976 0.3048 -1.5869194662810213 -2.024326912220049
22438 11322591 0.5625126051950284 0.08142649120229314 0.3048 -1.5869194662810213 -2.024326912220049
22438 10561439 0.2561418325737515 0.08206675396958167 0.3048 -1.5869194662810213 -2.024326912220049
22439 11322591 0.5576546624207139 0.07933384348202653 0.3048 -1.5869194662810213 -2.024326912220049
22439 10561439 0.24772533055149015 0.08213031612063015 0.3048 -1.5869194662810213 -2.024326912220049
22440 11322591 0.5385616054615203 0.07797912207868228 0.3048 -1.5869194662810213 -2.024326912220049
22440 10561439 0.24204832720692315 0.08106491731531383 0.3048 -1.5869194662810213 -2.024326912220049
22441 11322591 0.5327884741712456 0.08477243163672289 0.3048 -1.5869194662810213 -2.024326912220049
22441 10561439 0.23637132386235615 0.07999951850999751 0.3048 -1.5869194662810213 -2.024326912220049
22442 11322591 0.5230701994993064 0.08438488277538098 0.3048 -1.5869194662810213 -2.024326912220049
22442 10561439 0.22919295128608963 0.07977529418209618 0.3048 -1.5869194662810213 -2.024326912220049
22443 11322591 0.5133519248273672 0.08399733391403906 0.3048 -1.5869194662810213 -2.024326912220049
22443 10561439 0.2220145787098231 0.07955106985419486 0.3048 -1.5869194662810213 -2.024326912220049
22444 10561439 0.21238544016407324 0.08269807591114109 0.3048 -1.5869194662810213 -2.024326912220049
22444 11322591 0.4979590767676492 0.07874650683171312 0.3048 -1.5869194662810213 -2.024326912220049
22445 10561439 0.20448111480668538 0.0821937625233436 0.3048 -1.5869194662810213 -2.024326912220049
22445 11322591 0.4939378674941614 0.08274761942679992 0.3048 -1.5869194662810213 -2.024326912220049
22446 10561439 0.19657678944929752 0.0816894491355461 0.3048 -1.5869194662810213 -2.024326912220049
22446 11322591 0.4828719594171061 0.08204112529545061 0.3048 -1.5869194662810213 -2.024326912220049
22447 11322591 0.4718060513400507 0.08133463116410132 0.3048 -1.5869194662810213 -2.024326912220049
22447 10561439 0.18867246409190966 0.0811851357477486 0.3048 -1.5869194662810213 -2.024326912220049
22448 11322591 0.4607401432629954 0.08062813703275201 0.3048 -1.5869194662810213 -2.024326912220049
22448 10561439 0.1807681387345218 0.08068082235995111 0.3048 -1.5869194662810213 -2.024326912220049
22449 11322591 0.4511020771547507 0.08021446405215557 0.3048 -1.5869194662810213 -2.024326912220049
22449 10561439 0.1728638133771339 0.08017650897215362 0.3048 -1.5869194662810213 -2.024326912220049
22450 10561439 0.16495948801974605 0.07967219558435612 0.3048 -1.5869194662810213 -2.024326912220049
22450 11322591 0.441464011046506 0.07980079107155914 0.3048 -1.5869194662810213 -2.024326912220049
22451 10561439 0.1570551626623582 0.07916788219655863 0.3048 -1.5869194662810213 -2.024326912220049
22451 11322591 0.43091549954612224 0.0806777206100325 0.3048 -1.5869194662810213 -2.024326912220049
22452 10561439 0.14952294764776508 0.07949167876029514 0.3048 -1.5869194662810213 -2.024326912220049
22452 11322591 0.4203669880457385 0.08155465014850587 0.3048 -1.5869194662810213 -2.024326912220049
22453 10561439 0.14199073263317197 0.07981547532403166 0.3048 -1.5869194662810213 -2.024326912220049
22453 11322591 0.40981847654535475 0.08243157968697923 0.3048 -1.5869194662810213 -2.024326912220049
22454 11322591 0.40088754614400834 0.08418187503676233 0.3048 -1.5869194662810213 -2.024326912220049
22454 10561439 0.13445851761857885 0.08013927188776819 0.3048 -1.5869194662810213 -2.024326912220049
22455 11322591 0.3919566157426619 0.08593217038654544 0.3048 -1.5869194662810213 -2.024326912220049
22455 10561439 0.12692630260398574 0.08046306845150471 0.3048 -1.5869194662810213 -2.024326912220049
22456 10561439 0.11939408758939263 0.08078686501524122 0.3048 -1.5869194662810213 -2.024326912220049
22456 11322591 0.38325146307498953 0.08375334036577095 0.3048 -1.5869194662810213 -2.024326912220049
22457 10561439 0.11186187257479951 0.08111066157897774 0.3048 -1.5869194662810213 -2.024326912220049
22457 11322591 0.37350988121332906 0.08302310479430439 0.3048 -1.5869194662810213 -2.024326912220049
22458 11322591 0.36376829935166866 0.08229286922283782 0.3048 -1.5869194662810213 -2.024326912220049
22458 10561439 0.1043296575602064 0.08143445814271426 0.3048 -1.5869194662810213 -2.024326912220049
22459 10561439 0.09679744254561329 0.08175825470645079 0.3048 -1.5869194662810213 -2.024326912220049
22459 11322591 0.35401545623147707 0.081799995578761 0.3048 -1.5869194662810213 -2.024326912220049
22460 11322591 0.3442626131112855 0.08130712193468417 0.3048 -1.5869194662810213 -2.024326912220049
22460 10561439 0.08926522753102017 0.0820820512701873 0.3048 -1.5869194662810213 -2.024326912220049
22461 11322591 0.3338400661223938 0.08202617728907183 0.3048 -1.5869194662810213 -2.024326912220049
22461 10561439 0.08173301251642706 0.08240584783392382 0.3048 -1.5869194662810213 -2.024326912220049
22462 11322591 0.3243624347999868 0.08156022859905003 0.3048 -1.5869194662810213 -2.024326912220049
22462 10561439 0.07612495253990315 0.08155169040143294 0.3048 -1.5869194662810213 -2.024326912220049
22463 11322591 0.31488480347757974 0.08109427990902823 0.3048 -1.5869194662810213 -2.024326912220049
22463 10561439 0.07051689256337923 0.08069753296894205 0.3048 -1.5869194662810213 -2.024326912220049
22464 10561439 0.06655899223850387 0.08093967725800652 0.3048 -1.5869194662810213 -2.024326912220049
22464 11322591 0.30125253478349345 0.08286234142993601 0.3048 -1.5869194662810213 -2.024326912220049
22465 10561439 0.06260109191362849 0.08118182154707097 0.3048 -1.5869194662810213 -2.024326912220049
22465 11322591 0.2921371075150198 0.08350476974320288 0.3048 -1.5869194662810213 -2.024326912220049
22466 11322591 0.28302168024654617 0.08414719805646975 0.3048 -1.5869194662810213 -2.024326912220049
22466 10561439 0.05864319158875313 0.08142396583613544 0.3048 -1.5869194662810213 -2.024326912220049
22467 10561439 0.05468529126387776 0.0816661101251999 0.3048 -1.5869194662810213 -2.024326912220049
22467 11322591 0.27428196578011976 0.08186294513646572 0.3048 -1.5869194662810213 -2.024326912220049
22468 10561439 0.05072739093900239 0.08190825441426436 0.3048 -1.5869194662810213 -2.024326912220049
22468 11322591 0.269070681749061 0.08222252428789016 0.3048 -1.5869194662810213 -2.024326912220049
22469 10561439 0.046769490614127024 0.08215039870332883 0.3048 -1.5869194662810213 -2.024326912220049
22469 11322591 0.26385939771800226 0.0825821034393146 0.3048 -1.5869194662810213 -2.024326912220049
22470 10561439 0.042811590289251654 0.08239254299239328 0.3048 -1.5869194662810213 -2.024326912220049
22470 11322591 0.2511390234234699 0.08261135801357662 0.3048 -1.5869194662810213 -2.024326912220049
22471 10561439 0.038853689964376284 0.08263468728145774 0.3048 -1.5869194662810213 -2.024326912220049
22471 11322591 0.23841864912893754 0.08264061258783863 0.3048 -1.5869194662810213 -2.024326912220049
22472 10561439 0.034895789639500914 0.08287683157052221 0.3048 -1.5869194662810213 -2.024326912220049
22472 11322591 0.2256982748344052 0.08266986716210065 0.3048 -1.5869194662810213 -2.024326912220049
22473 10561439 0.030937889314625544 0.08311897585958666 0.3048 -1.5869194662810213 -2.024326912220049
22473 11322591 0.2188693686498775 0.0821561952441508 0.3048 -1.5869194662810213 -2.024326912220049
22474 11322591 0.2120404624653498 0.08164252332620095 0.3048 -1.5869194662810213 -2.024326912220049
22474 10561439 0.02697998898975018 0.08336112014865113 0.3048 -1.5869194662810213 -2.024326912220049
22475 11322591 0.20372743867720056 0.08202280841815554 0.3048 -1.5869194662810213 -2.024326912220049
22475 10561439 0.02786792540100141 0.08307442982757207 0.3048 -1.5869194662810213 -2.024326912220049
22476 11322591 0.19745270946914606 0.07940033971086938 0.3048 -1.5869194662810213 -2.024326912220049
22476 10561439 0.028755861812252637 0.08278773950649301 0.3048 -1.5869194662810213 -2.024326912220049
22477 11322591 0.19087728385655472 0.08020580729791907 0.3048 -1.5869194662810213 -2.024326912220049
22477 10561439 0.029643798223503867 0.08250104918541395 0.3048 -1.5869194662810213 -2.024326912220049
22478 11322591 0.1843018582439634 0.08101127488496876 0.3048 -1.5869194662810213 -2.024326912220049
22478 10561439 0.030531734634755097 0.0822143588643349 0.3048 -1.5869194662810213 -2.024326912220049
22479 11322591 0.18189457383798358 0.0817980384726054 0.3048 -1.5869194662810213 -2.024326912220049
22479 10561439 0.03141967104600633 0.08192766854325584 0.3048 -1.5869194662810213 -2.024326912220049
22480 10561439 0.03230760745725755 0.08164097822217678 0.3048 -1.5869194662810213 -2.024326912220049
22480 11322591 0.17948728943200376 0.08258480206024205 0.3048 -1.5869194662810213 -2.024326912220049
22481 10561439 0.03319554386850878 0.08135428790109772 0.3048 -1.5869194662810213 -2.024326912220049
22481 11322591 0.17869383049752785 0.08015703450281289 0.3048 -1.5869194662810213 -2.024326912220049
22482 11322591 0.17831821650243568 0.08015890980220935 0.3048 -1.5869194662810213 -2.024326912220049
22482 10561439 0.03408348027976001 0.08106759758001866 0.3048 -1.5869194662810213 -2.024326912220049
22483 11322591 0.17794260250734348 0.08016078510160582 0.3048 -1.5869194662810213 -2.024326912220049
22483 10561439 0.03497141669101124 0.0807809072589396 0.3048 -1.5869194662810213 -2.024326912220049
22484 10561439 0.03585935310226247 0.08049421693786055 0.3048 -1.5869194662810213 -2.024326912220049
22484 11322591 0.1775669885122513 0.08016266040100228 0.3048 -1.5869194662810213 -2.024326912220049
22485 11322591 0.17719137451715913 0.08016453570039875 0.3048 -1.5869194662810213 -2.024326912220049
22485 10561439 0.0367472895135137 0.08020752661678149 0.3048 -1.5869194662810213 -2.024326912220049
22486 11322591 0.17681576052206696 0.08016641099979521 0.3048 -1.5869194662810213 -2.024326912220049
22486 10561439 0.037635225924764926 0.07992083629570243 0.3048 -1.5869194662810213 -2.024326912220049
22487 11322591 0.17644014652697476 0.08016828629919168 0.3048 -1.5869194662810213 -2.024326912220049
22487 10561439 0.03852316233601616 0.07963414597462337 0.3048 -1.5869194662810213 -2.024326912220049
22488 11322591 0.1760645325318826 0.08017016159858815 0.3048 -1.5869194662810213 -2.024326912220049
22488 10561439 0.039411098747267385 0.07934745565354431 0.3048 -1.5869194662810213 -2.024326912220049
22489 11322591 0.17568891853679042 0.08017203689798462 0.3048 -1.5869194662810213 -2.024326912220049
22489 10561439 0.04029903515851861 0.07906076533246525 0.3048 -1.5869194662810213 -2.024326912220049
22490 10561439 0.041186971569769845 0.0787740750113862 0.3048 -1.5869194662810213 -2.024326912220049
22490 11322591 0.17531330454169824 0.08017391219738108 0.3048 -1.5869194662810213 -2.024326912220049
22491 11322591 0.17493769054660605 0.08017578749677755 0.3048 -1.5869194662810213 -2.024326912220049
22491 10561439 0.04207490798102107 0.07848738469030714 0.3048 -1.5869194662810213 -2.024326912220049
22492 10561439 0.0429628443922723 0.07820069436922808 0.3048 -1.5869194662810213 -2.024326912220049
22492 11322591 0.17456207655151387 0.08017766279617401 0.3048 -1.5869194662810213 -2.024326912220049
22493 11322591 0.1741864625564217 0.08017953809557048 0.3048 -1.5869194662810213 -2.024326912220049
22493 10561439 0.04385078080352353 0.07791400404814902 0.3048 -1.5869194662810213 -2.024326912220049
22494 10561439 0.04473871721477476 0.07762731372706996 0.3048 -1.5869194662810213 -2.024326912220049
22494 11322591 0.1738108485613295 0.08018141339496694 0.3048 -1.5869194662810213 -2.024326912220049
22495 11322591 0.17343523456623733 0.0801832886943634 0.3048 -1.5869194662810213 -2.024326912220049
22495 10561439 0.045626653626025984 0.0773406234059909 0.3048 -1.5869194662810213 -2.024326912220049
22496 11322591 0.17305962057114516 0.08018516399375987 0.3048 -1.5869194662810213 -2.024326912220049
22496 10561439 0.04651459003727722 0.07705393308491185 0.3048 -1.5869194662810213 -2.024326912220049
22497 11322591 0.17268400657605298 0.08018703929315633 0.3048 -1.5869194662810213 -2.024326912220049
22497 10561439 0.047402526448528444 0.07676724276383279 0.3048 -1.5869194662810213 -2.024326912220049
22498 10561439 0.04829046285977967 0.07648055244275373 0.3048 -1.5869194662810213 -2.024326912220049
22498 11322591 0.17230839258096078 0.0801889145925528 0.3048 -1.5869194662810213 -2.024326912220049
22499 10561439 0.049178399271030904 0.07619386212167467 0.3048 -1.5869194662810213 -2.024326912220049
22499 11322591 0.1719327785858686 0.08019078989194928 0.3048 -1.5869194662810213 -2.024326912220049
22500 10561439 0.05006633568228213 0.07590717180059561 0.3048 -1.5869194662810213 -2.024326912220049
22500 11322591 0.17155716459077644 0.08019266519134574 0.3048 -1.5869194662810213 -2.024326912220049
22501 10561439 0.050954272093533357 0.07562048147951655 0.3048 -1.5869194662810213 -2.024326912220049
22501 11322591 0.17118155059568424 0.0801945404907422 0.3048 -1.5869194662810213 -2.024326912220049
22502 10561439 0.05184220850478459 0.0753337911584375 0.3048 -1.5869194662810213 -2.024326912220049
22502 11322591 0.17080593660059207 0.08019641579013867 0.3048 -1.5869194662810213 -2.024326912220049
22503 10561439 0.052730144916035816 0.07504710083735844 0.3048 -1.5869194662810213 -2.024326912220049
22503 11322591 0.1704303226054999 0.08019829108953513 0.3048 -1.5869194662810213 -2.024326912220049
22504 10561439 0.05361808132728704 0.07476041051627938 0.3048 -1.5869194662810213 -2.024326912220049
22504 11322591 0.17005470861040772 0.0802001663889316 0.3048 -1.5869194662810213 -2.024326912220049
22505 10561439 0.054506017738538276 0.07447372019520032 0.3048 -1.5869194662810213 -2.024326912220049
22505 11322591 0.16967909461531552 0.08020204168832806 0.3048 -1.5869194662810213 -2.024326912220049
22506 10561439 0.0553939541497895 0.07418702987412126 0.3048 -1.5869194662810213 -2.024326912220049
22506 11322591 0.16930348062022335 0.08020391698772453 0.3048 -1.5869194662810213 -2.024326912220049
22507 10561439 0.05628189056104073 0.0739003395530422 0.3048 -1.5869194662810213 -2.024326912220049
22507 11322591 0.16892786662513118 0.08020579228712099 0.3048 -1.5869194662810213 -2.024326912220049
22508 10561439 0.05716982697229196 0.07361364923196315 0.3048 -1.5869194662810213 -2.024326912220049
22508 11322591 0.16855225263003898 0.08020766758651746 0.3048 -1.5869194662810213 -2.024326912220049
22509 11322591 0.1681766386349468 0.08020954288591392 0.3048 -1.5869194662810213 -2.024326912220049
22509 10561439 0.05805776338354319 0.07332695891088409 0.3048 -1.5869194662810213 -2.024326912220049
22510 10561439 0.058945699794794415 0.07304026858980503 0.3048 -1.5869194662810213 -2.024326912220049
22510 11322591 0.16780102463985463 0.08021141818531038 0.3048 -1.5869194662810213 -2.024326912220049
22511 10561439 0.05983363620604565 0.07275357826872597 0.3048 -1.5869194662810213 -2.024326912220049
22511 11322591 0.16742541064476246 0.08021329348470685 0.3048 -1.5869194662810213 -2.024326912220049
22512 11322591 0.16704979664967026 0.08021516878410333 0.3048 -1.5869194662810213 -2.024326912220049
22512 10561439 0.060721572617296875 0.07246688794764691 0.3048 -1.5869194662810213 -2.024326912220049
22513 10561439 0.0616095090285481 0.07218019762656785 0.3048 -1.5869194662810213 -2.024326912220049
22513 11322591 0.1666741826545781 0.08021704408349979 0.3048 -1.5869194662810213 -2.024326912220049
22514 10561439 0.062497445439799335 0.0718935073054888 0.3048 -1.5869194662810213 -2.024326912220049
22514 11322591 0.16629856865948592 0.08021891938289626 0.3048 -1.5869194662810213 -2.024326912220049
22515 10561439 0.06338538185105055 0.07160681698440974 0.3048 -1.5869194662810213 -2.024326912220049
22515 11322591 0.16592295466439375 0.08022079468229272 0.3048 -1.5869194662810213 -2.024326912220049
22516 11322591 0.16554734066930155 0.08022266998168918 0.3048 -1.5869194662810213 -2.024326912220049
22516 10561439 0.06427331826230179 0.07132012666333068 0.3048 -1.5869194662810213 -2.024326912220049
22517 10561439 0.06516125467355302 0.07103343634225162 0.3048 -1.5869194662810213 -2.024326912220049
22517 11322591 0.16517172667420937 0.08022454528108565 0.3048 -1.5869194662810213 -2.024326912220049
22518 10561439 0.06604919108480425 0.07074674602117256 0.3048 -1.5869194662810213 -2.024326912220049
22518 11322591 0.1647961126791172 0.08022642058048211 0.3048 -1.5869194662810213 -2.024326912220049
22519 10561439 0.06693712749605547 0.0704600557000935 0.3048 -1.5869194662810213 -2.024326912220049
22519 11322591 0.164420498684025 0.08022829587987858 0.3048 -1.5869194662810213 -2.024326912220049
22520 11322591 0.16404488468893283 0.08023017117927504 0.3048 -1.5869194662810213 -2.024326912220049
22520 10561439 0.0678250639073067 0.07017336537901445 0.3048 -1.5869194662810213 -2.024326912220049
22521 10561439 0.06871300031855793 0.06988667505793539 0.3048 -1.5869194662810213 -2.024326912220049
22521 11322591 0.16366927069384066 0.0802320464786715 0.3048 -1.5869194662810213 -2.024326912220049
22522 10561439 0.06960093672980916 0.06959998473685633 0.3048 -1.5869194662810213 -2.024326912220049
22522 11322591 0.16329365669874848 0.08023392177806797 0.3048 -1.5869194662810213 -2.024326912220049
22523 11322591 0.16291804270365629 0.08023579707746445 0.3048 -1.5869194662810213 -2.024326912220049
22523 10561439 0.07048887314106039 0.06931329441577727 0.3048 -1.5869194662810213 -2.024326912220049
22524 11322591 0.1625424287085641 0.08023767237686091 0.3048 -1.5869194662810213 -2.024326912220049
22524 10561439 0.07137680955231163 0.06902660409469821 0.3048 -1.5869194662810213 -2.024326912220049
22525 11322591 0.16216681471347194 0.08023954767625738 0.3048 -1.5869194662810213 -2.024326912220049
22525 10561439 0.07226474596356286 0.06873991377361915 0.3048 -1.5869194662810213 -2.024326912220049
22526 11322591 0.16179120071837977 0.08024142297565384 0.3048 -1.5869194662810213 -2.024326912220049
22526 10561439 0.07315268237481408 0.0684532234525401 0.3048 -1.5869194662810213 -2.024326912220049
22527 10561439 0.0740406187860653 0.06816653313146104 0.3048 -1.5869194662810213 -2.024326912220049
22527 11322591 0.16141558672328757 0.0802432982750503 0.3048 -1.5869194662810213 -2.024326912220049
22528 11322591 0.1610399727281954 0.08024517357444677 0.3048 -1.5869194662810213 -2.024326912220049
22528 10561439 0.07492855519731653 0.06787984281038198 0.3048 -1.5869194662810213 -2.024326912220049
22529 10561439 0.07581649160856777 0.06759315248930292 0.3048 -1.5869194662810213 -2.024326912220049
22529 11322591 0.16066435873310322 0.08024704887384324 0.3048 -1.5869194662810213 -2.024326912220049
22530 10561439 0.076704428019819 0.06730646216822386 0.3048 -1.5869194662810213 -2.024326912220049
22530 11322591 0.16028874473801102 0.0802489241732397 0.3048 -1.5869194662810213 -2.024326912220049
22531 10561439 0.07759236443107023 0.0670197718471448 0.3048 -1.5869194662810213 -2.024326912220049
22531 11322591 0.15991313074291885 0.08025079947263616 0.3048 -1.5869194662810213 -2.024326912220049
22532 10561439 0.07848030084232145 0.06673308152606575 0.3048 -1.5869194662810213 -2.024326912220049
22532 11322591 0.15953751674782668 0.08025267477203263 0.3048 -1.5869194662810213 -2.024326912220049
22533 10561439 0.07936823725357267 0.06644639120498669 0.3048 -1.5869194662810213 -2.024326912220049
22533 11322591 0.1591619027527345 0.08025455007142909 0.3048 -1.5869194662810213 -2.024326912220049
22534 10561439 0.0802561736648239 0.06615970088390763 0.3048 -1.5869194662810213 -2.024326912220049
22534 11322591 0.1587862887576423 0.08025642537082556 0.3048 -1.5869194662810213 -2.024326912220049
22535 11322591 0.15841067476255014 0.08025830067022202 0.3048 -1.5869194662810213 -2.024326912220049
22536 11322591 0.15803506076745796 0.0802601759696185 0.3048 -1.5869194662810213 -2.024326912220049
22537 11322591 0.15765944677236576 0.08026205126901496 0.3048 -1.5869194662810213 -2.024326912220049
22538 11322591 0.1572838327772736 0.08026392656841143 0.3048 -1.5869194662810213 -2.024326912220049
22539 11322591 0.15690821878218142 0.08026580186780789 0.3048 -1.5869194662810213 -2.024326912220049
22540 11322591 0.15653260478708925 0.08026767716720436 0.3048 -1.5869194662810213 -2.024326912220049
22541 11322591 0.15615699079199705 0.08026955246660082 0.3048 -1.5869194662810213 -2.024326912220049
