22626 11322591 0.12260158235301 0.08041022515777352 0.3048 -1.5869194662810213 -2.024326912220049
22627 11322591 0.12059774950176605 0.08039337269964313 0.3048 -1.5869194662810213 -2.024326912220049
22628 11322591 0.12011492273475725 0.07993922692435637 0.3048 -1.5869194662810213 -2.024326912220049
22629 11322591 0.11963209596774844 0.0794850811490696 0.3048 -1.5869194662810213 -2.024326912220049
22630 11322591 0.11914926920073965 0.07903093537378285 0.3048 -1.5869194662810213 -2.024326912220049
22631 11322591 0.11866644243373084 0.07857678959849608 0.3048 -1.5869194662810213 -2.024326912220049
22632 11322591 0.11818361566672204 0.07812264382320933 0.3048 -1.5869194662810213 -2.024326912220049
22633 11322591 0.11770078889971324 0.07766849804792257 0.3048 -1.5869194662810213 -2.024326912220049
22634 11322591 0.11721796213270444 0.0772143522726358 0.3048 -1.5869194662810213 -2.024326912220049
22635 11322591 0.11673513536569563 0.07676020649734905 0.3048 -1.5869194662810213 -2.024326912220049
22636 11322591 0.11625230859868683 0.07630606072206228 0.3048 -1.5869194662810213 -2.024326912220049
22637 11322591 0.11576948183167804 0.07585191494677553 0.3048 -1.5869194662810213 -2.024326912220049
22638 11322591 0.11528665506466923 0.07539776917148877 0.3048 -1.5869194662810213 -2.024326912220049
22639 11322591 0.11480382829766043 0.074943623396202 0.3048 -1.5869194662810213 -2.024326912220049
22640 11322591 0.11432100153065163 0.07448947762091525 0.3048 -1.5869194662810213 -2.024326912220049
22641 11322591 0.11383817476364283 0.07403533184562848 0.3048 -1.5869194662810213 -2.024326912220049
22642 11322591 0.11335534799663402 0.07358118607034173 0.3048 -1.5869194662810213 -2.024326912220049
22643 11322591 0.11287252122962523 0.07312704029505497 0.3048 -1.5869194662810213 -2.024326912220049
22644 11322591 0.11238969446261642 0.0726728945197682 0.3048 -1.5869194662810213 -2.024326912220049
22645 11322591 0.11190686769560762 0.07221874874448145 0.3048 -1.5869194662810213 -2.024326912220049
22646 11322591 0.11142404092859881 0.07176460296919468 0.3048 -1.5869194662810213 -2.024326912220049
22647 11322591 0.11094121416159002 0.07131045719390793 0.3048 -1.5869194662810213 -2.024326912220049
22648 11322591 0.11045838739458122 0.07085631141862117 0.3048 -1.5869194662810213 -2.024326912220049
22649 11322591 0.10997556062757241 0.0704021656433344 0.3048 -1.5869194662810213 -2.024326912220049
22650 11322591 0.10949273386056362 0.06994801986804765 0.3048 -1.5869194662810213 -2.024326912220049
22651 11322591 0.1090099070935548 0.06949387409276088 0.3048 -1.5869194662810213 -2.024326912220049
22652 11322591 0.10852708032654601 0.06903972831747412 0.3048 -1.5869194662810213 -2.024326912220049
22653 11322591 0.1080442535595372 0.06858558254218736 0.3048 -1.5869194662810213 -2.024326912220049
22654 11322591 0.1075614267925284 0.0681314367669006 0.3048 -1.5869194662810213 -2.024326912220049
22655 11322591 0.10707860002551961 0.06767729099161385 0.3048 -1.5869194662810213 -2.024326912220049
22656 11322591 0.1065957732585108 0.06722314521632708 0.3048 -1.5869194662810213 -2.024326912220049
22657 11322591 0.106112946491502 0.06676899944104032 0.3048 -1.5869194662810213 -2.024326912220049
22658 11322591 0.1056301197244932 0.06631485366575357 0.3048 -1.5869194662810213 -2.024326912220049
22659 11322591 0.1051472929574844 0.0658607078904668 0.3048 -1.5869194662810213 -2.024326912220049
22660 11322591 0.10466446619047559 0.06540656211518005 0.3048 -1.5869194662810213 -2.024326912220049
22661 11322591 0.1041816394234668 0.06495241633989328 0.3048 -1.5869194662810213 -2.024326912220049
22662 11322591 0.103698812656458 0.06449827056460652 0.3048 -1.5869194662810213 -2.024326912220049
22663 11322591 0.10321598588944919 0.06404412478931976 0.3048 -1.5869194662810213 -2.024326912220049
22664 11322591 0.10273315912244038 0.063589979014033 0.3048 -1.5869194662810213 -2.024326912220049
22665 11322591 0.10225033235543159 0.06313583323874625 0.3048 -1.5869194662810213 -2.024326912220049
22666 11322591 0.10176750558842279 0.06268168746345948 0.3048 -1.5869194662810213 -2.024326912220049
22667 11322591 0.10128467882141398 0.062227541688172724 0.3048 -1.5869194662810213 -2.024326912220049
22668 11322591 0.10080185205440519 0.06177339591288596 0.3048 -1.5869194662810213 -2.024326912220049
22669 11322591 0.10031902528739638 0.0613192501375992 0.3048 -1.5869194662810213 -2.024326912220049
22670 11322591 0.09983619852038758 0.06086510436231245 0.3048 -1.5869194662810213 -2.024326912220049
22671 11322591 0.09935337175337877 0.06041095858702568 0.3048 -1.5869194662810213 -2.024326912220049
22672 11322591 0.09887054498636998 0.059956812811738924 0.3048 -1.5869194662810213 -2.024326912220049
22673 11322591 0.09838771821936118 0.05950266703645216 0.3048 -1.5869194662810213 -2.024326912220049
22674 11322591 0.09790489145235237 0.0590485212611654 0.3048 -1.5869194662810213 -2.024326912220049
22675 11322591 0.09742206468534356 0.05859437548587865 0.3048 -1.5869194662810213 -2.024326912220049
22676 11322591 0.09693923791833477 0.05814022971059188 0.3048 -1.5869194662810213 -2.024326912220049
22677 11322591 0.09645641115132597 0.057686083935305124 0.3048 -1.5869194662810213 -2.024326912220049
22678 11322591 0.09597358438431716 0.05723193816001836 0.3048 -1.5869194662810213 -2.024326912220049
22679 11322591 0.09549075761730837 0.0567777923847316 0.3048 -1.5869194662810213 -2.024326912220049
22680 11322591 0.09500793085029957 0.05632364660944485 0.3048 -1.5869194662810213 -2.024326912220049
22681 11322591 0.09452510408329076 0.05586950083415808 0.3048 -1.5869194662810213 -2.024326912220049
22682 11322591 0.09404227731628195 0.055415355058871324 0.3048 -1.5869194662810213 -2.024326912220049
22683 11322591 0.09355945054927316 0.05496120928358456 0.3048 -1.5869194662810213 -2.024326912220049
22684 11322591 0.09307662378226436 0.0545070635082978 0.3048 -1.5869194662810213 -2.024326912220049
22685 11322591 0.09259379701525555 0.05405291773301105 0.3048 -1.5869194662810213 -2.024326912220049
22686 11322591 0.09211097024824676 0.05359877195772428 0.3048 -1.5869194662810213 -2.024326912220049
22687 11322591 0.09162814348123795 0.053144626182437524 0.3048 -1.5869194662810213 -2.024326912220049
