27317 10785196 0.747723006939259 0.002068997983921293 0.31157333333333337 2.0566212421265475 0.06844913464651936
27318 10785196 0.8240632348553368 0.0007531273666558061 0.31834666666666667 2.0566212421265475 0.06844913464651936
27319 10785196 0.9004034627714146 -0.0005627432506096807 0.32512 2.0566212421265475 0.06844913464651936
27320 10785196 0.9767436906874924 -0.001878613867875168 0.3318933333333333 2.0566212421265475 0.06844913464651936
27321 10785196 1.05308391860357 -0.003194484485140655 0.33866666666666667 2.0566212421265475 0.06844913464651936
27322 10785196 1.129424146519648 -0.0045103551024061415 0.34543999999999997 2.0566212421265475 0.06844913464651936
27323 10785196 1.2057643744357258 -0.005826225719671629 0.3522133333333333 2.0566212421265475 0.06844913464651936
27324 10785196 1.2821046023518035 -0.007142096336937116 0.3589866666666667 2.0566212421265475 0.06844913464651936
27325 10785196 1.3584448302678813 -0.008457966954202603 0.36576 2.0566212421265475 0.06844913464651936
27326 10785196 1.4096412651389143 -0.009410097430992304 0.36576 2.0566212421265475 0.06844913464651936
27327 10785196 1.5258633942715982 -0.0097555973499876 0.37338 2.0566212421265475 0.06844913464651936
27328 10785196 1.6143132550674195 -0.010841598846919681 0.38862 2.0566212421265475 0.06844913464651936
27329 10785196 1.698932497075061 -0.012778288785748132 0.40386 2.0566212421265475 0.06844913464651936
27330 10785196 1.790798443885 -0.014277042633080633 0.41148 2.0566212421265475 0.06844913464651936
27331 10785196 1.8808274220705996 -0.01867943165139943 0.42672000000000004 2.0566212421265475 0.06844913464651936
27332 10785196 1.9541302786840395 -0.018552746599793016 0.43815000000000004 2.0566212421265475 0.06844913464651936
27333 10785196 2.0274331352974793 -0.0184260615481866 0.44958000000000004 2.0566212421265475 0.06844913464651936
27334 10785196 2.0971342939807527 -0.01980908330725667 0.46482000000000007 2.0566212421265475 0.06844913464651936
27335 10785196 2.193666140614342 -0.020607085475350645 0.48006 2.0566212421265475 0.06844913464651936
27336 10785196 2.323871172764684 -0.024338283586445103 0.50292 2.0566212421265475 0.06844913464651936
27337 10785196 2.42472467129696 -0.02549310772714672 0.51054 2.0566212421265475 0.06844913464651936
27338 10785196 2.5172292496389552 -0.02882716365253593 0.52578 2.0566212421265475 0.06844913464651936
27339 10785196 2.6363356005555874 -0.030097628045003794 0.54864 2.0566212421265475 0.06844913464651936
27340 10785196 2.739275381497099 -0.030294001113449404 0.56388 2.0566212421265475 0.06844913464651936
27341 10785196 2.841066709642293 -0.032917712801182525 0.57912 2.0566212421265475 0.06844913464651936
27342 10785196 2.944006710952097 -0.03147600456772645 0.6019800000000001 2.0566212421265475 0.06844913464651936
27343 10785196 3.042796237275671 -0.029145435900222588 0.6096 2.0566212421265475 0.06844913464651936
27344 10785196 3.1516653995242914 -0.02367877327786841 0.63246 2.0566212421265475 0.06844913464651936
27345 10785196 3.2136678124986644 -0.019384602930678813 0.64008 2.0566212421265475 0.06844913464651936
27346 10785196 3.2756702254730374 -0.015090432583489216 0.6477 2.0566212421265475 0.06844913464651936
27347 10785196 3.4020271069479007 -0.002011187061208425 0.6781800000000001 2.0566212421265475 0.06844913464651936
27348 10785196 3.541720902081935 0.0179316325026235 0.69342 2.0566212421265475 0.06844913464651936
27349 10785196 3.6426002170492957 0.03185295372640903 0.7162800000000001 2.0566212421265475 0.06844913464651936
27350 10785196 3.752218607713278 0.052151956118723114 0.7239000000000001 2.0566212421265475 0.06844913464651936
27351 10785196 3.861790266504353 0.07258438637575568 0.73914 2.0566212421265475 0.06844913464651936
27352 10785196 4.017474209476154 0.11815560228382746 0.762 2.0566212421265475 0.06844913464651936
27353 10785196 4.082259282058849 0.1343972554868271 0.76962 2.0566212421265475 0.06844913464651936
27354 10785196 4.2637531143272485 0.1926942651801324 0.77724 2.0566212421265475 0.06844913464651936
27355 10785196 4.375723550858294 0.22975499388410311 0.7924800000000001 2.0566212421265475 0.06844913464651936
27356 10785196 4.4860225995221645 0.2753053061425613 0.8001 2.0566212421265475 0.06844913464651936
27357 10785196 4.580370132124407 0.3141458289226745 0.80772 2.0566212421265475 0.06844913464651936
27358 10785196 4.691792629327015 0.3658731513304435 0.82296 2.0566212421265475 0.06844913464651936
27359 10785196 4.768683653462457 0.4063216193107566 0.83439 2.0566212421265475 0.06844913464651936
27360 10785196 4.8455746775979 0.4467700872910697 0.84582 2.0566212421265475 0.06844913464651936
27361 10785196 4.978142316056562 0.5211556369996889 0.86106 2.0566212421265475 0.06844913464651936
27362 10785196 5.020146935585558 0.5503236537655195 0.8686800000000001 2.0566212421265475 0.06844913464651936
27363 10785196 5.149446524118986 0.6310333636710003 0.8915400000000001 2.0566212421265475 0.06844913464651936
27364 10785196 5.312541378742711 0.7489638771610402 0.9220200000000001 2.0566212421265475 0.06844913464651936
27365 10785196 5.414931082052384 0.8315608307600401 0.9448799999999999 2.0566212421265475 0.06844913464651936
27366 10785196 5.517501573464001 0.9119970775353418 0.96774 2.0566212421265475 0.06844913464651936
27367 10785196 5.611451278654133 0.9959461324816724 0.9906 2.0566212421265475 0.06844913464651936
27368 10785196 5.674819627427837 1.0596156249215436 1.00584 2.0566212421265475 0.06844913464651936
27369 10785196 5.738187976201542 1.1232851173614147 1.02108 2.0566212421265475 0.06844913464651936
