14467 10561439 1.4392666353746941 0.06701208771434422 0.36576 2.516863095951969 0.5306722116665529
14468 10561439 1.4421723038399938 0.06571248836521404 0.36576 2.516863095951969 0.5306722116665529
14469 10561439 1.4436296365780534 0.06295004778135113 0.36576 2.516863095951969 0.5306722116665529
14470 10561439 1.4450869693161128 0.06018760719748822 0.36576 2.516863095951969 0.5306722116665529
14471 10561439 1.4465443020541724 0.05742516661362531 0.36576 2.516863095951969 0.5306722116665529
14472 10561439 1.448001634792232 0.0546627260297624 0.36576 2.516863095951969 0.5306722116665529
14473 10561439 1.4494589675302916 0.05190028544589949 0.36576 2.516863095951969 0.5306722116665529
14474 10561439 1.450916300268351 0.04913784486203658 0.36576 2.516863095951969 0.5306722116665529
14475 10561439 1.4523736330064105 0.046375404278173674 0.36576 2.516863095951969 0.5306722116665529
14476 10561439 1.4490115176845308 0.0431511384510081 0.36576 2.516863095951969 0.5306722116665529
14477 10561439 1.4492013968979611 0.03666380538550133 0.36576 2.516863095951969 0.5306722116665529
14478 10561439 1.4476497596892308 0.03191356685305101 0.36576 2.516863095951969 0.5306722116665529
14479 10561439 1.4511992222813845 0.025380262660869443 0.36576 2.516863095951969 0.5306722116665529
14480 10561439 1.4478383729682696 0.023791115426453895 0.36576 2.516863095951969 0.5306722116665529
14481 10561439 1.4444775236551548 0.022201968192038346 0.36576 2.516863095951969 0.5306722116665529
14482 10561439 1.4418124377069736 0.020101841868308015 0.36576 2.516863095951969 0.5306722116665529
14483 10561439 1.4391473517587927 0.018001715544577686 0.36576 2.516863095951969 0.5306722116665529
14484 10561439 1.4364822658106116 0.015901589220847355 0.36576 2.516863095951969 0.5306722116665529
14485 10561439 1.4338171798624306 0.013801462897117025 0.36576 2.516863095951969 0.5306722116665529
14486 10561439 1.4311520939142495 0.011701336573386695 0.36576 2.516863095951969 0.5306722116665529
14487 10561439 1.4284870079660685 0.009601210249656364 0.36576 2.516863095951969 0.5306722116665529
14488 10561439 1.4258219220178874 0.007501083925926036 0.36576 2.516863095951969 0.5306722116665529
14489 10561439 1.417333435184709 0.006798339253192476 0.36576 2.516863095951969 0.5306722116665529
14490 10561439 1.4088449483515302 0.006095594580458916 0.36576 2.516863095951969 0.5306722116665529
14491 10561439 1.4003564615183515 0.005392849907725357 0.36576 2.516863095951969 0.5306722116665529
14492 10561439 1.391867974685173 0.004690105234991797 0.36576 2.516863095951969 0.5306722116665529
14493 10561439 1.3833794878519945 0.003987360562258237 0.36576 2.516863095951969 0.5306722116665529
14494 10561439 1.3748910010188158 0.0032846158895246773 0.36576 2.516863095951969 0.5306722116665529
14495 10561439 1.366402514185637 0.0025818712167911175 0.36576 2.516863095951969 0.5306722116665529
14496 10561439 1.3579140273524586 0.0018791265440575577 0.36576 2.516863095951969 0.5306722116665529
14497 10561439 1.3440009434770441 -0.003739784712869801 0.36576 2.516863095951969 0.5306722116665529
14498 10561439 1.324413180720069 -0.0029877319871748215 0.36576 2.516863095951969 0.5306722116665529
14499 10561439 1.3048254179630938 -0.002235679261479842 0.36576 2.516863095951969 0.5306722116665529
14500 10561439 1.2852376552061187 -0.0014836265357848627 0.36576 2.516863095951969 0.5306722116665529
14501 10561439 1.2684051228802928 -0.0013589280719239483 0.36576 2.516863095951969 0.5306722116665529
14502 10561439 1.2411408940398183 0.002173541789911415 0.36576 2.516863095951969 0.5306722116665529
14503 10561439 1.2138952770115838 0.00032609021959083273 0.36576 2.516863095951969 0.5306722116665529
14504 10561439 1.2027345707255497 0.0002336503589698326 0.36576 2.516863095951969 0.5306722116665529
14505 10561439 1.1915738644395153 0.0001412104983488325 0.36576 2.516863095951969 0.5306722116665529
14506 10561439 1.1804131581534811 4.877063772783241e-05 0.36576 2.516863095951969 0.5306722116665529
14507 10561439 1.1502466734908414 0.0004805722159166507 0.36779199999999995 2.516863095951969 0.5306722116665529
14508 10561439 1.120080188828202 0.000912373794105469 0.369824 2.516863095951969 0.5306722116665529
14509 10561439 1.0899137041655622 0.0013441753722942872 0.37185599999999996 2.516863095951969 0.5306722116665529
14510 10561439 1.0597472195029227 0.0017759769504831055 0.373888 2.516863095951969 0.5306722116665529
14511 10561439 1.029580734840283 0.0022077785286719236 0.37592 2.516863095951969 0.5306722116665529
14512 10561439 0.9994142501776435 0.002639580106860742 0.377952 2.516863095951969 0.5306722116665529
14513 10561439 0.9692477655150038 0.0030713816850495602 0.379984 2.516863095951969 0.5306722116665529
14514 10561439 0.9390812808523643 0.0035031832632383786 0.382016 2.516863095951969 0.5306722116665529
14515 10561439 0.9089147961897246 0.003934984841427197 0.384048 2.516863095951969 0.5306722116665529
14516 10561439 0.8787483115270851 0.004366786419616015 0.38608000000000003 2.516863095951969 0.5306722116665529
14517 10561439 0.8485818268644454 0.0047985879978048335 0.388112 2.516863095951969 0.5306722116665529
14518 10561439 0.8184153422018058 0.005230389575993651 0.39014400000000005 2.516863095951969 0.5306722116665529
14519 10561439 0.7882488575391662 0.00566219115418247 0.392176 2.516863095951969 0.5306722116665529
14520 10561439 0.7580823728765266 0.006093992732371288 0.39420800000000006 2.516863095951969 0.5306722116665529
14521 10561439 0.727915888213887 0.006525794310560107 0.39624000000000004 2.516863095951969 0.5306722116665529
14522 10561439 0.6961288360243281 0.00464525966969484 0.39624000000000004 2.516863095951969 0.5306722116665529
14523 10561439 0.6627208984382726 0.006955227931031293 0.39624000000000004 2.516863095951969 0.5306722116665529
14524 10561439 0.6293129608522171 0.009265196192367747 0.39624000000000004 2.516863095951969 0.5306722116665529
14525 10561439 0.5959050232661617 0.011575164453704198 0.39624000000000004 2.516863095951969 0.5306722116665529
14526 10561439 0.5630415775069164 0.011565661710204525 0.39624000000000004 2.516863095951969 0.5306722116665529
14527 10561439 0.551504700293491 0.009961470069203199 0.39624000000000004 2.516863095951969 0.5306722116665529
14528 10561439 0.5106781779141119 0.017110596579032106 0.39624000000000004 2.516863095951969 0.5306722116665529
14529 10561439 0.48680572990578486 0.01845687410931594 0.40386000000000005 2.516863095951969 0.5306722116665529
14530 10561439 0.46293328189745786 0.019803151639599774 0.41148000000000007 2.516863095951969 0.5306722116665529
14531 10561439 0.4347100428415574 0.022104040970280122 0.41910000000000003 2.516863095951969 0.5306722116665529
14532 10561439 0.40648680378565694 0.02440493030096047 0.42672000000000004 2.516863095951969 0.5306722116665529
14533 10561439 0.3580101960634079 0.029615416529951977 0.42672000000000004 2.516863095951969 0.5306722116665529
14534 10561439 0.32633212235411335 0.034593704612319615 0.42672000000000004 2.516863095951969 0.5306722116665529
14535 10561439 0.29346842861691247 0.03458545262720575 0.42672000000000004 2.516863095951969 0.5306722116665529
14536 10561439 0.2630284813045596 0.03927621770411274 0.42672000000000004 2.516863095951969 0.5306722116665529
14537 10561439 0.24178201170381564 0.04084570407645813 0.42672000000000004 2.516863095951969 0.5306722116665529
14538 10561439 0.20450485653847317 0.04228022861809341 0.45720000000000005 2.516863095951969 0.5306722116665529
14539 10561439 0.17505029761469248 0.046181999088377584 0.45720000000000005 2.516863095951969 0.5306722116665529
14540 10561439 0.14812901696070346 0.04913911015851016 0.45720000000000005 2.516863095951969 0.5306722116665529
14541 10561439 0.11041606712802776 0.05059970446009307 0.45720000000000005 2.516863095951969 0.5306722116665529
14542 10561439 0.07864720429826477 0.05666022855619074 0.45720000000000005 2.516863095951969 0.5306722116665529
14543 10561439 0.04712878261444009 0.060769753189798825 0.45720000000000005 2.516863095951969 0.5306722116665529
14544 10561439 0.002417555161670637 0.07071028729476422 0.45720000000000005 2.516863095951969 0.5306722116665529
14545 10561439 -0.031577153997795704 0.0753958802926151 0.45720000000000005 2.516863095951969 0.5306722116665529
14546 10561439 -0.04806901031132427 0.0787418422902933 0.45720000000000005 2.516863095951969 0.5306722116665529
14547 10561439 -0.06456086662485283 0.0820878042879715 0.45720000000000005 2.516863095951969 0.5306722116665529
14548 10561439 -0.09812638456405076 0.0918908446788573 0.45720000000000005 2.516863095951969 0.5306722116665529
14549 10561439 -0.1494984298038471 0.10319176052574078 0.48768 2.516863095951969 0.5306722116665529
14550 10561439 -0.1851413152096506 0.11098715058654215 0.48768 2.516863095951969 0.5306722116665529
14551 10561439 -0.211317171578002 0.11405245615854073 0.48768 2.516863095951969 0.5306722116665529
14552 10561439 -0.24304902206597534 0.12267267260686657 0.48768 2.516863095951969 0.5306722116665529
14553 10561439 -0.27823850698691865 0.1250628832518829 0.48768 2.516863095951969 0.5306722116665529
14554 10561439 -0.3280529534969616 0.1343371441011668 0.48768 2.516863095951969 0.5306722116665529
14555 10561439 -0.3596603887290992 0.14116474409840543 0.48768 2.516863095951969 0.5306722116665529
14556 10561439 -0.39197406557011427 0.14121339361750998 0.48768 2.516863095951969 0.5306722116665529
14557 10561439 -0.44894538214600277 0.14897267942540807 0.48768 2.516863095951969 0.5306722116665529
14558 10561439 -0.4850105393471422 0.14732732402541912 0.48768 2.516863095951969 0.5306722116665529
14559 10561439 -0.49824173344805534 0.1489657751278599 0.50292 2.516863095951969 0.5306722116665529
14560 10561439 -0.5114729275489684 0.1506042262303007 0.5181600000000001 2.516863095951969 0.5306722116665529
14561 10561439 -0.5709031629630565 0.15356033601481475 0.5181600000000001 2.516863095951969 0.5306722116665529
14562 10561439 -0.5877020378320117 0.15379499769340074 0.5181600000000001 2.516863095951969 0.5306722116665529
14563 10561439 -0.6447077424561463 0.15058464174511735 0.5181600000000001 2.516863095951969 0.5306722116665529
14564 10561439 -0.682101957213749 0.15030939521640738 0.5181600000000001 2.516863095951969 0.5306722116665529
14565 10561439 -0.7261139812082971 0.14880987062765585 0.5181600000000001 2.516863095951969 0.5306722116665529
14566 10561439 -0.7657861977733604 0.152434373760131 0.5181600000000001 2.516863095951969 0.5306722116665529
14567 10561439 -0.7895222276128986 0.15318515517993023 0.5181600000000001 2.516863095951969 0.5306722116665529
14568 10561439 -0.8388580024241596 0.14898723134258748 0.5181600000000001 2.516863095951969 0.5306722116665529
14569 10561439 -0.8788823776091714 0.14501634610043443 0.5181600000000001 2.516863095951969 0.5306722116665529
14570 10561439 -0.9335436893486071 0.1473505960423894 0.54864 2.516863095951969 0.5306722116665529
14571 10561439 -0.9516672321069162 0.14761028960141795 0.54864 2.516863095951969 0.5306722116665529
14572 10561439 -0.9697907748652252 0.1478699831604465 0.54864 2.516863095951969 0.5306722116665529
14573 10561439 -1.007383973141702 0.14427311653931804 0.54864 2.516863095951969 0.5306722116665529
14574 10561439 -1.041819236526241 0.14490138953545692 0.54864 2.516863095951969 0.5306722116665529
14575 10561439 -1.0957026106951455 0.14581404198358403 0.54864 2.516863095951969 0.5306722116665529
14576 10561439 -1.134212341136221 0.14321850133460565 0.54864 2.516863095951969 0.5306722116665529
14577 10561439 -1.1683164785107818 0.14268752197313814 0.57912 2.516863095951969 0.5306722116665529
14578 10561439 -1.2044706537175347 0.1445796587099145 0.57912 2.516863095951969 0.5306722116665529
14579 10561439 -1.2316843691006005 0.1428471435641376 0.57912 2.516863095951969 0.5306722116665529
14580 10561439 -1.2757664776675772 0.14113992494178781 0.57912 2.516863095951969 0.5306722116665529
14581 10561439 -1.3294795453788881 0.14094696258736758 0.57912 2.516863095951969 0.5306722116665529
14582 10561439 -1.3437802016406246 0.14013256576686015 0.57912 2.516863095951969 0.5306722116665529
14583 10561439 -1.358080857902361 0.1393181689463527 0.57912 2.516863095951969 0.5306722116665529
14584 10561439 -1.3962458795555202 0.13777952785120126 0.57912 2.516863095951969 0.5306722116665529
14585 10561439 -1.4476676297251834 0.13590328501031732 0.57912 2.516863095951969 0.5306722116665529
14586 10561439 -1.4984989560832636 0.13909198785488594 0.57912 2.516863095951969 0.5306722116665529
14587 10561439 -1.5359532258658783 0.13755523522469978 0.57912 2.516863095951969 0.5306722116665529
14588 10561439 -1.5753781656432115 0.1375979304628416 0.6096 2.516863095951969 0.5306722116665529
14589 10561439 -1.6137273577332902 0.13577006094376717 0.6096 2.516863095951969 0.5306722116665529
14590 10561439 -1.6514897266789863 0.13573669435019795 0.6096 2.516863095951969 0.5306722116665529
14591 10561439 -1.69036058693682 0.13910391168972389 0.6096 2.516863095951969 0.5306722116665529
14592 10561439 -1.7268158459792147 0.13899388440753077 0.6096 2.516863095951969 0.5306722116665529
14593 10561439 -1.769017855676011 0.1376091529662928 0.6096 2.516863095951969 0.5306722116665529
14594 10561439 -1.8307721322051316 0.13619425965171014 0.6096 2.516863095951969 0.5306722116665529
14595 10561439 -1.8494579825303454 0.13663998561780563 0.6096 2.516863095951969 0.5306722116665529
14596 10561439 -1.8681438328555593 0.13708571158390112 0.6096 2.516863095951969 0.5306722116665529
14597 10561439 -1.9254962280511745 0.13446529813473748 0.6400800000000001 2.516863095951969 0.5306722116665529
14598 10561439 -1.965584142315081 0.13682997294726526 0.6400800000000001 2.5465782646875845 -0.36214911544938266
14599 10561439 -2.009667650676808 0.13512730578651796 0.6400800000000001 2.5465782646875845 -0.36214911544938266
14600 10561439 -2.017826817502649 0.13516758716696234 0.6400800000000001 2.5465782646875845 -0.36214911544938266
14601 10561439 -2.02598598432849 0.1352078685474067 0.6400800000000001 2.5465782646875845 -0.36214911544938266
14602 10561439 -2.0948654247582112 0.1407996479523966 0.6400800000000001 2.5465782646875845 -0.36214911544938266
14603 10561439 -2.142908669246631 0.14600156131236194 0.6400800000000001 2.5465782646875845 -0.36214911544938266
14604 10561439 -2.167560070938741 0.1493928853519114 0.6400800000000001 2.5465782646875845 -0.36214911544938266
14605 10561439 -2.2280460827010664 0.16380723654888915 0.6400800000000001 2.5465782646875845 -0.36214911544938266
14606 10561439 -2.261668399893427 0.1739897230654148 0.6400800000000001 2.5465782646875845 -0.36214911544938266
14607 10561439 -2.3015475180775926 0.1878552973540177 0.67056 2.5465782646875845 -0.36214911544938266
14608 10561439 -2.3651963239190756 0.213237341584904 0.67056 2.5465782646875845 -0.36214911544938266
14609 10561439 -2.3792294157801495 0.2205747226910679 0.67056 2.5465782646875845 -0.36214911544938266
14610 10561439 -2.3932625076412233 0.22791210379723179 0.67056 2.5465782646875845 -0.36214911544938266
14611 10561439 -2.4302749598353595 0.25053850949098055 0.67056 2.5465782646875845 -0.36214911544938266
14612 10561439 -2.4718070551456277 0.28107042736835597 0.67056 2.5465782646875845 -0.36214911544938266
14613 10561439 -2.5063935130925117 0.30839519280683947 0.67056 2.5465782646875845 -0.36214911544938266
14614 10561439 -2.543884506482261 0.3420454488186748 0.67056 2.5465782646875845 -0.36214911544938266
14615 10561439 -2.5698269136347376 0.3670095034746568 0.7010400000000001 2.5465782646875845 -0.36214911544938266
14616 10561439 -2.596508417508022 0.3967724846287175 0.7010400000000001 2.5465782646875845 -0.36214911544938266
14617 10561439 -2.609206097356906 0.41226153105280944 0.7010400000000001 2.5465782646875845 -0.36214911544938266
14618 10561439 -2.62190377720579 0.4277505774769014 0.7010400000000001 2.5465782646875845 -0.36214911544938266
14619 10561439 -2.6491614531020673 0.46389520109746185 0.7010400000000001 2.5465782646875845 -0.36214911544938266
14620 10561439 -2.673932036123058 0.5076389303330302 0.7010400000000001 2.5465782646875845 -0.36214911544938266
14621 10561439 -2.68978098705196 0.5422704220412797 0.7010400000000001 2.5465782646875845 -0.36214911544938266
14622 10561439 -2.710118743660172 0.581642673590714 0.7010400000000001 2.5465782646875845 -0.36214911544938266
14623 10561439 -2.725693048499018 0.6154834265364483 0.7010400000000001 2.5465782646875845 -0.36214911544938266
14624 10561439 -2.737040150539163 0.6459544776287653 0.7010400000000001 2.5465782646875845 -0.36214911544938266
14625 10561439 -2.750825892033048 0.687973451827954 0.73152 2.5465782646875845 -0.36214911544938266
14626 10561439 -2.770347286330775 0.7368940200131371 0.73152 2.5465782646875845 -0.36214911544938266
14627 10561439 -2.7776633014789436 0.7715377607227717 0.73152 2.5465782646875845 -0.36214911544938266
14628 10561439 -2.7843406351122524 0.7904904762362467 0.73152 2.5465782646875845 -0.36214911544938266
14629 10561439 -2.791017968745561 0.8094431917497217 0.73152 2.5465782646875845 -0.36214911544938266
14630 10561439 -2.8028761812016256 0.8600625252732144 0.73152 2.5465782646875845 -0.36214911544938266
14631 10561439 -2.813427649816383 0.8929610710783925 0.73152 2.5465782646875845 -0.36214911544938266
14632 10561439 -2.822905935783396 0.9307665069079019 0.73152 2.5465782646875845 -0.36214911544938266
14633 10561439 -2.834373063650779 0.9646659423283191 0.762 2.5465782646875845 -0.36214911544938266
14634 10561439 -2.8431299835043404 1.0014174795400776 0.762 2.5465782646875845 -0.36214911544938266
14635 10561439 -2.8630078207347394 1.0562979462228577 0.762 2.5465782646875845 -0.36214911544938266
14636 10561439 -2.871448904046556 1.0804436795904757 0.762 2.5465782646875845 -0.36214911544938266
14637 10561439 -2.878886405231557 1.1046699458091553 0.762 2.5465782646875845 -0.36214911544938266
14638 10561439 -2.886323906416558 1.1288962120278347 0.762 2.5465782646875845 -0.36214911544938266
14639 10561439 -2.8999684179678367 1.171337458300507 0.762 2.5465782646875845 -0.36214911544938266
14640 10561439 -2.9116738661234693 1.2061332905115578 0.762 2.5465782646875845 -0.36214911544938266
14641 10561439 -2.92724467482764 1.2399743120722007 0.7924800000000001 2.5465782646875845 -0.36214911544938266
14642 10561439 -2.93852745104281 1.2733466233293096 0.7924800000000001 2.5465782646875845 -0.36214911544938266
14643 10561439 -2.951203720597663 1.3187430230422847 0.7924800000000001 2.5465782646875845 -0.36214911544938266
14644 10561439 -2.9604401462506456 1.355652154908548 0.7924800000000001 2.5465782646875845 -0.36214911544938266
14645 10561439 -2.96649851606441 1.3732344166753516 0.7924800000000001 2.5465782646875845 -0.36214911544938266
14646 10561439 -2.9725568858781743 1.3908166784421554 0.7924800000000001 2.5465782646875845 -0.36214911544938266
14647 10561439 -2.975720207262275 1.4245695031001369 0.7924800000000001 2.5465782646875845 -0.36214911544938266
14648 10561439 -2.982582334823202 1.4698157305760646 0.7924800000000001 2.5465782646875845 -0.36214911544938266
14649 10561439 -2.9879602362118884 1.5103696435066567 0.7924800000000001 2.5465782646875845 -0.36214911544938266
14650 10561439 -2.985904846804451 1.5692893009636446 0.7924800000000001 2.5465782646875845 -0.36214911544938266
14651 10561439 -2.9879291030129833 1.5972943823256565 0.7924800000000001 2.5465782646875845 -0.36214911544938266
14652 10561439 -2.982497195166353 1.6355951670712003 0.7924800000000001 2.5465782646875845 -0.36214911544938266
14653 10561439 -2.9746661204246028 1.6757981043014654 0.82296 2.5465782646875845 -0.36214911544938266
14654 10561439 -2.966136393279985 1.7154217998129753 0.82296 2.5465782646875845 -0.36214911544938266
14655 10561439 -2.960558474717521 1.7514546941365554 0.82296 2.5465782646875845 -0.36214911544938266
14656 10561439 -2.9545316019401344 1.77664901416257 0.82296 2.5465782646875845 -0.36214911544938266
14657 10561439 -2.9485047291627478 1.8018433341885844 0.82296 2.5465782646875845 -0.36214911544938266
14658 10561439 -2.938745150514414 1.8354557351427052 0.82296 2.5465782646875845 -0.36214911544938266
14659 10561439 -2.930758066982105 1.8723358782395088 0.82296 2.5465782646875845 -0.36214911544938266
14660 10561439 -2.911469004294088 1.9149810190620602 0.82296 2.5465782646875845 -0.36214911544938266
14661 10561439 -2.9018300410353213 1.9444263714256207 0.82296 2.5465782646875845 -0.36214911544938266
14662 10561439 -2.886279863739767 1.9783633423780433 0.82296 2.5465782646875845 -0.36214911544938266
14663 10561439 -2.8633903215017247 2.02929459339193 0.8534400000000001 2.5465782646875845 -0.36214911544938266
14664 10561439 -2.84815117145573 2.062281756164089 0.8534400000000001 2.5465782646875845 -0.36214911544938266
14665 10561439 -2.8286744209091594 2.100074710048116 0.8534400000000001 2.5465782646875845 -0.36214911544938266
14666 10561439 -2.8132011171705873 2.1364906808399824 0.8534400000000001 2.5465782646875845 -0.36214911544938266
14667 10561439 -2.79629450475007 2.165076031034524 0.8534400000000001 2.5465782646875845 -0.36214911544938266
14668 10561439 -2.771985306597748 2.222787192306109 0.8534400000000001 2.5465782646875845 -0.36214911544938266
14669 10561439 -2.767224118316885 2.240859132259164 0.8534400000000001 2.5465782646875845 -0.36214911544938266
14670 10561439 -2.7624629300360217 2.258931072212219 0.8534400000000001 2.5465782646875845 -0.36214911544938266
14671 10561439 -2.7542968574977067 2.276823224703823 0.8534400000000001 2.5465782646875845 -0.36214911544938266
14672 10561439 -2.7366429543731616 2.330753722704242 0.88392 2.5465782646875845 -0.36214911544938266
14673 10561439 -2.7229402607159203 2.3796678338869905 0.88392 2.5465782646875845 -0.36214911544938266
14674 10561439 -2.7229856519627837 2.395807747560231 0.88392 2.5465782646875845 -0.36214911544938266
14675 10561439 -2.7151540920264186 2.4360105725854813 0.88392 2.5465782646875845 -0.36214911544938266
14676 10561439 -2.7073224772529354 2.4762133860403273 0.88392 2.5465782646875845 -0.36214911544938266
14677 10561439 -2.7011252797697898 2.5277012796016574 0.88392 2.5465782646875845 -0.36214911544938266
14678 10561439 -2.700130291818922 2.5456623439764208 0.8991600000000001 2.5465782646875845 -0.36214911544938266
14679 10561439 -2.6991353038680543 2.563623408351184 0.9144000000000001 2.5465782646875845 -0.36214911544938266
14680 10561439 -2.690755831503452 2.6098398741830153 0.9144000000000001 2.5465782646875845 -0.36214911544938266
14681 10561439 -2.688671952941921 2.647133471242729 0.9144000000000001 2.5465782646875845 -0.36214911544938266
14682 10561439 -2.6849242272896436 2.677572593188374 0.9144000000000001 2.5465782646875845 -0.36214911544938266
14683 10561439 -2.682277494966743 2.7154999024059125 0.9144000000000001 2.5465782646875845 -0.36214911544938266
14684 10561439 -2.679738864218943 2.7422451428536045 0.9144000000000001 2.5465782646875845 -0.36214911544938266
14685 10561439 -2.676581236716598 2.784445481170439 0.9144000000000001 2.5465782646875845 -0.36214911544938266
14686 10561439 -2.673766569685468 2.8272255033421616 0.9144000000000001 2.5465782646875845 -0.36214911544938266
14687 10561439 -2.6721387837583555 2.8658369788191744 0.9144000000000001 2.5465782646875845 -0.36214911544938266
14688 10561439 -2.673341518726807 2.8974293546403427 0.9144000000000001 2.5465782646875845 -0.36214911544938266
14689 10561439 -2.6692576401741253 2.9261810396499173 0.9144000000000001 2.5465782646875845 -0.36214911544938266
14690 10561439 -2.6651737616214435 2.954932724659492 0.9144000000000001 2.5465782646875845 -0.36214911544938266
14691 10561439 -2.6633654408321794 2.9913818715763516 0.9144000000000001 2.5465782646875845 -0.36214911544938266
14692 10561439 -2.660826594657001 3.0333174881140628 0.9448799999999999 2.5465782646875845 -0.36214911544938266
14693 10561439 -2.656283543106877 3.0661838726530237 0.9448799999999999 2.5465782646875845 -0.36214911544938266
14694 10561439 -2.654706925584681 3.1008393276713684 0.9448799999999999 2.5465782646875845 -0.36214911544938266
14695 10561439 -2.6517210877196353 3.142511809048262 0.9448799999999999 2.5465782646875845 -0.36214911544938266
14696 10561439 -2.649382914546794 3.1727114076737015 0.9448799999999999 2.5465782646875845 -0.36214911544938266
14697 10561439 -2.6454528508720934 3.1942104222221164 0.9448799999999999 2.5465782646875845 -0.36214911544938266
14698 10561439 -2.6437994476212747 3.24157736490937 0.9448799999999999 2.5465782646875845 -0.36214911544938266
14699 10561439 -2.64096131168703 3.2838825048686795 0.9448799999999999 2.5465782646875845 -0.36214911544938266
14700 10561439 -2.6371927061015814 3.3198068754324637 0.9448799999999999 2.5465782646875845 -0.36214911544938266
14701 10561439 -2.632802111103902 3.35763092163346 0.9448799999999999 2.5465782646875845 -0.36214911544938266
14702 10561439 -2.629472808315935 3.3759380001461 0.97536 2.5465782646875845 -0.36214911544938266
14703 10561439 -2.6281676068394866 3.405015221988137 0.97536 2.5465782646875845 -0.36214911544938266
14704 10561439 -2.6268624053630383 3.4340924438301736 0.97536 2.5465782646875845 -0.36214911544938266
14705 10561439 -2.6242644968075455 3.4688810788763944 0.97536 2.5465782646875845 -0.36214911544938266
14706 10561439 -2.6197799179159125 3.5004813672955652 0.97536 2.5465782646875845 -0.36214911544938266
14707 10561439 -2.6170213089065326 3.542812646388326 0.97536 2.5465782646875845 -0.36214911544938266
14708 10561439 -2.6118418161780266 3.5789762885936374 0.97536 2.5465782646875845 -0.36214911544938266
14709 10561439 -2.606587940677784 3.6262163233279883 0.97536 2.5465782646875845 -0.36214911544938266
14710 10561439 -2.5997177722385816 3.6659162244339623 0.97536 2.5465782646875845 -0.36214911544938266
14711 10561439 -2.5940162487638423 3.6985203382198732 1.00584 2.5465782646875845 -0.36214911544938266
14712 10561439 -2.5930233970038272 3.6987640498332124 1.0058182337538681 2.5465782646875845 -0.36214911544938266
14713 10561439 -2.5920305452438126 3.6990077614465515 1.0057964675077362 2.5465782646875845 -0.36214911544938266
14714 10561439 -2.5910376934837975 3.6992514730598907 1.0057747012616045 2.5465782646875845 -0.36214911544938266
14715 10561439 -2.590044841723783 3.6994951846732302 1.0057529350154726 2.5465782646875845 -0.36214911544938266
14716 10561439 -2.589051989963768 3.6997388962865694 1.0057311687693407 2.5465782646875845 -0.36214911544938266
14717 10561439 -2.5880591382037528 3.6999826078999085 1.0057094025232087 2.5465782646875845 -0.36214911544938266
14718 10561439 -2.587066286443738 3.7002263195132477 1.005687636277077 2.5465782646875845 -0.36214911544938266
14719 10561439 -2.586073434683723 3.700470031126587 1.005665870030945 2.5465782646875845 -0.36214911544938266
14720 10561439 -2.5850805829237085 3.700713742739926 1.0056441037848132 2.5465782646875845 -0.36214911544938266
14721 10561439 -2.5840877311636934 3.700957454353265 1.0056223375386812 2.5465782646875845 -0.36214911544938266
14722 10561439 -2.5830948794036783 3.7012011659666046 1.0056005712925495 2.5465782646875845 -0.36214911544938266
14723 10561439 -2.5821020276436637 3.701444877579944 1.0055788050464176 2.5465782646875845 -0.36214911544938266
14724 10561439 -2.5811091758836486 3.701688589193283 1.0055570388002857 2.5465782646875845 -0.36214911544938266
14725 10561439 -2.580116324123634 3.701932300806622 1.0055352725541538 2.5465782646875845 -0.36214911544938266
14726 10561439 -2.579123472363619 3.702176012419961 1.005513506308022 2.5465782646875845 -0.36214911544938266
14727 10561439 -2.578130620603604 3.7024197240333003 1.0054917400618901 2.5465782646875845 -0.36214911544938266
14728 10561439 -2.5771377688435892 3.7026634356466395 1.0054699738157582 2.5465782646875845 -0.36214911544938266
14729 10561439 -2.576144917083574 3.702907147259979 1.0054482075696263 2.5465782646875845 -0.36214911544938266
14730 10561439 -2.5751520653235596 3.703150858873318 1.0054264413234946 2.5465782646875845 -0.36214911544938266
14731 10561439 -2.5741592135635445 3.7033945704866573 1.0054046750773626 2.5465782646875845 -0.36214911544938266
14732 10561439 -2.5731663618035294 3.7036382820999965 1.0053829088312307 2.5465782646875845 -0.36214911544938266
14733 10561439 -2.572173510043515 3.7038819937133356 1.0053611425850988 2.5465782646875845 -0.36214911544938266
14734 10561439 -2.5711806582834997 3.7041257053266747 1.005339376338967 2.5465782646875845 -0.36214911544938266
14735 10561439 -2.5701878065234847 3.704369416940014 1.0053176100928352 2.5465782646875845 -0.36214911544938266
14736 10561439 -2.56919495476347 3.7046131285533535 1.0052958438467032 2.5465782646875845 -0.36214911544938266
14737 10561439 -2.568202103003455 3.7048568401666926 1.0052740776005713 2.5465782646875845 -0.36214911544938266
14738 10561439 -2.5672092512434403 3.7051005517800317 1.0052523113544394 2.5465782646875845 -0.36214911544938266
14739 10561439 -2.5662163994834253 3.705344263393371 1.0052305451083077 2.5465782646875845 -0.36214911544938266
14740 10561439 -2.56522354772341 3.70558797500671 1.0052087788621757 2.5465782646875845 -0.36214911544938266
14741 10561439 -2.5642306959633956 3.705831686620049 1.0051870126160438 2.5465782646875845 -0.36214911544938266
14742 10561439 -2.5632378442033805 3.7060753982333883 1.005165246369912 2.5465782646875845 -0.36214911544938266
14743 10561439 -2.562244992443366 3.706319109846728 1.0051434801237802 2.5465782646875845 -0.36214911544938266
14744 10561439 -2.561252140683351 3.706562821460067 1.0051217138776483 2.5465782646875845 -0.36214911544938266
14745 10561439 -2.5602592889233358 3.706806533073406 1.0050999476315163 2.5465782646875845 -0.36214911544938266
14746 10561439 -2.559266437163321 3.7070502446867453 1.0050781813853844 2.5465782646875845 -0.36214911544938266
14747 10561439 -2.558273585403306 3.7072939563000844 1.0050564151392527 2.5465782646875845 -0.36214911544938266
14748 10561439 -2.5572807336432914 3.7075376679134235 1.0050346488931208 2.5465782646875845 -0.36214911544938266
14749 10561439 -2.5562878818832764 3.7077813795267627 1.0050128826469888 2.5465782646875845 -0.36214911544938266
14750 10561439 -2.5552950301232613 3.708025091140102 1.004991116400857 2.5465782646875845 -0.36214911544938266
14751 10561439 -2.5543021783632467 3.7082688027534414 1.0049693501547252 2.5465782646875845 -0.36214911544938266
14752 10561439 -2.5533093266032316 3.7085125143667805 1.0049475839085933 2.5465782646875845 -0.36214911544938266
14753 10561439 -2.552316474843217 3.7087562259801197 1.0049258176624614 2.5465782646875845 -0.36214911544938266
14754 10561439 -2.551323623083202 3.708999937593459 1.0049040514163294 2.5465782646875845 -0.36214911544938266
14755 10561439 -2.550330771323187 3.709243649206798 1.0048822851701977 2.5465782646875845 -0.36214911544938266
14756 10561439 -2.5493379195631722 3.709487360820137 1.0048605189240658 2.5465782646875845 -0.36214911544938266
14757 10561439 -2.548345067803157 3.709731072433476 1.0048387526779339 2.5465782646875845 -0.36214911544938266
14758 10561439 -2.5473522160431425 3.709974784046816 1.004816986431802 2.5465782646875845 -0.36214911544938266
14759 10561439 -2.5463593642831275 3.710218495660155 1.0047952201856702 2.5465782646875845 -0.36214911544938266
14760 10561439 -2.5453665125231124 3.710462207273494 1.0047734539395383 2.5465782646875845 -0.36214911544938266
14761 10561439 -2.544373660763098 3.710705918886833 1.0047516876934064 2.5465782646875845 -0.36214911544938266
14762 10561439 -2.5433808090030827 3.7109496305001723 1.0047299214472745 2.5465782646875845 -0.36214911544938266
14763 10561439 -2.542387957243068 3.7111933421135115 1.0047081552011428 2.5465782646875845 -0.36214911544938266
14764 10561439 -2.541395105483053 3.7114370537268506 1.0046863889550108 2.5465782646875845 -0.36214911544938266
14765 10561439 -2.540402253723038 3.71168076534019 1.004664622708879 2.5465782646875845 -0.36214911544938266
14766 10561439 -2.5394094019630233 3.7119244769535293 1.004642856462747 2.5465782646875845 -0.36214911544938266
14767 10561439 -2.5384165502030083 3.7121681885668685 1.004621090216615 2.5465782646875845 -0.36214911544938266
14768 10561439 -2.5374236984429936 3.7124119001802076 1.0045993239704833 2.5465782646875845 -0.36214911544938266
14769 10561439 -2.5364308466829786 3.7126556117935468 1.0045775577243514 2.5465782646875845 -0.36214911544938266
14770 10561439 -2.5354379949229635 3.712899323406886 1.0045557914782195 2.5465782646875845 -0.36214911544938266
14771 10561439 -2.534445143162949 3.713143035020225 1.0045340252320876 2.5465782646875845 -0.36214911544938266
