32993 10801356 3.0825468500238213 3.4807479071413123 0.6400800000000001 1.359486638167775 -2.1835770929012974
32994 10801356 3.0559207413148646 3.4472315721936155 0.6400800000000001 1.359486638167775 -2.1835770929012974
32995 10801356 3.0292946326059074 3.413715237245919 0.6400800000000001 1.359486638167775 -2.1835770929012974
32996 10801356 2.9807813533272842 3.349418577887214 0.6400800000000001 1.359486638167775 -2.1835770929012974
32997 10801356 2.953726457312909 3.3154972353615357 0.6400800000000001 1.359486638167775 -2.1835770929012974
32998 10801356 2.9134829223532437 3.2591308055112926 0.6400800000000001 1.359486638167775 -2.1835770929012974
32999 10801356 2.8801988975204207 3.2191831531948485 0.6400800000000001 1.359486638167775 -2.1835770929012974
33000 10801356 2.860187696164277 3.193241925461404 0.6400800000000001 1.359486638167775 -2.1835770929012974
33001 10801356 2.830789183098057 3.1537777224145165 0.6400800000000001 1.359486638167775 -2.1835770929012974
33002 10801356 2.7914304739913254 3.101211326258522 0.6400800000000001 1.359486638167775 -2.1835770929012974
33003 10801356 2.7706237708028887 3.0703897951796737 0.6400800000000001 1.359486638167775 -2.1835770929012974
33004 10801356 2.7498170676144524 3.039568264100825 0.6400800000000001 1.359486638167775 -2.1835770929012974
33005 10801356 2.729648732673005 3.0115172573396807 0.6400800000000001 1.359486638167775 -2.1835770929012974
33006 10801356 2.709480397731557 2.983466250578536 0.6400800000000001 1.359486638167775 -2.1835770929012974
33007 10801356 2.685240487196662 2.9459389348754645 0.6400800000000001 1.359486638167775 -2.1835770929012974
33008 10801356 2.647971049731784 2.8984147464501584 0.6400800000000001 1.359486638167775 -2.1835770929012974
33009 10801356 2.6213392052526783 2.8522060411315358 0.6400800000000001 1.359486638167775 -2.1835770929012974
33010 10801356 2.592592910512666 2.8131132337619253 0.6400800000000001 1.359486638167775 -2.1835770929012974
33011 10801356 2.5500258168000616 2.7507305754802567 0.6400800000000001 1.359486638167775 -2.1835770929012974
33012 10801356 2.520018208729729 2.7115825270386793 0.6400800000000001 1.359486638167775 -2.1835770929012974
33013 10801356 2.4947570953621234 2.6739216382194564 0.6400800000000001 1.359486638167775 -2.1835770929012974
33014 10801356 2.4660790119635063 2.635040354812745 0.6400800000000001 1.359486638167775 -2.1835770929012974
33015 10801356 2.440375683935259 2.5900472504306262 0.6400800000000001 1.359486638167775 -2.1835770929012974
33016 10801356 2.4112159913966718 2.551323334835146 0.6400800000000001 1.359486638167775 -2.1835770929012974
33017 10801356 2.376768214969357 2.5083686784488175 0.6400800000000001 1.359486638167775 -2.1835770929012974
33018 10801356 2.345610460155048 2.465974994457213 0.6400800000000001 1.359486638167775 -2.1835770929012974
33019 10801356 2.3157373848471443 2.424797269852726 0.6400800000000001 1.359486638167775 -2.1835770929012974
33020 10801356 2.2844631234109745 2.380689365088394 0.6400800000000001 1.359486638167775 -2.1835770929012974
33021 10801356 2.254196293307892 2.335317845486117 0.6400800000000001 1.359486638167775 -2.1835770929012974
33022 10801356 2.2258538961675525 2.301817941845932 0.6400800000000001 1.359486638167775 -2.1835770929012974
33023 10801356 2.178103894507002 2.241245706263287 0.6400800000000001 1.359486638167775 -2.1835770929012974
33024 10801356 2.1535946109679607 2.200185334966107 0.6400800000000001 1.359486638167775 -2.1835770929012974
33025 10801356 2.129585379251221 2.1708485325697113 0.6400800000000001 1.359486638167775 -2.1835770929012974
33026 10801356 2.105576147534481 2.141511730173316 0.6400800000000001 1.359486638167775 -2.1835770929012974
33027 10801356 2.058188482205937 2.0836835972428265 0.6096 1.359486638167775 -2.1835770929012974
33028 10801356 2.0296295228209322 2.0397404982352536 0.6400800000000001 1.359486638167775 -2.1835770929012974
33029 10801356 2.010350894852663 2.0165981803564414 0.6248400000000001 1.359486638167775 -2.1835770929012974
33030 10801356 1.9910722668843932 1.9934558624776295 0.6096 1.359486638167775 -2.1835770929012974
33031 10801356 1.9504999024913006 1.9371985066687099 0.6096 1.359486638167775 -2.1835770929012974
33032 10801356 1.9329858855817643 1.913479821263877 0.6096 1.359486638167775 -2.1835770929012974
33033 10801356 1.8852787770855406 1.852777400150591 0.6096 1.359486638167775 -2.1835770929012974
33034 10801356 1.8509920467329068 1.8146776368026167 0.6096 1.359486638167775 -2.1835770929012974
33035 10801356 1.8278731219259257 1.7792382857258382 0.6096 1.359486638167775 -2.1835770929012974
33036 10801356 1.7917097564634765 1.7324056576245896 0.6096 1.359486638167775 -2.1835770929012974
33037 10801356 1.7562611790764437 1.690479897010538 0.6400800000000001 1.359486638167775 -2.1835770929012974
33038 10801356 1.7246420668357998 1.6494060479487274 0.6400800000000001 1.359486638167775 -2.1835770929012974
33039 10801356 1.6889803779997146 1.6003068502845876 0.6400800000000001 1.359486638167775 -2.1835770929012974
33040 10801356 1.6568710840279877 1.5628979987109226 0.6400800000000001 1.359486638167775 -2.1835770929012974
33041 10801356 1.6297763490554409 1.5180097273523045 0.6400800000000001 1.359486638167775 -2.1835770929012974
33042 10801356 1.598392291371136 1.4844529361538314 0.6400800000000001 1.359486638167775 -2.1835770929012974
33043 10801356 1.5731939287280579 1.445370609880615 0.6400800000000001 1.359486638167775 -2.1835770929012974
33044 10801356 1.5461058900300508 1.4086580387733294 0.6096 1.359486638167775 -2.1835770929012974
33045 10801356 1.5117717908225357 1.3715089427778664 0.6096 1.359486638167775 -2.1835770929012974
33046 10801356 1.4801130314130355 1.3262426704037817 0.6096 1.359486638167775 -2.1835770929012974
33047 10801356 1.4387868288515782 1.264975344778655 0.6096 1.359486638167775 -2.1835770929012974
33048 10801356 1.402223037401892 1.2223631013101754 0.6096 1.359486638167775 -2.1835770929012974
33049 10801356 1.3724948388938119 1.1830085142371243 0.6096 1.359486638167775 -2.1835770929012974
33050 10801356 1.358236930689645 1.1617896895326014 0.6096 1.359486638167775 -2.1835770929012974
33051 10801356 1.343979022485478 1.1405708648280786 0.6096 1.359486638167775 -2.1835770929012974
33052 10801356 1.3198103710751115 1.1005682447824896 0.6096 1.359486638167775 -2.1835770929012974
33053 10801356 1.2747851954471272 1.0456500610141488 0.6096 1.359486638167775 -2.1835770929012974
33054 10801356 1.2452305795340712 0.9959581951687245 0.6096 1.359486638167775 -2.1835770929012974
33055 10801356 1.215535912079408 0.9567096795164765 0.6096 1.359486638167775 -2.1835770929012974
33056 10801356 1.1848571896445188 0.91988559667764 0.6096 1.359486638167775 -2.1835770929012974
33057 10801356 1.156205914873731 0.8811140496559545 0.6096 1.359486638167775 -2.1835770929012974
33058 10801356 1.114506687516294 0.8159970393439913 0.6096 1.359486638167775 -2.1835770929012974
33059 10801356 1.0853539520188584 0.7811278790151344 0.6096 1.359486638167775 -2.1835770929012974
33060 10801356 1.0726763344053938 0.7586335107699452 0.6096 1.359486638167775 -2.1835770929012974
33061 10801356 1.0305316239028983 0.6962323807854355 0.6096 1.359486638167775 -2.1835770929012974
33062 10801356 1.0114313862581312 0.6717475853098969 0.6096 1.359486638167775 -2.1835770929012974
33063 10801356 0.989145323664335 0.6361537156333081 0.6096 1.359486638167775 -2.1835770929012974
33064 10801356 0.9475299365535437 0.5767341072327359 0.6096 1.359486638167775 -2.1835770929012974
33065 10801356 0.9167733622863711 0.5315242749067786 0.6096 1.359486638167775 -2.1835770929012974
33066 10801356 0.8933980253417548 0.4964032244319785 0.6096 1.359486638167775 -2.1835770929012974
33067 10801356 0.8722692543068967 0.4605481387137498 0.6096 1.359486638167775 -2.1835770929012974
33068 10801356 0.8320542994753134 0.4040591297041134 0.6096 1.359486638167775 -2.1835770929012974
33069 10801356 0.8029997529298221 0.3654197754396852 0.6096 1.359486638167775 -2.1835770929012974
33070 10801356 0.7910801945609545 0.34524803856758274 0.6096 1.359486638167775 -2.1835770929012974
33071 10801356 0.7791606361920869 0.3250763016954803 0.6096 1.359486638167775 -2.1835770929012974
33072 10801356 0.7378447571692909 0.2692976664313006 0.6096 1.359486638167775 -2.1835770929012974
33073 10801356 0.7207285402894156 0.24001743888765203 0.6096 1.359486638167775 -2.1835770929012974
33074 10801356 0.7036123234095403 0.2107372113440035 0.6096 1.359486638167775 -2.1835770929012974
33075 10801356 0.6638316793608448 0.15422338891348955 0.6096 1.359486638167775 -2.1835770929012974
33076 10801356 0.6416130173500267 0.11884143539668127 0.6096 1.359486638167775 -2.1835770929012974
33077 10801356 0.6172571691692865 0.07855011502356454 0.6096 1.359486638167775 -2.1835770929012974
33078 10801356 0.6010840756586039 0.04644997257778408 0.6096 1.359486638167775 -2.1835770929012974
33079 10801356 0.5708628749240998 -0.013421064978135333 0.6096 1.359486638167775 -2.1835770929012974
33080 10801356 0.5509841084525351 -0.06066621636867697 0.6096 1.359486638167775 -2.1835770929012974
33081 10801356 0.5345220432711114 -0.10832685997935687 0.6096 1.359486638167775 -2.1835770929012974
33082 10801356 0.5187934385905298 -0.15646082619154325 0.6096 1.359486638167775 -2.1835770929012974
33083 10801356 0.5061001795905705 -0.19530577859919826 0.6096 1.359486638167775 -2.1835770929012974
33084 10801356 0.5012865209022863 -0.24537078428398598 0.6096 1.359486638167775 -2.1835770929012974
33085 10801356 0.4968925891186004 -0.27431024865117937 0.6096 1.359486638167775 -2.1835770929012974
33086 10801356 0.4924986573349145 -0.3032497130183728 0.6096 1.359486638167775 -2.1835770929012974
33087 10801356 0.49328291150102427 -0.3514053757444858 0.6096 1.359486638167775 -2.1835770929012974
33088 10801356 0.5015339385473951 -0.39791186762556974 0.6096 1.359486638167775 -2.1835770929012974
33089 10801356 0.5089638475619086 -0.45291204439239385 0.6096 1.359486638167775 -2.1835770929012974
33090 10801356 0.52364321344031 -0.5058414610351795 0.6096 1.359486638167775 -2.1835770929012974
33091 10801356 0.541279939267322 -0.5470028865519525 0.6096 1.359486638167775 -2.1835770929012974
33092 10801356 0.5656658755933524 -0.5946920280823552 0.6096 1.359486638167775 -2.1835770929012974
33093 10801356 0.589955502473194 -0.6345221005975531 0.6096 1.359486638167775 -2.1835770929012974
33094 10801356 0.6198285705923764 -0.6762930930583897 0.6096 1.359486638167775 -2.1835770929012974
33095 10801356 0.6544455027805857 -0.708982570795782 0.6096 1.359486638167775 -2.1835770929012974
33096 10801356 0.6842317289322342 -0.7455843424470929 0.6096 1.359486638167775 -2.1835770929012974
33097 10801356 0.7236457876972062 -0.7744665894169062 0.6400800000000001 1.359486638167775 -2.1835770929012974
33098 10801356 0.7909259598405662 -0.818644149979013 0.6096 1.359486638167775 -2.1835770929012974
33099 10801356 0.8325571477565501 -0.8434600585571165 0.6096 1.359486638167775 -2.1835770929012974
33100 10801356 0.8710630876063431 -0.8615302552009236 0.6096 1.359486638167775 -2.1835770929012974
33101 10801356 0.9249208322226249 -0.8842648060277337 0.6096 1.359486638167775 -2.1835770929012974
33102 10801356 0.9507823138013496 -0.8893835245959758 0.6096 1.359486638167775 -2.1835770929012974
33103 10801356 0.9766437953800742 -0.8945022431642179 0.6096 1.359486638167775 -2.1835770929012974
33104 10801356 1.0275404408898792 -0.9056376078071476 0.6096 1.359486638167775 -2.1835770929012974
33105 10801356 1.069826132035467 -0.9151280348196283 0.6096 1.359486638167775 -2.1835770929012974
33106 10801356 1.1250037499687116 -0.9215862300575656 0.6096 1.359486638167775 -2.1835770929012974
33107 10801356 1.1774176132102556 -0.9280758446872232 0.6096 1.359486638167775 -2.1835770929012974
33108 10801356 1.2242707176858472 -0.933099233038044 0.6096 1.359486638167775 -2.1835770929012974
33109 10801356 1.2653193477697435 -0.9406657083858448 0.6096 1.359486638167775 -2.1835770929012974
33110 10801356 1.327363711230699 -0.9502997756641399 0.6096 1.359486638167775 -2.1835770929012974
33111 10801356 1.3823801408907925 -0.9575211034570593 0.6096 1.359486638167775 -2.1835770929012974
33112 10801356 1.4365940048587231 -0.9644798911545828 0.6096 1.359486638167775 -2.1835770929012974
33113 10801356 1.4877429008573828 -0.9759279026320821 0.6096 1.359486638167775 -2.1835770929012974
33114 10801356 1.5294369910461834 -0.978797117627428 0.6096 1.359486638167775 -2.1835770929012974
33115 10801356 1.580058617728054 -0.9899554261916191 0.6096 1.359486638167775 -2.1835770929012974
33116 10801356 1.6246843186830677 -0.9988048002228463 0.6096 1.359486638167775 -2.1835770929012974
33117 10801356 1.6780729930969054 -1.005024973007751 0.6096 1.359486638167775 -2.1835770929012974
33118 10801356 1.741114896551885 -1.014864339931339 0.6096 1.359486638167775 -2.1835770929012974
33119 10801356 1.788934107531254 -1.015293068452628 0.6096 1.359486638167775 -2.1835770929012974
33120 10801356 1.8309603568555595 -1.0185026679334879 0.6096 1.359486638167775 -2.1835770929012974
33121 10801356 1.877447455281471 -1.0216499916668687 0.6096 1.359486638167775 -2.1835770929012974
33122 10801356 1.9219528395734047 -1.0213462695933309 0.57912 1.359486638167775 -2.1835770929012974
33123 10801356 1.9463842226712287 -1.021321573529792 0.57912 1.359486638167775 -2.1835770929012974
33124 10801356 1.970815605769053 -1.0212968774662532 0.57912 1.359486638167775 -2.1835770929012974
33125 10801356 2.0148629584304123 -1.019674877138406 0.57912 1.359486638167775 -2.1835770929012974
33126 10801356 2.060594057789978 -1.0210555894361963 0.57912 1.359486638167775 -2.1835770929012974
33127 10801356 2.1110370160319523 -1.0243249116176478 0.57912 1.359486638167775 -2.1835770929012974
33128 10801356 2.145052200706713 -1.0194266643117198 0.57912 1.359486638167775 -2.1835770929012974
33129 10801356 2.193729896996062 -1.0213013639619277 0.57912 1.359486638167775 -2.1835770929012974
33130 10801356 2.2424099819008907 -1.0190878977865139 0.57912 1.359486638167775 -2.1835770929012974
33131 10801356 2.2848714402169907 -1.0223202485432838 0.57912 1.359486638167775 -2.1835770929012974
33132 10801356 2.3317493256563084 -1.0229055675975374 0.57912 1.359486638167775 -2.1835770929012974
33133 10801356 2.372964901573308 -1.0190720812339602 0.57912 1.359486638167775 -2.1835770929012974
33134 10801356 2.4202759864637393 -1.0237700809568684 0.57912 1.359486638167775 -2.1835770929012974
33135 10801356 2.4667056089431987 -1.0257267213560035 0.57912 1.359486638167775 -2.1835770929012974
33136 10801356 2.513135231422658 -1.0276833617551386 0.57912 1.359486638167775 -2.1835770929012974
33137 10801356 2.5584629321018855 -1.0313825651916457 0.54864 1.359486638167775 -2.1835770929012974
33138 10801356 2.5957877109881684 -1.0329363543251013 0.54864 1.359486638167775 -2.1835770929012974
33139 10801356 2.6660004236931627 -1.0341278365544655 0.54864 1.359486638167775 -2.1835770929012974
33140 10801356 2.7032103677549864 -1.035760430494322 0.54864 1.359486638167775 -2.1835770929012974
33141 10801356 2.7488070656772714 -1.0293833255123261 0.54864 1.359486638167775 -2.1835770929012974
33142 10801356 2.7827219932594396 -1.0237876012548708 0.54864 1.359486638167775 -2.1835770929012974
33143 10801356 2.8166369208416073 -1.0181918769974152 0.54864 1.359486638167775 -2.1835770929012974
33144 10801356 2.8505518484237755 -1.0125961527399598 0.54864 1.359486638167775 -2.1835770929012974
33145 10801356 2.893537123895819 -0.9995251722590753 0.54864 1.359486638167775 -2.1835770929012974
33146 10801356 2.9304673478668626 -0.9870476416419655 0.54864 1.359486638167775 -2.1835770929012974
33147 10801356 2.970105957984207 -0.9700804634106989 0.54864 1.359486638167775 -2.1835770929012974
33148 10801356 3.0098603553877528 -0.9505810055245602 0.54864 1.359486638167775 -2.1835770929012974
33149 10801356 3.0387344087624486 -0.9274135411996648 0.54864 1.359486638167775 -2.1835770929012974
33150 10801356 3.0836675254886083 -0.8931332075598054 0.54864 1.359486638167775 -2.1835770929012974
33151 10801356 3.114963100905724 -0.8652656248063681 0.5181600000000001 1.359486638167775 -2.1835770929012974
33152 10801356 3.124601902585878 -0.8520574142292384 0.5181600000000001 1.359486638167775 -2.1835770929012974
33153 10801356 3.1631762618120742 -0.8062396241935935 0.5181600000000001 1.359486638167775 -2.1835770929012974
33154 10801356 3.184152815540709 -0.7757050658380693 0.5181600000000001 1.359486638167775 -2.1835770929012974
33155 10801356 3.1999830479802718 -0.7408042215252136 0.5181600000000001 1.359486638167775 -2.1835770929012974
33156 10801356 3.2158334122096788 -0.7112833840187427 0.5181600000000001 1.359486638167775 -2.1835770929012974
33157 10801356 3.233627409812648 -0.6703650253405692 0.5181600000000001 1.359486638167775 -2.1835770929012974
33158 10801356 3.2449970692119816 -0.6355270048178253 0.5181600000000001 1.359486638167775 -2.1835770929012974
33159 10801356 3.2628809053677594 -0.5981423746544218 0.5181600000000001 1.359486638167775 -2.1835770929012974
33160 10801356 3.2728026493457785 -0.5693733916770025 0.5181600000000001 1.359486638167775 -2.1835770929012974
33161 10801356 3.2853177497877697 -0.5147003761917001 0.5181600000000001 1.359486638167775 -2.1835770929012974
33162 10801356 3.2916227419408797 -0.495381104792718 0.5181600000000001 1.359486638167775 -2.1835770929012974
33163 10801356 3.29827870190044 -0.462742764722207 0.5181600000000001 1.359486638167775 -2.1835770929012974
33164 10801356 3.3049346618599995 -0.430104424651696 0.5181600000000001 1.359486638167775 -2.1835770929012974
33165 10801356 3.3050304341773398 -0.40069853813243683 0.5181600000000001 1.359486638167775 -2.1835770929012974
33166 10801356 3.3051262064946796 -0.3712926516131776 0.5181600000000001 1.359486638167775 -2.1835770929012974
33167 10801356 3.2995114260347975 -0.32156638531394033 0.5181600000000001 1.359486638167775 -2.1835770929012974
33168 10801356 3.2947053442150036 -0.3036438511077686 0.5181600000000001 1.359486638167775 -2.1835770929012974
33169 10801356 3.2844508987613485 -0.2684068175622544 0.5181600000000001 1.359486638167775 -2.1835770929012974
33170 10801356 3.2737787246117183 -0.24261217565738827 0.48768 1.359486638167775 -2.1835770929012974
33171 10801356 3.25693039469531 -0.2098955284441891 0.48768 1.359486638167775 -2.1835770929012974
33172 10801356 3.2346962790936074 -0.17191652526737242 0.48768 1.359486638167775 -2.1835770929012974
33173 10801356 3.2113108678562963 -0.14290679852027935 0.48768 1.359486638167775 -2.1835770929012974
33174 10801356 3.1878322393335505 -0.11690370077882159 0.48768 1.359486638167775 -2.1835770929012974
33175 10801356 3.173687586998818 -0.10481079789660444 0.48006000000000004 1.359486638167775 -2.1835770929012974
33176 10801356 3.1595429346640858 -0.09271789501438729 0.47244 1.359486638167775 -2.1835770929012974
33177 10801356 3.1281981763523152 -0.07360899526351228 0.46482 1.359486638167775 -2.1835770929012974
33178 10801356 3.0968534180405447 -0.054500095512637264 0.45720000000000005 1.359486638167775 -2.1835770929012974
33179 10801356 3.067350939203709 -0.037160402144223365 0.45720000000000005 1.359486638167775 -2.1835770929012974
33180 10801356 3.0353812501164397 -0.023571038598808852 0.45720000000000005 1.359486638167775 -2.1835770929012974
33181 10801356 2.9887117963466023 -0.011491253897126047 0.45720000000000005 1.359486638167775 -2.1835770929012974
33182 10801356 2.9531032462854636 -0.005241257734537569 0.45720000000000005 1.359486638167775 -2.1835770929012974
33183 10801356 2.9173686763032 0.0011668742627606032 0.45720000000000005 1.359486638167775 -2.1835770929012974
33184 10801356 2.8828933789865747 0.004360510429473136 0.42672000000000004 1.359486638167775 -2.1835770929012974
33185 10801356 2.8488537431019028 0.007528906631627336 0.42672000000000004 1.359486638167775 -2.1835770929012974
33186 10801356 2.806671484067806 0.007514756147884355 0.42672000000000004 1.359486638167775 -2.1835770929012974
33187 10801356 2.7675733887000273 0.007428530861176202 0.42672000000000004 1.359486638167775 -2.1835770929012974
33188 10801356 2.716778185909845 0.004152103815073277 0.42672000000000004 1.359486638167775 -2.1835770929012974
33189 10801356 2.6888009028967073 0.0027720996707078227 0.42672000000000004 1.359486638167775 -2.1835770929012974
33190 10801356 2.660616795861883 0.0007588075474589673 0.42672000000000004 1.359486638167775 -2.1835770929012974
33191 10801356 2.6241325533146105 0.0005208539736735462 0.39624000000000004 1.359486638167775 -2.1835770929012974
33192 10801356 2.6081377559811862 0.0004859829295412177 0.39624000000000004 1.359486638167775 -2.1835770929012974
33193 10801356 2.592142958647762 0.00045111188540888914 0.39624000000000004 1.359486638167775 -2.1835770929012974
33194 10801356 2.5558320041641367 0.002376451841405919 0.39624000000000004 1.359486638167775 -2.1835770929012974
33195 10801356 2.5119770439034728 0.0051295572542365 0.39624000000000004 1.359486638167775 -2.1835770929012974
33196 10801356 2.4795516444835624 0.005085751958253809 0.39624000000000004 1.359486638167775 -2.1835770929012974
33197 10801356 2.4470917377791777 0.004936529424061725 0.39624000000000004 1.359486638167775 -2.1835770929012974
33198 10801356 2.425766295310277 0.006525663979423196 0.39624000000000004 1.359486638167775 -2.1835770929012974
33199 10801356 2.3793977404494373 0.005661108221085814 0.39624000000000004 1.359486638167775 -2.1835770929012974
33200 10801356 2.3462042114624513 0.00598548134793922 0.36576 1.359486638167775 -2.1835770929012974
33201 10801356 2.3179852002906496 0.0038679828235665126 0.36576 1.359486638167775 -2.1835770929012974
33202 10801356 2.2863082419329164 0.00883748721130459 0.36576 1.359486638167775 -2.1835770929012974
33203 10801356 2.2516324094498525 0.004623023033443502 0.36576 1.359486638167775 -2.1835770929012974
33204 10801356 2.2017322365391663 0.0040949528193594265 0.36576 1.359486638167775 -2.1835770929012974
33205 10801356 2.174330723998965 0.007201569546592207 0.36576 1.359486638167775 -2.1835770929012974
33206 10801356 2.14146922682193 0.007184758564365651 0.36576 1.359486638167775 -2.1835770929012974
33207 10801356 2.104959393838037 0.004153906757337039 0.36576 1.8153108089675565 -0.9690319315923269
33208 10801356 2.0748057839761627 0.006991376931222176 0.36576 1.8153108089675565 -0.9690319315923269
33209 10801356 2.049459093646172 0.005513983525874233 0.36576 1.8153108089675565 -0.9690319315923269
33210 10801356 2.024112403316181 0.00403659012052629 0.36576 1.8153108089675565 -0.9690319315923269
33211 10801356 1.9965948895189911 0.005429420512390065 0.36576 1.8153108089675565 -0.9690319315923269
33212 10801356 1.9588246620665966 0.003979047708163597 0.33528 1.8153108089675565 -0.9690319315923269
33213 10801356 1.926433051224839 0.0040433323277203614 0.33528 1.8153108089675565 -0.9690319315923269
33214 10801356 1.8935367586772798 0.003922105810850285 0.33528 1.8153108089675565 -0.9690319315923269
33215 10801356 1.8513666320125521 0.006946533291127932 0.33528 1.8153108089675565 -0.9690319315923269
33216 10801356 1.8190206694064162 0.00687953933573307 0.33528 1.8153108089675565 -0.9690319315923269
33217 10801356 1.786158728572701 0.006864373343423796 0.33528 1.8153108089675565 -0.9690319315923269
33218 10801356 1.7537782087765357 0.00669211426839722 0.33528 1.8153108089675565 -0.9690319315923269
33219 10801356 1.7309353570868473 0.003638600920267021 0.33528 1.8153108089675565 -0.9690319315923269
33220 10801356 1.69217095993009 0.007303928595231962 0.33528 1.8153108089675565 -0.9690319315923269
33221 10801356 1.6447679382705516 0.004912427511390399 0.33528 1.8153108089675565 -0.9690319315923269
33222 10801356 1.625861827745383 0.007115492306990795 0.33528 1.8153108089675565 -0.9690319315923269
33223 10801356 1.5757429117975732 0.007013343485987478 0.33528 1.8153108089675565 -0.9690319315923269
33224 10801356 1.5643270204841788 0.005368206060502256 0.32004 1.8153108089675565 -0.9690319315923269
33225 10801356 1.5529111291707847 0.003723068635017035 0.3048 1.8153108089675565 -0.9690319315923269
33226 10801356 1.5033763279296841 0.0029632961864553414 0.3048 1.8153108089675565 -0.9690319315923269
33227 10801356 1.4746640864783842 0.0020612981157809157 0.3048 1.8153108089675565 -0.9690319315923269
33228 10801356 1.4462840651533102 0.0008172390065544211 0.3048 1.8153108089675565 -0.9690319315923269
33229 10801356 1.410440700579965 0.0011933944105188138 0.3048 1.8153108089675565 -0.9690319315923269
33230 10801356 1.3944451701758687 0.0011612403675338445 0.3048 1.8153108089675565 -0.9690319315923269
33231 10801356 1.3356024158504587 0.004260753370417397 0.3048 1.8153108089675565 -0.9690319315923269
33232 10801356 1.317102295564799 0.002905168708765102 0.3048 1.8153108089675565 -0.9690319315923269
33233 10801356 1.2986021752791397 0.0015495840471128064 0.3048 1.8153108089675565 -0.9690319315923269
33234 10801356 1.28010205499348 0.000193999385460511 0.3048 1.8153108089675565 -0.9690319315923269
33235 10801356 1.254091754047002 0.00027953949474967545 0.3048 1.8153108089675565 -0.9690319315923269
33236 10801356 1.228081453100524 0.00036507960403883987 0.3048 1.8153108089675565 -0.9690319315923269
33237 10801356 1.202071152154046 0.0004506197133280043 0.3048 1.8153108089675565 -0.9690319315923269
33238 10801356 1.1760608512075679 0.0005361598226171687 0.3048 1.8153108089675565 -0.9690319315923269
33239 10801356 1.1500505502610898 0.0006216999319063332 0.3048 1.8153108089675565 -0.9690319315923269
33240 10801356 1.1124420993518749 0.002393638287645772 0.3048 1.8153108089675565 -0.9690319315923269
33241 10801356 1.0906034939642462 0.001467207250006472 0.3048 1.8153108089675565 -0.9690319315923269
33242 10801356 1.0687648885766177 0.0005407762123671722 0.3048 1.8153108089675565 -0.9690319315923269
33243 10801356 1.0605491663676785 0.0005378433937098456 0.3048 1.8153108089675565 -0.9690319315923269
33244 10801356 1.0523334441587393 0.000534910575052519 0.3048 1.8153108089675565 -0.9690319315923269
33245 10801356 1.0203671731055515 0.0032678268652927833 0.3048 1.8153108089675565 -0.9690319315923269
33246 10801356 1.0040046771566726 0.003473191233340389 0.3048 1.8153108089675565 -0.9690319315923269
33247 10801356 0.9826298644438584 0.00192820233454008 0.3048 1.8153108089675565 -0.9690319315923269
33248 10801356 0.9613837461431436 0.003495528567670436 0.3048 1.8153108089675565 -0.9690319315923269
33249 10801356 0.9539767467025283 0.003929442522669593 0.3048 1.8153108089675565 -0.9690319315923269
