33624 11181355 5.7612197222202 -0.01757308126078408 0.5715 3.176793915693224 -1.6958058802865719
33625 11181355 5.694758834921295 -0.02265249552060858 0.5715 3.176793915693224 -1.6958058802865719
33626 11181355 5.629881206548188 -0.02287462601385762 0.56388 3.176793915693224 -1.6958058802865719
33627 11181355 5.545358262576807 -0.024808120877305134 0.55626 3.176793915693224 -1.6958058802865719
33628 11181355 5.460835318605426 -0.02674161574075265 0.54864 3.176793915693224 -1.6958058802865719
33629 11181355 5.417390460098668 -0.0258909100530266 0.546735 3.176793915693224 -1.6958058802865719
33630 11181355 5.37394560159191 -0.02504020436530055 0.5448299999999999 3.176793915693224 -1.6958058802865719
33631 11181355 5.311972953778788 -0.02655716602062444 0.5429249999999999 3.176793915693224 -1.6958058802865719
33632 11181355 5.250000305965666 -0.02807412767594833 0.54102 3.176793915693224 -1.6958058802865719
33633 11181355 5.188411264583286 -0.030182646638168192 0.5334 3.176793915693224 -1.6958058802865719
33634 11181355 5.1351930257605485 -0.027311368359487137 0.5334 3.176793915693224 -1.6958058802865719
33635 11181355 5.069992999377954 -0.02742370543396247 0.5334 3.176793915693224 -1.6958058802865719
33636 11181355 4.9887649840426995 -0.027681275920004605 0.52578 3.176793915693224 -1.6958058802865719
33637 11181355 4.9562727494236265 -0.030400202490294653 0.52578 3.176793915693224 -1.6958058802865719
33638 11181355 4.864888714076205 -0.024774401317962852 0.5181600000000001 3.176793915693224 -1.6958058802865719
33639 11181355 4.814283896663825 -0.022052416440526385 0.51054 3.176793915693224 -1.6958058802865719
33640 11181355 4.7575902537070345 -0.021665977455986557 0.51054 3.176793915693224 -1.6958058802865719
33641 11181355 4.683425400864084 -0.0176828957926575 0.51054 3.176793915693224 -1.6958058802865719
33642 11181355 4.635749204683789 -0.015914822315289123 0.50673 3.176793915693224 -1.6958058802865719
33643 11181355 4.5880730085034935 -0.014146748837920747 0.50292 3.176793915693224 -1.6958058802865719
33644 11181355 4.539405173034969 -0.011879395090970968 0.49911000000000005 3.176793915693224 -1.6958058802865719
33645 11181355 4.490737337566444 -0.009612041344021188 0.4953 3.176793915693224 -1.6958058802865719
33646 11181355 4.425856823223185 -0.009823161636256988 0.4953 3.176793915693224 -1.6958058802865719
33647 11181355 4.364933314892184 -0.006068194309109126 0.48768 3.176793915693224 -1.6958058802865719
33648 11181355 4.313272198038755 -0.005217645799845544 0.48768 3.176793915693224 -1.6958058802865719
33649 11181355 4.243736768259867 -0.0047263050169600584 0.48006 3.176793915693224 -1.6958058802865719
33650 11181355 4.194322633957471 -0.0037903543880095925 0.48006 3.176793915693224 -1.6958058802865719
33651 11181355 4.118193284133032 -0.005819027273374827 0.47243999999999997 3.176793915693224 -1.6958058802865719
33652 11181355 4.049585441294267 -0.0065630757712305254 0.47243999999999997 3.176793915693224 -1.6958058802865719
33653 11181355 3.9989551630878024 -0.006630821567512851 0.47243999999999997 3.176793915693224 -1.6958058802865719
33654 11181355 3.9488853058759767 -0.009334140612325098 0.46482000000000007 3.176793915693224 -1.6958058802865719
33655 11181355 3.862747761630221 -0.0077443558881036545 0.46482000000000007 3.176793915693224 -1.6958058802865719
33656 11181355 3.8302722846117616 -0.007952616781465555 0.46101000000000003 3.176793915693224 -1.6958058802865719
33657 11181355 3.7977968075933024 -0.008160877674827455 0.45720000000000005 3.176793915693224 -1.6958058802865719
33658 11181355 3.7382459627960145 -0.0083531921828153 0.45720000000000005 3.176793915693224 -1.6958058802865719
33659 11181355 3.683637334174282 -0.007003870684461427 0.45720000000000005 3.176793915693224 -1.6958058802865719
33660 11181355 3.6332130562457037 -0.00643558172497341 0.45720000000000005 3.176793915693224 -1.6958058802865719
33661 11181355 3.5890014848490743 -0.00859528906868337 0.45720000000000005 3.176793915693224 -1.6958058802865719
33662 11181355 3.5288788599656 -0.005094999086924373 0.45720000000000005 3.176793915693224 -1.6958058802865719
33663 11181355 3.4739030869490835 -0.003507555381045774 0.45720000000000005 3.176793915693224 -1.6958058802865719
33664 11181355 3.4124587994348046 -0.005415716151109168 0.45720000000000005 3.176793915693224 -1.6958058802865719
33665 11181355 3.357012675090746 -0.00390756264078565 0.44958000000000004 3.176793915693224 -1.6958058802865719
33666 11181355 3.3011085722203193 -0.0010813844611672618 0.44958000000000004 3.176793915693224 -1.6958058802865719
33667 11181355 3.2544691871510816 0.002926669836639778 0.44196 3.176793915693224 -1.6958058802865719
33668 11181355 3.180996341609715 -0.00019356653487181963 0.44196 3.176793915693224 -1.6958058802865719
33669 11181355 3.124037453127362 0.0032118240553543342 0.44196 3.176793915693224 -1.6958058802865719
33670 11181355 3.076236156442179 0.0009417338940424791 0.44196 3.176793915693224 -1.6958058802865719
33671 11181355 3.031393409479075 -0.00042473702440440353 0.44196 3.176793915693224 -1.6958058802865719
33672 11181355 2.9816325671952617 -0.0005360178476584709 0.43434000000000006 3.176793915693224 -1.6958058802865719
33673 11181355 2.9350321507878743 -0.007285837663828981 0.43434000000000006 3.176793915693224 -1.6958058802865719
33674 11181355 2.9089947382188437 -0.005444872548437868 0.43434000000000006 3.176793915693224 -1.6958058802865719
33675 11181355 2.882957325649813 -0.0036039074330467546 0.43434000000000006 3.176793915693224 -1.6958058802865719
33676 11181355 2.8403590192481962 -0.008972845157763226 0.42672000000000004 3.176793915693224 -1.6958058802865719
33677 11181355 2.764136896094123 -0.005818145336017683 0.41910000000000003 3.176793915693224 -1.6958058802865719
33678 11181355 2.7371600950077877 -0.0025017920717998188 0.41910000000000003 3.176793915693224 -1.6958058802865719
33679 11181355 2.6758631113518545 -0.004218643355163781 0.41148 3.176793915693224 -1.6958058802865719
33680 11181355 2.632089041993563 -0.0006749231741066397 0.41148 3.176793915693224 -1.6958058802865719
33681 11181355 2.58755459952211 -0.0027236084874137922 0.40386 3.176793915693224 -1.6958058802865719
33682 11181355 2.5480672832167626 -0.0012798534960461738 0.40386 3.176793915693224 -1.6958058802865719
33683 11181355 2.5128850529679103 -0.00024842829421362067 0.40005 3.176793915693224 -1.6958058802865719
33684 11181355 2.477702822719058 0.0007829969076189325 0.39624000000000004 3.176793915693224 -1.6958058802865719
33685 11181355 2.4110746537689254 0.0006920211466190096 0.39624000000000004 3.176793915693224 -1.6958058802865719
33686 11181355 2.3590432037286693 0.0017933680691164244 0.38862 3.176793915693224 -1.6958058802865719
33687 11181355 2.312582350494442 0.0003753739871852624 0.38481 3.176793915693224 -1.6958058802865719
33688 11181355 2.2661214972602144 -0.0010426200947458997 0.381 3.176793915693224 -1.6958058802865719
33689 11181355 2.217586585154847 -0.00038111720336594934 0.381 3.176793915693224 -1.6958058802865719
33690 11181355 2.1763752489652424 -0.004213509960037415 0.37338 3.176793915693224 -1.6958058802865719
33691 11181355 2.129834954772833 -0.003969143995367658 0.37338 3.176793915693224 -1.6958058802865719
33692 11181355 2.085827337873933 -0.005486114552240212 0.37338 3.176793915693224 -1.6958058802865719
33693 11181355 2.0321559027154117 -0.003963859558495181 0.36576 3.176793915693224 -1.6958058802865719
33694 11181355 1.9881136326974818 -0.005585788335685904 0.36576 3.176793915693224 -1.6958058802865719
33695 11181355 1.9456915478055998 -0.0022459772757693897 0.35814000000000007 3.176793915693224 -1.6958058802865719
33696 11181355 1.9163966861094 -0.000856483982552364 0.35814000000000007 3.176793915693224 -1.6958058802865719
33697 11181355 1.8871018244132 0.0005330093106646616 0.35814000000000007 3.176793915693224 -1.6958058802865719
33698 11181355 1.840539065210197 0.0020714950348808825 0.35052000000000005 3.176793915693224 -1.6958058802865719
33699 11181355 1.7963829141552496 0.0020066538296293207 0.3467100000000001 3.176793915693224 -1.6958058802865719
33700 11181355 1.7522267631003023 0.001941812624377759 0.34290000000000004 3.176793915693224 -1.6958058802865719
33701 11181355 1.7122318849483906 0.0007518979466960285 0.34290000000000004 3.176793915693224 -1.6958058802865719
33702 11181355 1.6708282504896497 0.0017746400860357558 0.34290000000000004 3.176793915693224 -1.6958058802865719
33703 11181355 1.6316344424133697 -0.0013120232812424137 0.33528 3.176793915693224 -1.6958058802865719
33704 11181355 1.6155700852746782 -0.0015557992115474706 0.33528 3.176793915693224 -1.6958058802865719
33705 11181355 1.5513250824830394 -0.001132754069128522 0.32766 3.176793915693224 -1.6958058802865719
33706 11181355 1.5122720976998165 0.000291281291283918 0.32766 3.176793915693224 -1.6958058802865719
33707 11181355 1.468927881351573 -0.0019062146792677565 0.32766 3.176793915693224 -1.6958058802865719
33708 11181355 1.4317210261910036 -0.00026702421978862245 0.32766 3.176793915693224 -1.6958058802865719
33709 11181355 1.3895803111639662 -0.0028572044385304085 0.32004000000000005 3.176793915693224 -1.6958058802865719
33710 11181355 1.3503672612328912 -0.0005622946440186904 0.32004000000000005 3.176793915693224 -1.6958058802865719
33711 11181355 1.3139584721685336 0.00034965083395801144 0.31750000000000006 3.176793915693224 -1.6958058802865719
33712 11181355 1.277549683104176 0.0012615963119347133 0.31496 3.176793915693224 -1.6958058802865719
33713 11181355 1.2411408940398183 0.002173541789911415 0.31242000000000003 3.176793915693224 -1.6958058802865719
33714 11181355 1.1969592515893361 0.00013427868310877944 0.31242000000000003 3.176793915693224 -1.6958058802865719
33715 11181355 1.1679143683541806 -0.00042423150117482794 0.31242000000000003 3.176793915693224 -1.6958058802865719
33716 11181355 1.1388694851190253 -0.0009827416854584353 0.31242000000000003 3.176793915693224 -1.6958058802865719
33717 11181355 1.1138577217931278 -0.0005220831853538453 0.31242000000000003 3.176793915693224 -1.6958058802865719
33718 11181355 1.0888459584672305 -6.142468524925526e-05 0.31242000000000003 3.176793915693224 -1.6958058802865719
33719 11181355 1.063834195141333 0.0003992338148553348 0.31242000000000003 3.176793915693224 -1.6958058802865719
33720 11181355 1.0344078344030678 0.0009394540274064259 0.31242000000000003 3.176793915693224 -1.6958058802865719
33721 11181355 1.0049814736648026 0.001479674239957517 0.31242000000000003 3.176793915693224 -1.6958058802865719
33722 11181355 0.9755551129265373 0.0020198944525086082 0.31242000000000003 3.176793915693224 -1.6958058802865719
33723 11181355 0.9506727392146067 0.0019715043061769486 0.31242000000000003 3.176793915693224 -1.6958058802865719
33724 11181355 0.9257903655026761 0.0019231141598452888 0.31242000000000003 3.176793915693224 -1.6958058802865719
33725 11181355 0.9009079917907455 0.001874724013513629 0.31242000000000003 3.176793915693224 -1.6958058802865719
33726 11181355 0.8760945475165721 0.0020376249640175204 0.31242000000000003 3.176793915693224 -1.6958058802865719
33727 11181355 0.854309189749835 0.003314126661352876 0.31242000000000003 3.176793915693224 -1.6958058802865719
33728 11181355 0.8334429170686886 0.0033266622959376747 0.31242000000000003 3.176793915693224 -1.6958058802865719
33729 11181355 0.812576644387542 0.0033391979305224737 0.31242000000000003 3.176793915693224 -1.6958058802865719
33730 11181355 0.7917103717063955 0.0033517335651072726 0.31242000000000003 3.176793915693224 -1.6958058802865719
33731 11181355 0.770844099025249 0.0033642691996920715 0.31242000000000003 3.176793915693224 -1.6958058802865719
33732 11181355 0.7427609725705202 0.001675252637142438 0.31242000000000003 3.176793915693224 -1.6958058802865719
33733 11181355 0.726398308288037 0.0018812570431914893 0.31242000000000003 3.176793915693224 -1.6958058802865719
33734 11181355 0.7059185687953365 0.0014464763586966023 0.31242000000000003 3.176793915693224 -1.6958058802865719
33735 11181355 0.6910579853999756 0.0016290771066553716 0.31242000000000003 3.176793915693224 -1.6958058802865719
33736 11181355 0.6761974020046149 0.001811677854614141 0.31242000000000003 3.176793915693224 -1.6958058802865719
