39273 10866934 0.9362215730027214 0.16160461213914257 0.32004000000000005 0.0 0.0
39274 10866934 0.9338143158885234 0.1623911177675373 0.32004000000000005 0.0 0.0
39275 10866934 0.9370239919202583 0.1613424432301072 0.32004000000000005 0.0 0.0
39276 10866934 0.9369409830604334 0.1613695641327681 0.3197772413793104 0.0 0.0
39277 10866934 0.9368579742006085 0.161396685035429 0.3195144827586207 0.0 0.0
39278 10866934 0.9367749653407835 0.1614238059380899 0.31925172413793107 0.0 0.0
39279 10866934 0.9366919564809585 0.1614509268407508 0.31898896551724143 0.0 0.0
39280 10866934 0.9366089476211336 0.16147804774341168 0.3187262068965518 0.0 0.0
39281 10866934 0.9365259387613086 0.16150516864607256 0.3184634482758621 0.0 0.0
39282 10866934 0.9364429299014837 0.16153228954873347 0.31820068965517245 0.0 0.0
39283 10866934 0.9363599210416588 0.16155941045139435 0.3179379310344828 0.0 0.0
39284 10866934 0.9362769121818338 0.16158653135405526 0.31767517241379317 0.0 0.0
39285 10866934 0.9361939033220088 0.16161365225671614 0.3174124137931035 0.0 0.0
39286 10866934 0.9361108944621839 0.16164077315937703 0.31714965517241384 0.0 0.0
39287 10866934 0.9360278856023589 0.16166789406203794 0.3168868965517242 0.0 0.0
39288 10866934 0.935944876742534 0.16169501496469882 0.3166241379310345 0.0 0.0
39289 10866934 0.9358618678827091 0.16172213586735973 0.31636137931034486 0.0 0.0
39290 10866934 0.9357788590228842 0.1617492567700206 0.3160986206896552 0.0 0.0
39291 10866934 0.9356958501630592 0.1617763776726815 0.3158358620689656 0.0 0.0
39292 10866934 0.9356128413032342 0.1618034985753424 0.3155731034482759 0.0 0.0
39293 10866934 0.9355298324434093 0.16183061947800328 0.31531034482758624 0.0 0.0
39294 10866934 0.9354468235835843 0.1618577403806642 0.3150475862068966 0.0 0.0
39295 10866934 0.9353638147237594 0.16188486128332508 0.31478482758620696 0.0 0.0
39296 10866934 0.9352808058639345 0.16191198218598596 0.31452206896551727 0.0 0.0
39297 10866934 0.9351977970041095 0.16193910308864687 0.3142593103448276 0.0 0.0
39298 10866934 0.9351147881442845 0.16196622399130775 0.313996551724138 0.0 0.0
39299 10866934 0.9350317792844596 0.16199334489396866 0.3137337931034483 0.0 0.0
39300 10866934 0.9349487704246346 0.16202046579662954 0.31347103448275865 0.0 0.0
39301 10866934 0.9348657615648097 0.16204758669929042 0.313208275862069 0.0 0.0
39302 10866934 0.9347827527049848 0.16207470760195133 0.31294551724137937 0.0 0.0
39303 10866934 0.9346997438451599 0.16210182850461222 0.31268275862068967 0.0 0.0
39304 10866934 0.9346167349853349 0.16212894940727313 0.31242000000000003 0.0 0.0
39305 10866934 0.9345337261255099 0.162156070309934 0.3121572413793104 0.0 0.0
39306 10866934 0.934450717265685 0.1621831912125949 0.3118944827586207 0.0 0.0
39307 10866934 0.93436770840586 0.1622103121152558 0.31163172413793105 0.0 0.0
39308 10866934 0.9342846995460351 0.16223743301791668 0.3113689655172414 0.0 0.0
39309 10866934 0.9342016906862102 0.16226455392057756 0.3111062068965518 0.0 0.0
39310 10866934 0.9341186818263852 0.16229167482323847 0.3108434482758621 0.0 0.0
39311 10866934 0.9340356729665602 0.16231879572589936 0.31058068965517244 0.0 0.0
39312 10866934 0.9339526641067353 0.16234591662856027 0.3103179310344828 0.0 0.0
39313 10866934 0.9338696552469103 0.16237303753122115 0.31005517241379316 0.0 0.0
39314 10866934 0.9337866463870854 0.16240015843388203 0.30979241379310346 0.0 0.0
39315 10866934 0.9337036375272605 0.16242727933654294 0.3095296551724138 0.0 0.0
39316 10866934 0.9336206286674356 0.16245440023920382 0.3092668965517242 0.0 0.0
39317 10866934 0.9335376198076105 0.16248152114186473 0.3090041379310345 0.0 0.0
39318 10866934 0.9334546109477856 0.16250864204452561 0.30874137931034484 0.0 0.0
39319 10866934 0.9333716020879607 0.1625357629471865 0.3084786206896552 0.0 0.0
39320 10866934 0.9332885932281357 0.1625628838498474 0.30821586206896556 0.0 0.0
39321 10866934 0.9332055843683108 0.1625900047525083 0.30795310344827587 0.0 0.0
39322 10866934 0.9331225755084859 0.1626171256551692 0.3076903448275862 0.0 0.0
39323 10866934 0.933039566648661 0.16264424655783008 0.3074275862068966 0.0 0.0
39324 10866934 0.9329565577888359 0.16267136746049096 0.3071648275862069 0.0 0.0
39325 10866934 0.932873548929011 0.16269848836315187 0.30690206896551725 0.0 0.0
39326 10866934 0.932790540069186 0.16272560926581275 0.3066393103448276 0.0 0.0
39327 10866934 0.9327075312093611 0.16275273016847366 0.30637655172413797 0.0 0.0
39328 10866934 0.9326245223495362 0.16277985107113455 0.3061137931034483 0.0 0.0
39329 10866934 0.9325415134897113 0.16280697197379543 0.30585103448275863 0.0 0.0
39330 10866934 0.9324585046298862 0.16283409287645634 0.305588275862069 0.0 0.0
39331 10866934 0.9323754957700613 0.16286121377911722 0.30532551724137935 0.0 0.0
39332 10866934 0.9322924869102364 0.16288833468177813 0.30506275862068966 0.0 0.0
39333 10866934 0.9322094780504114 0.162915455584439 0.3048 0.0 0.0
39334 10866934 0.929657736743735 0.16008860521373508 0.30607 0.0 0.0
39335 10866934 0.9271059954370586 0.15726175484303112 0.30734 0.0 0.0
39336 10866934 0.9245542541303822 0.15443490447232716 0.30861000000000005 0.0 0.0
39337 10866934 0.9220025128237057 0.15160805410162323 0.30988000000000004 0.0 0.0
39338 10866934 0.9194507715170294 0.1487812037309193 0.31115000000000004 0.0 0.0
39339 10866934 0.9168990302103529 0.14595435336021534 0.31242000000000003 0.0 0.0
39340 10866934 0.9261526568540742 0.13939386530946027 0.31369 0.0 0.0
39341 10866934 0.9354062834977955 0.13283337725870517 0.31496 0.0 0.0
39342 10866934 0.9446599101415167 0.1262728892079501 0.31623 0.0 0.0
39343 10866934 0.953913536785238 0.119712401157195 0.3175 0.0 0.0
39344 10866934 0.9631671634289594 0.11315191310643993 0.31877000000000005 0.0 0.0
39345 10866934 0.9724207900726807 0.10659142505568485 0.32004000000000005 0.0 0.0
39346 10866934 0.981674416716402 0.10003093700492977 0.32131000000000004 0.0 0.0
39347 10866934 0.9909280433601233 0.09347044895417468 0.32258000000000003 0.0 0.0
39348 10866934 1.0001816700038446 0.0869099609034196 0.32385 0.0 0.0
39349 10866934 1.009435296647566 0.08034947285266451 0.32512 0.0 0.0
39350 10866934 1.0186889232912872 0.07378898480190943 0.32639 0.0 0.0
39351 10866934 1.0279425499350086 0.06722849675115436 0.32766 0.0 0.0
39352 10866934 1.0371961765787296 0.060668008700399276 0.32893 0.0 0.0
39353 10866934 1.046449803222451 0.05410752064964419 0.33020000000000005 0.0 0.0
39354 10866934 1.0557034298661723 0.04754703259888911 0.33147000000000004 0.0 0.0
39355 10866934 1.0649570565098936 0.040986544548134024 0.33274000000000004 0.0 0.0
39356 10866934 1.074210683153615 0.03442605649737894 0.33401000000000003 0.0 0.0
39357 10866934 1.0834643097973362 0.027865568446623856 0.33528 0.0 0.0
39358 10866934 1.1139382873518429 0.023283895545968394 0.33528 0.0 0.0
39359 10866934 1.162694512500183 0.0175782249826451 0.33909 0.0 0.0
39360 10866934 1.2114507376485233 0.011872554419321807 0.34290000000000004 0.0 0.0
39361 10866934 1.255788866633158 0.008954120288460432 0.34290000000000004 0.0 0.0
39362 10866934 1.2885135283778746 0.008544589850413939 0.35052000000000005 0.0 0.0
39363 10866934 1.3365878988339117 0.003471539655124131 0.35814000000000007 0.0 0.0
39364 10866934 1.3751364358652185 0.0018609139158310972 0.36576 0.0 0.0
39365 10866934 1.4144686270562035 0.005368406196751968 0.36576 0.0 0.0
39366 10866934 1.4582673781818714 0.0021600539062701096 0.37338 0.0 0.0
39367 10866934 1.4978282288602562 0.005009147894762478 0.37338 0.0 0.0
39368 10866934 1.5359985299828844 0.003873342535736901 0.381 0.0 0.0
39369 10866934 1.592540757631851 0.006783811955482236 0.38862 0.0 0.0
39370 10866934 1.619447342830761 0.008276040529641641 0.39243000000000006 0.0 0.0
39371 10866934 1.6463539280296708 0.009768269103801047 0.39624000000000004 0.0 0.0
39372 10866934 1.6851809209811757 0.013091615167581866 0.39624000000000004 0.0 0.0
39373 10866934 1.7244090456740402 0.016284133213726848 0.40386 0.0 0.0
39374 10866934 1.7851709678835899 0.020154229255070405 0.41148 0.0 0.0
39375 10866934 1.8250182405001498 0.023612307394069998 0.41148 0.0 0.0
39376 10866934 1.8543053448497098 0.02736524753680558 0.41529000000000005 0.0 0.0
39377 10866934 1.88359244919927 0.031118187679541165 0.41910000000000003 0.0 0.0
39378 10866934 1.9150579039312665 0.034744022660296595 0.41910000000000003 0.0 0.0
39379 10866934 1.946523358663263 0.038369857641052024 0.41910000000000003 0.0 0.0
39380 10866934 1.9878039121800284 0.04241203738629315 0.42672000000000004 0.0 0.0
39381 10866934 2.0279514069389286 0.049511320538936004 0.42672000000000004 0.0 0.0
39382 10866934 2.080438241200765 0.05959054908047931 0.43434000000000006 0.0 0.0
39383 10866934 2.1142897258514015 0.06535842318130589 0.44196 0.0 0.0
39384 10866934 2.1718615187992825 0.08394107983748003 0.44196 0.0 0.0
39385 10866934 2.205521191436959 0.09456156231732363 0.44196 0.0 0.0
39386 10866934 2.230495298699765 0.10509783577381324 0.44577 0.0 0.0
39387 10866934 2.255469405962571 0.11563410923030285 0.44958000000000004 0.0 0.0
39388 10866934 2.2746478739888514 0.12677790643251466 0.44958000000000004 0.0 0.0
39389 10866934 2.33442749154554 0.15620574398838585 0.45720000000000005 0.0 0.0
39390 10866934 2.367735002936017 0.17254909775113544 0.46482000000000007 0.0 0.0
39391 10866934 2.4022267166988414 0.19387958815036097 0.46482000000000007 0.0 0.0
39392 10866934 2.4479947990571094 0.2239111630757157 0.47243999999999997 0.0 0.0
39393 10866934 2.4819470164360666 0.2449507542486645 0.48006 0.0 0.0
39394 10866934 2.5089062629715357 0.2676895765648939 0.48006 0.0 0.0
39395 10866934 2.543856056478516 0.28933817570081866 0.48768 0.0 0.0
39396 10866934 2.5662131961333485 0.30586967004652804 0.49149 0.0 0.0
39397 10866934 2.588570335788181 0.3224011643922374 0.4953 0.0 0.0
39398 10866934 2.6175927130548926 0.34493387411536824 0.4953 0.0 0.0
39399 10866934 2.649371147073185 0.37427685063023797 0.50292 0.0 0.0
39400 10866934 2.6787604913410767 0.39739078720206 0.51054 0.0 0.0
39401 10866934 2.7077382692232153 0.4225082505671457 0.51054 0.0 0.0
39402 10866934 2.7468119920772898 0.4578805721160296 0.51054 0.0 0.0
39403 10866934 2.7776785129227104 0.47899381213113035 0.5181600000000001 0.0 0.0
39404 10866934 2.825799771076325 0.5176039154714386 0.5181600000000001 0.0 0.0
39405 10866934 2.8409425660324255 0.5313511309333466 0.5181600000000001 0.0 0.0
39406 10866934 2.8560853609885255 0.5450983463952547 0.5181600000000001 0.0 0.0
39407 10866934 2.8948619525087294 0.5659658447208211 0.5181600000000001 0.0 0.0
39408 10866934 2.9313604235144037 0.5923667110480773 0.52578 0.0 0.0
39409 10866934 2.9711004891335984 0.6145553726251655 0.52578 0.0 0.0
39410 10866934 3.010230792099291 0.633789161075748 0.52578 0.0 0.0
39411 10866934 3.0633782573163852 0.6646848452460811 0.5334 0.0 0.0
39412 10866934 3.106955506878376 0.6825841186480885 0.5334 0.0 0.0
39413 10866934 3.152785867146049 0.7103784114827912 0.54102 0.0 0.0
39414 10866934 3.1668682947786415 0.7165285902348922 0.54102 0.0 0.0
39415 10866934 3.225195409771029 0.7456174171208374 0.54864 0.0 0.0
39416 10866934 3.257541120464946 0.7617516407874709 0.54864 0.0 0.0
39417 10866934 3.2898868311588627 0.7778858644541045 0.54864 0.0 0.0
39418 10866934 3.325727365796161 0.8006477450291525 0.55626 0.0 0.0
39419 10866934 3.3625963982414655 0.8184013825868237 0.55626 0.0 0.0
39420 10866934 3.4209219702713307 0.847491743985621 0.55626 0.0 0.0
39421 10866934 3.469648345962695 0.871655385284014 0.5600700000000001 0.0 0.0
39422 10866934 3.518374721654059 0.895819026582407 0.56388 0.0 0.0
39423 10866934 3.5391222917109104 0.9104244497134509 0.56388 0.0 0.0
39424 10866934 3.592056400094305 0.9366029388686463 0.56769 0.0 0.0
39425 10866934 3.6449905084777 0.9627814280238417 0.5715 0.0 0.0
39426 10866934 3.678889290373461 0.9815055939065358 0.57531 0.0 0.0
39427 10866934 3.7127880722692224 1.0002297597892298 0.57912 0.0 0.0
39428 10866934 3.712909959797747 1.0005079469216662 0.5791291844114101 0.0 0.0
39429 10866934 3.713031847326271 1.0007861340541029 0.5791383688228203 0.0 0.0
39430 10866934 3.7131537348547954 1.0010643211865393 0.5791475532342306 0.0 0.0
39431 10866934 3.7132756223833194 1.0013425083189758 0.5791567376456408 0.0 0.0
39432 10866934 3.713397509911844 1.0016206954514124 0.579165922057051 0.0 0.0
39433 10866934 3.7135193974403684 1.0018988825838488 0.5791751064684612 0.0 0.0
39434 10866934 3.7136412849688925 1.0021770697162853 0.5791842908798714 0.0 0.0
39435 10866934 3.713763172497417 1.002455256848722 0.5791934752912816 0.0 0.0
39436 10866934 3.713885060025941 1.0027334439811584 0.5792026597026918 0.0 0.0
39437 10866934 3.7140069475544655 1.0030116311135948 0.579211844114102 0.0 0.0
39438 10866934 3.71412883508299 1.0032898182460315 0.5792210285255123 0.0 0.0
39439 10866934 3.714250722611514 1.003568005378468 0.5792302129369225 0.0 0.0
39440 10866934 3.7143726101400385 1.0038461925109043 0.5792393973483326 0.0 0.0
39441 10866934 3.7144944976685625 1.004124379643341 0.5792485817597428 0.0 0.0
39442 10866934 3.714616385197087 1.0044025667757774 0.579257766171153 0.0 0.0
39443 10866934 3.7147382727256115 1.0046807539082139 0.5792669505825633 0.0 0.0
39444 10866934 3.7148601602541356 1.0049589410406505 0.5792761349939735 0.0 0.0
39445 10866934 3.71498204778266 1.005237128173087 0.5792853194053836 0.0 0.0
39446 10866934 3.7151039353111845 1.0055153153055236 0.5792945038167938 0.0 0.0
39447 10866934 3.7152258228397086 1.00579350243796 0.5793036882282041 0.0 0.0
39448 10866934 3.715347710368233 1.0060716895703965 0.5793128726396143 0.0 0.0
39449 10866934 3.715469597896757 1.0063498767028332 0.5793220570510245 0.0 0.0
39450 10866934 3.7155914854252816 1.0066280638352696 0.5793312414624346 0.0 0.0
39451 10866934 3.715713372953806 1.006906250967706 0.5793404258738449 0.0 0.0
39452 10866934 3.71583526048233 1.0071844381001427 0.5793496102852551 0.0 0.0
39453 10866934 3.7159571480108546 1.0074626252325791 0.5793587946966653 0.0 0.0
39454 10866934 3.7160790355393787 1.0077408123650156 0.5793679791080755 0.0 0.0
39455 10866934 3.716200923067903 1.0080189994974522 0.5793771635194858 0.0 0.0
39456 10866934 3.7163228105964277 1.0082971866298887 0.5793863479308959 0.0 0.0
39457 10866934 3.7164446981249517 1.008575373762325 0.5793955323423061 0.0 0.0
39458 10866934 3.716566585653476 1.0088535608947617 0.5794047167537163 0.0 0.0
39459 10866934 3.7166884731820002 1.0091317480271982 0.5794139011651265 0.0 0.0
39460 10866934 3.7168103607105247 1.0094099351596346 0.5794230855765368 0.0 0.0
39461 10866934 3.716932248239049 1.0096881222920713 0.579432269987947 0.0 0.0
39462 10866934 3.7170541357675733 1.0099663094245077 0.5794414543993571 0.0 0.0
39463 10866934 3.7171760232960978 1.0102444965569441 0.5794506388107673 0.0 0.0
39464 10866934 3.717297910824622 1.0105226836893808 0.5794598232221776 0.0 0.0
39465 10866934 3.7174197983531463 1.0108008708218172 0.5794690076335878 0.0 0.0
39466 10866934 3.7175416858816708 1.0110790579542537 0.579478192044998 0.0 0.0
39467 10866934 3.717663573410195 1.0113572450866903 0.5794873764564081 0.0 0.0
39468 10866934 3.7177854609387193 1.0116354322191268 0.5794965608678184 0.0 0.0
39469 10866934 3.7179073484672434 1.0119136193515632 0.5795057452792286 0.0 0.0
39470 10866934 3.718029235995768 1.0121918064839999 0.5795149296906388 0.0 0.0
39471 10866934 3.7181511235242923 1.0124699936164363 0.579524114102049 0.0 0.0
39472 10866934 3.7182730110528164 1.0127481807488727 0.5795332985134591 0.0 0.0
39473 10866934 3.718394898581341 1.0130263678813094 0.5795424829248694 0.0 0.0
39474 10866934 3.7185167861098654 1.0133045550137458 0.5795516673362796 0.0 0.0
39475 10866934 3.7186386736383894 1.0135827421461823 0.5795608517476898 0.0 0.0
39476 10866934 3.718760561166914 1.013860929278619 0.5795700361591 0.0 0.0
39477 10866934 3.718882448695438 1.0141391164110554 0.5795792205705103 0.0 0.0
39478 10866934 3.7190043362239624 1.014417303543492 0.5795884049819204 0.0 0.0
39479 10866934 3.719126223752487 1.0146954906759285 0.5795975893933306 0.0 0.0
39480 10866934 3.719248111281011 1.014973677808365 0.5796067738047408 0.0 0.0
39481 10866934 3.7193699988095354 1.0152518649408016 0.5796159582161511 0.0 0.0
39482 10866934 3.7194918863380595 1.015530052073238 0.5796251426275613 0.0 0.0
39483 10866934 3.719613773866584 1.0158082392056744 0.5796343270389714 0.0 0.0
39484 10866934 3.7197356613951085 1.016086426338111 0.5796435114503816 0.0 0.0
39485 10866934 3.7198575489236325 1.0163646134705475 0.5796526958617918 0.0 0.0
39486 10866934 3.719979436452157 1.016642800602984 0.5796618802732021 0.0 0.0
39487 10866934 3.720101323980681 1.0169209877354206 0.5796710646846123 0.0 0.0
