44406 10866934 4.279502852817491 2.337536442553012 0.6237514285714286 0.0 0.0
44407 10866934 4.239461516371722 2.2900275800478362 0.6226628571428572 0.0 0.0
44408 10866934 4.199420179925952 2.2425187175426604 0.6215742857142857 0.0 0.0
44409 10866934 4.159378843480183 2.1950098550374846 0.6204857142857143 0.0 0.0
44410 10866934 4.119337507034413 2.1475009925323088 0.6193971428571429 0.0 0.0
44411 10866934 4.079296170588644 2.099992130027133 0.6183085714285714 0.0 0.0
44412 10866934 4.0392548341428745 2.052483267521957 0.61722 0.0 0.0
44413 10866934 3.988822233298358 1.9938311161343605 0.61341 0.0 0.0
44414 10866934 3.938389632453841 1.9351789647467637 0.6096 0.0 0.0
44415 10866934 3.9129238667838404 1.906109616388491 0.6096 0.0 0.0
44416 10866934 3.8510798184293975 1.8308563944980218 0.6096 0.0 0.0
44417 10866934 3.8134167687236644 1.783456466843363 0.6096 0.0 0.0
44418 10866934 3.7753193214081184 1.7388073488908247 0.60706 0.0 0.0
44419 10866934 3.7372218740925724 1.6941582309382863 0.6045200000000001 0.0 0.0
44420 10866934 3.6991244267770265 1.649509112985748 0.6019800000000001 0.0 0.0
44421 10866934 3.6393522826898668 1.5738139139671978 0.6019800000000001 0.0 0.0
44422 10866934 3.593831775133044 1.5213861269728182 0.5981700000000001 0.0 0.0
44423 10866934 3.5483112675762216 1.4689583399784383 0.59436 0.0 0.0
44424 10866934 3.5109215910409155 1.4224042769933087 0.59436 0.0 0.0
44425 10866934 3.4886185445749325 1.3948731043338798 0.59436 0.0 0.0
44426 10866934 3.4663154981089495 1.3673419316744506 0.59436 0.0 0.0
44427 10866934 3.4050075462928113 1.2964709557629348 0.58674 0.0 0.0
44428 10866934 3.3668339124746076 1.2447994982961605 0.59436 0.0 0.0
44429 10866934 3.31330485349073 1.1855243867974803 0.58674 0.0 0.0
44430 10866934 3.25747603516736 1.1164866332237902 0.58674 0.0 0.0
44431 10866934 3.2107956327 1.0659569584227693 0.58674 0.0 0.0
44432 10866934 3.175741455449079 1.018407482411858 0.57912 0.0 0.0
44433 10866934 3.132640068684557 0.9723168803977346 0.57912 0.0 0.0
44434 10866934 3.096424494578295 0.9292353213355375 0.57912 0.0 0.0
44435 10866934 3.060208920472033 0.8861537622733406 0.57912 0.0 0.0
44436 10866934 3.0334357801981673 0.8545919641132459 0.57912 0.0 0.0
44437 10866934 3.0066626399243015 0.8230301659531511 0.57912 0.0 0.0
44438 10866934 2.959938976860207 0.7625857392201284 0.57912 0.0 0.0
44439 10866934 2.9180861407014618 0.717606665498162 0.5715 0.0 0.0
44440 10866934 2.878844664999739 0.6692051628639692 0.5715 0.0 0.0
44441 10866934 2.83612574714802 0.6158644875146214 0.5715 0.0 0.0
44442 10866934 2.7958685848003473 0.5755047461483431 0.5715 0.0 0.0
44443 10866934 2.758908901173153 0.5289285305227688 0.56388 0.0 0.0
44444 10866934 2.7164081437712335 0.47761962044663187 0.56388 0.0 0.0
44445 10866934 2.6860659801877773 0.4438358117686387 0.56388 0.0 0.0
44446 10866934 2.655723816604321 0.4100520030906455 0.56388 0.0 0.0
44447 10866934 2.6197750170532355 0.3679355680032066 0.55626 0.0 0.0
44448 10866934 2.578460089246086 0.32570212190531345 0.55626 0.0 0.0
44449 10866934 2.5137207051764734 0.266117642644603 0.54864 0.0 0.0
44450 10866934 2.48326092954119 0.23809669808580872 0.54864 0.0 0.0
44451 10866934 2.4432726630896404 0.20944874617802753 0.54864 0.0 0.0
44452 10866934 2.402284548285862 0.17773961896654475 0.54102 0.0 0.0
44453 10866934 2.3645182495473582 0.14638046507488142 0.54102 0.0 0.0
44454 10866934 2.342671378324998 0.1311429742006858 0.54102 0.0 0.0
44455 10866934 2.320824507102638 0.11590548332649017 0.54102 0.0 0.0
44456 10866934 2.2800355455634733 0.09160816998987678 0.5334 0.0 0.0
44457 10866934 2.2272291143968372 0.06586138727315602 0.52578 0.0 0.0
44458 10866934 2.198919134812754 0.048236993436555714 0.52578 0.0 0.0
44459 10866934 2.1590957828530053 0.028531249513521845 0.5181600000000001 0.0 0.0
44460 10866934 2.1066140405418627 0.009220970856492178 0.5181600000000001 0.0 0.0
44461 10866934 2.093813386330984 0.0026535304537262105 0.51054 0.0 0.0
44462 10866934 2.0403468791809924 -0.014232050837824806 0.51054 0.0 0.0
44463 10866934 1.996569917375885 -0.02972556897697126 0.50292 0.0 0.0
44464 10866934 1.9446214638197654 -0.03951298123292468 0.4953 0.0 0.0
44465 10866934 1.9121607237947083 -0.03965976287642739 0.4953 0.0 0.0
44466 10866934 1.884147848831017 -0.04114216727009504 0.48768 0.0 0.0
44467 10866934 1.8382149208884733 -0.04039354765480124 0.48768 0.0 0.0
44468 10866934 1.8143770368962127 -0.03996818308417949 0.48006 0.0 0.0
44469 10866934 1.7909308559158548 -0.03698372679105344 0.47624999999999995 0.0 0.0
44470 10866934 1.7674846749354969 -0.03399927049792739 0.47243999999999997 0.0 0.0
44471 10866934 1.7362773934479687 -0.028947215863280945 0.47243999999999997 0.0 0.0
44472 10866934 1.7054588289171462 -0.025423849033577722 0.46482000000000007 0.0 0.0
44473 10866934 1.674148112397848 -0.020688205894222544 0.45720000000000005 0.0 0.0
44474 10866934 1.6384584573962049 -0.014405376700041286 0.45720000000000005 0.0 0.0
44475 10866934 1.6143132550674195 -0.010841598846919681 0.44958000000000004 0.0 0.0
44476 10866934 1.5878171684815006 -0.0076781184477405645 0.44196 0.0 0.0
44477 10866934 1.5740644656266145 -0.006281964105864006 0.44196 0.0 0.0
44478 10866934 1.5603117627717282 -0.004885809763987448 0.44196 0.0 0.0
44479 10866934 1.5194062683848721 0.0031012568053419842 0.43434000000000006 0.0 0.0
44480 10866934 1.4866818608008248 0.003509721786094086 0.42672000000000004 0.0 0.0
44481 10866934 1.4609192163759985 0.006200450276442157 0.41910000000000003 0.0 0.0
44482 10866934 1.439719169697308 0.007634570492652981 0.41148 0.0 0.0
44483 10866934 1.4136129703408615 0.010904981540553721 0.41148 0.0 0.0
44484 10866934 1.3810715145418604 0.010786845832537015 0.40386 0.0 0.0
44485 10866934 1.361224290426338 0.012012933930057895 0.39624000000000004 0.0 0.0
44486 10866934 1.3414475439050295 0.011755777666871269 0.39433500000000005 0.0 0.0
44487 10866934 1.3216707973837207 0.011498621403684642 0.39243000000000006 0.0 0.0
44488 10866934 1.3026105738145075 0.011124317763393392 0.38671500000000003 0.0 0.0
44489 10866934 1.2835503502452945 0.010750014123102142 0.381 0.0 0.0
44490 10866934 1.2461596315157557 0.012099712247738315 0.37338 0.0 0.0
44491 10866934 1.224798976221338 0.01358690249007713 0.37338 0.0 0.0
44492 10866934 1.2015330305613927 0.012775980395144194 0.36956999999999995 0.0 0.0
44493 10866934 1.1782670849014474 0.01196505830021126 0.36576 0.0 0.0
44494 10866934 1.1596930250595117 0.013827178948112848 0.35814000000000007 0.0 0.0
44495 10866934 1.1399703484145105 0.013260778436252174 0.35814000000000007 0.0 0.0
44496 10866934 1.117166576053744 0.01685527527866794 0.35052000000000005 0.0 0.0
44497 10866934 1.1071563432111176 0.01679601068391208 0.35052000000000005 0.0 0.0
44498 10866934 1.0971461103684912 0.01673674608915622 0.35052000000000005 0.0 0.0
44499 10866934 1.0802332531106469 0.016888106972445333 0.34290000000000004 0.0 0.0
44500 10866934 1.0533124865808274 0.019841773538481072 0.34290000000000004 0.0 0.0
44501 10866934 1.041573049591147 0.022508815600201557 0.34036000000000005 0.0 0.0
44502 10866934 1.0298336126014669 0.02517585766192204 0.33782 0.0 0.0
44503 10866934 1.0180941756117865 0.027842899723642525 0.33528 0.0 0.0
44504 10866934 1.0060533244056393 0.029995151710898418 0.33528 0.0 0.0
44505 10866934 0.9940124731994924 0.03214740369815431 0.33528 0.0 0.0
44506 10866934 0.9819716219933452 0.0342996556854102 0.33528 0.0 0.0
44507 10866934 0.9699307707871981 0.036451907672666095 0.33528 0.0 0.0
44508 10866934 0.9689432353261209 0.04220166453529853 0.33458727272727273 0.0 0.0
44509 10866934 0.9679556998650437 0.04795142139793096 0.3338945454545455 0.0 0.0
44510 10866934 0.9669681644039665 0.05370117826056339 0.3332018181818182 0.0 0.0
44511 10866934 0.9659806289428894 0.059450935123195825 0.3325090909090909 0.0 0.0
44512 10866934 0.9649930934818122 0.06520069198582826 0.3318163636363637 0.0 0.0
44513 10866934 0.964005558020735 0.07095044884846069 0.3311236363636364 0.0 0.0
44514 10866934 0.9630180225596577 0.07670020571109312 0.3304309090909091 0.0 0.0
44515 10866934 0.9620304870985805 0.08244996257372555 0.3297381818181819 0.0 0.0
44516 10866934 0.9610429516375033 0.08819971943635799 0.3290454545454546 0.0 0.0
44517 10866934 0.9600554161764261 0.09394947629899042 0.3283527272727273 0.0 0.0
44518 10866934 0.959067880715349 0.09969923316162284 0.32766000000000006 0.0 0.0
44519 10866934 0.9580803452542718 0.10544899002425527 0.3269672727272728 0.0 0.0
44520 10866934 0.9570928097931946 0.1111987468868877 0.3262745454545455 0.0 0.0
44521 10866934 0.9561052743321173 0.11694850374952014 0.3255818181818182 0.0 0.0
44522 10866934 0.9551177388710401 0.12269826061215257 0.32488909090909096 0.0 0.0
44523 10866934 0.9541302034099629 0.12844801747478501 0.32419636363636367 0.0 0.0
44524 10866934 0.9531426679488857 0.13419777433741742 0.3235036363636364 0.0 0.0
44525 10866934 0.9521551324878085 0.13994753120004988 0.32281090909090915 0.0 0.0
44526 10866934 0.9511675970267314 0.14569728806268228 0.32211818181818186 0.0 0.0
44527 10866934 0.9501800615656542 0.15144704492531474 0.32142545454545457 0.0 0.0
44528 10866934 0.9491925261045769 0.15719680178794715 0.32073272727272734 0.0 0.0
44529 10866934 0.9482049906434997 0.16294655865057958 0.32004000000000005 0.0 0.0
44530 10866934 0.943764313145936 0.15914023146695386 0.32004000000000005 0.0 0.0
44531 10866934 0.9432828615760392 0.15929753214246312 0.31813500000000006 0.0 0.0
44532 10866934 0.9428014100061426 0.15945483281797238 0.31623 0.0 0.0
44533 10866934 0.9423199584362458 0.15961213349348163 0.314325 0.0 0.0
44534 10866934 0.9418385068663491 0.1597694341689909 0.31242000000000003 0.0 0.0
44535 10866934 0.9418374270248674 0.15976917223878995 0.3124217062248097 0.0 0.0
44536 10866934 0.9418363471833857 0.15976891030858897 0.31242341244961935 0.0 0.0
44537 10866934 0.9418352673419039 0.15976864837838803 0.31242511867442907 0.0 0.0
44538 10866934 0.9418341875004222 0.15976838644818706 0.31242682489923873 0.0 0.0
44539 10866934 0.9418331076589406 0.1597681245179861 0.3124285311240484 0.0 0.0
44540 10866934 0.9418320278174589 0.15976786258778514 0.31243023734885805 0.0 0.0
44541 10866934 0.9418309479759772 0.1597676006575842 0.31243194357366777 0.0 0.0
44542 10866934 0.9418298681344954 0.15976733872738325 0.31243364979847743 0.0 0.0
44543 10866934 0.9418287882930138 0.15976707679718227 0.3124353560232871 0.0 0.0
44544 10866934 0.9418277084515321 0.15976681486698133 0.31243706224809675 0.0 0.0
44545 10866934 0.9418266286100504 0.15976655293678035 0.3124387684729064 0.0 0.0
44546 10866934 0.9418255487685686 0.1597662910065794 0.31244047469771613 0.0 0.0
44547 10866934 0.9418244689270869 0.15976602907637844 0.3124421809225258 0.0 0.0
44548 10866934 0.9418233890856053 0.1597657671461775 0.31244388714733545 0.0 0.0
44549 10866934 0.9418223092441236 0.15976550521597654 0.3124455933721451 0.0 0.0
44550 10866934 0.9418212294026419 0.15976524328577557 0.3124472995969548 0.0 0.0
44551 10866934 0.9418201495611601 0.15976498135557463 0.3124490058217645 0.0 0.0
44552 10866934 0.9418190697196784 0.15976471942537365 0.31245071204657415 0.0 0.0
44553 10866934 0.9418179898781968 0.1597644574951727 0.3124524182713838 0.0 0.0
44554 10866934 0.9418169100367151 0.15976419556497173 0.3124541244961935 0.0 0.0
44555 10866934 0.9418158301952334 0.1597639336347708 0.3124558307210032 0.0 0.0
44556 10866934 0.9418147503537516 0.15976367170456984 0.31245753694581285 0.0 0.0
44557 10866934 0.9418136705122699 0.15976340977436887 0.3124592431706225 0.0 0.0
44558 10866934 0.9418125906707883 0.15976314784416792 0.3124609493954322 0.0 0.0
44559 10866934 0.9418115108293066 0.15976288591396695 0.31246265562024184 0.0 0.0
44560 10866934 0.9418104309878248 0.159762623983766 0.31246436184505155 0.0 0.0
44561 10866934 0.9418093511463431 0.15976236205356503 0.3124660680698612 0.0 0.0
44562 10866934 0.9418082713048614 0.1597621001233641 0.3124677742946709 0.0 0.0
44563 10866934 0.9418071914633798 0.15976183819316314 0.31246948051948054 0.0 0.0
44564 10866934 0.9418061116218981 0.15976157626296217 0.3124711867442902 0.0 0.0
44565 10866934 0.9418050317804163 0.15976131433276122 0.3124728929690999 0.0 0.0
44566 10866934 0.9418039519389346 0.15976105240256025 0.3124745991939096 0.0 0.0
44567 10866934 0.941802872097453 0.1597607904723593 0.31247630541871924 0.0 0.0
44568 10866934 0.9418017922559713 0.15976052854215833 0.3124780116435289 0.0 0.0
44569 10866934 0.9418007124144896 0.15976026661195739 0.3124797178683386 0.0 0.0
44570 10866934 0.9417996325730078 0.15976000468175644 0.3124814240931483 0.0 0.0
44571 10866934 0.9417985527315261 0.15975974275155547 0.31248313031795794 0.0 0.0
44572 10866934 0.9417974728900445 0.15975948082135452 0.3124848365427676 0.0 0.0
44573 10866934 0.9417963930485628 0.15975921889115355 0.31248654276757726 0.0 0.0
44574 10866934 0.941795313207081 0.1597589569609526 0.312488248992387 0.0 0.0
44575 10866934 0.9417942333655993 0.15975869503075163 0.31248995521719664 0.0 0.0
44576 10866934 0.9417931535241176 0.15975843310055068 0.3124916614420063 0.0 0.0
44577 10866934 0.941792073682636 0.1597581711703497 0.31249336766681596 0.0 0.0
44578 10866934 0.9417909938411543 0.15975790924014877 0.3124950738916257 0.0 0.0
44579 10866934 0.9417899139996725 0.15975764730994782 0.31249678011643534 0.0 0.0
44580 10866934 0.9417888341581908 0.15975738537974685 0.312498486341245 0.0 0.0
44581 10866934 0.9417877543167091 0.1597571234495459 0.31250019256605466 0.0 0.0
44582 10866934 0.9417866744752275 0.15975686151934493 0.3125018987908643 0.0 0.0
44583 10866934 0.9417855946337458 0.15975659958914398 0.31250360501567404 0.0 0.0
44584 10866934 0.941784514792264 0.159756337658943 0.3125053112404837 0.0 0.0
44585 10866934 0.9417834349507823 0.15975607572874206 0.31250701746529336 0.0 0.0
44586 10866934 0.9417823551093006 0.15975581379854112 0.312508723690103 0.0 0.0
44587 10866934 0.941781275267819 0.15975555186834015 0.3125104299149127 0.0 0.0
44588 10866934 0.9417801954263372 0.1597552899381392 0.3125121361397224 0.0 0.0
44589 10866934 0.9417791155848555 0.15975502800793823 0.31251384236453206 0.0 0.0
44590 10866934 0.9417780357433738 0.15975476607773728 0.3125155485893417 0.0 0.0
44591 10866934 0.9417769559018921 0.1597545041475363 0.3125172548141514 0.0 0.0
44592 10866934 0.9417758760604105 0.15975424221733536 0.3125189610389611 0.0 0.0
44593 10866934 0.9417747962189287 0.15975398028713442 0.31252066726377076 0.0 0.0
44594 10866934 0.941773716377447 0.15975371835693344 0.3125223734885804 0.0 0.0
