53467 10866934 0.9323270993474105 0.1573861788108761 0.32766 0.0 0.0
53468 10866934 0.9324608359430233 0.15734248400771278 0.32766 0.0 0.0
53469 10866934 0.9325945725386362 0.15729878920454943 0.32766 0.0 0.0
53470 10866934 0.9327283091342491 0.1572550944013861 0.32766 0.0 0.0
53471 10866934 0.9328620457298619 0.15721139959822278 0.32766 0.0 0.0
53472 10866934 0.9329957823254748 0.15716770479505945 0.32766 0.0 0.0
53473 10866934 0.9331295189210875 0.15712400999189613 0.32766 0.0 0.0
53474 10866934 0.9332632555167004 0.1570803151887328 0.32766 0.0 0.0
53475 10866934 0.9333969921123133 0.15703662038556948 0.32766 0.0 0.0
53476 10866934 0.9335307287079261 0.15699292558240613 0.32766 0.0 0.0
53477 10866934 0.933664465303539 0.1569492307792428 0.32766 0.0 0.0
53478 10866934 0.9337982018991517 0.15690553597607948 0.32766 0.0 0.0
53479 10866934 0.9339319384947646 0.15686184117291616 0.32766 0.0 0.0
53480 10866934 0.9340656750903775 0.15681814636975283 0.32766 0.0 0.0
53481 10866934 0.9341994116859903 0.15677445156658948 0.32766 0.0 0.0
53482 10866934 0.9343331482816032 0.15673075676342615 0.32766 0.0 0.0
53483 10866934 0.9344668848772161 0.15668706196026283 0.32766 0.0 0.0
53484 10866934 0.9346006214728289 0.1566433671570995 0.32766 0.0 0.0
53485 10866934 0.9347343580684417 0.15659967235393618 0.32766 0.0 0.0
53486 10866934 0.9348680946640546 0.15655597755077286 0.32766 0.0 0.0
53487 10866934 0.9350018312596674 0.15651228274760953 0.32766 0.0 0.0
53488 10866934 0.9351355678552803 0.15646858794444618 0.32766 0.0 0.0
53489 10866934 0.9352693044508931 0.15642489314128286 0.32766 0.0 0.0
53490 10866934 0.935403041046506 0.15638119833811953 0.32766 0.0 0.0
53491 10866934 0.9353558398968704 0.15639662003873997 0.3274358823529412 0.0 0.0
53492 10866934 0.9353086387472348 0.1564120417393604 0.32721176470588237 0.0 0.0
53493 10866934 0.9352614375975993 0.15642746343998087 0.32698764705882355 0.0 0.0
53494 10866934 0.9352142364479636 0.1564428851406013 0.32676352941176473 0.0 0.0
53495 10866934 0.9351670352983281 0.15645830684122175 0.3265394117647059 0.0 0.0
53496 10866934 0.9351198341486925 0.1564737285418422 0.3263152941176471 0.0 0.0
53497 10866934 0.935072632999057 0.15648915024246265 0.3260911764705882 0.0 0.0
53498 10866934 0.9350254318494213 0.1565045719430831 0.3258670588235294 0.0 0.0
53499 10866934 0.9349782306997858 0.15651999364370353 0.3256429411764706 0.0 0.0
53500 10866934 0.9349310295501502 0.15653541534432397 0.32541882352941176 0.0 0.0
53501 10866934 0.9348838284005146 0.15655083704494444 0.32519470588235294 0.0 0.0
53502 10866934 0.934836627250879 0.15656625874556487 0.3249705882352941 0.0 0.0
53503 10866934 0.9347894261012435 0.1565816804461853 0.3247464705882353 0.0 0.0
53504 10866934 0.9347422249516079 0.15659710214680575 0.3245223529411765 0.0 0.0
53505 10866934 0.9346950238019723 0.15661252384742622 0.32429823529411766 0.0 0.0
53506 10866934 0.9346478226523367 0.15662794554804665 0.32407411764705885 0.0 0.0
53507 10866934 0.9346006215027012 0.1566433672486671 0.32385 0.0 0.0
53508 10866934 0.9345534203530655 0.15665878894928753 0.3236258823529412 0.0 0.0
53509 10866934 0.93450621920343 0.15667421064990797 0.32340176470588233 0.0 0.0
53510 10866934 0.9344590180537944 0.15668963235052843 0.3231776470588235 0.0 0.0
53511 10866934 0.9344118169041589 0.15670505405114887 0.3229535294117647 0.0 0.0
53512 10866934 0.9343646157545232 0.1567204757517693 0.3227294117647059 0.0 0.0
53513 10866934 0.9343174146048877 0.15673589745238975 0.32250529411764706 0.0 0.0
53514 10866934 0.9342702134552521 0.15675131915301022 0.32228117647058824 0.0 0.0
53515 10866934 0.9342230123056166 0.15676674085363065 0.3220570588235294 0.0 0.0
53516 10866934 0.934175811155981 0.1567821625542511 0.3218329411764706 0.0 0.0
53517 10866934 0.9341286100063454 0.15679758425487153 0.3216088235294118 0.0 0.0
53518 10866934 0.9340814088567099 0.156813005955492 0.32138470588235296 0.0 0.0
53519 10866934 0.9340342077070742 0.15682842765611243 0.32116058823529414 0.0 0.0
53520 10866934 0.9339870065574387 0.15684384935673287 0.3209364705882353 0.0 0.0
53521 10866934 0.9339398054078031 0.1568592710573533 0.3207123529411765 0.0 0.0
53522 10866934 0.9338926042581676 0.15687469275797378 0.32048823529411763 0.0 0.0
53523 10866934 0.9338454031085319 0.15689011445859422 0.3202641176470588 0.0 0.0
53524 10866934 0.9337982019588964 0.15690553615921465 0.32004 0.0 0.0
53525 10866934 0.9337510008092608 0.1569209578598351 0.31981588235294117 0.0 0.0
53526 10866934 0.9337037996596252 0.15693637956045553 0.31959176470588235 0.0 0.0
53527 10866934 0.9336565985099896 0.156951801261076 0.31936764705882353 0.0 0.0
53528 10866934 0.9336093973603541 0.15696722296169643 0.3191435294117647 0.0 0.0
53529 10866934 0.9335621962107185 0.15698264466231687 0.3189194117647059 0.0 0.0
53530 10866934 0.9335149950610829 0.1569980663629373 0.3186952941176471 0.0 0.0
53531 10866934 0.9334677939114473 0.15701348806355778 0.31847117647058826 0.0 0.0
53532 10866934 0.9334205927618118 0.15702890976417822 0.31824705882352944 0.0 0.0
53533 10866934 0.9333733916121761 0.15704433146479865 0.3180229411764706 0.0 0.0
53534 10866934 0.9333261904625406 0.1570597531654191 0.3177988235294118 0.0 0.0
53535 10866934 0.933278989312905 0.15707517486603956 0.3175747058823529 0.0 0.0
53536 10866934 0.9332317881632695 0.15709059656666 0.3173505882352941 0.0 0.0
53537 10866934 0.9331845870136338 0.15710601826728043 0.3171264705882353 0.0 0.0
53538 10866934 0.9331373858639983 0.15712143996790087 0.31690235294117647 0.0 0.0
53539 10866934 0.9330901847143627 0.15713686166852134 0.31667823529411765 0.0 0.0
53540 10866934 0.9330429835647271 0.15715228336914178 0.31645411764705883 0.0 0.0
53541 10866934 0.9329957824150916 0.15716770506976221 0.31623 0.0 0.0
53542 10866934 0.932948581265456 0.15718312677038265 0.3160058823529412 0.0 0.0
53543 10866934 0.9329013801158205 0.1571985484710031 0.3157817647058824 0.0 0.0
53544 10866934 0.9328541789661848 0.15721397017162356 0.31555764705882355 0.0 0.0
53545 10866934 0.9328069778165493 0.157229391872244 0.31533352941176473 0.0 0.0
53546 10866934 0.9327597766669137 0.15724481357286443 0.3151094117647059 0.0 0.0
53547 10866934 0.9327125755172782 0.15726023527348487 0.3148852941176471 0.0 0.0
53548 10866934 0.9326653743676425 0.15727565697410534 0.3146611764705882 0.0 0.0
53549 10866934 0.932618173218007 0.15729107867472578 0.3144370588235294 0.0 0.0
53550 10866934 0.9325709720683714 0.15730650037534621 0.3142129411764706 0.0 0.0
