53593 10866934 0.9301520676268379 0.15747262489571368 0.30545314285714287 0.0 0.0
53594 10866934 0.9297156114699985 0.15699103799002245 0.3061062857142857 0.0 0.0
53595 10866934 0.9292791553131592 0.15650945108433126 0.30675942857142857 0.0 0.0
53596 10866934 0.9288426991563199 0.15602786417864004 0.3074125714285714 0.0 0.0
53597 10866934 0.9284062429994805 0.1555462772729488 0.3080657142857143 0.0 0.0
53598 10866934 0.9279697868426412 0.1550646903672576 0.3087188571428572 0.0 0.0
53599 10866934 0.9275333306858018 0.15458310346156637 0.30937200000000004 0.0 0.0
53600 10866934 0.9270968745289625 0.15410151655587515 0.3100251428571429 0.0 0.0
53601 10866934 0.9266604183721232 0.15361992965018395 0.31067828571428574 0.0 0.0
53602 10866934 0.9262239622152838 0.15313834274449273 0.3113314285714286 0.0 0.0
53603 10866934 0.9257875060584445 0.1526567558388015 0.31198457142857144 0.0 0.0
53604 10866934 0.9253510499016052 0.15217516893311028 0.3126377142857143 0.0 0.0
53605 10866934 0.9249145937447658 0.15169358202741906 0.31329085714285715 0.0 0.0
53606 10866934 0.9244781375879265 0.15121199512172784 0.313944 0.0 0.0
53607 10866934 0.9240416814310871 0.15073040821603664 0.31459714285714285 0.0 0.0
53608 10866934 0.9236052252742478 0.15024882131034542 0.3152502857142857 0.0 0.0
53609 10866934 0.9231687691174085 0.1497672344046542 0.31590342857142856 0.0 0.0
53610 10866934 0.9227323129605691 0.14928564749896298 0.31655657142857146 0.0 0.0
53611 10866934 0.9222958568037298 0.14880406059327175 0.3172097142857143 0.0 0.0
53612 10866934 0.9218594006468905 0.14832247368758053 0.31786285714285717 0.0 0.0
53613 10866934 0.9214229444900511 0.14784088678188934 0.318516 0.0 0.0
53614 10866934 0.9209864883332118 0.1473592998761981 0.3191691428571429 0.0 0.0
53615 10866934 0.9205500321763724 0.1468777129705069 0.3198222857142857 0.0 0.0
53616 10866934 0.9201135760195331 0.14639612606481567 0.3204754285714286 0.0 0.0
53617 10866934 0.9196771198626938 0.14591453915912445 0.32112857142857143 0.0 0.0
53618 10866934 0.9192406637058544 0.14543295225343322 0.3217817142857143 0.0 0.0
53619 10866934 0.9188042075490152 0.14495136534774203 0.32243485714285713 0.0 0.0
53620 10866934 0.9183677513921759 0.1444697784420508 0.323088 0.0 0.0
53621 10866934 0.9179312952353365 0.14398819153635958 0.32374114285714284 0.0 0.0
53622 10866934 0.9174948390784972 0.14350660463066836 0.32439428571428575 0.0 0.0
53623 10866934 0.9170583829216578 0.14302501772497714 0.3250474285714286 0.0 0.0
53624 10866934 0.9166219267648185 0.14254343081928594 0.32570057142857145 0.0 0.0
53625 10866934 0.9161854706079792 0.14206184391359472 0.3263537142857143 0.0 0.0
53626 10866934 0.9157490144511398 0.1415802570079035 0.32700685714285715 0.0 0.0
53627 10866934 0.9153125582943005 0.14109867010221228 0.32766 0.0 0.0
53628 10866934 0.9151142493065068 0.14049170970003422 0.32670750000000004 0.0 0.0
53629 10866934 0.914915940318713 0.13988474929785613 0.325755 0.0 0.0
53630 10866934 0.9147176313309193 0.13927778889567807 0.3248025 0.0 0.0
53631 10866934 0.9145193223431256 0.1386708284935 0.32385 0.0 0.0
53632 10866934 0.9143210133553319 0.13806386809132193 0.32289750000000006 0.0 0.0
53633 10866934 0.9141227043675382 0.13745690768914387 0.32194500000000004 0.0 0.0
53634 10866934 0.9139243953797445 0.13684994728696578 0.3209925 0.0 0.0
53635 10866934 0.9137260863919507 0.13624298688478773 0.32004000000000005 0.0 0.0
53636 10866934 0.9115441232219595 0.13228282499407468 0.32004000000000005 0.0 0.0
53637 10866934 0.9121741030210496 0.13149286203516564 0.32766 0.0 0.0
53638 10866934 0.9116391547669996 0.1316676430740811 0.32766 0.0 0.0
53639 10866934 0.9111042065129497 0.13184242411299657 0.32766 0.0 0.0
53640 10866934 0.9105692582588997 0.132017205151912 0.32766 0.0 0.0
53641 10866934 0.9100343100048497 0.13219198619082748 0.32766 0.0 0.0
53642 10866934 0.9094993617507998 0.13236676722974294 0.32766 0.0 0.0
53643 10866934 0.9089644134967498 0.1325415482686584 0.32766 0.0 0.0
53644 10866934 0.9084294652426999 0.13271632930757385 0.32766 0.0 0.0
53645 10866934 0.9078945169886499 0.13289111034648932 0.32766 0.0 0.0
53646 10866934 0.9073595687345999 0.13306589138540478 0.32766 0.0 0.0
53647 10866934 0.9068422398655562 0.13148251680179748 0.32512 0.0 0.0
53648 10866934 0.9063249109965125 0.12989914221819016 0.32258000000000003 0.0 0.0
53649 10866934 0.9058075821274688 0.12831576763458286 0.32004000000000005 0.0 0.0
53650 10866934 0.9062208055384834 0.12836203996747356 0.32004000000000005 0.0 0.0
53651 10866934 0.906634028949498 0.12840831230036429 0.32004000000000005 0.0 0.0
53652 10866934 0.9070472523605126 0.128454584633255 0.32004000000000005 0.0 0.0
53653 10866934 0.9074604757715272 0.12850085696614572 0.32004000000000005 0.0 0.0
53654 10866934 0.9078736991825418 0.12854712929903642 0.32004000000000005 0.0 0.0
53655 10866934 0.9082869225935564 0.12859340163192712 0.32004000000000005 0.0 0.0
53656 10866934 0.9087001460045709 0.12863967396481785 0.32004000000000005 0.0 0.0
53657 10866934 0.9091133694155856 0.12868594629770855 0.32004000000000005 0.0 0.0
53658 10866934 0.9095265928266002 0.12873221863059928 0.32004000000000005 0.0 0.0
53659 10866934 0.9099398162376148 0.12877849096348998 0.32004000000000005 0.0 0.0
53660 10866934 0.9103530396486293 0.1288247632963807 0.32004000000000005 0.0 0.0
53661 10866934 0.9107662630596439 0.1288710356292714 0.32004000000000005 0.0 0.0
53662 10866934 0.9111794864706586 0.1289173079621621 0.32004000000000005 0.0 0.0
53663 10866934 0.9115927098816732 0.12896358029505284 0.32004000000000005 0.0 0.0
53664 10866934 0.9120059332926878 0.12900985262794354 0.32004000000000005 0.0 0.0
53665 10866934 0.9124191567037023 0.12905612496083427 0.32004000000000005 0.0 0.0
53666 10866934 0.912832380114717 0.12910239729372497 0.32004000000000005 0.0 0.0
53667 10866934 0.9132456035257316 0.12914866962661567 0.32004000000000005 0.0 0.0
53668 10866934 0.9136588269367462 0.1291949419595064 0.32004000000000005 0.0 0.0
53669 10866934 0.9140720503477607 0.1292412142923971 0.32004000000000005 0.0 0.0
53670 10866934 0.9144852737587753 0.12928748662528783 0.32004000000000005 0.0 0.0
53671 10866934 0.91489849716979 0.12933375895817853 0.32004000000000005 0.0 0.0
53672 10866934 0.9153117205808046 0.12938003129106926 0.32004000000000005 0.0 0.0
53673 10866934 0.9157249439918191 0.12942630362395996 0.32004000000000005 0.0 0.0
53674 10866934 0.9161381674028337 0.12947257595685066 0.32004000000000005 0.0 0.0
53675 10866934 0.9165513908138483 0.1295188482897414 0.32004000000000005 0.0 0.0
53676 10866934 0.916964614224863 0.1295651206226321 0.32004000000000005 0.0 0.0
53677 10866934 0.9173778376358775 0.12961139295552282 0.32004000000000005 0.0 0.0
53678 10866934 0.9177910610468921 0.12965766528841352 0.32004000000000005 0.0 0.0
53679 10866934 0.9173135933788827 0.13000837636068635 0.32004000000000005 0.0 0.0
53680 10866934 0.9168361257108734 0.13035908743295918 0.32004000000000005 0.0 0.0
53681 10866934 0.916358658042864 0.130709798505232 0.32004000000000005 0.0 0.0
53682 10866934 0.9158371545537148 0.13034915657050816 0.31934727272727276 0.0 0.0
53683 10866934 0.9153156510645657 0.12998851463578434 0.3186545454545455 0.0 0.0
53684 10866934 0.9147941475754167 0.1296278727010605 0.31796181818181823 0.0 0.0
53685 10866934 0.9142726440862675 0.12926723076633664 0.31726909090909095 0.0 0.0
53686 10866934 0.9137511405971184 0.12890658883161282 0.31657636363636366 0.0 0.0
53687 10866934 0.9132296371079692 0.12854594689688897 0.3158836363636364 0.0 0.0
53688 10866934 0.9127081336188201 0.12818530496216515 0.31519090909090913 0.0 0.0
53689 10866934 0.9121866301296709 0.1278246630274413 0.31449818181818184 0.0 0.0
53690 10866934 0.9116651266405219 0.12746402109271746 0.31380545454545455 0.0 0.0
53691 10866934 0.9111436231513728 0.12710337915799363 0.3131127272727273 0.0 0.0
53692 10866934 0.9106221196622236 0.12674273722326979 0.31242000000000003 0.0 0.0
53693 10866934 0.9101089243294821 0.12647135043560842 0.31246186813186816 0.0 0.0
53694 10866934 0.9095957289967406 0.12619996364794706 0.3125037362637363 0.0 0.0
53695 10866934 0.9090825336639992 0.12592857686028572 0.3125456043956044 0.0 0.0
53696 10866934 0.9085693383312576 0.12565719007262435 0.31258747252747254 0.0 0.0
53697 10866934 0.9080561429985161 0.125385803284963 0.31262934065934067 0.0 0.0
53698 10866934 0.9075429476657746 0.12511441649730162 0.3126712087912088 0.0 0.0
53699 10866934 0.9070297523330331 0.12484302970964027 0.3127130769230769 0.0 0.0
53700 10866934 0.9065165570002915 0.1245716429219789 0.3127549450549451 0.0 0.0
53701 10866934 0.9060033616675501 0.12430025613431754 0.31279681318681324 0.0 0.0
53702 10866934 0.9054901663348086 0.12402886934665619 0.31283868131868137 0.0 0.0
53703 10866934 0.9049769710020671 0.12375748255899482 0.3128805494505495 0.0 0.0
53704 10866934 0.9044637756693256 0.12348609577133347 0.3129224175824176 0.0 0.0
53705 10866934 0.903950580336584 0.12321470898367211 0.31296428571428575 0.0 0.0
53706 10866934 0.9034373850038425 0.12294332219601074 0.3130061538461539 0.0 0.0
53707 10866934 0.9029241896711011 0.12267193540834939 0.313048021978022 0.0 0.0
53708 10866934 0.9024109943383596 0.12240054862068803 0.31308989010989013 0.0 0.0
53709 10866934 0.9018977990056181 0.12212916183302666 0.31313175824175826 0.0 0.0
53710 10866934 0.9013846036728765 0.12185777504536531 0.3131736263736264 0.0 0.0
53711 10866934 0.900871408340135 0.12158638825770395 0.3132154945054945 0.0 0.0
53712 10866934 0.9003582130073935 0.1213150014700426 0.31325736263736265 0.0 0.0
53713 10866934 0.8998450176746521 0.12104361468238123 0.31329923076923083 0.0 0.0
53714 10866934 0.8993318223419106 0.12077222789471986 0.31334109890109896 0.0 0.0
53715 10866934 0.898818627009169 0.12050084110705851 0.3133829670329671 0.0 0.0
53716 10866934 0.8983054316764275 0.12022945431939715 0.3134248351648352 0.0 0.0
53717 10866934 0.897792236343686 0.1199580675317358 0.31346670329670334 0.0 0.0
53718 10866934 0.8972790410109445 0.11968668074407443 0.31350857142857147 0.0 0.0
53719 10866934 0.896765845678203 0.11941529395641307 0.3135504395604396 0.0 0.0
53720 10866934 0.8962526503454615 0.11914390716875171 0.3135923076923077 0.0 0.0
53721 10866934 0.89573945501272 0.11887252038109035 0.31363417582417585 0.0 0.0
53722 10866934 0.8952262596799785 0.11860113359342898 0.313676043956044 0.0 0.0
53723 10866934 0.894713064347237 0.11832974680576763 0.3137179120879121 0.0 0.0
53724 10866934 0.8941998690144954 0.11805836001810627 0.31375978021978024 0.0 0.0
53725 10866934 0.893686673681754 0.1177869732304449 0.31380164835164837 0.0 0.0
53726 10866934 0.8931734783490125 0.11751558644278355 0.3138435164835165 0.0 0.0
53727 10866934 0.892660283016271 0.11724419965512219 0.3138853846153846 0.0 0.0
53728 10866934 0.8921470876835295 0.11697281286746083 0.3139272527472528 0.0 0.0
53729 10866934 0.8916338923507879 0.11670142607979947 0.31396912087912093 0.0 0.0
53730 10866934 0.8911206970180464 0.1164300392921381 0.31401098901098906 0.0 0.0
53731 10866934 0.890607501685305 0.11615865250447675 0.3140528571428572 0.0 0.0
53732 10866934 0.8900943063525635 0.11588726571681539 0.3140947252747253 0.0 0.0
53733 10866934 0.889581111019822 0.11561587892915404 0.31413659340659345 0.0 0.0
53734 10866934 0.8890679156870804 0.11534449214149267 0.3141784615384616 0.0 0.0
53735 10866934 0.8885547203543389 0.1150731053538313 0.3142203296703297 0.0 0.0
53736 10866934 0.8880415250215974 0.11480171856616996 0.31426219780219783 0.0 0.0
53737 10866934 0.887528329688856 0.11453033177850859 0.31430406593406596 0.0 0.0
53738 10866934 0.8870151343561145 0.11425894499084722 0.3143459340659341 0.0 0.0
53739 10866934 0.8865019390233729 0.11398755820318587 0.3143878021978022 0.0 0.0
53740 10866934 0.8859887436906314 0.11371617141552451 0.31442967032967034 0.0 0.0
53741 10866934 0.8854755483578899 0.11344478462786316 0.3144715384615385 0.0 0.0
53742 10866934 0.8849623530251485 0.11317339784020179 0.31451340659340665 0.0 0.0
53743 10866934 0.884449157692407 0.11290201105254043 0.3145552747252748 0.0 0.0
53744 10866934 0.8839359623596654 0.11263062426487908 0.3145971428571429 0.0 0.0
53745 10866934 0.8834227670269239 0.11235923747721771 0.31463901098901104 0.0 0.0
53746 10866934 0.8829095716941824 0.11208785068955635 0.31468087912087916 0.0 0.0
53747 10866934 0.8823963763614409 0.111816463901895 0.3147227472527473 0.0 0.0
53748 10866934 0.8818831810286993 0.11154507711423363 0.3147646153846154 0.0 0.0
53749 10866934 0.8813699856959579 0.11127369032657228 0.31480648351648355 0.0 0.0
53750 10866934 0.8808567903632164 0.11100230353891091 0.3148483516483517 0.0 0.0
53751 10866934 0.8803435950304749 0.11073091675124955 0.3148902197802198 0.0 0.0
53752 10866934 0.8798303996977334 0.1104595299635882 0.31493208791208793 0.0 0.0
