54589 10866934 5.803457748888392 -0.27195675914158246 0.69342 0.0 0.0
54590 10866934 5.768742008578254 -0.2736040110377843 0.69342 0.0 0.0
54591 10866934 5.738097037778797 -0.2720229686476502 0.69342 0.0 0.0
54592 10866934 5.730714330366688 -0.2696160465405095 0.69342 0.0 0.0
54593 10866934 5.7233316229545785 -0.26720912443336886 0.69342 0.0 0.0
54594 10866934 5.685979681868137 -0.26577728954744695 0.69342 0.0 0.0
54595 10866934 5.658417807500106 -0.267537153077137 0.69342 0.0 0.0
54596 10866934 5.611149593729422 -0.2627549637902261 0.6896100000000001 0.0 0.0
54597 10866934 5.563881379958739 -0.25797277450331524 0.6858000000000001 0.0 0.0
54598 10866934 5.537238578113332 -0.252556442930162 0.6858000000000001 0.0 0.0
54599 10866934 5.506456453658425 -0.24894399807427547 0.6858000000000001 0.0 0.0
54600 10866934 5.475674329203518 -0.24533155321838898 0.6858000000000001 0.0 0.0
54601 10866934 5.439743169075586 -0.24117225387089378 0.6840070588235295 0.0 0.0
54602 10866934 5.4038120089476545 -0.2370129545233986 0.6822141176470589 0.0 0.0
54603 10866934 5.367880848819723 -0.2328536551759034 0.6804211764705883 0.0 0.0
54604 10866934 5.331949688691791 -0.2286943558284082 0.6786282352941178 0.0 0.0
54605 10866934 5.2960185285638595 -0.22453505648091301 0.6768352941176471 0.0 0.0
54606 10866934 5.2600873684359275 -0.2203757571334178 0.6750423529411765 0.0 0.0
54607 10866934 5.2241562083079955 -0.2162164577859226 0.673249411764706 0.0 0.0
54608 10866934 5.188225048180064 -0.21205715843842743 0.6714564705882353 0.0 0.0
54609 10866934 5.1522938880521325 -0.20789785909093222 0.6696635294117648 0.0 0.0
54610 10866934 5.1163627279242005 -0.20373855974343702 0.6678705882352941 0.0 0.0
54611 10866934 5.080431567796269 -0.19957926039594184 0.6660776470588236 0.0 0.0
54612 10866934 5.044500407668337 -0.19541996104844664 0.664284705882353 0.0 0.0
54613 10866934 5.008569247540405 -0.19126066170095146 0.6624917647058823 0.0 0.0
54614 10866934 4.972638087412474 -0.18710136235345626 0.6606988235294118 0.0 0.0
54615 10866934 4.936706927284542 -0.18294206300596105 0.6589058823529412 0.0 0.0
54616 10866934 4.90077576715661 -0.17878276365846585 0.6571129411764706 0.0 0.0
54617 10866934 4.864844607028678 -0.17462346431097067 0.65532 0.0 0.0
54618 10866934 4.843268088655541 -0.17272577687215432 0.65532 0.0 0.0
54619 10866934 4.784592877999663 -0.16480196314266174 0.65532 0.0 0.0
54620 10866934 4.7252049393569635 -0.16178473247806383 0.6477 0.0 0.0
54621 10866934 4.687831373855971 -0.15496766683631483 0.6477 0.0 0.0
54622 10866934 4.649836677704299 -0.15332096703331569 0.6477 0.0 0.0
54623 10866934 4.623915459731166 -0.14977181153681648 0.6477 0.0 0.0
54624 10866934 4.597994241758033 -0.14622265604031728 0.6477 0.0 0.0
54625 10866934 4.555071716146246 -0.13899658012929164 0.6477 0.0 0.0
54626 10866934 4.519416076508466 -0.1367104935048973 0.6477 0.0 0.0
54627 10866934 4.482292584250676 -0.13511350392737034 0.6477 0.0 0.0
54628 10866934 4.4416747498883 -0.12735365108911437 0.6477 0.0 0.0
54629 10866934 4.403966412981699 -0.1259159123007583 0.6477 0.0 0.0
54630 10866934 4.347102526739948 -0.11787856378063113 0.6477 0.0 0.0
54631 10866934 4.30640125636728 -0.11744972386564514 0.6477 0.0 0.0
54632 10866934 4.266974281892404 -0.11311442476749303 0.6477 0.0 0.0
54633 10866934 4.246962888642286 -0.11049904805987606 0.6477 0.0 0.0
54634 10866934 4.226951495392168 -0.1078836713522591 0.6477 0.0 0.0
54635 10866934 4.192463033989678 -0.11018196216781542 0.6477 0.0 0.0
54636 10866934 4.149791741136022 -0.1049043927080329 0.6477 0.0 0.0
54637 10866934 4.090540803816749 -0.10145954079616651 0.6477 0.0 0.0
54638 10866934 4.052098582049545 -0.09954697272176397 0.6477 0.0 0.0
54639 10866934 4.006547821796315 -0.09765110083777453 0.6477 0.0 0.0
54640 10866934 3.9654124136215003 -0.09310720003288378 0.6477 0.0 0.0
54641 10866934 3.927255823516865 -0.09303936168953067 0.6477 0.0 0.0
54642 10866934 3.88954699280466 -0.09159888284833342 0.6400800000000001 0.0 0.0
54643 10866934 3.8553923891497774 -0.09014982928563922 0.6477 0.0 0.0
54644 10866934 3.794006018121034 -0.0916128407777829 0.6400800000000001 0.0 0.0
54645 10866934 3.7773949457813405 -0.08701022947448436 0.6400800000000001 0.0 0.0
54646 10866934 3.712191104184199 -0.0871101058386036 0.6400800000000001 0.0 0.0
54647 10866934 3.695554849600623 -0.0869379492330846 0.6400800000000001 0.0 0.0
54648 10866934 3.6789185950170475 -0.08676579262756559 0.6400800000000001 0.0 0.0
54649 10866934 3.6412094797665393 -0.08532399224839929 0.6400800000000001 0.0 0.0
54650 10866934 3.578713507471309 -0.08093298666004259 0.6400800000000001 0.0 0.0
54651 10866934 3.5626502424245245 -0.08118117251326576 0.6400800000000001 0.0 0.0
54652 10866934 3.529824589949312 -0.08109885141958498 0.6400800000000001 0.0 0.0
54653 10866934 3.4927110431070076 -0.08055155548842333 0.6400800000000001 0.0 0.0
54654 10866934 3.460160931560779 -0.07962435072991372 0.6400800000000001 0.0 0.0
54655 10866934 3.4256469357297883 -0.08471447868583373 0.6400800000000001 0.0 0.0
54656 10866934 3.3868938854418005 -0.08374842975284616 0.6400800000000001 0.0 0.0
54657 10866934 3.363428138804017 -0.0811714089237259 0.6362700000000001 0.0 0.0
54658 10866934 3.339962392166233 -0.07859438809460564 0.63246 0.0 0.0
54659 10866934 3.3140586941542542 -0.07872597985564758 0.63246 0.0 0.0
54660 10866934 3.288154996142275 -0.07885757161668952 0.63246 0.0 0.0
54661 10866934 3.264672762969897 -0.08007138389678639 0.63246 0.0 0.0
54662 10866934 3.233545054482766 -0.07750479735653529 0.63246 0.0 0.0
54663 10866934 3.2119333655187514 -0.07570770262953422 0.6248400000000001 0.0 0.0
54664 10866934 3.1838530651887895 -0.07740637172024648 0.6248400000000001 0.0 0.0
54665 10866934 3.1636640205712983 -0.07397080392638425 0.6248400000000001 0.0 0.0
54666 10866934 3.140983181961487 -0.07708123203607933 0.6248400000000001 0.0 0.0
54667 10866934 3.098814193295233 -0.07406423924500741 0.6248400000000001 0.0 0.0
54668 10866934 3.079138206871389 -0.0755853467837693 0.6248400000000001 0.0 0.0
54669 10866934 3.057033157744189 -0.07421085107034744 0.61722 0.0 0.0
54670 10866934 3.035079173609672 -0.06938112120744958 0.61722 0.0 0.0
54671 10866934 3.0186488203534694 -0.0693915428241498 0.61722 0.0 0.0
54672 10866934 3.005572216926289 -0.06932848294473762 0.61722 0.0 0.0
54673 10866934 2.9924956134991083 -0.06926542306532543 0.61722 0.0 0.0
54674 10866934 2.959130241720965 -0.06947176540304736 0.6096 0.0 0.0
54675 10866934 2.9377694888071257 -0.0696248557386989 0.6096 0.0 0.0
54676 10866934 2.9161231800336633 -0.06793242555702603 0.6096 0.0 0.0
54677 10866934 2.8856499689401893 -0.06335852518241772 0.6096 0.0 0.0
54678 10866934 2.872441624076397 -0.06301861032862552 0.6096 0.0 0.0
54679 10866934 2.839580728981887 -0.06303866177537412 0.6096 0.0 0.0
54680 10866934 2.832378381479506 -0.06606108897102023 0.6019800000000001 0.0 0.0
54681 10866934 2.7958410105996494 -0.05939039333658344 0.6019800000000001 0.0 0.0
54682 10866934 2.7777331898568978 -0.06481037014925059 0.6019800000000001 0.0 0.0
54683 10866934 2.7621125565713176 -0.06233935717837355 0.6019800000000001 0.0 0.0
54684 10866934 2.7464919232857374 -0.05986834420749651 0.6019800000000001 0.0 0.0
54685 10866934 2.724478762306184 -0.05793877989113841 0.6019800000000001 0.0 0.0
54686 10866934 2.709357845294244 -0.05393695041038085 0.6019800000000001 0.0 0.0
54687 10866934 2.692801805555181 -0.05297110060286722 0.6019800000000001 0.0 0.0
54688 10866934 2.671017532702913 -0.05170018659715023 0.59436 0.0 0.0
54689 10866934 2.649440033614445 -0.049795807495355865 0.59436 0.0 0.0
54690 10866934 2.6277591332408194 -0.048208061267316665 0.59436 0.0 0.0
54691 10866934 2.6109273451731827 -0.048086549901281056 0.59436 0.0 0.0
54692 10866934 2.5891235364378975 -0.04143538467898719 0.59436 0.0 0.0
54693 10866934 2.5699878071539644 -0.04021113682011432 0.59436 0.0 0.0
54694 10866934 2.5478022637467266 -0.03880885208122267 0.58674 0.0 0.0
54695 10866934 2.525502527985756 -0.03666830821866171 0.58674 0.0 0.0
54696 10866934 2.5041770262283967 -0.03507941215907476 0.58674 0.0 0.0
54697 10866934 2.4881476284056223 -0.035219598563187876 0.58674 0.0 0.0
54698 10866934 2.477559456581959 -0.03433262846339871 0.58293 0.0 0.0
54699 10866934 2.466971284758296 -0.03344565836360955 0.57912 0.0 0.0
54700 10866934 2.4521261263245293 -0.02859875287945965 0.57912 0.0 0.0
54701 10866934 2.434353957840459 -0.028637087471209216 0.57912 0.0 0.0
54702 10866934 2.4078583337597035 -0.02547667866249012 0.57912 0.0 0.0
54703 10866934 2.3887225359254436 -0.02425194041661141 0.5715 0.0 0.0
54704 10866934 2.374962534985667 -0.025600139787149895 0.5715 0.0 0.0
54705 10866934 2.3578785941883718 -0.02516209486986168 0.5715 0.0 0.0
54706 10866934 2.3364151437705507 -0.023994953157578686 0.5715 0.0 0.0
54707 10866934 2.318735555876451 -0.02266141542238745 0.5715 0.0 0.0
54708 10866934 2.305946017336548 -0.021581098236296725 0.56769 0.0 0.0
54709 10866934 2.2931564787966447 -0.020500781050206 0.56388 0.0 0.0
54710 10866934 2.2829660490943255 -0.016355640542446453 0.56388 0.0 0.0
54711 10866934 2.2614336315020758 -0.015399400534683111 0.56388 0.0 0.0
54712 10866934 2.2404753277651315 -0.013228725481815112 0.55626 0.0 0.0
54713 10866934 2.22929491057039 -0.014834879263895345 0.55626 0.0 0.0
54714 10866934 2.2064666927283056 -0.014039464589962997 0.55626 0.0 0.0
54715 10866934 2.190035928848512 -0.01404796474672279 0.55626 0.0 0.0
54716 10866934 2.1708090488363037 -0.011741546381356688 0.54864 0.0 0.0
54717 10866934 2.1599512610547733 -0.010999721744772456 0.54864 0.0 0.0
54718 10866934 2.149093473273243 -0.010257897108188224 0.54864 0.0 0.0
54719 10866934 2.1349886177140482 -0.012661272085544656 0.54864 0.0 0.0
54720 10866934 2.118993502949121 -0.012695059644374979 0.54864 0.0 0.0
54721 10866934 2.0969800873867683 -0.010763542062982828 0.54102 0.0 0.0
54722 10866934 2.0849282028045186 -0.012318560481753532 0.54102 0.0 0.0
54723 10866934 2.0685318387531124 -0.012221215490973075 0.54102 0.0 0.0
54724 10866934 2.049794215284887 -0.01521436974198026 0.5334 0.0 0.0
54725 10866934 2.033980975051862 -0.017410152657906186 0.5334 0.0 0.0
54726 10866934 2.0226184984725255 -0.01685379499560466 0.5334 0.0 0.0
54727 10866934 2.00129273509575 -0.015263383927212881 0.5334 0.0 0.0
54728 10866934 1.9850110317500163 -0.015086487449444075 0.5334 0.0 0.0
54729 10866934 1.973727036327104 -0.01700893022163924 0.52578 0.0 0.0
54730 10866934 1.961734467235888 -0.015662608256678506 0.52578 0.0 0.0
54731 10866934 1.951312299863659 -0.014945927260727937 0.52578 0.0 0.0
54732 10866934 1.9408901324914296 -0.014229246264777368 0.52578 0.0 0.0
54733 10866934 1.9288726183079385 -0.015678437653536992 0.52578 0.0 0.0
54734 10866934 1.9152406854331743 -0.013913488966231513 0.52578 0.0 0.0
54735 10866934 1.9019410218178514 -0.012490669088856238 0.5181600000000001 0.0 0.0
54736 10866934 1.8872278947599217 -0.015395902487721769 0.5181600000000001 0.0 0.0
54737 10866934 1.8734580499740214 -0.014053124832433816 0.5181600000000001 0.0 0.0
54738 10866934 1.8590141516992902 -0.009335999349900537 0.5181600000000001 0.0 0.0
54739 10866934 1.84664352267456 -0.007515555865350465 0.5181600000000001 0.0 0.0
54740 10866934 1.8258312235398595 -0.00924652557814959 0.51054 0.0 0.0
54741 10866934 1.8142630244455848 -0.007688092536861119 0.51054 0.0 0.0
54742 10866934 1.8046337665601957 -0.004543264532673202 0.51054 0.0 0.0
54743 10866934 1.796963638547008 -0.00355694277618486 0.51054 0.0 0.0
54744 10866934 1.7892935105338204 -0.0025706210196965174 0.51054 0.0 0.0
54745 10866934 1.777138012027259 -0.004441805346491995 0.50292 0.0 0.0
54746 10866934 1.766991613347314 -0.002880361519904312 0.50292 0.0 0.0
54747 10866934 1.7443449292531563 -0.0042456543081707265 0.50292 0.0 0.0
54748 10866934 1.7343144572889901 -0.0009696918890804429 0.50292 0.0 0.0
54749 10866934 1.722262354459572 -0.0025240959386872985 0.4953 0.0 0.0
54750 10866934 1.7132851264389415 -0.0014612554509123854 0.4953 0.0 0.0
54751 10866934 1.7020354474261778 -0.003277705230906036 0.4953 0.0 0.0
54752 10866934 1.6840465027040596 -0.001257523514176323 0.4953 0.0 0.0
54753 10866934 1.6766443901588 -0.0021693652678146935 0.49149 0.0 0.0
54754 10866934 1.6692422776135405 -0.003081207021453064 0.48768 0.0 0.0
54755 10866934 1.6544624557871823 -0.00292684524076145 0.48768 0.0 0.0
54756 10866934 1.643048449100276 -0.0021194342610019318 0.48387 0.0 0.0
54757 10866934 1.6316344424133697 -0.0013120232812424137 0.48006 0.0 0.0
54758 10866934 1.626819817294339 0.0002605139869687467 0.48006 0.0 0.0
54759 10866934 1.6155700852746782 -0.0015557992115474706 0.48006 0.0 0.0
54760 10866934 1.6059408357793683 0.0015893005926718717 0.48006 0.0 0.0
54761 10866934 1.5958038376434058 0.00046098103185120143 0.47243999999999997 0.0 0.0
54762 10866934 1.5846230437767024 -0.0011441601749862945 0.47243999999999997 0.0 0.0
54763 10866934 1.577858754798454 -0.00010301501564889681 0.47243999999999997 0.0 0.0
54764 10866934 1.5678925583039294 0.0009909715828401722 0.46863 0.0 0.0
54765 10866934 1.5579263618094048 0.002084958181329241 0.46482000000000007 0.0 0.0
54766 10866934 1.5480654843471773 0.0022099834731858746 0.46482000000000007 0.0 0.0
54767 10866934 1.5382046068849498 0.002335008765042508 0.46482000000000007 0.0 0.0
54768 10866934 1.5312127492222214 0.0019318274176050067 0.46101000000000003 0.0 0.0
54769 10866934 1.524220891559493 0.0015286460701675053 0.45720000000000005 0.0 0.0
54770 10866934 1.5158391826189592 0.0016962731346819165 0.45720000000000005 0.0 0.0
54771 10866934 1.5074574736784256 0.0018639001991963278 0.45720000000000005 0.0 0.0
54772 10866934 1.498561705734479 0.004535921179120175 0.45720000000000005 0.0 0.0
54773 10866934 1.4914964836973799 0.0019370886680730448 0.45720000000000005 0.0 0.0
54774 10866934 1.4842055903351032 0.004084921244504859 0.45339000000000007 0.0 0.0
54775 10866934 1.4769146969728266 0.006232753820936673 0.44958000000000004 0.0 0.0
54776 10866934 1.4705484595634053 0.00305515209225872 0.44958000000000004 0.0 0.0
54777 10866934 1.4646091604154867 0.0033596375323370806 0.44704000000000005 0.0 0.0
54778 10866934 1.458669861267568 0.003664122972415441 0.4445 0.0 0.0
54779 10866934 1.4527305621196493 0.0039686084124938015 0.44196 0.0 0.0
54780 10866934 1.4448547644834526 0.00595706102148276 0.44196 0.0 0.0
54781 10866934 1.437805238949403 0.008843863991844503 0.44196 0.0 0.0
54782 10866934 1.431438978982905 0.00566629704491646 0.44196 0.0 0.0
54783 10866934 1.4258219220178874 0.007501083925926036 0.44196 0.0 0.0
54784 10866934 1.4168759377349824 0.00458206453024676 0.43434000000000006 0.0 0.0
54785 10866934 1.4120613166472848 0.006154748686153677 0.43434000000000006 0.0 0.0
54786 10866934 1.4072466966351689 0.007727436135052335 0.43434000000000006 0.0 0.0
54787 10866934 1.3984041440840493 0.005125121978255681 0.42672000000000004 0.0 0.0
54788 10866934 1.3927870866875238 0.006959935219638058 0.42672000000000004 0.0 0.0
54789 10866934 1.38441470591754 0.004437701370248348 0.42672000000000004 0.0 0.0
54790 10866934 1.3816061767605667 0.005355113012612406 0.42672000000000004 0.0 0.0
54791 10866934 1.3757633855732316 0.004459899586695751 0.42291 0.0 0.0
54792 10866934 1.3699205943858968 0.003564686160779096 0.41910000000000003 0.0 0.0
54793 10866934 1.3665102374482574 0.0046786940057362975 0.41910000000000003 0.0 0.0
54794 10866934 1.3630998805106178 0.005792701850693499 0.41910000000000003 0.0 0.0
54795 10866934 1.356768055503267 0.0027207613626144544 0.41910000000000003 0.0 0.0
54796 10866934 1.3529389170040305 0.0035042752338219907 0.41148 0.0 0.0
54797 10866934 1.346217145753876 0.00032607139449442046 0.41148 0.0 0.0
54798 10866934 1.3407380130974924 0.0025831679396450258 0.41148 0.0 0.0
54799 10866934 1.3356024158504587 0.004260753370417397 0.40386 0.0 0.0
54800 10866934 1.3307075508641297 0.005859705471303087 0.40386 0.0 0.0
54801 10866934 1.3242609805194188 0.002708445613161664 0.40386 0.0 0.0
54802 10866934 1.3149407864242346 0.0051688672006686975 0.39624000000000004 0.0 0.0
54803 10866934 1.3101261657394052 0.006741621076011339 0.39624000000000004 0.0 0.0
54804 10866934 1.307944425577928 0.00278133631596815 0.39624000000000004 0.0 0.0
54805 10866934 1.3030435969682035 0.004090196071904882 0.39243000000000006 0.0 0.0
54806 10866934 1.2981427683584792 0.0053990558278416145 0.38862 0.0 0.0
54807 10866934 1.2933281478309266 0.006971821192448158 0.38862 0.0 0.0
54808 10866934 1.287065247600656 0.004111062584916364 0.38862 0.0 0.0
54809 10866934 1.2770347875457713 0.007387676595553505 0.38862 0.0 0.0
54810 10866934 1.2769313384681817 0.0070709962262585635 0.381 0.0 0.0
54811 10866934 1.2654181060544083 0.005808541500796016 0.381 0.0 0.0
54812 10866934 1.2626493735528648 0.006304114686165367 0.381 0.0 0.0
54813 10866934 1.2598806410513212 0.006799687871534718 0.381 0.0 0.0
54814 10866934 1.2549055347549989 0.008424907605416872 0.37719 0.0 0.0
54815 10866934 1.2499304284586765 0.010050127339299025 0.37338 0.0 0.0
54816 10866934 1.2445389086736098 0.007138393249255387 0.37338 0.0 0.0
54817 10866934 1.2427271345099635 0.007029300403171582 0.37338 0.0 0.0
54818 10866934 1.2330978967584447 0.01017491023031658 0.37338 0.0 0.0
54819 10866934 1.2266970290643333 0.006891964724616145 0.36576 0.0 0.0
54820 10866934 1.2210892815631507 0.006036904027258268 0.36576 0.0 0.0
54821 10866934 1.2154815340619682 0.00518184332990039 0.36576 0.0 0.0
54822 10866934 1.207065252718666 0.0052442754856958235 0.36576 0.0 0.0
54823 10866934 1.198648971375364 0.005306707641491257 0.36576 0.0 0.0
54824 10866934 1.1957150971996646 0.007199740961008658 0.36576 0.0 0.0
54825 10866934 1.1919995820694338 0.006700089897357417 0.36576 0.0 0.0
54826 10866934 1.1882840669392032 0.006200438833706176 0.36576 0.0 0.0
54827 10866934 1.1845685518089724 0.005700787770054935 0.36576 0.0 0.0
54828 10866934 1.1828566868185888 0.006260020891723908 0.36322 0.0 0.0
54829 10866934 1.181144821828205 0.006819254013392881 0.36068000000000006 0.0 0.0
54830 10866934 1.1794329568378215 0.007378487135061854 0.35814000000000007 0.0 0.0
54831 10866934 1.1786225746928491 0.004897834515125932 0.35814000000000007 0.0 0.0
54832 10866934 1.1778121925478768 0.00241718189519001 0.35814000000000007 0.0 0.0
54833 10866934 1.176577350139233 0.006792634234584552 0.35814000000000007 0.0 0.0
54834 10866934 1.1729173262798185 0.004016243717088669 0.35814000000000007 0.0 0.0
54835 10866934 1.1722999065973005 0.006203970315901246 0.35814000000000007 0.0 0.0
54836 10866934 1.1716824869147828 0.008391696914713823 0.35814000000000007 0.0 0.0
54837 10866934 1.1699733344774526 0.007577352076656864 0.35814000000000007 0.0 0.0
54838 10866934 1.1682641820401223 0.006763007238599905 0.35814000000000007 0.0 0.0
54839 10866934 1.166555029602792 0.005948662400542946 0.35814000000000007 0.0 0.0
54840 10866934 1.1648458771654617 0.005134317562485988 0.35814000000000007 0.0 0.0
54841 10866934 1.1636422219880826 0.005527531696156874 0.35814000000000007 0.0 0.0
54842 10866934 1.1624385668107036 0.00592074582982776 0.35814000000000007 0.0 0.0
54843 10866934 1.1612349116333245 0.006313959963498646 0.35814000000000007 0.0 0.0
54844 10866934 1.1600312564559454 0.006707174097169533 0.35814000000000007 0.0 0.0
54845 10866934 1.162886866090207 0.007293020378945914 0.35814000000000007 0.0 0.0
54846 10866934 1.1596864096997679 0.00565157878216211 0.35814000000000007 0.0 0.0
54847 10866934 1.1564859533093288 0.004010137185378307 0.35814000000000007 0.0 0.0
54848 10866934 1.1574827012441138 0.002983564642175439 0.35814000000000007 0.0 0.0
54849 10866934 1.158479449178899 0.001956992098972571 0.35814000000000007 0.0 0.0
54850 10866934 1.1568745748850537 0.002481279061882275 0.35814000000000007 0.0 0.0
54851 10866934 1.1552697005912083 0.0030055660247919795 0.35814000000000007 0.0 0.0
54852 10866934 1.153664826297363 0.0035298529877016843 0.35814000000000007 0.0 0.0
54853 10866934 1.1526680790641617 0.0045564262128033675 0.35814000000000007 0.0 0.0
54854 10866934 1.1516713318309606 0.005582999437905051 0.35814000000000007 0.0 0.0
54855 10866934 1.1507654407800112 0.005528464958503891 0.35814000000000007 0.0 0.0
54856 10866934 1.1498595497290618 0.0054739304791027316 0.35814000000000007 0.0 0.0
54857 10866934 1.1489536586781124 0.005419395999701572 0.35814000000000007 0.0 0.0
54858 10866934 1.148047767627163 0.005364861520300412 0.35814000000000007 0.0 0.0
54859 10866934 1.1485484632856446 0.004179071123201893 0.35814000000000007 0.0 0.0
54860 10866934 1.1490491589441265 0.002993280726103373 0.35814000000000007 0.0 0.0
54861 10866934 1.1495498546026082 0.001807490329004853 0.35814000000000007 0.0 0.0
54862 10866934 1.1500505502610898 0.0006216999319063332 0.35814000000000007 0.0 0.0
54863 10866934 1.147643238363719 0.001408133258775153 0.35814000000000007 0.0 0.0
54864 10866934 1.1452359264663479 0.0021945665856439728 0.35814000000000007 0.0 0.0
54865 10866934 1.1456559354184732 0.001667938343228259 0.35814000000000007 0.0 0.0
54866 10866934 1.1460759443705983 0.0011413101008125454 0.35814000000000007 0.0 0.0
54867 10866934 1.1464959533227237 0.0006146818583968316 0.35814000000000007 0.0 0.0
54868 10866934 1.1452922973728008 0.001007899129643327 0.35814000000000007 0.0 0.0
54869 10866934 1.144088641422878 0.0014011164008898222 0.35814000000000007 0.0 0.0
54870 10866934 1.1428849854729548 0.0017943336721363175 0.35814000000000007 0.0 0.0
54871 10866934 1.141681329523032 0.0021875509433828128 0.35814000000000007 0.0 0.0
54872 10866934 1.1412613209307478 0.002714179473173211 0.3556000000000001 0.0 0.0
54873 10866934 1.1408413123384635 0.003240808002963609 0.35306000000000004 0.0 0.0
54874 10866934 1.1404213037461794 0.0037674365327540066 0.35052000000000005 0.0 0.0
54875 10866934 1.1386440052721372 0.003763929927215824 0.35052000000000005 0.0 0.0
54876 10866934 1.136866706798095 0.0037604233216776417 0.35052000000000005 0.0 0.0
54877 10866934 1.136236694449979 0.004550366547246096 0.35052000000000005 0.0 0.0
54878 10866934 1.1356066821018633 0.00534030977281455 0.35052000000000005 0.0 0.0
54879 10866934 1.134054860225795 0.0005901326160400733 0.35052000000000005 0.0 0.0
54880 10866934 1.1333370434070082 0.0005676187082825524 0.35052000000000005 0.0 0.0
54881 10866934 1.1326192265882216 0.0005451048005250314 0.35052000000000005 0.0 0.0
54882 10866934 1.1319014097694349 0.0005225908927675105 0.35052000000000005 0.0 0.0
54883 10866934 1.1311835929506482 0.0005000769850099895 0.35052000000000005 0.0 0.0
54884 10866934 1.1304657761318615 0.0004775630772524686 0.35052000000000005 0.0 0.0
54885 10866934 1.1302206681873916 0.0008146525038301017 0.35052000000000005 0.0 0.0
54886 10866934 1.1299755602429218 0.0011517419304077348 0.35052000000000005 0.0 0.0
54887 10866934 1.1297304522984521 0.0014888313569853678 0.35052000000000005 0.0 0.0
54888 10866934 1.1294853443539823 0.001825920783563001 0.35052000000000005 0.0 0.0
54889 10866934 1.1292402364095124 0.002163010210140634 0.35052000000000005 0.0 0.0
54890 10866934 1.1285224195752939 0.002140496793353058 0.35052000000000005 0.0 0.0
54891 10866934 1.1278046027410753 0.0021179833765654827 0.35052000000000005 0.0 0.0
54892 10866934 1.1270867859068567 0.002095469959777907 0.35052000000000005 0.0 0.0
54893 10866934 1.1263689690726382 0.0020729565429903314 0.35052000000000005 0.0 0.0
54894 10866934 1.1256511522384196 0.0020504431262027556 0.35052000000000005 0.0 0.0
54895 10866934 1.1252977557828197 0.0022372870237958604 0.3496733333333334 0.0 0.0
54896 10866934 1.1249443593272195 0.0024241309213889647 0.34882666666666673 0.0 0.0
54897 10866934 1.1245909628716195 0.0026109748189820695 0.34798000000000007 0.0 0.0
54898 10866934 1.1242375664160194 0.002797818716575174 0.3471333333333334 0.0 0.0
54899 10866934 1.1238841699604194 0.0029846626141682786 0.3462866666666667 0.0 0.0
54900 10866934 1.1235307735048192 0.0031715065117613834 0.34544 0.0 0.0
54901 10866934 1.1231773770492193 0.0033583504093544878 0.34459333333333336 0.0 0.0
54902 10866934 1.122823980593619 0.003545194306947592 0.3437466666666667 0.0 0.0
54903 10866934 1.1224705841380191 0.003732038204540697 0.34290000000000004 0.0 0.0
54904 10866934 1.12165538149809 0.004158990930504546 0.34290000000000004 0.0 0.0
54905 10866934 1.120840178858161 0.004585943656468396 0.34290000000000004 0.0 0.0
54906 10866934 1.1200249762182317 0.005012896382432245 0.34290000000000004 0.0 0.0
54907 10866934 1.1192097735783026 0.005439849108396094 0.34290000000000004 0.0 0.0
54908 10866934 1.1173049192104023 0.0036866964563612853 0.34036000000000005 0.0 0.0
54909 10866934 1.1154000648425018 0.0019335438043264763 0.33782 0.0 0.0
54910 10866934 1.1134952104746014 0.00018039115229166736 0.33528 0.0 0.0
54911 10866934 1.1145358932802816 0.0003077121798842411 0.33528 0.0 0.0
54912 10866934 1.1155765760859615 0.00043503320747681484 0.33528 0.0 0.0
54913 10866934 1.1166172588916417 0.0005623542350693886 0.33528 0.0 0.0
54914 10866934 1.1176579416973218 0.0006896752626619623 0.33528 0.0 0.0
54915 10866934 1.1167886346397473 0.0009736691001592638 0.33274000000000004 0.0 0.0
54916 10866934 1.1159193275821728 0.0012576629376565653 0.33020000000000005 0.0 0.0
54917 10866934 1.1150500205245983 0.001541656775153867 0.32766000000000006 0.0 0.0
54918 10866934 1.1141807134670239 0.0018256506126511686 0.32512 0.0 0.0
54919 10866934 1.1133114064094494 0.00210964445014847 0.32258000000000003 0.0 0.0
54920 10866934 1.1124420993518749 0.002393638287645772 0.32004000000000005 0.0 0.0
54921 10866934 1.111904740355634 0.002302158933449564 0.3189514285714286 0.0 0.0
54922 10866934 1.111367381359393 0.0022106795792533568 0.31786285714285717 0.0 0.0
54923 10866934 1.110830022363152 0.002119200225057149 0.31677428571428573 0.0 0.0
54924 10866934 1.1102926633669112 0.0020277208708609417 0.31568571428571435 0.0 0.0
54925 10866934 1.1097553043706703 0.001936241516664734 0.3145971428571429 0.0 0.0
54926 10866934 1.1092179453744293 0.0018447621624685265 0.31350857142857147 0.0 0.0
54927 10866934 1.1086805863781883 0.001753282808272319 0.31242000000000003 0.0 0.0
54928 10866934 1.1088618524077063 0.0014020014273186793 0.31178500000000003 0.0 0.0
54929 10866934 1.1090431184372243 0.0010507200463650396 0.31115000000000004 0.0 0.0
54930 10866934 1.1092243844667422 0.0006994386654113997 0.31051500000000004 0.0 0.0
54931 10866934 1.1094056504962604 0.00034815728445776006 0.30988000000000004 0.0 0.0
54932 10866934 1.1095869165257783 -3.1240964958796115e-06 0.30924500000000005 0.0 0.0
54933 10866934 1.1097681825552963 -0.0003544054774495195 0.30861000000000005 0.0 0.0
54934 10866934 1.1099494485848143 -0.000705686858403159 0.307975 0.0 0.0
54935 10866934 1.1101307146143322 -0.0010569682393567988 0.30734 0.0 0.0
54936 10866934 1.1103119806438504 -0.0014082496203104387 0.306705 0.0 0.0
54937 10866934 1.1104932466733684 -0.0017595310012640782 0.30607 0.0 0.0
54938 10866934 1.1106745127028863 -0.002110812382217718 0.305435 0.0 0.0
54939 10866934 1.1108557787324043 -0.002462093763171358 0.3048 0.0 0.0
54940 10866934 1.1084484657799365 -0.0016756470323466277 0.3048 0.0 0.0
54941 10866934 1.1060411528274687 -0.0008892003015218974 0.3048 0.0 0.0
54942 10866934 1.1062394433200144 -0.0002822339307887653 0.3048 0.0 0.0
54943 10866934 1.10643773381256 0.00032473243994436685 0.3048 0.0 0.0
54944 10866934 1.1066360243051057 0.000931698810677499 0.3048 0.0 0.0
54945 10866934 1.1068343147976512 0.0015386651814106311 0.3048 0.0 0.0
54946 10866934 1.1070326052901969 0.0021456315521437633 0.3048 0.0 0.0
54947 10866934 1.1072308957827426 0.0027525979228768954 0.3048 0.0 0.0
54948 10866934 1.107429186275288 0.0033595642936100276 0.3048 0.0 0.0
54949 10866934 1.1076274767678338 0.00396653066434316 0.3048 0.0 0.0
54950 10866934 1.1075966061897067 0.003935624439601003 0.3052456140350877 0.0 0.0
54951 10866934 1.1075657356115796 0.003904718214858846 0.30569122807017546 0.0 0.0
54952 10866934 1.1075348650334522 0.003873811990116689 0.30613684210526315 0.0 0.0
54953 10866934 1.107503994455325 0.003842905765374532 0.3065824561403509 0.0 0.0
54954 10866934 1.107473123877198 0.003811999540632375 0.3070280701754386 0.0 0.0
54955 10866934 1.1074422532990709 0.0037810933158902186 0.30747368421052634 0.0 0.0
54956 10866934 1.1074113827209437 0.0037501870911480616 0.30791929824561404 0.0 0.0
54957 10866934 1.1073805121428164 0.0037192808664059046 0.3083649122807018 0.0 0.0
54958 10866934 1.1073496415646893 0.0036883746416637476 0.3088105263157895 0.0 0.0
54959 10866934 1.1073187709865622 0.003657468416921591 0.30925614035087723 0.0 0.0
54960 10866934 1.107287900408435 0.003626562192179434 0.3097017543859649 0.0 0.0
54961 10866934 1.107257029830308 0.003595655967437277 0.31014736842105267 0.0 0.0
54962 10866934 1.1072261592521806 0.0035647497426951206 0.31059298245614037 0.0 0.0
54963 10866934 1.1071952886740535 0.0035338435179529636 0.31103859649122806 0.0 0.0
54964 10866934 1.1071644180959264 0.0035029372932108066 0.3114842105263158 0.0 0.0
54965 10866934 1.1071335475177992 0.0034720310684686496 0.3119298245614035 0.0 0.0
54966 10866934 1.1071026769396721 0.0034411248437264926 0.31237543859649125 0.0 0.0
54967 10866934 1.1070718063615448 0.003410218618984336 0.31282105263157894 0.0 0.0
54968 10866934 1.1070409357834177 0.003379312394242179 0.3132666666666667 0.0 0.0
54969 10866934 1.1070100652052905 0.003348406169500022 0.3137122807017544 0.0 0.0
54970 10866934 1.1069791946271634 0.0033174999447578655 0.31415789473684214 0.0 0.0
54971 10866934 1.106948324049036 0.0032865937200157085 0.31460350877192983 0.0 0.0
54972 10866934 1.106917453470909 0.0032556874952735515 0.3150491228070176 0.0 0.0
54973 10866934 1.1068865828927819 0.0032247812705313945 0.3154947368421053 0.0 0.0
54974 10866934 1.1068557123146547 0.003193875045789238 0.315940350877193 0.0 0.0
54975 10866934 1.1068248417365276 0.003162968821047081 0.3163859649122807 0.0 0.0
54976 10866934 1.1067939711584003 0.003132062596304924 0.3168315789473684 0.0 0.0
54977 10866934 1.1067631005802732 0.0031011563715627674 0.31727719298245616 0.0 0.0
54978 10866934 1.106732230002146 0.0030702501468206104 0.31772280701754385 0.0 0.0
54979 10866934 1.106701359424019 0.0030393439220784534 0.3181684210526316 0.0 0.0
54980 10866934 1.1066704888458918 0.0030084376973362964 0.3186140350877193 0.0 0.0
54981 10866934 1.1066396182677645 0.0029775314725941394 0.31905964912280704 0.0 0.0
54982 10866934 1.1066087476896374 0.002946625247851983 0.31950526315789474 0.0 0.0
54983 10866934 1.1065778771115102 0.002915719023109826 0.3199508771929825 0.0 0.0
54984 10866934 1.1065470065333831 0.0028848127983676693 0.3203964912280702 0.0 0.0
54985 10866934 1.106516135955256 0.0028539065736255123 0.32084210526315793 0.0 0.0
54986 10866934 1.1064852653771287 0.0028230003488833554 0.3212877192982456 0.0 0.0
54987 10866934 1.1064543947990015 0.0027920941241411984 0.32173333333333337 0.0 0.0
54988 10866934 1.1064235242208744 0.0027611878993990414 0.32217894736842106 0.0 0.0
54989 10866934 1.1063926536427473 0.0027302816746568844 0.3226245614035088 0.0 0.0
54990 10866934 1.1063617830646202 0.002699375449914728 0.3230701754385965 0.0 0.0
54991 10866934 1.1063309124864928 0.002668469225172571 0.3235157894736842 0.0 0.0
54992 10866934 1.1063000419083657 0.0026375630004304143 0.32396140350877195 0.0 0.0
54993 10866934 1.1062691713302386 0.0026066567756882573 0.32440701754385964 0.0 0.0
54994 10866934 1.1062383007521115 0.0025757505509461003 0.3248526315789474 0.0 0.0
54995 10866934 1.1062074301739844 0.0025448443262039433 0.3252982456140351 0.0 0.0
54996 10866934 1.106176559595857 0.0025139381014617863 0.32574385964912284 0.0 0.0
54997 10866934 1.10614568901773 0.0024830318767196297 0.32618947368421053 0.0 0.0
54998 10866934 1.1061148184396028 0.0024521256519774728 0.3266350877192983 0.0 0.0
54999 10866934 1.1060839478614757 0.002421219427235316 0.32708070175438597 0.0 0.0
55000 10866934 1.1060530772833486 0.002390313202493159 0.3275263157894737 0.0 0.0
55001 10866934 1.1060222067052212 0.002359406977751002 0.3279719298245614 0.0 0.0
55002 10866934 1.105991336127094 0.0023285007530088452 0.32841754385964916 0.0 0.0
55003 10866934 1.105960465548967 0.0022975945282666882 0.32886315789473686 0.0 0.0
55004 10866934 1.1059295949708399 0.0022666883035245312 0.32930877192982455 0.0 0.0
55005 10866934 1.1058987243927128 0.0022357820787823747 0.3297543859649123 0.0 0.0
55006 10866934 1.1058678538145854 0.0022048758540402177 0.3302 0.0 0.0
55007 10866934 1.1058369832364583 0.002173969629298061 0.33064561403508774 0.0 0.0
55008 10866934 1.1058061126583312 0.002143063404555904 0.33109122807017544 0.0 0.0
55009 10866934 1.105775242080204 0.002112157179813747 0.3315368421052632 0.0 0.0
