16508 10801356 0.6544723937120985 4.517384155651872 0.8534400000000001 2.5465782646875845 -0.36214911544938266
16509 10801356 0.6621664512358709 4.460014141090814 0.8534400000000001 2.5465782646875845 -0.36214911544938266
16510 10801356 0.6692551897088815 4.398889351950753 0.8534400000000001 2.5465782646875845 -0.36214911544938266
16511 10801356 0.676343928181892 4.337764562810691 0.8534400000000001 2.5465782646875845 -0.36214911544938266
16512 10801356 0.6834326666549027 4.27663977367063 0.8534400000000001 2.5465782646875845 -0.36214911544938266
16513 10801356 0.6908259165393679 4.191328249702385 0.8534400000000001 2.5465782646875845 -0.36214911544938266
16514 10801356 0.6982191664238331 4.106016725734141 0.8534400000000001 2.5465782646875845 -0.36214911544938266
16515 10801356 0.7020624752476868 4.051249976285701 0.8534400000000001 2.5465782646875845 -0.36214911544938266
16516 10801356 0.7059057840715406 3.99648322683726 0.8534400000000001 2.5465782646875845 -0.36214911544938266
16517 10801356 0.710935916878181 3.946702945314562 0.8534400000000001 2.5465782646875845 -0.36214911544938266
16518 10801356 0.7165663769795747 3.880837010093136 0.8534400000000001 2.5465782646875845 -0.36214911544938266
16519 10801356 0.7256823440641889 3.7762111385686437 0.8534400000000001 2.5465782646875845 -0.36214911544938266
16520 10801356 0.7295573879488126 3.73755745803671 0.8534400000000001 2.5465782646875845 -0.36214911544938266
16521 10801356 0.7315145740144346 3.645787268610654 0.8534400000000001 2.5465782646875845 -0.36214911544938266
16522 10801356 0.7328572974608729 3.6173082414843964 0.8534400000000001 2.5465782646875845 -0.36214911544938266
16523 10801356 0.7342000209073112 3.5888292143581384 0.8534400000000001 2.5465782646875845 -0.36214911544938266
16524 10801356 0.742091615501809 3.4934836047602724 0.8534400000000001 2.5465782646875845 -0.36214911544938266
16525 10801356 0.7453459707182671 3.421969261310474 0.8534400000000001 2.5465782646875845 -0.36214911544938266
16526 10801356 0.7468762929578301 3.3560424222860656 0.8534400000000001 2.5465782646875845 -0.36214911544938266
16527 10801356 0.7515722818822138 3.2916511444870853 0.8534400000000001 2.5465782646875845 -0.36214911544938266
16528 10801356 0.756876099345622 3.2168968085284764 0.8534400000000001 2.5465782646875845 -0.36214911544938266
16529 10801356 0.7580756013154972 3.1513120282678777 0.8534400000000001 2.5465782646875845 -0.36214911544938266
16530 10801356 0.7633719027567643 3.079247512651433 0.82296 2.5465782646875845 -0.36214911544938266
16531 10801356 0.761915955024264 3.0582262519430774 0.82296 2.5465782646875845 -0.36214911544938266
16532 10801356 0.7665175455611802 2.9582323661965946 0.82296 2.5465782646875845 -0.36214911544938266
16533 10801356 0.765395623876866 2.8858126044962935 0.82296 2.5465782646875845 -0.36214911544938266
16534 10801356 0.7657388331948439 2.821676412990309 0.82296 2.5465782646875845 -0.36214911544938266
16535 10801356 0.7675135091456105 2.7238921217759953 0.82296 2.5465782646875845 -0.36214911544938266
16536 10801356 0.7687847622997342 2.6585180993452147 0.82296 2.5465782646875845 -0.36214911544938266
16537 10801356 0.7692127299309318 2.629812859788289 0.82296 2.5465782646875845 -0.36214911544938266
16538 10801356 0.7696406975621294 2.601107620231363 0.82296 2.5465782646875845 -0.36214911544938266
16539 10801356 0.7719450610029457 2.525582205926376 0.82296 2.5465782646875845 -0.36214911544938266
16540 10801356 0.7706168745420573 2.4617590265754297 0.82296 2.5465782646875845 -0.36214911544938266
16541 10801356 0.7715229851881358 2.3966214656472826 0.82296 2.5465782646875845 -0.36214911544938266
16542 10801356 0.7714036476710409 2.2930312011457294 0.82296 2.5465782646875845 -0.36214911544938266
16543 10801356 0.7713359824929114 2.227627931889232 0.82296 2.5465782646875845 -0.36214911544938266
16544 10801356 0.7754966831173574 2.171357510751423 0.82296 2.5465782646875845 -0.36214911544938266
16545 10801356 0.7747725319088337 2.1023135216797177 0.82296 2.5465782646875845 -0.36214911544938266
16546 10801356 0.775301104781436 2.036014596831423 0.82296 2.5465782646875845 -0.36214911544938266
16547 10801356 0.7777711913863813 1.9620713687258957 0.82296 2.5465782646875845 -0.36214911544938266
16548 10801356 0.7813982942476801 1.8753660836131203 0.82296 2.5465782646875845 -0.36214911544938266
16549 10801356 0.7824801053359383 1.8107558843423297 0.82296 2.5465782646875845 -0.36214911544938266
16550 10801356 0.7824905309350678 1.7809023764575587 0.82296 2.5465782646875845 -0.36214911544938266
16551 10801356 0.7825009565341973 1.7510488685727874 0.82296 2.5465782646875845 -0.36214911544938266
16552 10801356 0.7880174397040104 1.6837043539741037 0.82296 2.5465782646875845 -0.36214911544938266
16553 10801356 0.787506265968962 1.5951975462790344 0.82296 2.5465782646875845 -0.36214911544938266
16554 10801356 0.7902640188769569 1.5194084444300764 0.82296 2.5465782646875845 -0.36214911544938266
16555 10801356 0.7904392217864209 1.487339874451344 0.82296 2.5465782646875845 -0.36214911544938266
16556 10801356 0.7896446172484648 1.4006784024285632 0.82296 2.5465782646875845 -0.36214911544938266
16557 10801356 0.7851347079701919 1.3366109563858555 0.82296 2.5465782646875845 -0.36214911544938266
16558 10801356 0.7860047834784352 1.2873751446982464 0.82296 2.5465782646875845 -0.36214911544938266
16559 10801356 0.7866424711179427 1.2105268124851813 0.82296 2.5465782646875845 -0.36214911544938266
16560 10801356 0.7863264969569281 1.1188024558670653 0.82296 2.5465782646875845 -0.36214911544938266
16561 10801356 0.7848112218839864 1.0557427107430881 0.82296 2.5465782646875845 -0.36214911544938266
16562 10801356 0.7855587065496491 1.0274595357536551 0.82296 2.5465782646875845 -0.36214911544938266
16563 10801356 0.7863061912153118 0.999176360764222 0.82296 2.5465782646875845 -0.36214911544938266
16564 10801356 0.7814314411284458 0.9353452752400652 0.82296 2.5465782646875845 -0.36214911544938266
16565 10801356 0.777497257983296 0.8716741862161236 0.82296 2.5465782646875845 -0.36214911544938266
16566 10801356 0.7798951219309194 0.8110744337905386 0.82296 2.5465782646875845 -0.36214911544938266
16567 10801356 0.7757396349369137 0.7304188225744037 0.82296 2.5465782646875845 -0.36214911544938266
16568 10801356 0.7742898460705916 0.674347693233495 0.82296 2.5465782646875845 -0.36214911544938266
16569 10801356 0.7694305544845038 0.5752296975271707 0.82296 2.5465782646875845 -0.36214911544938266
16570 10801356 0.7644489545832367 0.5436783463450658 0.82296 2.5465782646875845 -0.36214911544938266
16571 10801356 0.7601678077054429 0.4490446868572858 0.82296 2.5465782646875845 -0.36214911544938266
16572 10801356 0.7605236308000488 0.3849067704019319 0.82296 2.5465782646875845 -0.36214911544938266
16573 10801356 0.7572942203004976 0.35056319802013236 0.82296 2.5465782646875845 -0.36214911544938266
16574 10801356 0.7564179518456106 0.2799351332741965 0.82296 2.5465782646875845 -0.36214911544938266
16575 10801356 0.7494554120936203 0.18524330503783915 0.82296 2.5465782646875845 -0.36214911544938266
16576 10801356 0.7484485593452672 0.14818751438484637 0.7924800000000001 2.5465782646875845 -0.36214911544938266
16577 10801356 0.7460198571688148 0.05785576719958173 0.7924800000000001 2.5465782646875845 -0.36214911544938266
16578 10801356 0.7443335218771325 -0.009820318826487581 0.7924800000000001 2.5465782646875845 -0.36214911544938266
16579 10801356 0.740487653033091 -0.04197627146545968 0.7924800000000001 2.5465782646875845 -0.36214911544938266
16580 10801356 0.739356976065355 -0.10761408581689366 0.7924800000000001 2.5465782646875845 -0.36214911544938266
16581 10801356 0.7382262990976189 -0.17325190016832764 0.7924800000000001 2.5465782646875845 -0.36214911544938266
16582 10801356 0.737316824980462 -0.22190517739286372 0.7924800000000001 2.5465782646875845 -0.36214911544938266
16583 10801356 0.736407350863305 -0.2705584546173998 0.7924800000000001 2.5465782646875845 -0.36214911544938266
16584 10801356 0.7339701697109321 -0.36065328722322243 0.7924800000000001 2.5465782646875845 -0.36214911544938266
16585 10801356 0.7323165567157817 -0.4189935771628911 0.7924800000000001 2.5465782646875845 -0.36214911544938266
16586 10801356 0.7349781245527245 -0.47336967464168067 0.7924800000000001 2.5465782646875845 -0.36214911544938266
16587 10801356 0.7378388494149314 -0.5651951742391261 0.7924800000000001 2.5465782646875845 -0.36214911544938266
16588 10801356 0.7330941532614877 -0.6041836832381635 0.7924800000000001 2.5465782646875845 -0.36214911544938266
16589 10801356 0.737038088784346 -0.6763856474491673 0.7924800000000001 2.5465782646875845 -0.36214911544938266
16590 10801356 0.7346974795801688 -0.7352021795999795 0.7924800000000001 2.5465782646875845 -0.36214911544938266
16591 10801356 0.7334915382949433 -0.8095767270472266 0.7924800000000001 2.5465782646875845 -0.36214911544938266
16592 10801356 0.7362858638930597 -0.9016136825939366 0.7924800000000001 2.5465782646875845 -0.36214911544938266
16593 10801356 0.7365795472524527 -0.9659636778725501 0.7924800000000001 2.5465782646875845 -0.36214911544938266
16594 10801356 0.7345850806259033 -1.0237248100565686 0.7924800000000001 2.5465782646875845 -0.36214911544938266
16595 10801356 0.731581380970965 -1.0818571420174172 0.7924800000000001 2.5465782646875845 -0.36214911544938266
16596 10801356 0.7351740279967547 -1.1524250201476527 0.7924800000000001 2.5465782646875845 -0.36214911544938266
16597 10801356 0.7306473346254255 -1.223377767243234 0.7924800000000001 2.5465782646875845 -0.36214911544938266
16598 10801356 0.7289455490419805 -1.2748089322745302 0.7924800000000001 2.5465782646875845 -0.36214911544938266
16599 10801356 0.7272437634585354 -1.3262400973058266 0.7924800000000001 2.5465782646875845 -0.36214911544938266
16600 10801356 0.7260830117961882 -1.3906986854136105 0.7924800000000001 2.5465782646875845 -0.36214911544938266
16601 10801356 0.7233899794950231 -1.4495163680946255 0.7924800000000001 2.5465782646875845 -0.36214911544938266
16602 10801356 0.7242476386017962 -1.5148678651472367 0.7924800000000001 2.5465782646875845 -0.36214911544938266
16603 10801356 0.7194753598299408 -1.5947355731135306 0.7924800000000001 2.5465782646875845 -0.36214911544938266
16604 10801356 0.7157356067841416 -1.6589355719486678 0.762 2.5465782646875845 -0.36214911544938266
16605 10801356 0.7117553380816153 -1.7230569577517136 0.762 2.5465782646875845 -0.36214911544938266
16606 10801356 0.7093627169947274 -1.7806874786195 0.762 2.5465782646875845 -0.36214911544938266
16607 10801356 0.7066491646713366 -1.87057338673545 0.762 2.5465782646875845 -0.36214911544938266
16608 10801356 0.7025991221753768 -1.9373587791223355 0.762 2.5465782646875845 -0.36214911544938266
16609 10801356 0.6984861449125022 -1.9961795452571593 0.762 2.5465782646875845 -0.36214911544938266
16610 10801356 0.6941483555578778 -2.0652073309814423 0.762 2.5465782646875845 -0.36214911544938266
16611 10801356 0.6898883295507581 -2.121760337638733 0.762 2.5465782646875845 -0.36214911544938266
16612 10532852 1.4483983902439554 4.654899998433854 0.8686800000000001 2.5465782646875845 -0.36214911544938266
16612 10801356 0.6871385742789623 -2.1716511806339063 0.762 2.5465782646875845 -0.36214911544938266
16613 10532852 1.444470607337409 4.6075817188147505 0.8686800000000001 2.5465782646875845 -0.36214911544938266
16613 10801356 0.6843888190071665 -2.2215420236290795 0.762 2.5465782646875845 -0.36214911544938266
16614 10532852 1.433678157108781 4.55012303393416 0.8686800000000001 2.5465782646875845 -0.36214911544938266
16614 10801356 0.6806359726695758 -2.271105166272311 0.762 2.5465782646875845 -0.36214911544938266
16615 10532852 1.4292392050971778 4.511559015389902 0.8686800000000001 2.5465782646875845 -0.36214911544938266
16615 10801356 0.676883126331985 -2.320668308915542 0.762 2.5465782646875845 -0.36214911544938266
16616 10532852 1.4248002530855743 4.472994996845644 0.8686800000000001 2.5465782646875845 -0.36214911544938266
16616 10801356 0.6726077486225439 -2.384342378355855 0.762 2.5465782646875845 -0.36214911544938266
16617 10532852 1.4162833252654194 4.4208678413045 0.8686800000000001 2.5465782646875845 -0.36214911544938266
16617 10801356 0.6687086342437332 -2.4517608276727043 0.762 2.5465782646875845 -0.36214911544938266
16618 10532852 1.4135422109858617 4.378536039642593 0.8686800000000001 2.5465782646875845 -0.36214911544938266
16618 10801356 0.6646293672512016 -2.5145642830820987 0.762 2.5465782646875845 -0.36214911544938266
16619 10801356 0.6600364121708114 -2.6088589344056228 0.762 2.5465782646875845 -0.36214911544938266
16619 10532852 1.4051415782255607 4.297162998020195 0.8686800000000001 2.5465782646875845 -0.36214911544938266
16620 10532852 1.3975147657897184 4.24124002134254 0.8686800000000001 2.5465782646875845 -0.36214911544938266
16620 10801356 0.6577728255481241 -2.6674656054121506 0.762 2.5465782646875845 -0.36214911544938266
16621 10801356 0.6557402486411797 -2.7416851137012443 0.762 2.5465782646875845 -0.36214911544938266
16621 10532852 1.3929931234825803 4.194816986717015 0.8686800000000001 2.5465782646875845 -0.36214911544938266
16622 10532852 1.384849097282064 4.137310625368604 0.8686800000000001 2.5465782646875845 -0.36214911544938266
16622 10801356 0.6496260939159155 -2.7957629589360957 0.762 2.5465782646875845 -0.36214911544938266
16623 10801356 0.6504903876708086 -2.8611154478727054 0.762 2.5465782646875845 -0.36214911544938266
16623 10532852 1.3784302220843618 4.085081999211405 0.8686800000000001 2.5465782646875845 -0.36214911544938266
16624 10801356 0.6455977269158767 -2.9250548183298735 0.762 2.5465782646875845 -0.36214911544938266
16624 10532852 1.368760595490734 4.036486159063279 0.8686800000000001 2.5465782646875845 -0.36214911544938266
16625 10532852 1.3598157459936413 3.959146619753156 0.8686800000000001 2.5465782646875845 -0.36214911544938266
16625 10801356 0.6483697863995659 -2.985656468481213 0.762 2.5465782646875845 -0.36214911544938266
16626 10532852 1.3571179628961358 3.9343254961055547 0.8686800000000001 2.5465782646875845 -0.36214911544938266
16626 10801356 0.6492577304227612 -3.0514837792618628 0.762 2.5465782646875845 -0.36214911544938266
16627 10532852 1.345181504341958 3.8459301783309776 0.8686800000000001 2.5465782646875845 -0.36214911544938266
16627 10801356 0.6504445040002995 -3.116941332108105 0.762 2.5465782646875845 -0.36214911544938266
16628 10801356 0.6488772914763464 -3.203345045780693 0.762 2.5465782646875845 -0.36214911544938266
16628 10532852 1.3418867445552995 3.7885915008541597 0.8686800000000001 2.5465782646875845 -0.36214911544938266
16629 10532852 1.3341233444863119 3.732246028613271 0.8686800000000001 2.5465782646875845 -0.36214911544938266
16629 10801356 0.6528221127596432 -3.242951031833632 0.762 2.5465782646875845 -0.36214911544938266
16630 10801356 0.652538777943782 -3.3131852127723698 0.762 2.5465782646875845 -0.36214911544938266
16630 10532852 1.3254289464441888 3.683915692932169 0.8686800000000001 2.5465782646875845 -0.36214911544938266
16631 10532852 1.3210204594530865 3.6242539856692173 0.8686800000000001 2.5465782646875845 -0.36214911544938266
16631 10801356 0.6526681826467942 -3.3461127770445347 0.762 2.5465782646875845 -0.36214911544938266
16632 10801356 0.6527975873498062 -3.3790403413166996 0.762 2.5465782646875845 -0.36214911544938266
16632 10532852 1.311636323581295 3.5738124891177128 0.8686800000000001 2.5465782646875845 -0.36214911544938266
16633 10532852 1.307178119497736 3.510194841276667 0.8686800000000001 2.5465782646875845 -0.36214911544938266
16633 10801356 0.6546800142592862 -3.4739301053818705 0.762 2.5465782646875845 -0.36214911544938266
16634 10532852 1.3027977478703519 3.4708525668867836 0.8686800000000001 2.5465782646875845 -0.36214911544938266
16634 10801356 0.6549151208378539 -3.5425810361910437 0.762 2.5465782646875845 -0.36214911544938266
16635 10532852 1.2984173762429676 3.4315102924969 0.8686800000000001 2.5465782646875845 -0.36214911544938266
16635 10801356 0.6510811109210384 -3.6062815119962086 0.762 2.5465782646875845 -0.36214911544938266
16636 10532852 1.2921067194329043 3.4037809664870595 0.8686800000000001 2.5465782646875845 -0.36214911544938266
16636 10801356 0.6538166432359902 -3.6768003054606777 0.762 2.5465782646875845 -0.36214911544938266
16637 10801356 0.6537504770236445 -3.7325023286306256 0.762 2.5465782646875845 -0.36214911544938266
16637 10532852 1.2862865989202374 3.3522915614881312 0.8686800000000001 2.5465782646875845 -0.36214911544938266
16638 10532852 1.275350610454112 3.2862347131750744 0.8686800000000001 2.5465782646875845 -0.36214911544938266
16638 10801356 0.6546933537095897 -3.789468404884267 0.762 2.5465782646875845 -0.36214911544938266
16639 10532852 1.2724009948505084 3.2283161902868622 0.8686800000000001 2.5465782646875845 -0.36214911544938266
16639 10801356 0.6508899479225365 -3.862057055332156 0.762 2.5465782646875845 -0.36214911544938266
16640 10801356 0.650577911718883 -3.9489865664986534 0.73152 2.5465782646875845 -0.36214911544938266
16640 10532852 1.2634533125465586 3.166983774304388 0.8686800000000001 2.5465782646875845 -0.36214911544938266
16641 10532852 1.2522116908595073 3.10406446839516 0.8686800000000001 2.5465782646875845 -0.36214911544938266
16641 10801356 0.6521802020988652 -3.9767290259505104 0.73152 2.5465782646875845 -0.36214911544938266
16642 10532852 1.2484001428806888 3.0543721762149296 0.8686800000000001 2.5465782646875845 -0.36214911544938266
16642 10801356 0.648981839045184 -4.035496639121198 0.73152 2.5465782646875845 -0.36214911544938266
16643 10532852 1.2406387687717655 2.9980263093508763 0.8686800000000001 2.5465782646875845 -0.36214911544938266
16643 10801356 0.6489802777090118 -4.109871701775771 0.73152 2.5465782646875845 -0.36214911544938266
16644 10801356 0.6489787163728394 -4.184246764430345 0.73152 2.5465782646875845 -0.36214911544938266
16644 10532852 1.2277271569415111 2.927007407339405 0.8686800000000001 2.5465782646875845 -0.36214911544938266
16645 10532852 1.220825989446273 2.8708477781798654 0.8686800000000001 2.5465782646875845 -0.36214911544938266
16645 10801356 0.6489771550366672 -4.258621827084918 0.73152 2.5465782646875845 -0.36214911544938266
16646 10532852 1.2134661512576599 2.8143707479656443 0.8686800000000001 2.5465782646875845 -0.36214911544938266
16646 10801356 0.6444765767845175 -4.352944533930444 0.73152 2.5465782646875845 -0.36214911544938266
16647 10532852 1.2057744020640775 2.758235868546136 0.8686800000000001 2.5465782646875845 -0.36214911544938266
16647 10801356 0.6438281841578988 -4.4088063415396785 0.73152 2.5465782646875845 -0.36214911544938266
16648 10801356 0.6442243868138169 -4.486504044076988 0.73152 2.5465782646875845 -0.36214911544938266
16648 10532852 1.1966684608995712 2.6977731514851073 0.8686800000000001 2.5465782646875845 -0.36214911544938266
16649 10532852 1.1853715654610342 2.6469055220811164 0.8686800000000001 2.5465782646875845 -0.36214911544938266
16649 10801356 0.6410314802091679 -4.538731170284097 0.73152 2.5465782646875845 -0.36214911544938266
16650 10532852 1.1782064059614017 2.5896639671248995 0.8686800000000001 2.5465782646875845 -0.36214911544938266
16650 10801356 0.6361972879919912 -4.56986206809076 0.73152 2.5465782646875845 -0.36214911544938266
16651 10532852 1.1743832647096337 2.5611218162206884 0.8686800000000001 2.5465782646875845 -0.36214911544938266
16651 10801356 0.6313630957748144 -4.600992965897423 0.73152 2.5465782646875845 -0.36214911544938266
16652 10801356 0.6231730698725473 -4.666891614896716 0.73152 2.5465782646875845 -0.36214911544938266
16652 10532852 1.1705601234578658 2.5325796653164776 0.8686800000000001 2.5465782646875845 -0.36214911544938266
16653 10801356 0.6089173659289161 -4.737760292012236 0.73152 2.5465782646875845 -0.36214911544938266
16653 10532852 1.161409884276382 2.473066136137695 0.8686800000000001 2.5465782646875845 -0.36214911544938266
16654 10801356 0.58846356488169 -4.808561736371558 0.73152 2.5465782646875845 -0.36214911544938266
16654 10532852 1.1489019439994057 2.4144162536111264 0.8686800000000001 2.5465782646875845 -0.36214911544938266
16655 10801356 0.5680097638344639 -4.879363180730879 0.73152 2.5465782646875845 -0.36214911544938266
16655 10532852 1.1412673336435815 2.3570945344849994 0.8686800000000001 2.5465782646875845 -0.36214911544938266
16656 10532852 1.1268846715846954 2.280481457300022 0.8686800000000001 2.5465782646875845 -0.36214911544938266
16656 10801356 0.5365241522638275 -4.870625119840375 0.73152 2.5465782646875845 -0.36214911544938266
16657 10532852 1.1213827390046276 2.234846744101864 0.8686800000000001 2.5465782646875845 -0.36214911544938266
16657 10801356 0.5050385406931912 -4.861887058949873 0.73152 2.5465782646875845 -0.36214911544938266
16658 10801356 0.4735529291225548 -4.853148998059369 0.73152 2.5465782646875845 -0.36214911544938266
16658 10532852 1.113944346656472 2.178395597794187 0.8686800000000001 2.5465782646875845 -0.36214911544938266
16659 10801356 0.4420673175519184 -4.844410937168867 0.73152 2.5465782646875845 -0.36214911544938266
16659 10532852 1.1014065548828693 2.1237277339484235 0.8686800000000001 2.5465782646875845 -0.36214911544938266
16660 10801356 0.4105817059812821 -4.835672876278363 0.73152 2.5465782646875845 -0.36214911544938266
16660 10532852 1.0936475536287886 2.0673813924575293 0.8686800000000001 2.5465782646875845 -0.36214911544938266
16661 10532852 1.087509949454158 2.0159961853571744 0.8686800000000001 2.5465782646875845 -0.36214911544938266
16661 10801356 0.37909609441064573 -4.82693481538786 0.73152 2.5465782646875845 -0.36214911544938266
16662 10532852 1.0757795242526766 1.9542884343268971 0.8686800000000001 2.5465782646875845 -0.36214911544938266
16662 10801356 0.3476104828400094 -4.818196754497357 0.73152 2.5465782646875845 -0.36214911544938266
16663 10532852 1.0680505769242001 1.904825237163645 0.8686800000000001 2.5465782646875845 -0.36214911544938266
16663 10801356 0.316124871269373 -4.809458693606854 0.73152 2.5465782646875845 -0.36214911544938266
16664 10801356 0.28463925969873666 -4.8007206327163505 0.73152 2.5465782646875845 -0.36214911544938266
16664 10532852 1.0509160433445004 1.8263076921379935 0.8686800000000001 2.5465782646875845 -0.36214911544938266
16665 10801356 0.25315364812810026 -4.791982571825848 0.73152 2.5465782646875845 -0.36214911544938266
16665 10532852 1.0492726960835534 1.7984552880773825 0.8686800000000001 2.5465782646875845 -0.36214911544938266
16666 10532852 1.0383578108591027 1.7378830376386805 0.8686800000000001 2.5465782646875845 -0.36214911544938266
16666 10801356 0.22166803655746392 -4.7832445109353445 0.73152 2.5465782646875845 -0.36214911544938266
16667 10532852 1.0279871336898805 1.6708242140518612 0.8686800000000001 2.5465782646875845 -0.36214911544938266
16667 10801356 0.19018242498682758 -4.774506450044842 0.73152 2.5465782646875845 -0.36214911544938266
16668 10532852 1.0167610113260896 1.6201673169941473 0.8686800000000001 2.5465782646875845 -0.36214911544938266
16668 10801356 0.15869681341619118 -4.7657683891543385 0.73152 2.5465782646875845 -0.36214911544938266
16669 10532852 1.0079862636450831 1.5552740768641302 0.8686800000000001 2.5465782646875845 -0.36214911544938266
16669 10801356 0.12721120184555484 -4.757030328263835 0.73152 2.5465782646875845 -0.36214911544938266
16670 10801356 0.09572559027491845 -4.7482922673733325 0.73152 2.5465782646875845 -0.36214911544938266
16670 10532852 0.9949767631676889 1.4855727628682993 0.8686800000000001 2.5465782646875845 -0.36214911544938266
16671 10801356 0.06423997870428211 -4.739554206482829 0.73152 2.5465782646875845 -0.36214911544938266
16671 10532852 0.9905410923871326 1.4624882322216357 0.8686800000000001 2.5465782646875845 -0.36214911544938266
16672 10801356 0.03275436713364577 -4.730816145592326 0.73152 2.5465782646875845 -0.36214911544938266
16672 10532852 0.9861054216065763 1.439403701574972 0.8686800000000001 2.5465782646875845 -0.36214911544938266
16673 10801356 0.0012687555630094272 -4.722078084701823 0.73152 2.5465782646875845 -0.36214911544938266
16673 10532852 0.9760386061103152 1.3776197944173207 0.8686800000000001 2.5465782646875845 -0.36214911544938266
16674 10801356 -0.030216856007627024 -4.71334002381132 0.73152 2.5465782646875845 -0.36214911544938266
16674 10532852 0.9685558690264222 1.3204824380447249 0.8686800000000001 2.5465782646875845 -0.36214911544938266
16675 10801356 -0.061702467578263365 -4.704601962920817 0.73152 2.5465782646875845 -0.36214911544938266
16675 10532852 0.9625909817381514 1.267989562350731 0.8686800000000001 2.5465782646875845 -0.36214911544938266
16676 10801356 -0.0931880791488997 -4.695863902030314 0.73152 2.5465782646875845 -0.36214911544938266
16676 10532852 0.945152151998162 1.1809263546186277 0.8686800000000001 2.5465782646875845 -0.36214911544938266
16677 10532852 0.9379908574396516 1.123684027682948 0.8686800000000001 2.5465782646875845 -0.36214911544938266
16677 10801356 -0.12467369071953605 -4.68712584113981 0.73152 2.5465782646875845 -0.36214911544938266
16678 10532852 0.9325708678135873 1.0772050557681017 0.8686800000000001 2.5465782646875845 -0.36214911544938266
16678 10801356 -0.15615930229017239 -4.678387780249308 0.73152 2.5465782646875845 -0.36214911544938266
16679 10801356 -0.18764491386080873 -4.669649719358804 0.73152 2.5465782646875845 -0.36214911544938266
16679 10532852 0.9235127995507935 1.0141570223496517 0.8686800000000001 2.5465782646875845 -0.36214911544938266
16680 10532852 0.9122878369273953 0.9634998775059774 0.8686800000000001 2.5465782646875845 -0.36214911544938266
16680 10801356 -0.21913052543144518 -4.660911658468302 0.73152 2.5465782646875845 -0.36214911544938266
16681 10532852 0.9082314221895604 0.915757590871264 0.8686800000000001 2.5465782646875845 -0.36214911544938266
16681 10801356 -0.2506161370020815 -4.652173597577798 0.73152 2.5465782646875845 -0.36214911544938266
16682 10532852 0.9022218387788653 0.8633962857322546 0.8686800000000001 2.5465782646875845 -0.36214911544938266
16682 10801356 -0.28210174857271786 -4.643435536687295 0.73152 2.5465782646875845 -0.36214911544938266
16683 10801356 -0.3135873601433542 -4.634697475796792 0.73152 2.5465782646875845 -0.36214911544938266
16683 10532852 0.8894562765975973 0.8077516671318652 0.8686800000000001 2.5465782646875845 -0.36214911544938266
16684 10801356 -0.34507297171399054 -4.625959414906289 0.73152 2.5465782646875845 -0.36214911544938266
16684 10532852 0.8836590611829978 0.7617465327109448 0.8686800000000001 2.5465782646875845 -0.36214911544938266
16685 10532852 0.8762702004231564 0.7051628541842831 0.8686800000000001 2.5465782646875845 -0.36214911544938266
16685 10801356 -0.376558583284627 -4.617221354015785 0.73152 2.5465782646875845 -0.36214911544938266
16686 10801356 -0.40804419485526333 -4.608483293125283 0.73152 2.5465782646875845 -0.36214911544938266
16686 10532852 0.8642795414768137 0.618188894553473 0.8686800000000001 2.5465782646875845 -0.36214911544938266
16687 10801356 -0.43952980642589967 -4.599745232234779 0.73152 2.5465782646875845 -0.36214911544938266
16687 10532852 0.8560832624118975 0.5686450966744895 0.8686800000000001 2.5465782646875845 -0.36214911544938266
16688 10532852 0.8520332891191441 0.5399437417156102 0.8686800000000001 2.5465782646875845 -0.36214911544938266
16688 10801356 -0.471015417996536 -4.591007171344277 0.73152 2.5465782646875845 -0.36214911544938266
16689 10801356 -0.5025010295671724 -4.582269110453773 0.73152 2.5465782646875845 -0.36214911544938266
16689 10532852 0.8479833158263907 0.511242386756731 0.8686800000000001 2.5465782646875845 -0.36214911544938266
16690 10801356 -0.5339866411378087 -4.57353104956327 0.73152 2.5465782646875845 -0.36214911544938266
16690 10532852 0.8375673274430221 0.42772614033339174 0.8686800000000001 2.5465782646875845 -0.36214911544938266
16691 10532852 0.82985770877017 0.37042959732791125 0.8686800000000001 2.5465782646875845 -0.36214911544938266
16691 10801356 -0.565472252708445 -4.564792988672767 0.73152 2.5465782646875845 -0.36214911544938266
16692 10801356 -0.5969578642790814 -4.556054927782264 0.73152 2.5465782646875845 -0.36214911544938266
16692 10532852 0.8232927035770045 0.3106561854770118 0.8686800000000001 2.5465782646875845 -0.36214911544938266
16693 10532852 0.8155728699068854 0.2544144702989183 0.8686800000000001 2.5465782646875845 -0.36214911544938266
16693 10801356 -0.6284434758497179 -4.5473168668917605 0.73152 2.5465782646875845 -0.36214911544938266
16694 10801356 -0.6599290874203543 -4.538578806001258 0.73152 2.5465782646875845 -0.36214911544938266
16694 10532852 0.80781869709574 0.19806716769555258 0.8686800000000001 2.5465782646875845 -0.36214911544938266
16695 10532852 0.8020869199057933 0.14654996073326607 0.8686800000000001 2.5465782646875845 -0.36214911544938266
16695 10801356 -0.6914146989909906 -4.5298407451107545 0.73152 2.5465782646875845 -0.36214911544938266
16696 10532852 0.7950010205405241 0.09360598584764024 0.8686800000000001 2.5465782646875845 -0.36214911544938266
16696 10801356 -0.722900310561627 -4.521102684220252 0.73152 2.5465782646875845 -0.36214911544938266
16697 10532852 0.7885579023079605 0.041269796925316016 0.8686800000000001 2.5465782646875845 -0.36214911544938266
16697 10801356 -0.7543859221322633 -4.5123646233297485 0.73152 2.5465782646875845 -0.36214911544938266
16698 10801356 -0.7430663255446095 -4.450523630517101 0.73152 2.0372626117500676 -0.2897192923595061
16698 10532852 0.778054325397427 -0.02621227351000091 0.8686800000000001 2.0372626117500676 -0.2897192923595061
16699 10801356 -0.7335814660893001 -4.421495502822404 0.73152 2.0372626117500676 -0.2897192923595061
16699 10532852 0.7716460037274118 -0.07844296426706512 0.8686800000000001 2.0372626117500676 -0.2897192923595061
16700 10532852 0.7658572506652724 -0.13040876251604402 0.8686800000000001 2.0372626117500676 -0.2897192923595061
16700 10801356 -0.7202335489142672 -4.36704643228802 0.725424 2.0372626117500676 -0.2897192923595061
16701 10532852 0.7584251172642349 -0.18686114652110622 0.8686800000000001 2.0372626117500676 -0.2897192923595061
16701 10801356 -0.7068856317392342 -4.312597361753635 0.719328 2.0372626117500676 -0.2897192923595061
16702 10532852 0.7507964481753558 -0.2591377247873855 0.8686800000000001 2.0372626117500676 -0.2897192923595061
16702 10801356 -0.6935377145642014 -4.258148291219252 0.7132320000000001 2.0372626117500676 -0.2897192923595061
16703 10532852 0.7435794898229992 -0.31928198729552304 0.86106 2.0372626117500676 -0.2897192923595061
16703 10801356 -0.6801897973891685 -4.203699220684867 0.7071360000000001 2.0372626117500676 -0.2897192923595061
16704 10532852 0.739790854034801 -0.36281791074325387 0.86106 2.0372626117500676 -0.2897192923595061
16704 10801356 -0.6668418802141356 -4.149250150150483 0.7010400000000001 2.0372626117500676 -0.2897192923595061
16705 10532852 0.7360022182466031 -0.40635383419098475 0.86106 2.0372626117500676 -0.2897192923595061
16705 10801356 -0.6494930499860148 -4.096155088279659 0.7010400000000001 2.0372626117500676 -0.2897192923595061
16706 10801356 -0.6308624017236124 -4.030978403412587 0.7010400000000001 2.0372626117500676 -0.2897192923595061
16706 10532852 0.7321780199944141 -0.444562506898323 0.86106 2.0372626117500676 -0.2897192923595061
16707 10801356 -0.610058786700401 -3.959151647694967 0.7010400000000001 2.0372626117500676 -0.2897192923595061
16707 10532852 0.7283538217422252 -0.4827711796056612 0.86106 2.0372626117500676 -0.2897192923595061
16708 10532852 0.7210805037955338 -0.5566824292819231 0.8534400000000001 2.0372626117500676 -0.2897192923595061
16708 10801356 -0.5922213321391607 -3.8964027824320726 0.7010400000000001 2.0372626117500676 -0.2897192923595061
16709 10801356 -0.5890022385747691 -3.8702339981220284 0.7010400000000001 2.0372626117500676 -0.2897192923595061
16709 10532852 0.716743599744601 -0.5876263546639607 0.8534400000000001 2.0372626117500676 -0.2897192923595061
16710 10801356 -0.563340999321754 -3.7916997581923155 0.7010400000000001 2.0372626117500676 -0.2897192923595061
16710 10532852 0.7110073749748421 -0.6473196404869249 0.84582 2.0372626117500676 -0.2897192923595061
16711 10532852 0.7050173510279235 -0.7091496721078184 0.84582 2.0372626117500676 -0.2897192923595061
16711 10801356 -0.5529362051296188 -3.7516984011631855 0.7010400000000001 2.0372626117500676 -0.2897192923595061
16712 10801356 -0.5425314109374837 -3.711697044134055 0.7010400000000001 2.0372626117500676 -0.2897192923595061
16712 10532852 0.7034260719026117 -0.7629538921830135 0.8382000000000001 2.0372626117500676 -0.2897192923595061
16713 10801356 -0.5167894880650825 -3.6165997346836205 0.7010400000000001 2.0372626117500676 -0.2897192923595061
16713 10532852 0.6978993508223834 -0.8195612309138192 0.8382000000000001 2.0372626117500676 -0.2897192923595061
16714 10801356 -0.5030217076863499 -3.5663066132252523 0.67056 2.0372626117500676 -0.2897192923595061
16714 10532852 0.6929552065102109 -0.8792795224875897 0.8305800000000001 2.0372626117500676 -0.2897192923595061
16715 10801356 -0.4840860883439464 -3.5083559489738567 0.67056 2.0372626117500676 -0.2897192923595061
16715 10532852 0.6860161987944795 -0.9385796968099126 0.8305800000000001 2.0372626117500676 -0.2897192923595061
16716 10801356 -0.44932494488549346 -3.4101306699235816 0.67056 2.0372626117500676 -0.2897192923595061
16716 10532852 0.6849881746158357 -0.9917500213705429 0.82296 2.0372626117500676 -0.2897192923595061
16717 10532852 0.6785029806434757 -1.0431374336236128 0.82296 2.0372626117500676 -0.2897192923595061
16717 10801356 -0.43514319496301623 -3.3585708731467543 0.67056 2.0372626117500676 -0.2897192923595061
16718 10532852 0.6793835205605495 -1.0757857991634363 0.82296 2.0372626117500676 -0.2897192923595061
16718 10801356 -0.41620756910991186 -3.300620189083658 0.67056 2.0372626117500676 -0.2897192923595061
16719 10532852 0.6781605021139561 -1.1298269123027227 0.81915 2.0372626117500676 -0.2897192923595061
16719 10801356 -0.3987931016919535 -3.236447933412277 0.67056 2.0372626117500676 -0.2897192923595061
16720 10532852 0.6769374836673627 -1.183868025442009 0.8153400000000001 2.0372626117500676 -0.2897192923595061
16720 10801356 -0.38300358722782374 -3.182687486984361 0.67056 2.0372626117500676 -0.2897192923595061
16721 10801356 -0.36721407276369394 -3.1289270405564453 0.67056 2.0372626117500676 -0.2897192923595061
16721 10532852 0.6757147936610148 -1.237909187295213 0.8153400000000001 2.0372626117500676 -0.2897192923595061
16722 10532852 0.6765946851482063 -1.2871464228011136 0.80772 2.0372626117500676 -0.2897192923595061
16722 10801356 -0.3514245582995642 -3.0751665941285298 0.67056 2.0372626117500676 -0.2897192923595061
16723 10801356 -0.33563504383543447 -3.0214061477006138 0.67056 2.0372626117500676 -0.2897192923595061
16723 10532852 0.6752921671263585 -1.341161426840731 0.80772 2.0372626117500676 -0.2897192923595061
16724 10801356 -0.3198455293713047 -2.967645701272698 0.67056 2.0372626117500676 -0.2897192923595061
16724 10532852 0.6793214890996812 -1.3968014117372727 0.80772 2.0372626117500676 -0.2897192923595061
16725 10532852 0.6800061119252139 -1.4626806833869828 0.8001 2.0372626117500676 -0.2897192923595061
16725 10801356 -0.30405601490717493 -2.9138852548447822 0.67056 2.0372626117500676 -0.2897192923595061
16726 10532852 0.6829769179588991 -1.5392368392970281 0.7924800000000001 2.0372626117500676 -0.2897192923595061
16726 10801356 -0.2863985735336762 -2.857580808810648 0.67056 2.0372626117500676 -0.2897192923595061
16727 10532852 0.6881577281955018 -1.589995658941773 0.7924800000000001 2.0372626117500676 -0.2897192923595061
16727 10801356 -0.2687411321601774 -2.8012763627765134 0.67056 2.0372626117500676 -0.2897192923595061
16728 10801356 -0.2510836907866787 -2.744971916742379 0.67056 2.0372626117500676 -0.2897192923595061
16728 10532852 0.6898869221889429 -1.6404446330036213 0.7924800000000001 2.0372626117500676 -0.2897192923595061
16729 10801356 -0.2286579362558201 -2.683138023967316 0.6400800000000001 2.0372626117500676 -0.2897192923595061
16729 10532852 0.6890110624146951 -1.6934304718391482 0.78486 2.0372626117500676 -0.2897192923595061
16730 10801356 -0.20449186784858542 -2.625494421047497 0.6400800000000001 2.0372626117500676 -0.2897192923595061
16730 10532852 0.6952622756385625 -1.7558707465032142 0.78486 2.0372626117500676 -0.2897192923595061
16731 10801356 -0.18514225763768621 -2.5662770061591083 0.6400800000000001 2.0372626117500676 -0.2897192923595061
16731 10532852 0.6977993108605892 -1.8324015982142572 0.77724 2.0372626117500676 -0.2897192923595061
16732 10801356 -0.17396708082279133 -2.532076571401819 0.6400800000000001 2.0372626117500676 -0.2897192923595061
16732 10532852 0.7001897472485287 -1.857715528870811 0.76962 2.0372626117500676 -0.2897192923595061
16733 10801356 -0.1430942005221134 -2.4484690983697575 0.6400800000000001 2.0372626117500676 -0.2897192923595061
16733 10532852 0.7024011016135576 -1.901253883567397 0.76581 2.0372626117500676 -0.2897192923595061
16734 10532852 0.7046124559785867 -1.944792238263983 0.762 2.0372626117500676 -0.2897192923595061
16734 10801356 -0.12521988985848903 -2.4060015998780515 0.6400800000000001 2.0372626117500676 -0.2897192923595061
16735 10532852 0.7082887135075573 -2.0178397585160996 0.762 2.0372626117500676 -0.2897192923595061
16735 10801356 -0.10734557919486465 -2.3635341013863456 0.6400800000000001 2.0372626117500676 -0.2897192923595061
16736 10801356 -0.07583011220945529 -2.2793187731234705 0.6400800000000001 2.0372626117500676 -0.2897192923595061
16736 10532852 0.7106598246342651 -2.071769048943319 0.75819 2.0372626117500676 -0.2897192923595061
16737 10532852 0.713030935760973 -2.125698339370538 0.75438 2.0372626117500676 -0.2897192923595061
16737 10801356 -0.05803744345916981 -2.2309832247556343 0.6400800000000001 2.0372626117500676 -0.2897192923595061
16738 10532852 0.716198316900725 -2.173111881684396 0.75438 2.0372626117500676 -0.2897192923595061
16738 10801356 -0.04024477470888432 -2.182647676387798 0.6400800000000001 2.0372626117500676 -0.2897192923595061
16739 10532852 0.7189838418081166 -2.225774519179915 0.74676 2.0372626117500676 -0.2897192923595061
16739 10801356 -0.012636453930270353 -2.1226239514154113 0.6400800000000001 2.0372626117500676 -0.2897192923595061
16740 10532852 0.7182818849969328 -2.2798680609207325 0.74676 2.0372626117500676 -0.2897192923595061
16740 10801356 0.010431635919052162 -2.0601820709603764 0.6400800000000001 2.0372626117500676 -0.2897192923595061
16741 10801356 0.03949774045655319 -1.9984149379166458 0.6400800000000001 2.0372626117500676 -0.2897192923595061
16741 10532852 0.7214179767068254 -2.3407058996333254 0.73914 2.0372626117500676 -0.2897192923595061
16742 10801356 0.06689240831903631 -1.9472002120652434 0.6400800000000001 2.0372626117500676 -0.2897192923595061
16742 10532852 0.7205107366861184 -2.3937977082701494 0.73914 2.0372626117500676 -0.2897192923595061
16743 10532852 0.7244560332058028 -2.4807175890078583 0.73914 2.0372626117500676 -0.2897192923595061
16743 10801356 0.10135410678727219 -1.8933878619059914 0.6400800000000001 2.0372626117500676 -0.2897192923595061
16744 10532852 0.7251230051369043 -2.5129448965740018 0.73152 2.0372626117500676 -0.2897192923595061
16744 10801356 0.1471155902966217 -1.8213041519126034 0.6400800000000001 2.0372626117500676 -0.2897192923595061
16745 10801356 0.18213793540708922 -1.7684926754862544 0.6400800000000001 2.0372626117500676 -0.2897192923595061
16745 10532852 0.7218833670097585 -2.5908589131249875 0.73152 2.0372626117500676 -0.2897192923595061
16746 10801356 0.21864608172963917 -1.7220079524268668 0.6400800000000001 2.0372626117500676 -0.2897192923595061
16746 10532852 0.7209453363320457 -2.6399685037010086 0.73152 2.0372626117500676 -0.2897192923595061
16747 10532852 0.7178061278403367 -2.6876581745398513 0.7239000000000001 2.0372626117500676 -0.2897192923595061
16747 10801356 0.23885890927917597 -1.7017420813142985 0.6400800000000001 2.0372626117500676 -0.2897192923595061
16748 10532852 0.7190301158650155 -2.7464691879643794 0.7239000000000001 2.0372626117500676 -0.2897192923595061
16748 10801356 0.25907173682871276 -1.6814762102017302 0.6400800000000001 2.0372626117500676 -0.2897192923595061
16749 10801356 0.2948405904674438 -1.64105842263864 0.6400800000000001 2.0372626117500676 -0.2897192923595061
16749 10532852 0.7129411072348002 -2.797751415210832 0.7239000000000001 2.0372626117500676 -0.2897192923595061
16750 10801356 0.36052539646117243 -1.586290219647083 0.6400800000000001 2.0372626117500676 -0.2897192923595061
16750 10532852 0.7108537918600506 -2.833518222263918 0.7200900000000001 2.0372626117500676 -0.2897192923595061
16751 10532852 0.708766476485301 -2.869285029317004 0.7162800000000001 2.0372626117500676 -0.2897192923595061
16751 10801356 0.39614744991260153 -1.5604566840832903 0.6400800000000001 2.0372626117500676 -0.2897192923595061
16752 10801356 0.43176950336403064 -1.5346231485194979 0.6400800000000001 2.0372626117500676 -0.2897192923595061
16752 10532852 0.70792411098435 -2.9137528071280925 0.7162800000000001 2.0372626117500676 -0.2897192923595061
16753 10801356 0.48042155099356565 -1.50261979914848 0.6400800000000001 2.0372626117500676 -0.2897192923595061
16753 10532852 0.6985751315646908 -2.969577680081049 0.7162800000000001 2.0372626117500676 -0.2897192923595061
16754 10532852 0.6921764604274331 -3.0218100771749232 0.7162800000000001 2.0372626117500676 -0.2897192923595061
16754 10801356 0.5589105868840822 -1.4608542269213285 0.6400800000000001 2.0372626117500676 -0.2897192923595061
16755 10532852 0.6809612027762788 -3.072469316795217 0.7086600000000001 2.0372626117500676 -0.2897192923595061
16755 10801356 0.5780820388354804 -1.451112454500997 0.6400800000000001 2.0372626117500676 -0.2897192923595061
16756 10801356 0.6680572334346916 -1.4149677994136074 0.6400800000000001 2.0372626117500676 -0.2897192923595061
16756 10532852 0.6672933414208683 -3.1197574234087972 0.7086600000000001 2.0372626117500676 -0.2897192923595061
16757 10801356 0.7245312217894664 -1.3954488610121223 0.6400800000000001 2.0372626117500676 -0.2897192923595061
16757 10532852 0.6566406578841096 -3.1697826370048494 0.7086600000000001 2.0372626117500676 -0.2897192923595061
16758 10532852 0.6360372740523886 -3.2100158337519127 0.7086600000000001 2.0372626117500676 -0.2897192923595061
16758 10801356 0.7804317564761725 -1.375508617198549 0.6400800000000001 2.0372626117500676 -0.2897192923595061
16759 10801356 0.8419263001140844 -1.3585636740233829 0.6400800000000001 2.0372626117500676 -0.2897192923595061
16759 10532852 0.6094972827163582 -3.2695132602277983 0.7010400000000001 2.0372626117500676 -0.2897192923595061
16760 10532852 0.5808803260230524 -3.3108868528829296 0.6985000000000001 2.0372626117500676 -0.2897192923595061
16760 10801356 0.9063644932253689 -1.346201435638885 0.6400800000000001 2.0372626117500676 -0.2897192923595061
16761 10532852 0.5522633693297467 -3.3522604455380605 0.69596 2.0372626117500676 -0.2897192923595061
16761 10801356 0.9731221173475925 -1.3294561230934907 0.6400800000000001 2.0372626117500676 -0.2897192923595061
16762 10532852 0.523646412636441 -3.3936340381931918 0.69342 2.0372626117500676 -0.2897192923595061
16762 10801356 1.0055917685313125 -1.3252255459881281 0.6400800000000001 2.0372626117500676 -0.2897192923595061
16763 10532852 0.48883948293242835 -3.4207699034561965 0.6903720000000001 2.0372626117500676 -0.2897192923595061
16763 10801356 1.0380614197150324 -1.3209949688827658 0.6400800000000001 2.0372626117500676 -0.2897192923595061
16764 10801356 1.1181174704790489 -1.3097605731451518 0.6400800000000001 2.0372626117500676 -0.2897192923595061
16764 10532852 0.45403255322841574 -3.447905768719201 0.687324 2.0372626117500676 -0.2897192923595061
16765 10801356 1.170440797449261 -1.3018505822666406 0.6400800000000001 2.0372626117500676 -0.2897192923595061
16765 10532852 0.4192256235244032 -3.4750416339822054 0.6842760000000001 2.0372626117500676 -0.2897192923595061
16766 10801356 1.2526721275798012 -1.2948300880460524 0.6400800000000001 2.0372626117500676 -0.2897192923595061
16766 10532852 0.38441869382039057 -3.50217749924521 0.6812280000000001 2.0372626117500676 -0.2897192923595061
16767 10532852 0.34961176411637795 -3.529313364508215 0.6781800000000001 2.0372626117500676 -0.2897192923595061
16767 10801356 1.3186971281729214 -1.2901092191566284 0.6400800000000001 2.0372626117500676 -0.2897192923595061
16768 10801356 1.369607365941174 -1.2848906692909765 0.6400800000000001 2.0372626117500676 -0.2897192923595061
16768 10532852 0.3171659450397691 -3.5425081894782973 0.6756400000000001 2.0372626117500676 -0.2897192923595061
16769 10801356 1.430010547616296 -1.283239359969038 0.6400800000000001 2.0372626117500676 -0.2897192923595061
16769 10532852 0.28472012596316026 -3.55570301444838 0.6731 2.0372626117500676 -0.2897192923595061
16770 10801356 1.4853572927031518 -1.279936271828902 0.6400800000000001 2.0372626117500676 -0.2897192923595061
16770 10532852 0.2522743068865514 -3.5688978394184625 0.67056 2.0372626117500676 -0.2897192923595061
16771 10532852 0.204844485470798 -3.5707105779840296 0.6683828571428572 2.0372626117500676 -0.2897192923595061
16771 10801356 1.5396955375896622 -1.2753688905077467 0.6400800000000001 2.0372626117500676 -0.2897192923595061
16772 10532852 0.15741466405504462 -3.572523316549597 0.6662057142857143 2.0372626117500676 -0.2897192923595061
16772 10801356 1.6015202566843396 -1.2737132329418466 0.6400800000000001 2.0372626117500676 -0.2897192923595061
16773 10532852 0.1099848426392912 -3.574336055115164 0.6640285714285714 2.0372626117500676 -0.2897192923595061
16773 10801356 1.6575888426492167 -1.2706446897862687 0.6400800000000001 2.0372626117500676 -0.2897192923595061
16774 10801356 1.7117073924305526 -1.2681071822644674 0.6400800000000001 2.0372626117500676 -0.2897192923595061
16774 10532852 0.06255502122353782 -3.5761487936807312 0.6618514285714286 2.0372626117500676 -0.2897192923595061
16775 10801356 1.797235091882135 -1.26729768846948 0.6400800000000001 2.0372626117500676 -0.2897192923595061
16775 10532852 0.015125199807784429 -3.5779615322462983 0.6596742857142858 2.0372626117500676 -0.2897192923595061
16776 10532852 -0.032304621607968986 -3.579774270811866 0.6574971428571429 2.0372626117500676 -0.2897192923595061
16776 10801356 1.8646673893239745 -1.2647841891441658 0.6400800000000001 2.0372626117500676 -0.2897192923595061
16777 10801356 1.9272839885415851 -1.2606977188145947 0.6400800000000001 2.0372626117500676 -0.2897192923595061
16777 10532852 -0.07973444302372235 -3.581587009377433 0.65532 2.0372626117500676 -0.2897192923595061
16778 10801356 1.9819040386901319 -1.2620603360328035 0.6400800000000001 2.0372626117500676 -0.2897192923595061
16778 10532852 -0.1262993893825407 -3.566374210491725 0.65532 2.0372626117500676 -0.2897192923595061
16779 10801356 2.013406650946428 -1.260780997332101 0.6400800000000001 2.0372626117500676 -0.2897192923595061
16779 10532852 -0.17286433574135907 -3.551161411606017 0.65532 2.0372626117500676 -0.2897192923595061
16780 10801356 2.0449092632027246 -1.2595016586313983 0.6400800000000001 2.0372626117500676 -0.2897192923595061
16780 10532852 -0.19963851282369482 -3.5388312491390463 0.65532 2.0372626117500676 -0.2897192923595061
16781 10532852 -0.22641268990603058 -3.5265010866720763 0.65532 2.0372626117500676 -0.2897192923595061
16781 10801356 2.1102285059431 -1.260735265183577 0.6400800000000001 2.0372626117500676 -0.2897192923595061
16782 10801356 2.1587032811316726 -1.2591557174989993 0.6400800000000001 2.0372626117500676 -0.2897192923595061
16782 10532852 -0.25318686698836634 -3.514170924205106 0.65532 2.0372626117500676 -0.2897192923595061
16783 10801356 2.2213742166042962 -1.2587060358779072 0.6400800000000001 2.0372626117500676 -0.2897192923595061
16783 10532852 -0.3129658131570082 -3.473318494221214 0.65532 2.0372626117500676 -0.2897192923595061
16784 10532852 -0.3727447593256501 -3.4324660642373224 0.65532 2.0372626117500676 -0.2897192923595061
16784 10801356 2.2997104232218817 -1.2570618623391818 0.6400800000000001 2.0372626117500676 -0.2897192923595061
16785 10532852 -0.3990238281237412 -3.4078351952669808 0.65532 2.0372626117500676 -0.2897192923595061
16785 10801356 2.328082083368346 -1.2555769155322984 0.6400800000000001 2.0372626117500676 -0.2897192923595061
16786 10801356 2.410797656146725 -1.2554781368340253 0.6400800000000001 2.0372626117500676 -0.2897192923595061
16786 10532852 -0.42530289692183226 -3.383204326296639 0.65532 2.0372626117500676 -0.2897192923595061
16787 10801356 2.4706335255664853 -1.2585399932848842 0.6400800000000001 2.0372626117500676 -0.2897192923595061
16787 10532852 -0.4515819657199234 -3.3585734573262975 0.65532 2.0372626117500676 -0.2897192923595061
16788 10532852 -0.46572407195215093 -3.339582685725055 0.65532 2.0372626117500676 -0.2897192923595061
16788 10801356 2.5259172644835246 -1.2605826846957473 0.6400800000000001 2.0372626117500676 -0.2897192923595061
16789 10801356 2.575341626931431 -1.2615300483225693 0.6096 2.0372626117500676 -0.2897192923595061
16789 10532852 -0.4969736620965573 -3.289649938449714 0.65532 2.0372626117500676 -0.2897192923595061
16790 10801356 2.6376115947109824 -1.2584929996617968 0.6096 2.0372626117500676 -0.2897192923595061
16790 10532852 -0.5282232522409637 -3.239717191174374 0.65532 2.0372626117500676 -0.2897192923595061
16791 10532852 -0.5594728423853701 -3.189784443899033 0.65532 2.0372626117500676 -0.2897192923595061
16791 10801356 2.6959352216129204 -1.2580222668893948 0.6096 2.0372626117500676 -0.2897192923595061
16792 10532852 -0.5720388164145339 -3.158223535041602 0.65532 2.0372626117500676 -0.2897192923595061
16792 10801356 2.758695168572711 -1.2602840736399765 0.6096 2.0372626117500676 -0.2897192923595061
16793 10532852 -0.5846047904436977 -3.1266626261841712 0.65532 2.0372626117500676 -0.2897192923595061
16793 10801356 2.7727769231465462 -1.260674956541616 0.6096 2.0372626117500676 -0.2897192923595061
16794 10801356 2.7868586777203816 -1.2610658394432555 0.6096 2.0372626117500676 -0.2897192923595061
16794 10532852 -0.5971297935492175 -3.07934319970348 0.65532 2.0372626117500676 -0.2897192923595061
16795 10532852 -0.6025047244302859 -3.057725922616837 0.65532 2.0372626117500676 -0.2897192923595061
16795 10801356 2.8734021437563406 -1.2625619655475622 0.6096 2.0372626117500676 -0.2897192923595061
16796 10801356 2.9512649038227803 -1.2634434683456 0.6096 2.0372626117500676 -0.2897192923595061
16796 10532852 -0.6053326737410871 -3.006565489471922 0.65532 2.0372626117500676 -0.2897192923595061
16797 10801356 3.01305151355277 -1.2618810992887886 0.6096 2.0372626117500676 -0.2897192923595061
16797 10532852 -0.6081606230518884 -2.955405056327007 0.65532 2.0372626117500676 -0.2897192923595061
16798 10801356 3.063289755384565 -1.2616891956458394 0.6096 2.0372626117500676 -0.2897192923595061
16798 10532852 -0.6109885723626897 -2.9042446231820915 0.65532 2.0372626117500676 -0.2897192923595061
16799 10532852 -0.613816521673491 -2.8530841900371766 0.65532 2.0372626117500676 -0.2897192923595061
16799 10801356 3.123124424421583 -1.2647455442498714 0.57912 2.0372626117500676 -0.2897192923595061
16800 10532852 -0.6166444709842922 -2.8019237568922613 0.65532 2.0372626117500676 -0.2897192923595061
16800 10801356 3.174373699385457 -1.2600935242217863 0.57912 2.0372626117500676 -0.2897192923595061
16801 10801356 3.2293468496829014 -1.2614457331548203 0.57912 2.0372626117500676 -0.2897192923595061
16801 10532852 -0.6076124368508226 -2.752945064622592 0.65532 2.0372626117500676 -0.2897192923595061
16802 10801356 3.279664931455274 -1.261278489186559 0.57912 2.0372626117500676 -0.2897192923595061
16802 10532852 -0.5985804027173529 -2.7039663723529235 0.65532 2.0372626117500676 -0.2897192923595061
16803 10532852 -0.5895483685838833 -2.654987680083255 0.65532 2.0372626117500676 -0.2897192923595061
16803 10801356 3.3359469680285967 -1.258618185172452 0.57912 2.0372626117500676 -0.2897192923595061
16804 10532852 -0.5805163344504136 -2.6060089878135857 0.65532 2.0372626117500676 -0.2897192923595061
16804 10801356 3.3642268060956 -1.2544128305234898 0.57912 2.0372626117500676 -0.2897192923595061
16805 10801356 3.3925066441626033 -1.2502074758745276 0.57912 2.0372626117500676 -0.2897192923595061
16805 10532852 -0.570924472230325 -2.5600755379278333 0.65532 2.0372626117500676 -0.2897192923595061
16806 10801356 3.439354890941255 -1.2386275399300046 0.57912 2.0372626117500676 -0.2897192923595061
16806 10532852 -0.5516748163981442 -2.4862218355569516 0.6629400000000001 2.0372626117500676 -0.2897192923595061
16807 10801356 3.5381024260780034 -1.201345499796653 0.57912 2.0372626117500676 -0.2897192923595061
16807 10532852 -0.5394829309590243 -2.445110274585355 0.6629400000000001 2.0372626117500676 -0.2897192923595061
16808 10532852 -0.5314797151411963 -2.4206214787072793 0.6629400000000001 2.0372626117500676 -0.2897192923595061
16808 10801356 3.5704208623526075 -1.1771390974352514 0.57912 2.0372626117500676 -0.2897192923595061
16809 10801356 3.602739298627211 -1.1529326950738494 0.57912 2.0372626117500676 -0.2897192923595061
16809 10532852 -0.5155747583908317 -2.355371480086171 0.6629400000000001 2.0372626117500676 -0.2897192923595061
16810 10801356 3.6350577349018147 -1.1287262927124477 0.57912 2.0372626117500676 -0.2897192923595061
16810 10532852 -0.4995337933166579 -2.30628833622154 0.6629400000000001 2.0372626117500676 -0.2897192923595061
16811 10801356 3.667376171176419 -1.104519890351046 0.57912 2.0372626117500676 -0.2897192923595061
16811 10532852 -0.49024415776587915 -2.2656302188283157 0.6629400000000001 2.0372626117500676 -0.2897192923595061
16812 10801356 3.684894966321883 -1.0834861125460338 0.57912 2.0372626117500676 -0.2897192923595061
16812 10532852 -0.4808476372090309 -2.2205675202961928 0.6629400000000001 2.0372626117500676 -0.2897192923595061
16813 10532852 -0.45873516689719485 -2.152906681101449 0.6629400000000001 2.0372626117500676 -0.2897192923595061
16813 10801356 3.730303701792427 -1.0286824095293188 0.54864 2.0372626117500676 -0.2897192923595061
16814 10801356 3.749675495424124 -0.991081956417038 0.54864 2.0372626117500676 -0.2897192923595061
16814 10532852 -0.44692125367148106 -2.1113210791452097 0.6629400000000001 2.0372626117500676 -0.2897192923595061
16815 10532852 -0.4367126673386823 -2.069210830303502 0.6629400000000001 2.0372626117500676 -0.2897192923595061
16815 10801356 3.7690449964452317 -0.9407872942852487 0.54864 2.0372626117500676 -0.2897192923595061
16816 10532852 -0.4240418366597787 -2.038595145371107 0.6629400000000001 2.0372626117500676 -0.2897192923595061
16816 10801356 3.788414497466339 -0.8904926321534594 0.54864 2.0372626117500676 -0.2897192923595061
16817 10532852 -0.41137100598087506 -2.007979460438712 0.6629400000000001 2.0372626117500676 -0.2897192923595061
16817 10801356 3.807783998487447 -0.8401979700216701 0.54864 2.0372626117500676 -0.2897192923595061
16818 10801356 3.812814747041059 -0.8206965789706538 0.54864 2.0372626117500676 -0.2897192923595061
16818 10532852 -0.38329203694886416 -1.9444882777592503 0.6667500000000001 2.0372626117500676 -0.2897192923595061
16819 10801356 3.8178454955946712 -0.8011951879196376 0.54864 2.0372626117500676 -0.2897192923595061
16819 10532852 -0.36061457899270055 -1.904116406516557 0.668655 2.0372626117500676 -0.2897192923595061
16820 10532852 -0.33793712103653695 -1.8637445352738637 0.67056 2.0372626117500676 -0.2897192923595061
16820 10801356 3.8233057293661092 -0.7436367542460798 0.54864 2.0372626117500676 -0.2897192923595061
16821 10532852 -0.3057040118429022 -1.8178501538381058 0.6629400000000001 2.0372626117500676 -0.2897192923595061
16821 10801356 3.8225816980618275 -0.6955080164046517 0.54864 2.0372626117500676 -0.2897192923595061
16822 10532852 -0.2802176670649641 -1.7887939722856647 0.6629400000000001 2.0372626117500676 -0.2897192923595061
16822 10801356 3.822766662541599 -0.6663655999524982 0.5181600000000001 2.0372626117500676 -0.2897192923595061
16823 10801356 3.820061691735896 -0.587569986040695 0.5181600000000001 2.0372626117500676 -0.2897192923595061
16823 10532852 -0.24776764925643713 -1.7574571744132919 0.6629400000000001 2.0372626117500676 -0.2897192923595061
16824 10801356 3.819361382070163 -0.5390984289693831 0.5181600000000001 2.0372626117500676 -0.2897192923595061
16824 10532852 -0.20926942826460282 -1.7212039581631067 0.6629400000000001 2.0372626117500676 -0.2897192923595061
16825 10532852 -0.16428145412192885 -1.6868378008935363 0.6629400000000001 2.0372626117500676 -0.2897192923595061
16825 10801356 3.8171683403318557 -0.49574672836944733 0.5181600000000001 2.0372626117500676 -0.2897192923595061
16826 10801356 3.810481532956844 -0.45092873954649637 0.5181600000000001 2.0372626117500676 -0.2897192923595061
16826 10532852 -0.12101854399435741 -1.6577491833611862 0.6629400000000001 2.0372626117500676 -0.2897192923595061
16827 10532852 -0.06700211600361361 -1.6338100764418826 0.6629400000000001 2.0372626117500676 -0.2897192923595061
16827 10801356 3.804482150860535 -0.3833230928453132 0.5181600000000001 2.0372626117500676 -0.2897192923595061
16828 10532852 0.0009848770735049195 -1.6078935514651496 0.6629400000000001 2.0372626117500676 -0.2897192923595061
16828 10801356 3.798883863210121 -0.3653764076577689 0.5181600000000001 2.0372626117500676 -0.2897192923595061
16829 10801356 3.7784519633792497 -0.2932949511569428 0.5181600000000001 2.0372626117500676 -0.2897192923595061
16829 10532852 0.02638616907033209 -1.5970342114173148 0.6629400000000001 2.0372626117500676 -0.2897192923595061
16830 10801356 3.7580048426267743 -0.25391567820565175 0.5181600000000001 2.0372626117500676 -0.2897192923595061
16830 10532852 0.10177248212724488 -1.582180104750956 0.6629400000000001 2.0372626117500676 -0.2897192923595061
16831 10801356 3.734816284415677 -0.21749651588284427 0.5181600000000001 2.0372626117500676 -0.2897192923595061
16831 10532852 0.15601588274767264 -1.5738520005032766 0.6629400000000001 2.0372626117500676 -0.2897192923595061
16832 10801356 3.7037736352267547 -0.18201867674748642 0.5181600000000001 2.0372626117500676 -0.2897192923595061
16832 10532852 0.2091208892564076 -1.5690068792659564 0.6629400000000001 2.0372626117500676 -0.2897192923595061
16833 10801356 3.679547109948523 -0.15898586127326786 0.50292 2.0372626117500676 -0.2897192923595061
16833 10532852 0.268301762039063 -1.5673148993525021 0.6629400000000001 2.0372626117500676 -0.2897192923595061
16834 10532852 0.3222120558072069 -1.5735970173599965 0.6629400000000001 2.0372626117500676 -0.2897192923595061
16834 10801356 3.6553205846702914 -0.1359530457990493 0.48768 2.0372626117500676 -0.2897192923595061
16835 10801356 3.62766961399932 -0.11729272183816963 0.48768 2.0372626117500676 -0.2897192923595061
16835 10532852 0.35463816613999244 -1.576305656244707 0.6629400000000001 2.0372626117500676 -0.2897192923595061
16836 10532852 0.387064276472778 -1.5790142951294175 0.6629400000000001 2.0372626117500676 -0.2897192923595061
16836 10801356 3.6000186433283483 -0.09863239787728997 0.48768 2.0372626117500676 -0.2897192923595061
16837 10532852 0.44172380014820906 -1.5802831529629742 0.6629400000000001 2.0372626117500676 -0.2897192923595061
16837 10801356 3.5626502424245245 -0.08118117251326576 0.48768 2.0372626117500676 -0.2897192923595061
16838 10532852 0.5005863714578674 -1.5893501776454564 0.6629400000000001 2.0372626117500676 -0.2897192923595061
16838 10801356 3.4968095862586415 -0.04894763602760768 0.48768 2.0372626117500676 -0.2897192923595061
16839 10801356 3.462533517817791 -0.038345645926341404 0.48768 2.0372626117500676 -0.2897192923595061
16839 10532852 0.5674870430231327 -1.6004585845291721 0.6629400000000001 2.0372626117500676 -0.2897192923595061
16840 10801356 3.420459820300297 -0.029871201114695017 0.48768 2.0372626117500676 -0.2897192923595061
16840 10532852 0.61509860086454 -1.609704239404229 0.67056 2.0372626117500676 -0.2897192923595061
16841 10532852 0.6367159334799581 -1.6115091690506727 0.67056 2.0372626117500676 -0.2897192923595061
16841 10801356 3.374373945106666 -0.020087053259243454 0.45720000000000005 2.0372626117500676 -0.2897192923595061
16842 10532852 0.7098200084029758 -1.6242922859999147 0.67056 2.0372626117500676 -0.2897192923595061
16842 10801356 3.3322658401972944 -0.01171765144867079 0.45720000000000005 2.0372626117500676 -0.2897192923595061
16843 10801356 3.2963537007290906 -0.015649933554545498 0.45720000000000005 2.0372626117500676 -0.2897192923595061
16843 10532852 0.7367108522188694 -1.6289878648935048 0.67056 2.0372626117500676 -0.2897192923595061
16844 10532852 0.8152276176390183 -1.6426034331665134 0.67056 2.0372626117500676 -0.2897192923595061
16844 10801356 3.243959329978174 -0.01023078961854787 0.45720000000000005 2.0372626117500676 -0.2897192923595061
16845 10801356 3.2052960829009693 -0.012797475720034895 0.48768 2.0372626117500676 -0.2897192923595061
16845 10532852 0.9003864929428305 -1.6538316074072819 0.67056 2.0372626117500676 -0.2897192923595061
16846 10801356 3.1465255276638446 -0.009501860718075489 0.45720000000000005 2.0372626117500676 -0.2897192923595061
16846 10532852 0.958835321148077 -1.66416153687319 0.67056 2.0372626117500676 -0.2897192923595061
16847 10801356 3.1209362324950938 -0.006289331802400128 0.45720000000000005 2.0372626117500676 -0.2897192923595061
16847 10532852 0.9997156536820941 -1.6722573123457691 0.67056 2.0372626117500676 -0.2897192923595061
16848 10532852 1.0532712877829251 -1.6768993955761426 0.6781800000000001 2.0372626117500676 -0.2897192923595061
16848 10801356 3.102591044917801 -0.006726196710710092 0.45720000000000005 2.0372626117500676 -0.2897192923595061
16849 10532852 1.108796191446394 -1.6863898848590815 0.6781800000000001 2.0372626117500676 -0.2897192923595061
16849 10801356 3.084245857340508 -0.007163061619020056 0.45720000000000005 2.0372626117500676 -0.2897192923595061
16850 10801356 3.016757677432346 -0.009898931490855328 0.45720000000000005 2.0372626117500676 -0.2897192923595061
16850 10532852 1.1336632498001196 -1.690481315438939 0.6781800000000001 2.0372626117500676 -0.2897192923595061
16851 10532852 1.1585303081538454 -1.6945727460187967 0.6781800000000001 2.0372626117500676 -0.2897192923595061
16851 10801356 2.9736131635095244 -0.008782203968193653 0.45720000000000005 2.0372626117500676 -0.2897192923595061
16852 10801356 2.9350321507878743 -0.007285837663828981 0.45720000000000005 2.0372626117500676 -0.2897192923595061
16852 10532852 1.2114060048379445 -1.7040149301127652 0.6781800000000001 2.0372626117500676 -0.2897192923595061
16853 10801356 2.901369107504032 -0.00704422785324707 0.45720000000000005 2.0372626117500676 -0.2897192923595061
16853 10532852 1.2836483390570161 -1.7194311519850454 0.6781800000000001 2.0372626117500676 -0.2897192923595061
16854 10532852 1.3205500746754475 -1.7261088596117589 0.6781800000000001 2.0372626117500676 -0.2897192923595061
16854 10801356 2.8637627554248004 -0.005281580881562414 0.42672000000000004 2.0372626117500676 -0.2897192923595061
16855 10532852 1.3639223855454412 -1.7292920837730748 0.6781800000000001 2.0372626117500676 -0.2897192923595061
16855 10801356 2.8251126934620983 -0.003995750551937655 0.42672000000000004 2.0372626117500676 -0.2897192923595061
16856 10801356 2.7920477192968214 -0.0005611997609162034 0.42672000000000004 2.0372626117500676 -0.2897192923595061
16856 10532852 1.4104902181211305 -1.7390091891906363 0.6781800000000001 2.0372626117500676 -0.2897192923595061
16857 10801356 2.738779866304746 0.002459841643069366 0.42672000000000004 2.0372626117500676 -0.2897192923595061
16857 10532852 1.4522077881176039 -1.7472588934338482 0.67056 2.0372626117500676 -0.2897192923595061
16858 10532852 1.4987756754660886 -1.7569754156678716 0.67056 2.0372626117500676 -0.2897192923595061
16858 10801356 2.705598079115691 0.0025452034901636 0.42672000000000004 2.0372626117500676 -0.2897192923595061
16859 10532852 1.5404243461635398 -1.7654357246958512 0.6629400000000001 2.0372626117500676 -0.2897192923595061
16859 10801356 2.674608050134979 0.005536519598951822 0.42672000000000004 2.0372626117500676 -0.2897192923595061
16860 10801356 2.637333767491815 0.006958251235543361 0.42672000000000004 2.0372626117500676 -0.2897192923595061
16860 10532852 1.5948709931818157 -1.7755047967902813 0.6629400000000001 2.0372626117500676 -0.2897192923595061
16861 10532852 1.6253172107100213 -1.7801897231233366 0.65532 2.0372626117500676 -0.2897192923595061
16861 10801356 2.602077898994425 0.009123014077506403 0.42672000000000004 2.0372626117500676 -0.2897192923595061
16862 10801356 2.547031530190262 0.010506513213091512 0.39624000000000004 2.0372626117500676 -0.2897192923595061
16862 10532852 1.6973309098438696 -1.7949428414067305 0.65532 2.0372626117500676 -0.2897192923595061
16863 10532852 1.7436010199376948 -1.8042100126827287 0.65532 2.0372626117500676 -0.2897192923595061
16863 10801356 2.51974336999156 0.01123855393180935 0.39624000000000004 2.0372626117500676 -0.2897192923595061
16864 10801356 2.4924552097928583 0.011970594650527189 0.39624000000000004 2.0372626117500676 -0.2897192923595061
16864 10532852 1.7686799086700469 -1.809010847198424 0.65532 2.0372626117500676 -0.2897192923595061
16865 10532852 1.7937587974023987 -1.8138116817141197 0.65532 2.0372626117500676 -0.2897192923595061
16865 10801356 2.4390824613555058 0.013042061741601746 0.39624000000000004 2.0372626117500676 -0.2897192923595061
16866 10532852 1.8174047433781477 -1.817560421919255 0.6477 2.0372626117500676 -0.2897192923595061
16866 10801356 2.4170100440504534 0.012071489825504572 0.39624000000000004 2.0372626117500676 -0.2897192923595061
16867 10532852 1.8840734517742679 -1.8337205081406383 0.6477 2.0372626117500676 -0.2897192923595061
16867 10801356 2.394937626745401 0.011100917909407398 0.39624000000000004 2.0372626117500676 -0.2897192923595061
16868 10801356 2.3573307393386624 0.012866253572084735 0.39624000000000004 2.0372626117500676 -0.2897192923595061
16868 10532852 1.953203765172273 -1.8472374527887243 0.6477 2.0372626117500676 -0.2897192923595061
16869 10532852 1.98940962377448 -1.8527789829896284 0.6438900000000001 2.0372626117500676 -0.2897192923595061
16869 10801356 2.319605239608033 0.008829527936931897 0.39624000000000004 2.0372626117500676 -0.2897192923595061
16870 10532852 2.025615482376687 -1.8583205131905325 0.6400800000000001 2.0372626117500676 -0.2897192923595061
16870 10801356 2.2643983955740667 0.011085179569801068 0.39624000000000004 2.0372626117500676 -0.2897192923595061
16871 10801356 2.224895488299347 0.007045167446274897 0.39624000000000004 2.0372626117500676 -0.2897192923595061
16871 10532852 2.079032054749155 -1.86501222827134 0.6400800000000001 2.0372626117500676 -0.2897192923595061
16872 10532852 2.12771341308759 -1.8693399736189467 0.63246 2.0372626117500676 -0.2897192923595061
16872 10801356 2.204327138726069 0.009322270767902457 0.39624000000000004 2.0372626117500676 -0.2897192923595061
16873 10532852 2.1657417129315775 -1.8714746601443941 0.63246 2.0372626117500676 -0.2897192923595061
16873 10801356 2.1491048124089427 0.006093250269939204 0.36576 2.0372626117500676 -0.2897192923595061
16874 10532852 2.213944032605251 -1.8707391508374365 0.6248400000000001 2.0372626117500676 -0.2897192923595061
16874 10801356 2.110094991164372 0.0024768826267041744 0.36576 2.0372626117500676 -0.2897192923595061
16875 10532852 2.255725052374718 -1.8679071723353615 0.6248400000000001 2.0372626117500676 -0.2897192923595061
16875 10801356 2.0780691575311097 0.0006687786983854693 0.36576 2.0372626117500676 -0.2897192923595061
16876 10532852 2.2935982696547965 -1.8593603110761057 0.6248400000000001 2.0372626117500676 -0.2897192923595061
16876 10801356 2.040176490274927 0.004281289992460163 0.36576 2.0372626117500676 -0.2897192923595061
16877 10532852 2.3456354306025746 -1.8495960224624508 0.61722 2.0372626117500676 -0.2897192923595061
16877 10801356 2.0008454800071274 0.0007703381591059599 0.36576 2.0372626117500676 -0.2897192923595061
16878 10801356 1.9617461543152799 0.0006885507946259861 0.36576 2.0372626117500676 -0.2897192923595061
16878 10532852 2.394419374732447 -1.8321109953615393 0.61722 2.0372626117500676 -0.2897192923595061
16879 10801356 1.9408549089837355 0.0006185970974973282 0.36576 2.0372626117500676 -0.2897192923595061
16879 10532852 2.4331800860012835 -1.8140407294241472 0.6096 2.0372626117500676 -0.2897192923595061
16880 10532852 2.473914845007293 -1.7926429488047628 0.6096 2.0372626117500676 -0.2897192923595061
16880 10801356 1.919963663652191 0.0005486434003686702 0.36576 2.0372626117500676 -0.2897192923595061
16881 10801356 1.86687565651438 0.0005965097090047944 0.36576 2.0372626117500676 -0.2897192923595061
16881 10532852 2.498218883424199 -1.7756651403391408 0.611505 2.0372626117500676 -0.2897192923595061
16882 10801356 1.8419132937655003 -0.0002464102942568158 0.35052 2.0372626117500676 -0.2897192923595061
16882 10532852 2.522522921841105 -1.758687331873519 0.61341 2.0372626117500676 -0.2897192923595061
16883 10801356 1.8169509310166205 -0.001089330297518426 0.33528 2.0372626117500676 -0.2897192923595061
16883 10532852 2.551412645440542 -1.7331016968528512 0.6096 2.0372626117500676 -0.2897192923595061
16884 10532852 2.5803023690399782 -1.7075160618321834 0.60579 2.0372626117500676 -0.2897192923595061
16884 10801356 1.778172298171551 -0.0012749339947913663 0.33528 2.0372626117500676 -0.2897192923595061
16885 10801356 1.7405646037799751 0.0004936721010834477 0.33528 2.0372626117500676 -0.2897192923595061
16885 10532852 2.625156245310225 -1.6574407786791248 0.6019800000000001 2.0372626117500676 -0.2897192923595061
16886 10532852 2.641546306816385 -1.6300822265099142 0.6019800000000001 2.0372626117500676 -0.2897192923595061
16886 10801356 1.6867891339814656 0.0017018549332301347 0.33528 2.0372626117500676 -0.2897192923595061
16887 10801356 1.6547984018537942 0.0016363374940595588 0.33528 2.0372626117500676 -0.2897192923595061
16887 10532852 2.657936368322545 -1.6027236743407034 0.6019800000000001 2.0372626117500676 -0.2897192923595061
16888 10532852 2.6778191007719356 -1.5624872965320706 0.59436 2.0372626117500676 -0.2897192923595061
16888 10801356 1.617190570284029 0.003405598401996973 0.33528 2.0372626117500676 -0.2897192923595061
16889 10801356 1.5842938860754463 0.003285804924788041 0.33528 2.0372626117500676 -0.2897192923595061
16889 10532852 2.6911722515025325 -1.5195356101606277 0.59055 2.0372626117500676 -0.2897192923595061
16890 10532852 2.704525402233129 -1.4765839237891847 0.58674 2.0372626117500676 -0.2897192923595061
16890 10801356 1.558126970533204 0.002019431979184763 0.33528 2.0372626117500676 -0.2897192923595061
16891 10532852 2.717412346751126 -1.4371013318145773 0.58674 2.0372626117500676 -0.2897192923595061
16891 10801356 1.5243588101776535 0.0019508910218325043 0.33528 2.0372626117500676 -0.2897192923595061
16892 10532852 2.7254034523124453 -1.3960207548927892 0.58674 2.0372626117500676 -0.2897192923595061
16892 10801356 1.4914964836973799 0.0019370886680730448 0.33528 2.0372626117500676 -0.2897192923595061
16893 10801356 1.4592986313778122 0.0012390857219146262 0.33528 2.0372626117500676 -0.2897192923595061
16893 10532852 2.7265926641218914 -1.380405239221602 0.57912 2.0372626117500676 -0.2897192923595061
16894 10532852 2.7407285969849102 -1.3207708412890826 0.57912 2.0372626117500676 -0.2897192923595061
16894 10801356 1.4265051831360316 0.0014367060978762863 0.33528 2.0372626117500676 -0.2897192923595061
16895 10801356 1.3847656849882 -0.0012845016132526088 0.33528 2.0372626117500676 -0.2897192923595061
16895 10532852 2.7481689686888706 -1.2805618242197616 0.5715 2.0372626117500676 -0.2897192923595061
16896 10801356 1.373481315540631 -0.0032059934162612103 0.33528 2.0372626117500676 -0.2897192923595061
16896 10532852 2.7560941605808638 -1.2562810991842144 0.5715 2.0372626117500676 -0.2897192923595061
16897 10801356 1.327832952052872 -0.00429959115609263 0.3048 2.0372626117500676 -0.2897192923595061
16897 10532852 2.7627768092111302 -1.19608297480066 0.56388 2.0372626117500676 -0.2897192923595061
16898 10801356 1.3004839755494038 -0.006464056417868166 0.33528 2.0372626117500676 -0.2897192923595061
16898 10532852 2.7696669453036478 -1.1559279645176646 0.5619750000000001 2.0372626117500676 -0.2897192923595061
16899 10801356 1.28821616622496 -0.004939107217856502 0.33528 2.0372626117500676 -0.2897192923595061
16899 10532852 2.776557081396165 -1.1157729542346688 0.5600700000000001 2.0372626117500676 -0.2897192923595061
16900 10532852 2.785991520188233 -1.0569402311703975 0.55626 2.0372626117500676 -0.2897192923595061
16900 10801356 1.2759483569005163 -0.003414158017844837 0.33528 2.0372626117500676 -0.2897192923595061
16901 10532852 2.7893922034175604 -1.03427828740295 0.55626 2.0372626117500676 -0.2897192923595061
16901 10801356 1.239554653582288 -0.0026822167848546824 0.3048 2.0372626117500676 -0.2897192923595061
16902 10801356 1.2065885030752594 -0.0030113805790032144 0.3048 2.0372626117500676 -0.2897192923595061
16902 10532852 2.7927928866468874 -1.0116163436355021 0.55626 2.0372626117500676 -0.2897192923595061
16903 10532852 2.8005892084032986 -0.9714066388237078 0.54864 2.0372626117500676 -0.2897192923595061
16903 10801356 1.18670344928148 -0.00298737041393915 0.3048 2.0372626117500676 -0.2897192923595061
16904 10532852 2.8065139525804343 -0.9358427318038144 0.54864 2.0372626117500676 -0.2897192923595061
16904 10801356 1.1668183954877007 -0.0029633602488750854 0.3048 2.0372626117500676 -0.2897192923595061
16905 10801356 1.1469333416939211 -0.002939350083811021 0.3048 2.0372626117500676 -0.2897192923595061
16905 10532852 2.8153194835191746 -0.8745851777092916 0.54102 2.0372626117500676 -0.2897192923595061
16906 10532852 2.821530928178819 -0.8392316498339661 0.54102 2.0372626117500676 -0.2897192923595061
16906 10801356 1.1270482879001418 -0.0029153399187469564 0.3048 2.0372626117500676 -0.2897192923595061
16907 10801356 1.1071632341063624 -0.002891329753682892 0.3048 2.0372626117500676 -0.2897192923595061
16907 10532852 2.8277024826692303 -0.7931180545938304 0.5334 2.0372626117500676 -0.2897192923595061
16908 10532852 2.8325447639208736 -0.7456360303498331 0.5334 2.0372626117500676 -0.2897192923595061
16908 10801356 1.0948255736763284 -0.0025991322560362656 0.3048 2.0372626117500676 -0.2897192923595061
16909 10801356 1.0737844213754497 -0.0028514687027227648 0.3048 2.0372626117500676 -0.2897192923595061
16909 10532852 2.8404793405873443 -0.7050041406498424 0.52578 2.0372626117500676 -0.2897192923595061
16910 10532852 2.8412457332213696 -0.6672891661671551 0.52578 2.0372626117500676 -0.2897192923595061
16910 10801356 1.0459324593287687 -0.0027478746306517643 0.3048 2.0372626117500676 -0.2897192923595061
16911 10532852 2.8492838262350446 -0.6263406013569157 0.5181600000000001 2.0372626117500676 -0.2897192923595061
16911 10801356 1.0251220735336295 -0.001206258717196096 0.3048 2.0372626117500676 -0.2897192923595061
16912 10801356 1.0188497679517685 -0.0013767682110854967 0.3048 2.0372626117500676 -0.2897192923595061
16912 10532852 2.851771454016944 -0.5969556871386588 0.5162550000000001 2.0372626117500676 -0.2897192923595061
16913 10801356 1.0007398161978134 0.00027571706172729166 0.3048 2.0372626117500676 -0.2897192923595061
16913 10532852 2.854259081798843 -0.5675707729204018 0.5143500000000001 2.0372626117500676 -0.2897192923595061
16914 10801356 0.9826298644438584 0.00192820233454008 0.3048 2.0372626117500676 -0.2897192923595061
16914 10532852 2.8574829917910747 -0.5440917612691145 0.512445 2.0372626117500676 -0.2897192923595061
16915 10801356 0.9825252252457678 0.0019295405985054338 0.3048187338660111 2.0372626117500676 -0.2897192923595061
16915 10532852 2.860706901783306 -0.5206127496178272 0.51054 2.0372626117500676 -0.2897192923595061
16916 10532852 2.8637579923016547 -0.4786203841314651 0.50292 2.0372626117500676 -0.2897192923595061
16916 10801356 0.9824205860476773 0.0019308788624707875 0.30483746773202214 2.0372626117500676 -0.2897192923595061
16917 10532852 2.8591169534290417 -0.4343506842709395 0.501015 2.0372626117500676 -0.2897192923595061
16917 10801356 0.9823159468495868 0.0019322171264361415 0.3048562015980332 2.0372626117500676 -0.2897192923595061
16918 10532852 2.8544759145564282 -0.3900809844104138 0.49911000000000005 2.0372626117500676 -0.2897192923595061
16918 10801356 0.9822113076514963 0.0019335553904014952 0.30487493546404426 2.0372626117500676 -0.2897192923595061
16919 10801356 0.9821066684534058 0.001934893654366849 0.30489366933005535 2.0372626117500676 -0.2897192923595061
16919 10532852 2.8498348756838148 -0.3458112845498881 0.497205 2.0372626117500676 -0.2897192923595061
16920 10801356 0.9820020292553152 0.0019362319183322027 0.3049124031960664 2.0372626117500676 -0.2897192923595061
16920 10532852 2.8451938368112017 -0.30154158468936243 0.4953 2.0372626117500676 -0.2897192923595061
16921 10532852 2.827869489707617 -0.2659343845142519 0.492252 2.0372626117500676 -0.2897192923595061
16921 10801356 0.9818973900572248 0.0019375701822975564 0.3049311370620775 2.0372626117500676 -0.2897192923595061
16922 10801356 0.9817927508591342 0.0019389084462629101 0.3049498709280885 2.0372626117500676 -0.2897192923595061
16922 10532852 2.810545142604032 -0.23032718433914137 0.489204 2.0372626117500676 -0.2897192923595061
16923 10801356 0.9816881116610436 0.001940246710228264 0.3049686047940996 2.0372626117500676 -0.2897192923595061
16923 10532852 2.7932207955004476 -0.19471998416403086 0.486156 2.0372626117500676 -0.2897192923595061
16924 10801356 0.9815834724629532 0.0019415849741936178 0.30498733866011063 2.0372626117500676 -0.2897192923595061
16924 10532852 2.7758964483968627 -0.15911278398892031 0.483108 2.0372626117500676 -0.2897192923595061
16925 10532852 2.758572101293278 -0.1235055838138098 0.48006 2.0372626117500676 -0.2897192923595061
16925 10801356 0.9814788332648626 0.0019429232381589715 0.3050060725261217 2.0372626117500676 -0.2897192923595061
16926 10532852 2.7375806045160047 -0.1007657062637434 0.48006 2.0372626117500676 -0.2897192923595061
16926 10801356 0.9813741940667722 0.0019442615021243253 0.30502480639213275 2.0372626117500676 -0.2897192923595061
16927 10532852 2.678563582776402 -0.0492573701012147 0.47243999999999997 2.0372626117500676 -0.2897192923595061
16927 10801356 0.9812695548686816 0.001945599766089679 0.30504354025814384 2.0372626117500676 -0.2897192923595061
16928 10801356 0.981164915670591 0.001946938030055033 0.3050622741241549 2.0372626117500676 -0.2897192923595061
16928 10532852 2.6614391660109376 -0.04051271051995539 0.46863 2.0372626117500676 -0.2897192923595061
16929 10801356 0.9810602764725006 0.0019482762940203867 0.30508100799016596 2.0372626117500676 -0.2897192923595061
16929 10532852 2.6443147492454733 -0.031768050938696085 0.46482000000000007 2.0372626117500676 -0.2897192923595061
16930 10801356 0.98095563727441 0.0019496145579857404 0.30509974185617705 2.0372626117500676 -0.2897192923595061
16930 10532852 2.5956329254839554 -0.010617837797275348 0.45720000000000005 2.0372626117500676 -0.2897192923595061
16931 10801356 0.9808509980763195 0.0019509528219510941 0.3051184757221881 2.0372626117500676 -0.2897192923595061
16931 10532852 2.5591759185922314 -0.003972112921031251 0.44958000000000004 2.0372626117500676 -0.2897192923595061
16932 10801356 0.980746358878229 0.0019522910859164479 0.3051372095881992 2.0372626117500676 -0.2897192923595061
16932 10532852 2.522684454966047 0.0025682347629783775 0.44196 2.0372626117500676 -0.2897192923595061
16933 10532852 2.469292302044547 0.009019490921402834 0.43434000000000006 2.0372626117500676 -0.2897192923595061
16933 10801356 0.9806417196801385 0.0019536293498818016 0.3051559434542102 2.0372626117500676 -0.2897192923595061
16934 10801356 0.980537080482048 0.0019549676138471556 0.3051746773202213 2.0372626117500676 -0.2897192923595061
16934 10532852 2.430378439246956 0.010860733251799676 0.43434000000000006 2.0372626117500676 -0.2897192923595061
16935 10801356 0.9804324412839575 0.001956305877812509 0.30519341118623233 2.0372626117500676 -0.2897192923595061
16935 10532852 2.394937626745401 0.011100917909407398 0.42672000000000004 2.0372626117500676 -0.2897192923595061
16936 10532852 2.3761341830420317 0.011983585740746067 0.42672000000000004 2.0372626117500676 -0.2897192923595061
16936 10801356 0.9803278020858669 0.001957644141777863 0.3052121450522434 2.0372626117500676 -0.2897192923595061
16937 10801356 0.9802231628877764 0.001958982405743217 0.30523087891825446 2.0372626117500676 -0.2897192923595061
16937 10532852 2.3573307393386624 0.012866253572084735 0.42672000000000004 2.0372626117500676 -0.2897192923595061
16938 10801356 0.9801185236896859 0.0019603206697085705 0.30524961278426554 2.0372626117500676 -0.2897192923595061
16938 10532852 2.308474539456535 0.012814382922519602 0.41910000000000003 2.0372626117500676 -0.2897192923595061
16939 10532852 2.2658461221027224 0.01551889026441508 0.41910000000000003 2.0372626117500676 -0.2897192923595061
16939 10801356 0.9800138844915954 0.0019616589336739244 0.3052683466502766 2.0372626117500676 -0.2897192923595061
16940 10532852 2.2330192406647553 0.015607220953788886 0.41910000000000003 2.0372626117500676 -0.2897192923595061
16940 10801356 0.9799092452935049 0.001962997197639278 0.30528708051628767 2.0372626117500676 -0.2897192923595061
16941 10532852 2.194697904108405 0.01246656517843922 0.41148 2.0372626117500676 -0.2897192923595061
16941 10801356 0.9798046060954143 0.001964335461604632 0.3053058143822987 2.0372626117500676 -0.2897192923595061
16942 10801356 0.9796999668973239 0.001965673725569986 0.3053245482483098 2.0372626117500676 -0.2897192923595061
16942 10532852 2.1598868693347013 0.011918077653615494 0.40386 2.0372626117500676 -0.2897192923595061
16943 10532852 2.121408320131444 0.013735565925705323 0.40386 2.0372626117500676 -0.2897192923595061
16943 10801356 0.9795953276992333 0.0019670119895353394 0.3053432821143208 2.0372626117500676 -0.2897192923595061
16944 10532852 2.092960179803037 0.012277797610682623 0.39624000000000004 2.0372626117500676 -0.2897192923595061
16944 10801356 0.9794906885011427 0.0019683502535006933 0.3053620159803319 2.0372626117500676 -0.2897192923595061
16945 10532852 2.064374109882003 0.010397888416632556 0.39624000000000004 2.0372626117500676 -0.2897192923595061
16945 10801356 0.9793860493030523 0.001969688517466047 0.305380749846343 2.0372626117500676 -0.2897192923595061
16946 10801356 0.9792814101049617 0.0019710267814314008 0.30539948371235404 2.0372626117500676 -0.2897192923595061
16946 10532852 2.031581433604254 0.010592713890321875 0.39624000000000004 2.0372626117500676 -0.2897192923595061
16947 10532852 1.9944222547694577 0.013732300320914714 0.38862 2.0372626117500676 -0.2897192923595061
16947 10801356 0.9791767709068713 0.0019723650453967547 0.3054182175783651 2.0372626117500676 -0.2897192923595061
16948 10532852 1.9667936095732763 0.0120658243975411 0.38862 2.0372626117500676 -0.2897192923595061
16948 10801356 0.9790721317087807 0.0019737033093621082 0.30543695144437616 2.0372626117500676 -0.2897192923595061
16949 10532852 1.939164964377095 0.010399348474167486 0.38862 2.0372626117500676 -0.2897192923595061
16949 10801356 0.9789674925106902 0.001975041573327462 0.30545568531038725 2.0372626117500676 -0.2897192923595061
16950 10532852 1.9083188006328975 0.007038476482512351 0.381 2.0372626117500676 -0.2897192923595061
16950 10801356 0.9788628533125997 0.0019763798372928157 0.3054744191763983 2.0372626117500676 -0.2897192923595061
16951 10801356 0.9787582141145091 0.0019777181012581697 0.30549315304240937 2.0372626117500676 -0.2897192923595061
16951 10532852 1.8742782789721832 0.010211558103978252 0.381 2.0372626117500676 -0.2897192923595061
16952 10532852 1.8414164196251948 0.010196136673087552 0.381 2.0372626117500676 -0.2897192923595061
16952 10801356 0.9786535749164186 0.0019790563652235236 0.3055118869084204 2.0372626117500676 -0.2897192923595061
16953 10532852 1.8142060498892592 0.008451948436743767 0.37338 2.0372626117500676 -0.2897192923595061
16953 10801356 0.9785489357183281 0.001980394629188877 0.3055306207744315 2.0372626117500676 -0.2897192923595061
16954 10801356 0.9784442965202376 0.001981732893154231 0.3055493546404425 2.0372626117500676 -0.2897192923595061
16954 10532852 1.781344109045707 0.008436804921015228 0.37338 2.0372626117500676 -0.2897192923595061
16955 10801356 0.9783396573221471 0.0019830711571195846 0.3055680885064536 2.0372626117500676 -0.2897192923595061
16955 10532852 1.7374173692983659 0.008530904555566543 0.37338 2.0372626117500676 -0.2897192923595061
16956 10801356 0.9782350181240566 0.0019844094210849385 0.30558682237246465 2.0372626117500676 -0.2897192923595061
16956 10532852 1.7253997574795703 0.007082057960872384 0.37338 2.0372626117500676 -0.2897192923595061
16957 10801356 0.978130378925966 0.0019857476850502925 0.30560555623847574 2.0372626117500676 -0.2897192923595061
16957 10532852 1.6723452680356221 0.0064193634436642555 0.36576 2.0372626117500676 -0.2897192923595061
16958 10801356 0.9780257397278755 0.001987085949015646 0.3056242901044868 2.0372626117500676 -0.2897192923595061
16958 10532852 1.6561091708865068 0.006465264036320403 0.36576 2.0372626117500676 -0.2897192923595061
16959 10801356 0.977921100529785 0.001988424212981 0.30564302397049786 2.0372626117500676 -0.2897192923595061
16959 10532852 1.6398730737373914 0.006511164628976551 0.36576 2.0372626117500676 -0.2897192923595061
16960 10801356 0.9778164613316944 0.0019897624769463535 0.30566175783650895 2.0372626117500676 -0.2897192923595061
16960 10532852 1.6143256067638343 0.005509579163206824 0.35814000000000007 2.0372626117500676 -0.2897192923595061
16961 10532852 1.5813599691517695 0.0051786762361901995 0.35814000000000007 2.0372626117500676 -0.2897192923595061
16961 10801356 0.977711822133604 0.0019911007409117074 0.30568049170252 2.0372626117500676 -0.2897192923595061
16962 10532852 1.5645621133553909 0.005408234143544341 0.35814000000000007 2.0372626117500676 -0.2897192923595061
16962 10801356 0.9776071829355134 0.001992439004877061 0.3056992255685311 2.0372626117500676 -0.2897192923595061
16963 10801356 0.977502543737423 0.001993777268842415 0.3057179594345421 2.0372626117500676 -0.2897192923595061
16963 10532852 1.504962405310978 0.007819108770027228 0.35052000000000005 2.0372626117500676 -0.2897192923595061
16964 10532852 1.472340787504143 0.007726839631340104 0.35052000000000005 2.0372626117500676 -0.2897192923595061
16964 10801356 0.9773979045393324 0.001995115532807769 0.3057366933005532 2.0372626117500676 -0.2897192923595061
16965 10532852 1.439719169697308 0.007634570492652981 0.35052000000000005 2.0372626117500676 -0.2897192923595061
16965 10801356 0.9772932653412418 0.0019964537967731223 0.30575542716656423 2.0372626117500676 -0.2897192923595061
16966 10532852 1.4107924187995489 0.006257805406375984 0.34798000000000007 2.0372626117500676 -0.2897192923595061
16966 10801356 0.9771886261431514 0.0019977920607384763 0.3057741610325753 2.0372626117500676 -0.2897192923595061
16967 10532852 1.3818656679017896 0.004881040320098987 0.34544 2.0372626117500676 -0.2897192923595061
16967 10801356 0.9770839869450608 0.00199913032470383 0.30579289489858635 2.0372626117500676 -0.2897192923595061
16968 10801356 0.9769793477469704 0.0020004685886691837 0.30581162876459744 2.0372626117500676 -0.2897192923595061
16968 10532852 1.3529389170040305 0.0035042752338219907 0.34290000000000004 2.0372626117500676 -0.2897192923595061
16969 10532852 1.328034360131361 0.003929185105443531 0.34290000000000004 2.0372626117500676 -0.2897192923595061
16969 10801356 0.9768747085488798 0.0020018068526345377 0.3058303626306085 2.0372626117500676 -0.2897192923595061
16970 10532852 1.3031298032586915 0.0043540949770650705 0.34290000000000004 2.0372626117500676 -0.2897192923595061
16970 10801356 0.9767700693507892 0.002003145116599891 0.30584909649661957 2.0372626117500676 -0.2897192923595061
16971 10532852 1.280343435659591 0.0009329204114020967 0.34290000000000004 2.0372626117500676 -0.2897192923595061
16971 10801356 0.9766654301526988 0.002004483380565245 0.3058678303626306 2.0372626117500676 -0.2897192923595061
16972 10532852 1.2503197957371555 0.002270972566164063 0.34290000000000004 2.0372626117500676 -0.2897192923595061
16972 10801356 0.9765607909546082 0.0020058216445305987 0.3058865642286417 2.0372626117500676 -0.2897192923595061
16973 10801356 0.9764561517565177 0.0020071599084959526 0.3059052980946527 2.0372626117500676 -0.2897192923595061
16973 10532852 1.2202961558147196 0.0036090247209260296 0.34290000000000004 2.0372626117500676 -0.2897192923595061
16974 10532852 1.202871590917711 0.004277786128165165 0.34290000000000004 2.0372626117500676 -0.2897192923595061
16974 10801356 0.9763515125584272 0.0020084981724613066 0.3059240319606638 2.0372626117500676 -0.2897192923595061
16975 10532852 1.1854470260207022 0.0049465475354043 0.34290000000000004 2.0372626117500676 -0.2897192923595061
16976 10532852 1.1680224611236936 0.005615308942643435 0.34290000000000004 2.0372626117500676 -0.2897192923595061
16977 10532852 1.1476299628502549 0.006260743449714105 0.34290000000000004 2.0372626117500676 -0.2897192923595061
16978 10532852 1.1272374645768162 0.006906177956784776 0.34290000000000004 2.0372626117500676 -0.2897192923595061
16979 10532852 1.1097778023470368 0.004432310703206509 0.34290000000000004 2.0372626117500676 -0.2897192923595061
16980 10532852 1.0923181401172575 0.0019584434496282416 0.34290000000000004 2.0372626117500676 -0.2897192923595061
16981 10532852 1.0703512360167724 0.005396499416409545 0.34290000000000004 2.0372626117500676 -0.2897192923595061
16982 10532852 1.0534025112815049 0.0038072434915767256 0.34290000000000004 2.0372626117500676 -0.2897192923595061
16983 10532852 1.037889575822065 0.005253720918609803 0.34290000000000004 2.0372626117500676 -0.2897192923595061
16984 10532852 1.0266739613845306 0.003543896591800322 0.34290000000000004 2.0372626117500676 -0.2897192923595061
16985 10532852 1.0046519129141944 0.002736049463170201 0.34290000000000004 2.0372626117500676 -0.2897192923595061
16986 10532852 0.9826298644438584 0.00192820233454008 0.34290000000000004 2.0372626117500676 -0.2897192923595061
16987 10532852 0.9662786127728009 0.0018963196551491646 0.34290000000000004 2.0372626117500676 -0.2897192923595061
16988 10532852 0.9539767467025283 0.003929442522669593 0.34290000000000004 2.0372626117500676 -0.2897192923595061
16989 10532852 0.9418980799837715 0.0032026795846352707 0.34290000000000004 2.0372626117500676 -0.2897192923595061
16990 10532852 0.9298194132650147 0.002475916646600948 0.34290000000000004 2.0372626117500676 -0.2897192923595061
16991 10532852 0.9177407465462579 0.0017491537085666253 0.34290000000000004 2.0372626117500676 -0.2897192923595061
16992 10532852 0.9093243704482037 0.0018119338684299963 0.34290000000000004 2.0372626117500676 -0.2897192923595061
16993 10532852 0.8972717464142309 0.00025892618737563544 0.34290000000000004 2.0372626117500676 -0.2897192923595061
16994 10532852 0.8824266590698384 0.005109142021097482 0.34290000000000004 2.0372626117500676 -0.2897192923595061
16995 10532852 0.8688818146028562 0.0017071900906860255 0.34290000000000004 2.0372626117500676 -0.2897192923595061
16996 10532852 0.8591238127796317 0.0017410610264812776 0.34290000000000004 2.0372626117500676 -0.2897192923595061
16997 10532852 0.8591128395882573 0.0017410631626075697 0.3429042034421889 2.0372626117500676 -0.2897192923595061
16998 10532852 0.8591018663968831 0.0017410652987338618 0.3429084068843778 0.9076554044837782 -0.48451596579616346
16999 10532852 0.8590908932055088 0.001741067434860154 0.34291261032656667 0.9076554044837782 -0.48451596579616346
17000 10532852 0.8590799200141346 0.001741069570986446 0.34291681376875555 0.9076554044837782 -0.48451596579616346
17001 10532852 0.8590689468227602 0.001741071707112738 0.3429210172109444 0.9076554044837782 -0.48451596579616346
17002 10532852 0.859057973631386 0.0017410738432390301 0.3429252206531333 0.9076554044837782 -0.48451596579616346
17003 10532852 0.8590470004400117 0.0017410759793653223 0.3429294240953222 0.9076554044837782 -0.48451596579616346
17004 10532852 0.8590360272486375 0.0017410781154916144 0.34293362753751105 0.9076554044837782 -0.48451596579616346
17005 10532852 0.8590250540572631 0.0017410802516179065 0.34293783097969993 0.9076554044837782 -0.48451596579616346
17006 10532852 0.8590140808658889 0.0017410823877441986 0.3429420344218888 0.9076554044837782 -0.48451596579616346
17007 10532852 0.8590031076745146 0.0017410845238704908 0.3429462378640777 0.9076554044837782 -0.48451596579616346
17008 10532852 0.8589921344831404 0.001741086659996783 0.34295044130626656 0.9076554044837782 -0.48451596579616346
17009 10532852 0.858981161291766 0.0017410887961230748 0.34295464474845544 0.9076554044837782 -0.48451596579616346
17010 10532852 0.8589701881003918 0.001741090932249367 0.34295884819064437 0.9076554044837782 -0.48451596579616346
17011 10532852 0.8589592149090175 0.001741093068375659 0.34296305163283325 0.9076554044837782 -0.48451596579616346
17012 10532852 0.8589482417176433 0.0017410952045019512 0.3429672550750221 0.9076554044837782 -0.48451596579616346
17013 10532852 0.858937268526269 0.0017410973406282433 0.342971458517211 0.9076554044837782 -0.48451596579616346
17014 10532852 0.8589262953348947 0.0017410994767545354 0.3429756619593999 0.9076554044837782 -0.48451596579616346
17015 10532852 0.8589153221435204 0.0017411016128808276 0.34297986540158876 0.9076554044837782 -0.48451596579616346
17016 10532852 0.8589043489521462 0.0017411037490071197 0.34298406884377763 0.9076554044837782 -0.48451596579616346
17017 10532852 0.8588933757607718 0.0017411058851334116 0.3429882722859665 0.9076554044837782 -0.48451596579616346
17018 10532852 0.8588824025693976 0.0017411080212597037 0.3429924757281554 0.9076554044837782 -0.48451596579616346
17019 10532852 0.8588714293780233 0.0017411101573859959 0.34299667917034427 0.9076554044837782 -0.48451596579616346
17020 10532852 0.8588604561866491 0.001741112293512288 0.34300088261253314 0.9076554044837782 -0.48451596579616346
17021 10532852 0.8588494829952747 0.0017411144296385801 0.343005086054722 0.9076554044837782 -0.48451596579616346
17022 10532852 0.8588385098039005 0.0017411165657648723 0.3430092894969109 0.9076554044837782 -0.48451596579616346
17023 10532852 0.8588275366125262 0.0017411187018911644 0.3430134929390998 0.9076554044837782 -0.48451596579616346
17024 10532852 0.8588165634211519 0.0017411208380174565 0.34301769638128865 0.9076554044837782 -0.48451596579616346
17025 10532852 0.8588055902297776 0.0017411229741437486 0.3430218998234775 0.9076554044837782 -0.48451596579616346
17026 10532852 0.8587946170384033 0.0017411251102700405 0.3430261032656664 0.9076554044837782 -0.48451596579616346
17027 10532852 0.8587836438470291 0.0017411272463963327 0.3430303067078553 0.9076554044837782 -0.48451596579616346
17028 10532852 0.8587726706556548 0.0017411293825226248 0.34303451015004416 0.9076554044837782 -0.48451596579616346
17029 10532852 0.8587616974642805 0.001741131518648917 0.34303871359223304 0.9076554044837782 -0.48451596579616346
17030 10532852 0.8587507242729062 0.001741133654775209 0.3430429170344219 0.9076554044837782 -0.48451596579616346
17031 10532852 0.858739751081532 0.0017411357909015012 0.3430471204766108 0.9076554044837782 -0.48451596579616346
17032 10532852 0.8587287778901577 0.0017411379270277933 0.34305132391879967 0.9076554044837782 -0.48451596579616346
17033 10532852 0.8587178046987834 0.0017411400631540854 0.34305552736098854 0.9076554044837782 -0.48451596579616346
17034 10532852 0.8587068315074091 0.0017411421992803773 0.3430597308031774 0.9076554044837782 -0.48451596579616346
17035 10532852 0.8586958583160349 0.0017411443354066695 0.3430639342453663 0.9076554044837782 -0.48451596579616346
17036 10532852 0.8586848851246606 0.0017411464715329616 0.3430681376875552 0.9076554044837782 -0.48451596579616346
17037 10532852 0.8586739119332863 0.0017411486076592537 0.3430723411297441 0.9076554044837782 -0.48451596579616346
17038 10532852 0.858662938741912 0.0017411507437855459 0.343076544571933 0.9076554044837782 -0.48451596579616346
17039 10532852 0.8586519655505378 0.001741152879911838 0.34308074801412186 0.9076554044837782 -0.48451596579616346
17040 10532852 0.8586409923591635 0.0017411550160381301 0.34308495145631074 0.9076554044837782 -0.48451596579616346
17041 10532852 0.8586300191677892 0.0017411571521644222 0.3430891548984996 0.9076554044837782 -0.48451596579616346
17042 10532852 0.8586190459764149 0.0017411592882907144 0.3430933583406885 0.9076554044837782 -0.48451596579616346
17043 10532852 0.8586080727850407 0.0017411614244170063 0.34309756178287737 0.9076554044837782 -0.48451596579616346
17044 10532852 0.8585970995936664 0.0017411635605432984 0.34310176522506625 0.9076554044837782 -0.48451596579616346
17045 10532852 0.8585861264022921 0.0017411656966695905 0.3431059686672551 0.9076554044837782 -0.48451596579616346
17046 10532852 0.8585751532109178 0.0017411678327958827 0.343110172109444 0.9076554044837782 -0.48451596579616346
17047 10532852 0.8585641800195436 0.0017411699689221748 0.3431143755516329 0.9076554044837782 -0.48451596579616346
17048 10532852 0.8585532068281693 0.001741172105048467 0.34311857899382175 0.9076554044837782 -0.48451596579616346
17049 10532852 0.858542233636795 0.001741174241174759 0.34312278243601063 0.9076554044837782 -0.48451596579616346
17050 10532852 0.8585312604454207 0.0017411763773010512 0.3431269858781995 0.9076554044837782 -0.48451596579616346
17051 10532852 0.8585202872540465 0.001741178513427343 0.3431311893203884 0.9076554044837782 -0.48451596579616346
17052 10532852 0.8585093140626722 0.0017411806495536352 0.34313539276257726 0.9076554044837782 -0.48451596579616346
17053 10532852 0.8584983408712978 0.0017411827856799273 0.34313959620476614 0.9076554044837782 -0.48451596579616346
17054 10532852 0.8584873676799236 0.0017411849218062195 0.343143799646955 0.9076554044837782 -0.48451596579616346
17055 10532852 0.8584763944885493 0.0017411870579325116 0.3431480030891439 0.9076554044837782 -0.48451596579616346
17056 10532852 0.8584654212971751 0.0017411891940588037 0.34315220653133277 0.9076554044837782 -0.48451596579616346
