56213 10866934 0.03688016287372177 0.07580253652748654 0.33636857142857146 0.6347677865124084 0.8097307648880199
56214 10866934 0.03762527541264186 0.07555899931255917 0.3374571428571429 0.6347677865124084 0.8097307648880199
56215 10866934 0.03837038795156194 0.07531546209763179 0.33854571428571434 0.6347677865124084 0.8097307648880199
56216 10866934 0.03911550049048202 0.07507192488270442 0.3396342857142857 0.6347677865124084 0.8097307648880199
56217 10866934 0.0398606130294021 0.07482838766777704 0.34072285714285716 0.6347677865124084 0.8097307648880199
56218 10866934 0.04060572556832219 0.07458485045284967 0.3418114285714286 0.6347677865124084 0.8097307648880199
56219 10866934 0.04135083810724227 0.07434131323792229 0.34290000000000004 0.6347677865124084 0.8097307648880199
56220 10866934 0.039802194016361536 0.07367917418981981 0.34290000000000004 0.6347677865124084 0.8097307648880199
56221 10866934 0.03951898379121863 0.07377174042531512 0.3433482352941177 0.6347677865124084 0.8097307648880199
56222 10866934 0.03923577356607573 0.07386430666081044 0.3437964705882353 0.6347677865124084 0.8097307648880199
56223 10866934 0.03895256334093283 0.07395687289630574 0.344244705882353 0.6347677865124084 0.8097307648880199
56224 10866934 0.03866935311578993 0.07404943913180105 0.34469294117647065 0.6347677865124084 0.8097307648880199
56225 10866934 0.038386142890647026 0.07414200536729637 0.3451411764705883 0.6347677865124084 0.8097307648880199
56226 10866934 0.03810293266550412 0.07423457160279168 0.3455894117647059 0.6347677865124084 0.8097307648880199
56227 10866934 0.03781972244036122 0.07432713783828698 0.34603764705882356 0.6347677865124084 0.8097307648880199
56228 10866934 0.037536512215218316 0.0744197040737823 0.3464858823529412 0.6347677865124084 0.8097307648880199
56229 10866934 0.03725330199007542 0.07451227030927761 0.3469341176470589 0.6347677865124084 0.8097307648880199
56230 10866934 0.03697009176493252 0.07460483654477293 0.34738235294117653 0.6347677865124084 0.8097307648880199
56231 10866934 0.03668688153978961 0.07469740278026823 0.34783058823529417 0.6347677865124084 0.8097307648880199
56232 10866934 0.03640367131464671 0.07478996901576354 0.3482788235294118 0.6347677865124084 0.8097307648880199
56233 10866934 0.03612046108950381 0.07488253525125886 0.34872705882352945 0.6347677865124084 0.8097307648880199
56234 10866934 0.0358372508643609 0.07497510148675417 0.3491752941176471 0.6347677865124084 0.8097307648880199
56235 10866934 0.03555404063921801 0.07506766772224947 0.3496235294117648 0.6347677865124084 0.8097307648880199
56236 10866934 0.035270830414075104 0.0751602339577448 0.3500717647058824 0.6347677865124084 0.8097307648880199
56237 10866934 0.0349876201889322 0.0752528001932401 0.35052000000000005 0.6347677865124084 0.8097307648880199
56238 10866934 0.03132047812584826 0.07761970225385395 0.35052000000000005 0.6347677865124084 0.8097307648880199
56239 10866934 0.03017304743826721 0.0768264294893718 0.35052000000000005 0.6347677865124084 0.8097307648880199
56240 10866934 0.028339477215924558 0.07800988177375362 0.35052000000000005 0.6347677865124084 0.8097307648880199
56241 10866934 0.026505906993581907 0.07919333405813545 0.35052000000000005 0.6347677865124084 0.8097307648880199
56242 10866934 0.0270234110350767 0.08077665052507706 0.34798000000000007 0.6347677865124084 0.8097307648880199
56243 10866934 0.027540915076571488 0.08235996699201868 0.34544 0.6347677865124084 0.8097307648880199
56244 10866934 0.02805841911806628 0.0839432834589603 0.34290000000000004 0.6347677865124084 0.8097307648880199
56245 10866934 0.02697998898975018 0.08336112014865113 0.34290000000000004 0.6347677865124084 0.8097307648880199
56246 10866934 0.028183631059963937 0.08296771227872837 0.34290000000000004 0.6347677865124084 0.8097307648880199
56247 10866934 0.029387273130177693 0.08257430440880562 0.34290000000000004 0.6347677865124084 0.8097307648880199
56248 10866934 0.03059091520039145 0.08218089653888286 0.34290000000000004 0.6347677865124084 0.8097307648880199
56249 10866934 0.031794557270605206 0.0817874886689601 0.34290000000000004 0.6347677865124084 0.8097307648880199
56250 10866934 0.032872987001788534 0.08236965271620506 0.34290000000000004 0.6347677865124084 0.8097307648880199
56251 10866934 0.03339048996438102 0.08395296954913253 0.34290000000000004 0.6347677865124084 0.8097307648880199
56252 10866934 0.03390799292697352 0.08553628638206001 0.34290000000000004 0.6347677865124084 0.8097307648880199
56253 10866934 0.034425495889566005 0.08711960321498749 0.34290000000000004 0.6347677865124084 0.8097307648880199
56254 10866934 0.03924006160000071 0.08554597682686726 0.34290000000000004 0.6347677865124084 0.8097307648880199
56255 10866934 0.03897907943614151 0.08542682420353301 0.34099500000000005 0.6347677865124084 0.8097307648880199
56256 10866934 0.038718097272282315 0.08530767158019875 0.33909 0.6347677865124084 0.8097307648880199
56257 10866934 0.03845711510842312 0.0851885189568645 0.337185 0.6347677865124084 0.8097307648880199
56258 10866934 0.03819613294456392 0.08506936633353024 0.33528 0.6347677865124084 0.8097307648880199
56259 10866934 0.03808546348611157 0.08501187233132919 0.3351486206896552 0.6347677865124084 0.8097307648880199
56260 10866934 0.03797479402765922 0.08495437832912815 0.3350172413793104 0.6347677865124084 0.8097307648880199
56261 10866934 0.03786412456920687 0.0848968843269271 0.33488586206896553 0.6347677865124084 0.8097307648880199
56262 10866934 0.03775345511075452 0.08483939032472607 0.3347544827586207 0.6347677865124084 0.8097307648880199
56263 10866934 0.03764278565230217 0.08478189632252502 0.3346231034482759 0.6347677865124084 0.8097307648880199
56264 10866934 0.03753211619384982 0.08472440232032398 0.33449172413793105 0.6347677865124084 0.8097307648880199
56265 10866934 0.03742144673539747 0.08466690831812293 0.33436034482758625 0.6347677865124084 0.8097307648880199
56266 10866934 0.03731077727694512 0.0846094143159219 0.3342289655172414 0.6347677865124084 0.8097307648880199
56267 10866934 0.03720010781849277 0.08455192031372084 0.33409758620689656 0.6347677865124084 0.8097307648880199
56268 10866934 0.03708943836004042 0.08449442631151981 0.33396620689655176 0.6347677865124084 0.8097307648880199
56269 10866934 0.03697876890158807 0.08443693230931876 0.3338348275862069 0.6347677865124084 0.8097307648880199
56270 10866934 0.036868099443135724 0.08437943830711772 0.33370344827586207 0.6347677865124084 0.8097307648880199
56271 10866934 0.03675742998468337 0.08432194430491667 0.3335720689655173 0.6347677865124084 0.8097307648880199
56272 10866934 0.036646760526231024 0.08426445030271563 0.33344068965517243 0.6347677865124084 0.8097307648880199
56273 10866934 0.03653609106777867 0.08420695630051458 0.33330931034482764 0.6347677865124084 0.8097307648880199
56274 10900745 -3.3777809242937265 -1.593188613652716 0.7086600000000001 0.6347677865124084 0.8097307648880199
56274 10866934 0.036425421609326325 0.08414946229831355 0.3331779310344828 0.6347677865124084 0.8097307648880199
56275 10900745 -3.366018086707218 -1.5317220494819725 0.7086600000000001 0.6347677865124084 0.8097307648880199
56275 10866934 0.03631475215087397 0.0840919682961125 0.33304655172413794 0.6347677865124084 0.8097307648880199
56276 10900745 -3.3542552491207096 -1.4702554853112288 0.7086600000000001 0.6347677865124084 0.8097307648880199
56276 10866934 0.036204082692421626 0.08403447429391146 0.33291517241379315 0.6347677865124084 0.8097307648880199
56277 10900745 -3.3424924115342014 -1.4087889211404854 0.7086600000000001 0.6347677865124084 0.8097307648880199
56277 10866934 0.03609341323396927 0.08397698029171041 0.3327837931034483 0.6347677865124084 0.8097307648880199
56278 10900745 -3.3307295739476928 -1.347322356969742 0.7086600000000001 0.6347677865124084 0.8097307648880199
56278 10866934 0.035982743775516926 0.08391948628950938 0.33265241379310345 0.6347677865124084 0.8097307648880199
56279 10900745 -3.31270091028904 -1.2460759474976983 0.7086600000000001 0.6347677865124084 0.8097307648880199
56279 10866934 0.03587207431706457 0.08386199228730833 0.33252103448275866 0.6347677865124084 0.8097307648880199
56280 10900745 -3.3009882631292067 -1.1885656113742669 0.7086600000000001 0.6347677865124084 0.8097307648880199
56280 10866934 0.03576140485861223 0.08380449828510729 0.3323896551724138 0.6347677865124084 0.8097307648880199
56281 10900745 -3.283367286292945 -1.1021418370935883 0.7086600000000001 0.6347677865124084 0.8097307648880199
56281 10866934 0.03565073540015987 0.08374700428290624 0.332258275862069 0.6347677865124084 0.8097307648880199
56282 10900745 -3.2741869289509604 -1.0428679741223765 0.7086600000000001 0.6347677865124084 0.8097307648880199
56282 10866934 0.03554006594170753 0.0836895102807052 0.33212689655172417 0.6347677865124084 0.8097307648880199
56283 10900745 -3.265006571608976 -0.9835941111511647 0.7086600000000001 0.6347677865124084 0.8097307648880199
56283 10866934 0.035429396483255174 0.08363201627850415 0.3319955172413793 0.6347677865124084 0.8097307648880199
56284 10900745 -3.246245146895955 -0.8936876140809747 0.7086600000000001 0.6347677865124084 0.8097307648880199
56284 10866934 0.03531872702480283 0.08357452227630312 0.33186413793103453 0.6347677865124084 0.8097307648880199
56285 10900745 -3.2336520994483546 -0.8389190705998867 0.7086600000000001 0.6347677865124084 0.8097307648880199
56285 10866934 0.035208057566350474 0.08351702827410207 0.3317327586206897 0.6347677865124084 0.8097307648880199
56286 10900745 -3.2292267171764517 -0.8082934139669055 0.7086600000000001 0.6347677865124084 0.8097307648880199
56286 10866934 0.03509738810789813 0.08345953427190103 0.33160137931034483 0.6347677865124084 0.8097307648880199
56287 10866934 0.034986718649445775 0.08340204026969998 0.33147000000000004 0.6347677865124084 0.8097307648880199
56287 10900745 -3.224801334904549 -0.7776677573339242 0.7086600000000001 0.6347677865124084 0.8097307648880199
56288 10900745 -3.210940237611526 -0.7179393149524783 0.7086600000000001 0.6347677865124084 0.8097307648880199
56288 10866934 0.03487604919099342 0.08334454626749893 0.3313386206896552 0.6347677865124084 0.8097307648880199
56289 10866934 0.034765379732541075 0.0832870522652979 0.33120724137931035 0.6347677865124084 0.8097307648880199
56289 10900745 -3.2016076624322922 -0.656845648477495 0.7086600000000001 0.6347677865124084 0.8097307648880199
56290 10866934 0.03465471027408872 0.08322955826309685 0.33107586206896555 0.6347677865124084 0.8097307648880199
56290 10900745 -3.1922749224317775 -0.5957520152005188 0.7086600000000001 0.6347677865124084 0.8097307648880199
56291 10900745 -3.1780924858223356 -0.5361287008669336 0.7086600000000001 0.6347677865124084 0.8097307648880199
56291 10866934 0.034544040815636376 0.08317206426089581 0.3309444827586207 0.6347677865124084 0.8097307648880199
56292 10900745 -3.164114868519526 -0.466272805919521 0.7086600000000001 0.6347677865124084 0.8097307648880199
56292 10866934 0.03443337135718402 0.08311457025869476 0.3308131034482759 0.6347677865124084 0.8097307648880199
56293 10866934 0.034322701898731676 0.08305707625649372 0.33068172413793107 0.6347677865124084 0.8097307648880199
56293 10900745 -3.1519978307236443 -0.38961516335218527 0.7086600000000001 0.6347677865124084 0.8097307648880199
56294 10900745 -3.1381360337997526 -0.32988687086246593 0.7086600000000001 0.6347677865124084 0.8097307648880199
56294 10866934 0.03421203244027932 0.08299958225429267 0.3305503448275862 0.6347677865124084 0.8097307648880199
56295 10900745 -3.1250661259588863 -0.26172021773793464 0.7086600000000001 0.6347677865124084 0.8097307648880199
56295 10866934 0.03410136298182698 0.08294208825209164 0.3304189655172414 0.6347677865124084 0.8097307648880199
56296 10900745 -3.111080697770041 -0.16849769853071553 0.7086600000000001 0.6347677865124084 0.8097307648880199
56296 10866934 0.033990693523374624 0.08288459424989059 0.3302875862068966 0.6347677865124084 0.8097307648880199
56297 10900745 -3.098576743407311 -0.11264824367671447 0.7086600000000001 0.6347677865124084 0.8097307648880199
56297 10866934 0.03388002406492228 0.08282710024768955 0.33015620689655173 0.6347677865124084 0.8097307648880199
56298 10866934 0.033769354606469924 0.0827696062454885 0.33002482758620694 0.6347677865124084 0.8097307648880199
56298 10900745 -3.0860727890445805 -0.056798788822713414 0.7086600000000001 0.6347677865124084 0.8097307648880199
56299 10866934 0.03365868514801758 0.08271211224328746 0.3298934482758621 0.6347677865124084 0.8097307648880199
56299 10900745 -3.080684329153283 -0.02269073382999723 0.7086600000000001 0.6347677865124084 0.8097307648880199
56300 10900745 -3.070994513450328 0.03168445352846025 0.7086600000000001 0.6347677865124084 0.8097307648880199
56300 10866934 0.033548015689565225 0.08265461824108641 0.3297620689655173 0.6347677865124084 0.8097307648880199
56301 10900745 -3.0613046977473726 0.08605964088691773 0.7086600000000001 0.6347677865124084 0.8097307648880199
56301 10866934 0.03343734623111288 0.08259712423888538 0.32963068965517245 0.6347677865124084 0.8097307648880199
56302 10900745 -3.0516148820444173 0.1404348282453752 0.7086600000000001 0.6347677865124084 0.8097307648880199
56302 10866934 0.033326676772660525 0.08253963023668433 0.3294993103448276 0.6347677865124084 0.8097307648880199
56303 10900745 -3.041925066341462 0.19481001560383268 0.7086600000000001 0.6347677865124084 0.8097307648880199
56303 10866934 0.03321600731420818 0.08248213623448329 0.3293679310344828 0.6347677865124084 0.8097307648880199
56304 10866934 0.033105337855755826 0.08242464223228224 0.32923655172413796 0.6347677865124084 0.8097307648880199
56304 10900745 -3.0277412553571095 0.2544330348778473 0.7086600000000001 0.6347677865124084 0.8097307648880199
56305 10900745 -3.011691636851914 0.3373988358524737 0.7086600000000001 0.6347677865124084 0.8097307648880199
56305 10866934 0.03299466839730348 0.0823671482300812 0.3291051724137931 0.6347677865124084 0.8097307648880199
56306 10866934 0.032883998938851126 0.08230965422788016 0.3289737931034483 0.6347677865124084 0.8097307648880199
56306 10900745 -2.995642018346719 0.4203646368271001 0.7086600000000001 0.6347677865124084 0.8097307648880199
56307 10866934 0.03277332948039878 0.08225216022567912 0.32884241379310347 0.0 0.0
56307 10900745 -2.981621676256869 0.5120570340144602 0.7086600000000001 0.0 0.0
56308 10900745 -2.97314075100933 0.5556107727997371 0.7086600000000001 0.0 0.0
56308 10866934 0.03266266002194643 0.08219466622347807 0.3287110344827587 0.0 0.0
56309 10866934 0.03255199056349408 0.08213717222127703 0.32857965517241383 0.0 0.0
56309 10900745 -2.964659825761792 0.599164511585014 0.7086600000000001 0.0 0.0
56310 10900745 -2.956178900514254 0.642718250370291 0.7086600000000001 0.0 0.0
56310 10866934 0.03244132110504173 0.08207967821907598 0.328448275862069 0.0 0.0
56311 10900745 -2.947697975266715 0.6862719891555679 0.7086600000000001 0.0 0.0
56311 10866934 0.03233065164658938 0.08202218421687495 0.3283168965517242 0.0 0.0
56312 10900745 -2.935131534820221 0.7534352492035021 0.7086600000000001 0.0 0.0
56312 10866934 0.03221998218813703 0.0819646902146739 0.32818551724137934 0.0 0.0
56313 10900745 -2.9244927610730853 0.8195936070805866 0.7086600000000001 0.0 0.0
56313 10866934 0.032109312729684675 0.08190719621247286 0.3280541379310345 0.0 0.0
56314 10900745 -2.9087658429251704 0.9002114347108711 0.7086600000000001 0.0 0.0
56314 10866934 0.03199864327123233 0.08184970221027181 0.3279227586206897 0.0 0.0
56315 10900745 -2.8978748380933235 0.9660535898917493 0.7086600000000001 0.0 0.0
56315 10866934 0.03188797381277998 0.08179220820807077 0.32779137931034485 0.0 0.0
56316 10866934 0.03177730435432763 0.08173471420586972 0.32766000000000006 0.0 0.0
56316 10900745 -2.88834074680444 0.9951826816064758 0.7086600000000001 0.0 0.0
56317 10900745 -2.8771141263556714 1.0715480549607317 0.7086600000000001 0.0 0.0
56317 10866934 0.031666634895875276 0.08167722020366869 0.3275286206896552 0.0 0.0
56318 10900745 -2.864356226285489 1.127080938646919 0.7086600000000001 0.0 0.0
56318 10866934 0.03155596543742293 0.08161972620146764 0.32739724137931037 0.0 0.0
56319 10900745 -2.8421675145111847 1.236665091815083 0.7086600000000001 0.0 0.0
56320 10900745 -2.8406251338479622 1.2576600603790753 0.7086600000000001 0.0 0.0
56321 10900745 -2.8234115918372185 1.342815854162533 0.7086600000000001 0.0 0.0
56322 10900745 -2.815663048894643 1.3990536400413471 0.7086600000000001 0.0 0.0
56323 10900745 -2.805661812686454 1.4506397490053196 0.7086600000000001 0.0 0.0
56324 10900745 -2.795660576478265 1.5022258579692922 0.7086600000000001 0.0 0.0
56325 10900745 -2.785659340270076 1.5538119669332646 0.7086600000000001 0.0 0.0
56326 10900745 -2.775658104061887 1.605398075897237 0.7086600000000001 0.0 0.0
56327 10900745 -2.7624313768941793 1.6593754402064331 0.7086600000000001 0.0 0.0
56328 10900745 -2.7490705630699726 1.7517516463577134 0.7086600000000001 0.0 0.0
56329 10900745 -2.7326385690806854 1.8182341667615225 0.7086600000000001 0.0 0.0
56330 10900745 -2.7234011568106915 1.8806450425881451 0.7086600000000001 0.0 0.0
56331 10900745 -2.713830396126439 1.9435310648590343 0.7086600000000001 0.0 0.0
56332 10900745 -2.70594808844322 1.983892416826838 0.7086600000000001 0.0 0.0
56333 10900745 -2.6980657807600013 2.0242537687946416 0.7086600000000001 0.0 0.0
56334 10900745 -2.6840398647562456 2.091523920328236 0.7086600000000001 0.0 0.0
56335 10900745 -2.6698136467373415 2.1644248530827817 0.7086600000000001 0.0 0.0
56336 10900745 -2.655587428718437 2.2373257858373274 0.7086600000000001 0.0 0.0
56337 10900745 -2.6435454986137055 2.2997293099632024 0.7086600000000001 0.0 0.0
56338 10900745 -2.631503568508974 2.3621328340890773 0.7086600000000001 0.0 0.0
56339 10900745 -2.6194616384042426 2.4245363582149526 0.7086600000000001 0.0 0.0
56340 10900745 -2.607419708299511 2.4869398823408275 0.7086600000000001 0.0 0.0
56341 10900745 -2.5953777781947798 2.5493434064667024 0.7086600000000001 0.0 0.0
56342 10900745 -2.583335848090049 2.6117469305925773 0.7086600000000001 0.0 0.0
56343 10900745 -2.5712939179853174 2.6741504547184523 0.7086600000000001 0.0 0.0
56344 10900745 -2.559251987880586 2.736553978844327 0.7086600000000001 0.0 0.0
56345 10900745 -2.5472100577758545 2.798957502970202 0.7086600000000001 0.0 0.0
56346 10900745 -2.535168127671123 2.8613610270960774 0.7086600000000001 0.0 0.0
56347 10900745 -2.5231261975663917 2.9237645512219523 0.7086600000000001 0.0 0.0
56348 10900745 -2.5110842674616602 2.9861680753478272 0.7086600000000001 0.0 0.0
56349 10900745 -2.5000520701314515 3.0462224186172184 0.7086600000000001 0.0 0.0
56350 10900745 -2.489019872801243 3.10627676188661 0.7086600000000001 0.0 0.0
56351 10900745 -2.4779876754710344 3.1663311051560012 0.7086600000000001 0.0 0.0
56352 10900745 -2.466955478140826 3.2263854484253924 0.7086600000000001 0.0 0.0
56353 10900745 -2.4559232808106173 3.2864397916947836 0.7086600000000001 0.0 0.0
56354 10900745 -2.444891083480409 3.3464941349641752 0.7086600000000001 0.0 0.0
56355 10900745 -2.4338588861502 3.4065484782335664 0.7086600000000001 0.0 0.0
56356 10900745 -2.421801585241275 3.462369579573772 0.7086600000000001 0.0 0.0
56357 10900745 -2.4097442843323496 3.518190680913977 0.7086600000000001 0.0 0.0
56358 10900745 -2.401121943058206 3.5689432715130787 0.7086600000000001 0.0 0.0
56359 10900745 -2.3924996017840625 3.6196958621121804 0.7086600000000001 0.0 0.0
56360 10900745 -2.3809681364053317 3.6800125528319523 0.7086600000000001 0.0 0.0
56361 10900745 -2.369436671026601 3.7403292435517246 0.7086600000000001 0.0 0.0
56362 10900745 -2.3600601189200026 3.7855183539291097 0.7086600000000001 0.0 0.0
56363 10900745 -2.3452155235799674 3.8834859405451336 0.7086600000000001 0.0 0.0
