0 10920967 -4.1262334839911565 -0.11860355878735077 0.7162800000000001 0.0 0.0
1 10920967 -4.066291057616906 -0.08477036956586895 0.7162800000000001 0.0 0.0
2 10920967 -4.006348631242655 -0.05093718034438713 0.7162800000000001 0.0 0.0
3 10920967 -3.946406204868404 -0.01710399112290531 0.7162800000000001 0.0 0.0
4 10920967 -3.886463778494153 0.01672919809857651 0.7162800000000001 0.0 0.0
5 10920967 -3.8265213521199026 0.05056238732005833 0.7162800000000001 0.0 0.0
6 10920967 -3.7665789257456517 0.08439557654154015 0.7162800000000001 0.0 0.0
7 10920967 -3.6554379234886216 0.151421484399446 0.7162800000000001 0.0 0.0
8 10920967 -3.5908339201586896 0.1872943409496368 0.7162800000000001 0.0 0.0
9 10920967 -3.5262299168287576 0.22316719749982758 0.7162800000000001 0.0 0.0
10 10920967 -3.468391793153546 0.2558805607118978 0.7162800000000001 0.0 0.0
11 10920967 -3.4105536694783343 0.288593923923968 0.7162800000000001 0.0 0.0
12 10920967 -3.371241095930717 0.3114417875638208 0.7162800000000001 0.0 0.0
13 10920967 -3.3319285223831 0.3342896512036736 0.7162800000000001 0.0 0.0
14 10920967 -3.2926159488354827 0.3571375148435264 0.7162800000000001 0.0 0.0
15 10920967 -3.2246634987291185 0.3961468481742201 0.7162800000000001 0.0 0.0
16 10920967 -3.1567110486227543 0.43515618150491375 0.7162800000000001 0.0 0.0
17 10920967 -3.0887585985163906 0.4741655148356074 0.7162800000000001 0.0 0.0
18 10920967 -3.0208061484100264 0.5131748481663011 0.7162800000000001 0.0 0.0
19 10920967 -2.952853698303662 0.5521841814969948 0.7162800000000001 0.0 0.0
20 10920967 -2.843716021064541 0.6144985084900331 0.7162800000000001 0.0 0.0
21 10920967 -2.795929226609231 0.6424423350333535 0.7162800000000001 0.0 0.0
22 10920967 -2.7641424928661578 0.6594980974845877 0.7162800000000001 0.0 0.0
23 10920967 -2.7323557591230845 0.676553859935822 0.7162800000000001 0.0 0.0
24 10920967 -2.6667025333520984 0.7143083831975158 0.7162800000000001 0.0 0.0
25 10920967 -2.5987565826655254 0.7520140443026647 0.7162800000000001 0.0 0.0
26 10920967 -2.54627215685018 0.7783047481044292 0.7162800000000001 0.0 0.0
27 10920967 -2.4832104922690954 0.8173757664804625 0.7162800000000001 0.0 0.0
28 10920967 -2.413476733289116 0.8556659240615736 0.7162800000000001 0.0 0.0
29 10920967 -2.332768337377977 0.9041529193390623 0.7162800000000001 0.0 0.0
30 10920967 -2.265376089729128 0.9418080383014674 0.7162800000000001 0.0 0.0
31 10920967 -2.174210647814175 0.991314497531624 0.7162800000000001 0.0 0.0
32 10920967 -2.1425271072935326 1.0105088819253587 0.7162800000000001 0.0 0.0
33 10920967 -2.0546436468633074 1.0592206662423609 0.7162800000000001 0.0 0.0
34 10920967 -2.027873229535638 1.074531310890068 0.7162800000000001 0.0 0.0
35 10920967 -2.001102812207969 1.0898419555377752 0.7162800000000001 0.0 0.0
36 10920967 -1.9314611126912962 1.1316704196536858 0.7162800000000001 0.0 0.0
37 10920967 -1.85749783597664 1.1731369912849092 0.7162800000000001 0.0 0.0
38 10920967 -1.7677716457242043 1.2220659747679785 0.7162800000000001 0.0 0.0
39 10920967 -1.7263467872375717 1.24823983184144 0.7162800000000001 0.0 0.0
40 10920967 -1.6849219287509392 1.2744136889149016 0.7162800000000001 0.0 0.0
41 10920967 -1.614361303620514 1.3109192408796095 0.7162800000000001 0.0 0.0
42 10920967 -1.5544218985582023 1.3448240529794824 0.7162800000000001 0.0 0.0
43 10920967 -1.490309145489724 1.3789997382023047 0.7162800000000001 0.0 0.0
44 10920967 -1.3958015134184933 1.4319758466666364 0.7162800000000001 0.0 0.0
45 10920967 -1.331760475586971 1.4743546741134572 0.7162800000000001 0.0 0.0
46 10920967 -1.2966423579799375 1.4926615998401733 0.7162800000000001 0.0 0.0
47 10920967 -1.2615242403729041 1.5109685255668894 0.7162800000000001 0.0 0.0
48 10920967 -1.2041833753470195 1.5412852277588207 0.7162800000000001 0.0 0.0
49 10920967 -1.1417322299273158 1.5788105039705507 0.7162800000000001 0.0 0.0
50 10920967 -1.0818771083911178 1.6127453300757209 0.7162800000000001 0.0 0.0
51 10920967 -1.0074711066336912 1.6580450512216995 0.7162800000000001 0.0 0.0
52 10920967 -0.9450052347665217 1.6901919828507344 0.7162800000000001 0.0 0.0
53 10920967 -0.8840276959855333 1.724578601655472 0.7162800000000001 0.0 0.0
54 10920967 -0.7960583623278124 1.771986677428738 0.7162800000000001 0.0 0.0
55 10920967 -0.7621746583644065 1.790874216250506 0.7162800000000001 0.0 0.0
56 10920967 -0.7282909544010006 1.8097617550722738 0.7162800000000001 0.0 0.0
57 10920967 -0.6737509854093722 1.8407634427407873 0.7162800000000001 0.0 0.0
58 10920967 -0.5846778146509177 1.8931866661464742 0.7162800000000001 0.0 0.0
59 10920967 -0.5189246251344899 1.9258966560235546 0.7162800000000001 0.0 0.0
60 10920967 -0.46221370538051487 1.9619144101441546 0.7162800000000001 0.0 0.0
61 10920967 -0.3990305783644579 1.9938298117548328 0.7162800000000001 0.0 0.0
62 10920967 -0.34391482190744926 2.029318218043017 0.7162800000000001 0.0 0.0
63 10920967 -0.25102614614161367 2.0836509196699953 0.7162800000000001 0.0 0.0
64 10920967 -0.2236493649455802 2.0989427108732026 0.7162800000000001 0.0 0.0
65 10920967 -0.1962725837495467 2.11423450207641 0.7162800000000001 0.0 0.0
66 10920967 -0.13700950022265612 2.148835134192563 0.7162800000000001 0.0 0.0
67 10920967 -0.04304534691742057 2.2037525221898986 0.7162800000000001 0.0 0.0
68 10920967 0.008376707376364645 2.2295845913140506 0.7162800000000001 0.0 0.0
69 10920967 0.10944831356902374 2.286151817273019 0.7162800000000001 0.0 0.0
70 10920967 0.1363139302327776 2.3017868327859703 0.7162800000000001 0.0 0.0
71 10920967 0.16317954689653147 2.3174218482989217 0.7162800000000001 0.0 0.0
72 10920967 0.22020558380958954 2.3533398280377997 0.7162800000000001 0.0 0.0
73 10920967 0.3073132882677335 2.4011548886639074 0.7162800000000001 0.0 0.0
74 10920967 0.36947461096040723 2.4378482846993883 0.7162800000000001 0.0 0.0
75 10920967 0.42299677600035956 2.4684868546825025 0.7162800000000001 0.0 0.0
76 10920967 0.5164375088702416 2.523463020606295 0.7162800000000001 0.0 0.0
77 10920967 0.5797051925958163 2.5567582244201397 0.7162800000000001 0.0 0.0
78 10920967 0.6077981264781035 2.5747971132365874 0.7162800000000001 0.0 0.0
79 10920967 0.6358910603603907 2.5928360020530357 0.7162800000000001 0.0 0.0
80 10920967 0.7041603581125782 2.630572250694717 0.7162800000000001 0.0 0.0
81 10920967 0.7851443003848855 2.681677736356207 0.7162800000000001 0.0 0.0
82 10920967 0.8513938599478286 2.7186730413553044 0.7162800000000001 0.0 0.0
83 10920967 0.8812270274274072 2.7357932800103093 0.7162800000000001 0.0 0.0
84 10920967 0.9110601949069859 2.752913518665314 0.7162800000000001 0.0 0.0
85 10920967 1.0052273862219105 2.807422475092195 0.7162800000000001 0.0 0.0
86 10920967 1.0667656754721504 2.8463093112327806 0.7162800000000001 0.0 0.0
87 10920967 1.158576219943464 2.896332344685606 0.7162800000000001 0.0 0.0
88 10920967 1.2243521859002977 2.933250903376843 0.7162800000000001 0.0 0.0
89 10920967 1.2866689797041975 2.9731695828988856 0.7162800000000001 0.0 0.0
90 10920967 1.314097065227485 2.988506655447614 0.7162800000000001 0.0 0.0
91 10920967 1.3415251507507728 3.0038437279963426 0.7162800000000001 0.0 0.0
92 10920967 1.4238063376076284 3.053244488704346 0.7162800000000001 0.0 0.0
93 10920967 1.4921023987079374 3.0910934632877565 0.7162800000000001 0.0 0.0
94 10920967 1.552485064864357 3.1251031402961322 0.7162800000000001 0.0 0.0
95 10920967 1.614660824845562 3.164602296998898 0.7162800000000001 0.0 0.0
96 10920967 1.6681733248524517 3.1952497357957585 0.7162800000000001 0.0 0.0
97 10920967 1.7296710344996482 3.234036418788635 0.7162800000000001 0.0 0.0
98 10920967 1.8151773966201779 3.2811009688429063 0.7162800000000001 0.0 0.0
99 10920967 1.8750527401928334 3.314927598680739 0.7162800000000001 0.0 0.0
100 10920967 1.9061844317782535 3.334137976996568 0.7162800000000001 0.0 0.0
101 10920967 1.9373161233636735 3.3533483553123977 0.7162800000000001 0.0 0.0
102 10920967 1.9985891847312443 3.387653564135693 0.7162800000000001 0.0 0.0
103 10920967 2.0642817677593177 3.429510846617352 0.7162800000000001 0.0 0.0
104 10920967 2.1582157802576045 3.484455736866946 0.7162800000000001 0.0 0.0
105 10920967 2.2114946707860543 3.5149483312676164 0.7162800000000001 0.0 0.0
106 10920967 2.2779142710646054 3.5522467043495856 0.7162800000000001 0.0 0.0
107 10920967 2.303943810659259 3.5653559753717654 0.7162800000000001 0.0 0.0
108 10920967 2.3514099865844638 3.5951780705650993 0.7162800000000001 0.0 0.0
109 10920967 2.3988761625096684 3.6250001657584328 0.7162800000000001 0.0 0.0
110 10920967 2.487659108240315 3.679410732208893 0.7162800000000001 0.0 0.0
111 10920967 2.5250834702634997 3.6961582093701617 0.7162800000000001 0.0 0.0
112 10920967 2.6400437798458958 3.765500675614157 0.7162800000000001 0.0 0.0
113 10920967 2.665544618455458 3.7810733420718194 0.7162800000000001 0.0 0.0
114 10920967 2.6910454570650204 3.796646008529482 0.7162800000000001 0.0 0.0
115 10920967 2.7165462956745823 3.8122186749871445 0.7162800000000001 0.0 0.0
116 10920967 2.7420471342841446 3.827791341444807 0.7162800000000001 0.0 0.0
117 10920967 2.767547972893707 3.8433640079024696 0.7162800000000001 0.0 0.0
118 10920967 2.842766540096495 3.8870745355139 0.7162800000000001 0.0 0.0
119 10920967 2.9179851072992835 3.9307850631253305 0.7162800000000001 0.0 0.0
120 10920967 2.993203674502072 3.9744955907367605 0.7162800000000001 0.0 0.0
121 10920967 3.0684222417048597 4.018206118348191 0.7162800000000001 0.0 0.0
122 10920967 3.143640808907648 4.061916645959621 0.7162800000000001 0.0 0.0
123 10920967 3.2188593761104363 4.105627173571052 0.7162800000000001 0.0 0.0
124 10920967 3.2940779433132246 4.149337701182482 0.7162800000000001 0.0 0.0
125 10920967 3.369296510516013 4.193048228793913 0.7162800000000001 0.0 0.0
126 10920967 3.444515077718801 4.236758756405343 0.7162800000000001 0.0 0.0
127 10920967 3.563090340446493 4.303644700909946 0.7162800000000001 0.0 0.0
128 10920967 3.563139795767166 4.303527103962934 0.7162803487174795 0.0 0.0
129 10920967 3.563189251087839 4.303409507015922 0.7162806974349588 0.0 0.0
130 10920967 3.5632387064085114 4.303291910068909 0.7162810461524382 0.0 0.0
131 10920967 3.5632881617291843 4.303174313121897 0.7162813948699175 0.0 0.0
132 10920967 3.563337617049857 4.3030567161748845 0.7162817435873969 0.0 0.0
133 10920967 3.56338707237053 4.302939119227872 0.7162820923048763 0.0 0.0
134 10920967 3.563436527691203 4.30282152228086 0.7162824410223556 0.0 0.0
135 10920967 3.5634859830118755 4.302703925333847 0.716282789739835 0.0 0.0
136 10920967 3.5635354383325484 4.302586328386835 0.7162831384573143 0.0 0.0
137 10920967 3.5635848936532213 4.302468731439823 0.7162834871747936 0.0 0.0
138 10920967 3.563634348973894 4.3023511344928105 0.716283835892273 0.0 0.0
139 10920967 3.563683804294567 4.302233537545797 0.7162841846097523 0.0 0.0
140 10920967 3.5637332596152396 4.302115940598785 0.7162845333272316 0.0 0.0
141 10920967 3.5637827149359125 4.301998343651773 0.7162848820447111 0.0 0.0
142 10920967 3.5638321702565854 4.301880746704761 0.7162852307621904 0.0 0.0
143 10920967 3.5638816255772583 4.301763149757749 0.7162855794796698 0.0 0.0
144 10920967 3.563931080897931 4.301645552810736 0.7162859281971491 0.0 0.0
145 10920967 3.5639805362186037 4.301527955863723 0.7162862769146284 0.0 0.0
146 10920967 3.5640299915392766 4.301410358916711 0.7162866256321078 0.0 0.0
147 10920967 3.5640794468599495 4.301292761969699 0.7162869743495871 0.0 0.0
148 10920967 3.5641289021806224 4.301175165022687 0.7162873230670664 0.0 0.0
149 10920967 3.5641783575012953 4.301057568075674 0.7162876717845458 0.0 0.0
150 10920967 3.5642278128219678 4.3009399711286616 0.7162880205020252 0.0 0.0
151 10920967 3.5642772681426407 4.300822374181649 0.7162883692195046 0.0 0.0
152 10920967 3.5643267234633136 4.300704777234637 0.7162887179369839 0.0 0.0
153 10920967 3.5643761787839865 4.300587180287624 0.7162890666544632 0.0 0.0
154 10920967 3.564425634104659 4.300469583340612 0.7162894153719426 0.0 0.0
155 10920967 3.564475089425332 4.3003519863936 0.7162897640894219 0.0 0.0
156 10920967 3.5645245447460048 4.3002343894465875 0.7162901128069012 0.0 0.0
157 10920967 3.5645740000666777 4.300116792499575 0.7162904615243806 0.0 0.0
158 10920967 3.5646234553873506 4.299999195552562 0.7162908102418599 0.0 0.0
159 10920967 3.564672910708023 4.29988159860555 0.7162911589593394 0.0 0.0
160 10920967 3.564722366028696 4.299764001658538 0.7162915076768187 0.0 0.0
161 10920967 3.564771821349369 4.299646404711526 0.716291856394298 0.0 0.0
162 10920967 3.564821276670042 4.2995288077645135 0.7162922051117774 0.0 0.0
163 10920967 3.5648707319907147 4.2994112108175 0.7162925538292567 0.0 0.0
164 10920967 3.564920187311387 4.299293613870488 0.716292902546736 0.0 0.0
165 10920967 3.56496964263206 4.299176016923476 0.7162932512642154 0.0 0.0
166 10920967 3.565019097952733 4.299058419976464 0.7162935999816947 0.0 0.0
167 10920967 3.565068553273406 4.298940823029451 0.7162939486991741 0.0 0.0
168 10920967 3.565118008594079 4.298823226082439 0.7162942974166534 0.0 0.0
169 10920967 3.5651674639147513 4.298705629135426 0.7162946461341329 0.0 0.0
170 10920967 3.565216919235424 4.298588032188414 0.7162949948516122 0.0 0.0
171 10920967 3.565266374556097 4.298470435241402 0.7162953435690915 0.0 0.0
172 10920967 3.56531582987677 4.298352838294389 0.7162956922865709 0.0 0.0
173 10920967 3.565365285197443 4.298235241347377 0.7162960410040502 0.0 0.0
174 10920967 3.5654147405181154 4.298117644400365 0.7162963897215295 0.0 0.0
175 10920967 3.5654641958387883 4.298000047453352 0.7162967384390089 0.0 0.0
176 10920967 3.565513651159461 4.29788245050634 0.7162970871564882 0.0 0.0
177 10920967 3.565563106480134 4.297764853559327 0.7162974358739675 0.0 0.0
178 10920967 3.565612561800807 4.297647256612315 0.716297784591447 0.0 0.0
179 10920967 3.5656620171214795 4.297529659665303 0.7162981333089263 0.0 0.0
180 10920967 3.5657114724421524 4.297412062718291 0.7162984820264057 0.0 0.0
181 10920967 3.5657609277628253 4.2972944657712775 0.716298830743885 0.0 0.0
182 10920967 3.565810383083498 4.297176868824265 0.7162991794613643 0.0 0.0
183 10920967 3.565859838404171 4.297059271877253 0.7162995281788437 0.0 0.0
184 10920967 3.5659092937248436 4.296941674930241 0.716299876896323 0.0 0.0
185 10920967 3.5659587490455165 4.296824077983229 0.7163002256138024 0.0 0.0
186 10920967 3.5660082043661894 4.296706481036216 0.7163005743312817 0.0 0.0
187 10920967 3.5660576596868623 4.2965888840892035 0.7163009230487611 0.0 0.0
