6813 10620674 -0.7941330356002312 -0.33904965165255574 0.54864 0.0 0.0
6814 10620674 -0.8005414012131327 -0.3939694540363391 0.54864 0.0 0.0
6815 10620674 -0.8062009325017323 -0.41127987317743 0.54864 0.0 0.0
6816 10620674 -0.8089674781988396 -0.4713626658320119 0.54864 0.0 0.0
6817 10620674 -0.8149538574215909 -0.5059744636585594 0.54864 0.0 0.0
6818 10620674 -0.811793322055611 -0.5452124113359466 0.54864 0.0 0.0
6819 10620674 -0.8069931179202567 -0.584869556833487 0.54864 0.0 0.0
6820 10620674 -0.8042551864462879 -0.6226840984172388 0.54864 0.0 0.0
6821 10620674 -0.7982123669506522 -0.6585414095006289 0.57912 0.0 0.0
6822 10620674 -0.7893300777967154 -0.699299315288957 0.57912 0.0 0.0
6823 10620674 -0.7800776675147904 -0.7253403146039251 0.57912 0.0 0.0
6824 10620674 -0.7708252572328653 -0.7513813139188933 0.57912 0.0 0.0
6825 10620674 -0.7588447254343504 -0.7908152653713375 0.57912 0.0 0.0
6826 10620674 -0.7392281113229504 -0.8204780341517722 0.57912 0.0 0.0
6827 10620674 -0.7273187703527164 -0.8508924130141922 0.57912 0.0 0.0
6828 10620674 -0.7059393271561307 -0.8844025833675394 0.57912 0.0 0.0
6829 10620674 -0.6786673564794634 -0.920539894251443 0.57912 0.0 0.0
6830 10620674 -0.6415562337467047 -0.9700577810835881 0.57912 0.0 0.0
6831 10620674 -0.6212266564244222 -0.9989014559455544 0.57912 0.0 0.0
6832 10620674 -0.6020893129278619 -1.0150879455731971 0.57912 0.0 0.0
6833 10620674 -0.5742911079336281 -1.0414658396920908 0.6096 0.0 0.0
6834 10620674 -0.5454306398612447 -1.072747220476587 0.6096 0.0 0.0
6835 10620674 -0.5294304224434585 -1.0835851688948794 0.6096 0.0 0.0
6836 10620674 -0.5134302050256723 -1.0944231173131718 0.6096 0.0 0.0
6837 10620674 -0.4595862156690622 -1.1335197962777024 0.6096 0.0 0.0
6838 10620674 -0.41185717837497227 -1.1627895650924318 0.6096 0.0 0.0
6839 10620674 -0.3745195008443334 -1.1803675801521454 0.6096 0.0 0.0
6840 10620674 -0.3423203460653981 -1.1987193138578323 0.6096 0.0 0.0
6841 10620674 -0.2990066988243316 -1.2156797719829793 0.6096 0.0 0.0
6842 10620674 -0.2500495057829355 -1.2316804713034397 0.6096 0.0 0.0
6843 10620674 -0.2092052632314243 -1.2398888221666131 0.6096 0.0 0.0
6844 10620674 -0.19211032159684427 -1.245475751508502 0.6248400000000001 0.0 0.0
6845 10620674 -0.17501537996226424 -1.2510626808503909 0.6400800000000001 0.0 0.0
6846 10620674 -0.10808229365599287 -1.262071964831366 0.6400800000000001 0.0 0.0
6847 10620674 -0.0707665562654638 -1.2658551468932908 0.6400800000000001 0.0 0.0
6848 10620674 -0.028333396864491323 -1.2667541616828195 0.6400800000000001 0.0 0.0
6849 10620674 0.005921202883938936 -1.269302940755411 0.6400800000000001 0.0 0.0
6850 10620674 0.051449841414433095 -1.2713299040988448 0.6400800000000001 0.0 0.0
6851 10620674 0.08849495035737887 -1.269416098656041 0.6400800000000001 0.0 0.0
6852 10620674 0.13565927393743804 -1.2626308358994056 0.6400800000000001 0.0 0.0
6853 10620674 0.19641027720698 -1.2599344532208194 0.6400800000000001 0.0 0.0
6854 10620674 0.23388494086909672 -1.2512675293648805 0.6400800000000001 0.0 0.0
6855 10620674 0.2692648152790885 -1.2517294629108997 0.6400800000000001 0.0 0.0
6856 10620674 0.28789692231465175 -1.2497564176038864 0.6553200000000001 0.0 0.0
6857 10620674 0.306529029350215 -1.2477833722968732 0.67056 0.0 0.0
6858 10620674 0.3473702749452985 -1.2451227063081318 0.67056 0.0 0.0
6859 10620674 0.4094079855982009 -1.2387562169609834 0.67056 0.0 0.0
6860 10620674 0.44975681936835454 -1.234882715626594 0.67056 0.0 0.0
6861 10620674 0.49347895662908925 -1.2288400142309257 0.67056 0.0 0.0
6862 10620674 0.5411887259138934 -1.2269037304839554 0.67056 0.0 0.0
6863 10620674 0.5668826720835108 -1.220578204921507 0.67056 0.0 0.0
6864 10620674 0.617289683467388 -1.215550622432954 0.67056 0.0 0.0
6865 10620674 0.6609047368886342 -1.2139114368264583 0.67056 0.0 0.0
6866 10620674 0.6919402471312133 -1.2106740509963339 0.6858000000000001 0.0 0.0
6867 10620674 0.7229757573737924 -1.2074366651662094 0.7010400000000001 0.0 0.0
6868 10620674 0.7435322487089817 -1.2002500438758188 0.7010400000000001 0.0 0.0
6869 10620674 0.8069102344887644 -1.1938511521672315 0.7010400000000001 0.0 0.0
6870 10620674 0.8583027834982311 -1.1887935921592554 0.7010400000000001 0.0 0.0
6871 10620674 0.8987539612271883 -1.1846008756269595 0.7010400000000001 0.0 0.0
6872 10620674 0.9376783390579317 -1.1823625246730811 0.7010400000000001 0.0 0.0
6873 10620674 0.9570667804334364 -1.1801093379513605 0.7010400000000001 0.0 0.0
6874 10620674 0.9764552218089411 -1.17785615122964 0.7010400000000001 0.0 0.0
6875 10620674 1.026906757572997 -1.1729574548787274 0.7010400000000001 0.0 0.0
6876 10620674 1.0592390808693917 -1.1675138325341727 0.7010400000000001 0.0 0.0
6877 10620674 1.1159278078733923 -1.1641846361851946 0.7010400000000001 0.0 0.0
6878 10620674 1.162068229592713 -1.1575264870105453 0.7010400000000001 0.0 0.0
6879 10620674 1.1841542748569334 -1.159249721797494 0.7010400000000001 0.0 0.0
6880 10620674 1.2519792052243195 -1.15418308820318 0.7010400000000001 0.0 0.0
6881 10620674 1.3101385874915774 -1.1460758667441713 0.73152 0.0 0.0
6882 10620674 1.350460360690336 -1.1449928844841932 0.73152 0.0 0.0
6883 10620674 1.3776278506364246 -1.1447536499579172 0.73152 0.0 0.0
6884 10620674 1.404795340582513 -1.1445144154316411 0.73152 0.0 0.0
6885 10620674 1.4498096705863417 -1.139940155500492 0.73152 0.0 0.0
6886 10620674 1.4964290117389318 -1.135889821430817 0.73152 0.0 0.0
6887 10620674 1.541566932669316 -1.1347432437303737 0.73152 0.0 0.0
6888 10620674 1.583060380945524 -1.130069809184676 0.73152 0.0 0.0
6889 10620674 1.6220070441592687 -1.1266672536199513 0.73152 0.0 0.0
6890 10620674 1.6628259209161422 -1.1186189713181367 0.73152 0.0 0.0
6891 10620674 1.7042403943829254 -1.1114659192870666 0.73152 0.0 0.0
6892 10620674 1.7584153592646348 -1.091073358753016 0.762 0.0 0.0
6893 10620674 1.7964592610765084 -1.08200149446856 0.762 0.0 0.0
6894 10620674 1.8163733083963725 -1.072149426960101 0.762 0.0 0.0
6895 10620674 1.8362873557162362 -1.062297359451642 0.762 0.0 0.0
6896 10620674 1.9043356427200915 -1.0263411557993427 0.762 0.0 0.0
6897 10620674 1.9387984192907515 -1.003482881945493 0.762 0.0 0.0
6898 10620674 1.9722150988720457 -0.9843716202464751 0.762 0.0 0.0
6899 10620674 1.9890692461429014 -0.9708332927520799 0.762 0.0 0.0
6900 10620674 2.0348259002903184 -0.9313358658350307 0.762 0.0 0.0
6901 10620674 2.046857130759473 -0.9189679588650933 0.762 0.0 0.0
6902 10620674 2.058888361228628 -0.9066000518951559 0.762 0.0 0.0
6903 10620674 2.0873832045295098 -0.8720967914728605 0.762 0.0 0.0
6904 10620674 2.1204353545246866 -0.8296191484695475 0.7924800000000001 0.0 0.0
6905 10620674 2.138352919760769 -0.8019423188496758 0.7924800000000001 0.0 0.0
6906 10620674 2.1617898504549657 -0.768240712587135 0.7924800000000001 0.0 0.0
6907 10620674 2.1752712760678072 -0.7378304267681303 0.7924800000000001 0.0 0.0
6908 10620674 2.188892825265879 -0.7124306897349942 0.7924800000000001 0.0 0.0
6909 10620674 2.2025143744639504 -0.6870309527018582 0.7924800000000001 0.0 0.0
6910 10620674 2.214516199702139 -0.6570721124460684 0.7924800000000001 0.0 0.0
6911 10620674 2.2250560512079973 -0.6179913331211476 0.7924800000000001 0.0 0.0
6912 10620674 2.236436543930746 -0.5733440770796913 0.7924800000000001 0.0 0.0
6913 10620674 2.2410008761544526 -0.5365177381150975 0.7924800000000001 0.0 0.0
6914 10620674 2.2457678830981833 -0.5055985145011469 0.82296 0.0 0.0
6915 10620674 2.2475123066577036 -0.46761780113407125 0.82296 0.0 0.0
6916 10620674 2.24982776672059 -0.43332809267766703 0.82296 0.0 0.0
6917 10620674 2.2407210398160826 -0.38397744106783616 0.82296 0.0 0.0
6918 10620674 2.2421955080899236 -0.3560717936943405 0.82296 0.0 0.0
6919 10620674 2.23893709181859 -0.3415736521109307 0.82296 0.0 0.0
6920 10620674 2.2356786755472564 -0.32707551052752093 0.82296 0.0 0.0
6921 10620674 2.2265283491282535 -0.29254653192418445 0.82296 0.0 0.0
6922 10620674 2.2144978966793314 -0.2613993999205343 0.82296 0.0 0.0
6923 10620674 2.1920810213609707 -0.21038918473075266 0.82296 0.0 0.0
6924 10620674 2.186932561743628 -0.19352149435163615 0.82296 0.0 0.0
6925 10620674 2.168709076843965 -0.1650247283864614 0.82296 0.0 0.0
6926 10620674 2.1427318498423293 -0.12383262635570855 0.82296 0.0 0.0
6927 10620674 2.123002798327753 -0.10103546769076291 0.82296 0.0 0.0
6928 10620674 2.1014073480184 -0.07470823742821564 0.8534400000000001 0.0 0.0
6929 10620674 2.090946763117981 -0.06323174799399747 0.8534400000000001 0.0 0.0
6930 10620674 2.049895709336589 -0.03393884094374988 0.8534400000000001 0.0 0.0
6931 10620674 2.0291663389213337 -0.01583789058388832 0.8534400000000001 0.0 0.0
6932 10620674 2.0014897548052697 0.0038309314499068714 0.8534400000000001 0.0 0.0
6933 10620674 1.9832268406128746 0.015344006949625136 0.8534400000000001 0.0 0.0
6934 10620674 1.9649639264204797 0.0268570824493434 0.8534400000000001 0.0 0.0
6935 10620674 1.9365731906930053 0.041619326511283944 0.8534400000000001 0.0 0.0
6936 10620674 1.9092916819855883 0.052164347808708406 0.8534400000000001 0.0 0.0
6937 10620674 1.8767117932327926 0.061168847358581774 0.8534400000000001 0.0 0.0
6938 10620674 1.8458996856360927 0.07286718508681747 0.8534400000000001 0.0 0.0
6939 10620674 1.8044776441958272 0.07926916629030897 0.88392 0.0 0.0
6940 10620674 1.7725688013561487 0.08081203550894822 0.88392 0.0 0.0
6941 10620674 1.756587366590746 0.08381196910901537 0.88392 0.0 0.0
6942 10620674 1.7136815506680383 0.08404019372683366 0.88392 0.0 0.0
6943 10620674 1.688620544194447 0.0815361422522756 0.88392 0.0 0.0
6944 10620674 1.6635595377208556 0.07903209077771753 0.88392 0.0 0.0
6945 10620674 1.6432061393649045 0.07761907639245746 0.88392 0.0 0.0
6946 10620674 1.5983517132395835 0.07895167312873952 0.88392 0.0 0.0
6947 10620674 1.5649600414019595 0.07595633315666744 0.88392 0.0 0.0
6948 10620674 1.5364079665583272 0.07418411598445998 0.88392 0.0 0.0
6949 10620674 1.5041521269934273 0.07221990520935775 0.88392 0.0 0.0
6950 10620674 1.4669224446400209 0.07351602593160095 0.88392 0.0 0.0
6951 10620674 1.4320668067039901 0.07555556251339196 0.88392 0.0 0.0
6952 10620674 1.3975495249232934 0.07047528821548264 0.88392 0.0 0.0
6953 10620674 1.3676211627094677 0.06856911940048774 0.9144000000000001 0.0 0.0
6954 10620674 1.3189358564508078 0.06905187215086755 0.9144000000000001 0.0 0.0
6955 10620674 1.2875218231321481 0.0734725523672931 0.9144000000000001 0.0 0.0
6956 10620674 1.2699825194718108 0.07143329117631038 0.9144000000000001 0.0 0.0
6957 10620674 1.2524432158114736 0.06939402998532766 0.9144000000000001 0.0 0.0
6958 10620674 1.198632767643479 0.0705003877182277 0.9144000000000001 0.0 0.0
6959 10620674 1.1829694792824808 0.07012653181541524 0.9144000000000001 0.0 0.0
6960 10620674 1.1673061909214828 0.06975267591260279 0.9144000000000001 0.0 0.0
6961 10620674 1.1196285372571315 0.06897289218301426 0.9144000000000001 0.0 0.0
6962 10620674 1.078413010490351 0.06935345806590143 0.9144000000000001 0.0 0.0
6963 10620674 1.037197483723571 0.06973402394878861 0.9144000000000001 0.0 0.0
6964 10620674 1.0034492583061057 0.07007043620626942 0.9220200000000001 0.0 0.0
6965 10620674 0.9697010328886406 0.07040684846375023 0.92964 0.0 0.0
6966 10620674 0.9359528074711755 0.07074326072123104 0.93726 0.0 0.0
6967 10620674 0.9022045820537103 0.07107967297871184 0.9448799999999999 0.0 0.0
6968 10620674 0.8695757762249599 0.06988250770389384 0.9448799999999999 0.0 0.0
6969 10620674 0.8369469703962094 0.06868534242907583 0.9448799999999999 0.0 0.0
6970 10620674 0.8204486249850126 0.07092158299014197 0.9448799999999999 0.0 0.0
6971 10620674 0.7683963686333385 0.07741464124678193 0.9448799999999999 0.0 0.0
6972 10620674 0.7336286700332277 0.07592381729570853 0.9448799999999999 0.0 0.0
6973 10620674 0.69865822394369 0.07870518334795823 0.9448799999999999 0.0 0.0
6974 10620674 0.6677702988992734 0.08202202919996218 0.9448799999999999 0.0 0.0
6975 10620674 0.6368823738548568 0.08533887505196612 0.9448799999999999 0.0 0.0
6976 10620674 0.6024083117480925 0.08764711736712097 0.9448799999999999 0.0 0.0
6977 10620674 0.5679342496413281 0.0899553596822758 0.9448799999999999 0.0 0.0
6978 10620674 0.5334601875345638 0.09226360199743065 0.9448799999999999 0.0 0.0
6979 10620674 0.48232269038683206 0.09612320436880567 0.97536 0.0 0.0
6980 10620674 0.46356549241897665 0.09851426911244271 0.97536 0.0 0.0
6981 10620674 0.4258876559205186 0.10007874802974473 0.97536 0.0 0.0
6982 10620674 0.39248884153391594 0.10386674119227438 0.97536 0.0 0.0
6983 10620674 0.34404346650831874 0.10509508077883187 0.97536 0.0 0.0
6984 10620674 0.31754695730016813 0.1082633243952669 0.97536 0.0 0.0
6985 10620674 0.2741485177626066 0.11134761963093595 0.97536 0.0 0.0
6986 10620674 0.25919191018021953 0.11313970083241692 0.97536 0.0 0.0
6987 10620674 0.24423530259783244 0.1149317820338979 0.97536 0.0 0.0
6988 10620674 0.2055771785814151 0.12300973421691683 0.97536 0.0 0.0
6989 10620674 0.16274495110827858 0.13081650848259493 0.97536 0.0 0.0
6990 10620674 0.12781250447306458 0.1377940622723849 0.97536 0.0 0.0
6991 10620674 0.107074763764608 0.1436373020469606 0.97536 0.0 0.0
6992 10620674 0.05971414241692585 0.16449102434271795 1.00584 0.0 0.0
6993 10620674 0.028661340197568164 0.17545844393532647 1.00584 0.0 0.0
6994 10620674 -0.0036768423112888415 0.1852105178627791 1.00584 0.0 0.0
6995 10620674 -0.03593316837697913 0.196571636031832 1.00584 0.0 0.0
6996 10620674 -0.06576700695827231 0.21099652621378906 1.00584 0.0 0.0
6997 10620674 -0.09513531766276073 0.2205961365164057 1.00584 0.0 0.0
6998 10620674 -0.14408241316945491 0.23659575930243004 1.00584 0.0 0.0
6999 10620674 -0.17998383199364443 0.24903229758866313 1.00584 0.0 0.0
7000 10620674 -0.1963361163789098 0.2540271652655861 1.00584 0.0 0.0
7001 10620674 -0.21268840076417517 0.25902203294250903 1.00584 0.0 0.0
7002 10620674 -0.24497886875433017 0.27027855585512867 1.00584 0.0 0.0
7003 10620674 -0.2845558579421359 0.28777269540989403 1.00584 0.0 0.0
7004 10620674 -0.3188176890016936 0.299790879294093 1.00584 0.0 0.0
7005 10620674 -0.3584563748506582 0.3127491842462763 1.00584 0.0 0.0
7006 10620674 -0.3920778134071081 0.32292274848697805 1.00584 0.0 0.0
7007 10620674 -0.4239322629137896 0.33415448453683727 1.0363200000000001 0.0 0.0
7008 10620674 -0.4547169102168396 0.3486584744809144 1.0363200000000001 0.0 0.0
7009 10620674 -0.4825247446779728 0.3586843932395485 1.0363200000000001 0.0 0.0
7010 10620674 -0.5106259900999359 0.3732460514148911 1.0363200000000001 0.0 0.0
7011 10620674 -0.5462074123923917 0.38394440088740445 1.0363200000000001 0.0 0.0
7012 10620674 -0.5891743390317907 0.4046518671989551 1.0363200000000001 0.0 0.0
7013 10620674 -0.6068269338813265 0.41042344481001164 1.0363200000000001 0.0 0.0
7014 10620674 -0.6244795287308622 0.4161950224210682 1.0363200000000001 0.0 0.0
7015 10620674 -0.6621745783382957 0.43401099995725834 1.0363200000000001 0.0 0.0
7016 10620674 -0.6994985348316611 0.44481262256139487 1.0363200000000001 0.0 0.0
7017 10620674 -0.7464768607421508 0.4668328244300054 1.0363200000000001 0.0 0.0
7018 10620674 -0.7813805470948885 0.4782455864468045 1.0363200000000001 0.0 0.0
7019 10620674 -0.8147310688149607 0.49440827722945824 1.0363200000000001 0.0 0.0
7020 10620674 -0.8305758737278186 0.5016339868656581 1.0363200000000001 0.0 0.0
7021 10620674 -0.8464206786406765 0.508859696501858 1.0363200000000001 0.0 0.0
7022 10620674 -0.9102899884304523 0.5297447774627491 1.0363200000000001 0.0 0.0
7023 10620674 -0.9435298914058294 0.5418995834487794 1.0363200000000001 0.0 0.0
7024 10620674 -0.9917023885794676 0.5616249741431124 1.0363200000000001 0.0 0.0
7025 10620674 -1.0320711259393864 0.5766956816318219 1.0363200000000001 0.0 0.0
7026 10620674 -1.0687125248020624 0.5923002642214731 1.0363200000000001 0.0 0.0
7027 10620674 -1.1064753071128988 0.6099075215133855 1.0363200000000001 0.0 0.0
7028 10620674 -1.1405759173545313 0.6210596633132465 1.0363200000000001 0.0 0.0
7029 10620674 -1.1778337499211722 0.6388527460085208 1.0363200000000001 0.0 0.0
7030 10620674 -1.2076980018658683 0.6493792940216419 1.0363200000000001 0.0 0.0
7031 10620674 -1.2375622538105644 0.6599058420347628 1.0363200000000001 0.0 0.0
7032 10620674 -1.2776803282194404 0.6730267731512992 1.0363200000000001 0.0 0.0
7033 10620674 -1.3113616798562504 0.6895341212132634 1.0363200000000001 0.0 0.0
7034 10620674 -1.3416180053279307 0.7029351808664898 1.0363200000000001 0.0 0.0
7035 10620674 -1.4034506274467662 0.7284169172782377 1.0363200000000001 0.0 0.0
7036 10620674 -1.42350947875446 0.7349778270061451 1.0363200000000001 0.0 0.0
7037 10620674 -1.4629366567017683 0.7502107558033575 1.0363200000000001 0.0 0.0
7038 10620674 -1.5167452778118664 0.7730690713522445 1.0363200000000001 0.0 0.0
7039 10620674 -1.5496581318743072 0.7892095636705863 1.0363200000000001 0.0 0.0
7040 10620674 -1.5896456297288644 0.8054444789933461 1.0363200000000001 0.0 0.0
7041 10620674 -1.6183204243303577 0.8175702079951198 1.0363200000000001 0.0 0.0
7042 10620674 -1.646995218931851 0.8296959369968935 1.0363200000000001 0.0 0.0
7043 10620674 -1.673498815664087 0.8355616999451791 1.0363200000000001 0.0 0.0
7044 10620674 -1.705967339886387 0.848987215149643 1.0363200000000001 0.0 0.0
7045 10620674 -1.760620075944478 0.8746943381824367 1.0363200000000001 0.0 0.0
7046 10620674 -1.7959310876871897 0.8889333891074999 1.0363200000000001 0.0 0.0
7047 10620674 -1.8545097020052526 0.9107846918864293 1.0363200000000001 0.0 0.0
7048 10620674 -1.887413499499783 0.9242367420313303 1.0363200000000001 0.0 0.0
7049 10620674 -1.9331199756149011 0.9419944088064035 1.0363200000000001 0.0 0.0
7050 10620674 -1.9707075516171326 0.960134021503139 1.0363200000000001 0.0 0.0
7051 10620674 -2.0007948099950585 0.9699778967140767 1.0363200000000001 0.0 0.0
7052 10620674 -2.0308820683729847 0.9798217719250145 1.0363200000000001 0.0 0.0
7053 10620674 -2.0646649356286577 0.9960160889397104 1.0363200000000001 0.0 0.0
7054 10620674 -2.1025203176629015 1.0106220341656762 1.0363200000000001 0.0 0.0
7055 10620674 -2.142827227693714 1.0269650968316195 1.0363200000000001 0.0 0.0
7056 10620674 -2.188238514056926 1.0418238487093803 1.0363200000000001 0.0 0.0
7057 10620674 -2.241353633439462 1.0667985658495365 1.0363200000000001 0.0 0.0
7058 10620674 -2.280605989147868 1.0825637882113501 1.0363200000000001 0.0 0.0
7059 10620674 -2.31361242336302 1.0957012014639198 1.0363200000000001 0.0 0.0
7060 10620674 -2.3299073162811985 1.1037208003707333 1.0363200000000001 0.0 0.0
7061 10620674 -2.346202209199377 1.1117403992775465 1.0363200000000001 0.0 0.0
7062 10620674 -2.409905586830952 1.132586578996477 1.0363200000000001 0.0 0.0
7063 10620674 -2.450570721682783 1.1548911406585816 1.0363200000000001 0.0 0.0
7064 10620674 -2.470110274012617 1.1630381621985848 1.0363200000000001 0.0 0.0
7065 10620674 -2.513934033927356 1.1811188205733076 1.0363200000000001 0.0 0.0
7066 10620674 -2.5664023897061945 1.1999256799250235 1.0363200000000001 0.0 0.0
7067 10620674 -2.6238627405273514 1.2241058083813605 1.0363200000000001 0.0 0.0
7068 10620674 -2.6615195021899973 1.2404029049635599 1.0363200000000001 0.0 0.0
7069 10620674 -2.6833926375206456 1.248204360905126 1.0363200000000001 0.0 0.0
7070 10620674 -2.705265772851294 1.2560058168466925 1.0363200000000001 0.0 0.0
7071 10620674 -2.7449737332916957 1.2730916181647995 1.0363200000000001 0.0 0.0
7072 10620674 -2.7878662124834657 1.2923884546363666 1.0363200000000001 0.0 0.0
7073 10620674 -2.8280630560108353 1.3123222989528667 1.0363200000000001 0.0 0.0
7074 10620674 -2.885054307646601 1.3349492203819004 1.0363200000000001 0.0 0.0
7075 10620674 -2.925569676402718 1.3482108460313962 1.0363200000000001 0.0 0.0
7076 10620674 -2.9535613846723585 1.363098864282466 1.0363200000000001 0.0 0.0
7077 10620674 -2.9950190354707384 1.3829791601471169 1.0363200000000001 0.0 0.0
7078 10620674 -3.0354247355673074 1.4006458330820002 1.0363200000000001 0.0 0.0
7079 10620674 -3.071250820808027 1.4133081939439784 1.0363200000000001 0.0 0.0
7080 10620674 -3.1138558267007967 1.432396426287599 1.0363200000000001 0.0 0.0
7081 10620674 -3.1467297695886653 1.4486499172447826 1.0363200000000001 0.0 0.0
7082 10620674 -3.2037062593696666 1.4726771959239036 1.0363200000000001 0.0 0.0
7083 10620674 -3.226952724236324 1.4857793819811842 1.0363200000000001 0.0 0.0
7084 10620674 -3.2523353780793 1.496426135422482 1.0363200000000001 0.0 0.0
7085 10620674 -3.2777180319222756 1.5070728888637797 1.0363200000000001 0.0 0.0
7086 10620674 -3.321055467890486 1.5266360985830376 1.0363200000000001 0.0 0.0
7087 10620674 -3.3647938785603175 1.5463309042626379 1.0363200000000001 0.0 0.0
7088 10620674 -3.4036494702168367 1.5646610745122285 1.0363200000000001 0.0 0.0
7089 10620674 -3.434081226912057 1.5802334532847027 1.0363200000000001 0.0 0.0
7090 10620674 -3.471787288091474 1.5925788904173874 1.0363200000000001 0.0 0.0
7091 10620674 -3.5290982122049206 1.6220939041291274 1.0363200000000001 0.0 0.0
7092 10620674 -3.5671621074828206 1.6403996390666105 1.0363200000000001 0.0 0.0
7093 10620674 -3.6105330412340315 1.6598590928329018 1.0363200000000001 0.0 0.0
7094 10620674 -3.6358803733744245 1.6706127643389026 1.0363200000000001 0.0 0.0
7095 10620674 -3.6612277055148175 1.6813664358449032 1.0363200000000001 0.0 0.0
7096 10620674 -3.715775411370002 1.71009534813493 1.0363200000000001 0.0 0.0
7097 10620674 -3.755956617605852 1.7230193336461954 1.0363200000000001 0.0 0.0
7098 10620674 -3.7943406617099917 1.7414313770265637 1.0363200000000001 0.0 0.0
7099 10620674 -3.8363036816737903 1.7662740615685315 1.0363200000000001 0.0 0.0
7100 10620674 -3.836307118819186 1.7662559348988471 1.0363111709044095 0.0 0.0
7101 10620674 -3.836310555964582 1.7662378082291628 1.0363023418088189 0.0 0.0
7102 10620674 -3.836313993109978 1.7662196815594784 1.0362935127132282 0.0 0.0
7103 10620674 -3.8363174302553733 1.766201554889794 1.0362846836176378 0.0 0.0
7104 10620674 -3.836320867400769 1.7661834282201097 1.0362758545220472 0.0 0.0
7105 10620674 -3.836324304546165 1.7661653015504253 1.0362670254264565 0.0 0.0
7106 10620674 -3.836327741691561 1.7661471748807407 1.036258196330866 0.0 0.0
7107 10620674 -3.8363311788369567 1.7661290482110563 1.0362493672352753 0.0 0.0
7108 10620674 -3.8363346159823526 1.766110921541372 1.0362405381396846 0.0 0.0
7109 10620674 -3.836338053127748 1.7660927948716876 1.036231709044094 0.0 0.0
7110 10620674 -3.836341490273144 1.7660746682020032 1.0362228799485036 0.0 0.0
7111 10620674 -3.8363449274185397 1.7660565415323188 1.036214050852913 0.0 0.0
7112 10620674 -3.8363483645639356 1.7660384148626345 1.0362052217573223 0.0 0.0
7113 10620674 -3.8363518017093314 1.76602028819295 1.0361963926617317 0.0 0.0
7114 10620674 -3.8363552388547273 1.7660021615232657 1.036187563566141 0.0 0.0
7115 10620674 -3.836358676000123 1.7659840348535814 1.0361787344705504 0.0 0.0
7116 10620674 -3.8363621131455186 1.765965908183897 1.0361699053749598 0.0 0.0
7117 10620674 -3.8363655502909144 1.7659477815142126 1.0361610762793694 0.0 0.0
7118 10620674 -3.8363689874363103 1.7659296548445282 1.0361522471837787 0.0 0.0
7119 10620674 -3.836372424581706 1.7659115281748436 1.036143418088188 0.0 0.0
7120 10620674 -3.836375861727102 1.7658934015051593 1.0361345889925975 0.0 0.0
7121 10620674 -3.836379298872498 1.765875274835475 1.0361257598970068 0.0 0.0
7122 10620674 -3.8363827360178933 1.7658571481657905 1.0361169308014162 0.0 0.0
7123 10620674 -3.836386173163289 1.7658390214961062 1.0361081017058258 0.0 0.0
7124 10620674 -3.836389610308685 1.7658208948264218 1.0360992726102352 0.0 0.0
7125 10620674 -3.836393047454081 1.7658027681567374 1.0360904435146445 0.0 0.0
7126 10620674 -3.8363964845994767 1.765784641487053 1.0360816144190539 0.0 0.0
7127 10620674 -3.8363999217448725 1.7657665148173687 1.0360727853234633 0.0 0.0
7128 10620674 -3.8364033588902684 1.7657483881476843 1.0360639562278726 0.0 0.0
7129 10620674 -3.836406796035664 1.765730261478 1.036055127132282 0.0 0.0
7130 10620674 -3.8364102331810597 1.7657121348083156 1.0360462980366916 0.0 0.0
7131 10620674 -3.8364136703264555 1.7656940081386312 1.036037468941101 0.0 0.0
7132 10620674 -3.8364171074718514 1.7656758814689466 1.0360286398455103 0.0 0.0
7133 10620674 -3.8364205446172472 1.7656577547992622 1.0360198107499197 0.0 0.0
7134 10620674 -3.836423981762643 1.7656396281295779 1.036010981654329 0.0 0.0
7135 10620674 -3.8364274189080385 1.7656215014598935 1.0360021525587384 0.0 0.0
7136 10620674 -3.8364308560534344 1.7656033747902091 1.0359933234631478 0.0 0.0
7137 10620674 -3.8364342931988302 1.7655852481205248 1.0359844943675574 0.0 0.0
7138 10620674 -3.836437730344226 1.7655671214508404 1.0359756652719667 0.0 0.0
7139 10620674 -3.836441167489622 1.765548994781156 1.035966836176376 0.0 0.0
7140 10620674 -3.836444604635018 1.7655308681114716 1.0359580070807854 0.0 0.0
7141 10620674 -3.836448041780413 1.7655127414417873 1.0359491779851948 0.0 0.0
7142 10620674 -3.836451478925809 1.765494614772103 1.0359403488896042 0.0 0.0
7143 10620674 -3.836454916071205 1.7654764881024185 1.0359315197940135 0.0 0.0
7144 10620674 -3.836458353216601 1.7654583614327342 1.0359226906984231 0.0 0.0
7145 10620674 -3.8364617903619966 1.7654402347630496 1.0359138616028325 0.0 0.0
7146 10620674 -3.8364652275073925 1.7654221080933652 1.0359050325072419 0.0 0.0
7147 10620674 -3.8364686646527884 1.7654039814236808 1.0358962034116512 0.0 0.0
7148 10620674 -3.8364721017981838 1.7653858547539965 1.0358873743160606 0.0 0.0
7149 10620674 -3.8364755389435796 1.765367728084312 1.03587854522047 0.0 0.0
7150 10620674 -3.8364789760889755 1.7653496014146277 1.0358697161248793 0.0 0.0
7151 10620674 -3.8364824132343713 1.7653314747449433 1.035860887029289 0.0 0.0
7152 10620674 -3.836485850379767 1.765313348075259 1.0358520579336983 0.0 0.0
7153 10620674 -3.836489287525163 1.7652952214055746 1.0358432288381076 0.0 0.0
7154 10620674 -3.8364927246705585 1.7652770947358902 1.035834399742517 0.0 0.0
7155 10620674 -3.8364961618159543 1.7652589680662059 1.0358255706469264 0.0 0.0
7156 10620674 -3.83649959896135 1.7652408413965215 1.0358167415513357 0.0 0.0
7157 10620674 -3.836503036106746 1.7652227147268371 1.0358079124557453 0.0 0.0
7158 10620674 -3.836506473252142 1.7652045880571525 1.0357990833601547 0.0 0.0
7159 10620674 -3.8365099103975377 1.7651864613874682 1.035790254264564 0.0 0.0
