15885 11332345 1.1286794920382204 0.003572956247390846 0.325755 0.6347677865124084 0.8097307648880199
15886 11332345 1.0923181401172575 0.0019584434496282416 0.32766 0.6347677865124084 0.8097307648880199
15887 11332345 1.0537347521725065 0.003465066818927602 0.32766 0.6347677865124084 0.8097307648880199
15888 11332345 1.0118253869926135 0.003319507497697317 0.33181636363636363 0.6347677865124084 0.8097307648880199
15889 11332345 0.9699160218127205 0.003173948176467032 0.33597272727272726 0.6347677865124084 0.8097307648880199
15890 11332345 0.9280066566328276 0.003028388855236747 0.34012909090909094 0.6347677865124084 0.8097307648880199
15891 11332345 0.8860972914529346 0.002882829534006462 0.34428545454545456 0.6347677865124084 0.8097307648880199
15892 11332345 0.8441879262730416 0.002737270212776177 0.3484418181818182 0.6347677865124084 0.8097307648880199
15893 11332345 0.8022785610931487 0.0025917108915458915 0.3525981818181818 0.6347677865124084 0.8097307648880199
15894 11332345 0.7603691959132557 0.0024461515703156065 0.35675454545454544 0.6347677865124084 0.8097307648880199
15895 11332345 0.7184598307333627 0.0023005922490853216 0.36091090909090906 0.6347677865124084 0.8097307648880199
15896 11332345 0.6765504655534698 0.0021550329278550366 0.36506727272727274 0.6347677865124084 0.8097307648880199
15897 11332345 0.6346411003735768 0.0020094736066247516 0.36922363636363636 0.6347677865124084 0.8097307648880199
15898 11332345 0.5927317351936837 0.0018639142853944662 0.37338 0.6347677865124084 0.8097307648880199
15899 11332345 0.5655159536800751 0.0022871285019699164 0.37719 0.6347677865124084 0.8097307648880199
15900 11332345 0.5383001721664666 0.0027103427185453666 0.381 0.6347677865124084 0.8097307648880199
15901 11332345 0.5011379542899992 0.004222638901000303 0.381 0.6347677865124084 0.8097307648880199
15902 11332345 0.45712738057012126 0.0027157590603479054 0.38862 0.6347677865124084 0.8097307648880199
15903 11332345 0.42182192243848793 0.003388022572686347 0.39624000000000004 0.6347677865124084 0.8097307648880199
15904 11332345 0.3689679865607228 -0.0007194078039264029 0.40386 0.6347677865124084 0.8097307648880199
15905 11332345 0.35293732292978464 -0.000854771134839144 0.41148 0.6347677865124084 0.8097307648880199
15906 11332345 0.29336967297632355 0.001671842069053825 0.41148 0.6347677865124084 0.8097307648880199
15907 11332345 0.2537376137753432 -0.0013816629710801942 0.42672000000000004 0.6347677865124084 0.8097307648880199
15908 11332345 0.21551985945572938 -0.00010717717676217431 0.42672000000000004 0.6347677865124084 0.8097307648880199
15909 11332345 0.1787546818645286 -0.0028121320706837316 0.44196 0.6347677865124084 0.8097307648880199
15910 11332345 0.12080203867834372 -0.0018634783731048543 0.44196 0.6347677865124084 0.8097307648880199
15911 11332345 0.09123462082540978 -0.008088785633591528 0.44958000000000004 0.6347677865124084 0.8097307648880199
15912 11332345 0.052684405008257995 -0.006471181098238077 0.45720000000000005 0.6347677865124084 0.8097307648880199
15913 11332345 0.0327863533429103 -0.00960616349023595 0.46482 0.6347677865124084 0.8097307648880199
15914 11332345 0.012888301677562608 -0.012741145882233823 0.47243999999999997 0.6347677865124084 0.8097307648880199
15915 11332345 -0.04404133775189789 -0.020887968698028198 0.48768 0.6347677865124084 0.8097307648880199
15916 11332345 -0.0779422930945759 -0.025696263346814047 0.4953 0.6347677865124084 0.8097307648880199
15917 11332345 -0.11246279902181322 -0.030769240511394208 0.50292 0.6347677865124084 0.8097307648880199
15918 11332345 -0.15125880792331126 -0.03397722876048928 0.50292 0.6347677865124084 0.8097307648880199
15919 11332345 -0.1800115688630739 -0.03906591863022138 0.51054 0.6347677865124084 0.8097307648880199
15920 11332345 -0.22506757537595745 -0.04104516007435041 0.5181600000000001 0.6347677865124084 0.8097307648880199
15921 11332345 -0.2536623670061102 -0.04863870820914498 0.5181600000000001 0.6347677865124084 0.8097307648880199
15922 11332345 -0.2925734597253644 -0.051925251878864404 0.52578 0.6347677865124084 0.8097307648880199
15923 11332345 -0.34942403380288556 -0.06009587711068401 0.52578 0.6347677865124084 0.8097307648880199
15924 11332345 -0.3887421970337652 -0.06897369555788477 0.5334 0.6347677865124084 0.8097307648880199
15925 11332345 -0.43074226534651827 -0.07627361694328691 0.5334 0.6347677865124084 0.8097307648880199
15926 11332345 -0.45065703814788827 -0.07823368507903988 0.53721 0.6347677865124084 0.8097307648880199
15927 11332345 -0.47057181094925826 -0.08019375321479286 0.54102 0.6347677865124084 0.8097307648880199
15928 11332345 -0.5103132291673964 -0.08764750131679813 0.54864 0.6347677865124084 0.8097307648880199
15929 11332345 -0.5467847449613201 -0.09324924103262197 0.54864 0.6347677865124084 0.8097307648880199
15930 11332345 -0.5828937354718173 -0.10317534825406341 0.55626 0.6347677865124084 0.8097307648880199
15931 11332345 -0.6320058353292013 -0.11212152631872943 0.56388 0.6347677865124084 0.8097307648880199
15932 11332345 -0.6728175371178426 -0.12284648064139728 0.56388 0.6347677865124084 0.8097307648880199
15933 11332345 -0.7129911914239306 -0.12618565147290037 0.5715 0.6347677865124084 0.8097307648880199
15934 11332345 -0.7489971821979389 -0.1357942735000078 0.5715 0.6347677865124084 0.8097307648880199
15935 11332345 -0.7791404082789993 -0.1424125115515165 0.57531 0.6347677865124084 0.8097307648880199
15936 11332345 -0.8092836343600598 -0.14903074960302518 0.57912 0.6347677865124084 0.8097307648880199
15937 11332345 -0.8432967058985541 -0.1606926165855372 0.57912 0.6347677865124084 0.8097307648880199
15938 11332345 -0.8834119475166127 -0.17363054054630286 0.58674 0.6347677865124084 0.8097307648880199
15939 11332345 -0.924050109854436 -0.19305690822052676 0.59436 0.6347677865124084 0.8097307648880199
15940 11332345 -0.9824390263179359 -0.22221811349154388 0.6019800000000001 0.6347677865124084 0.8097307648880199
15941 11332345 -1.0183594991870355 -0.24786012146853134 0.6096 0.6347677865124084 0.8097307648880199
15942 11332345 -1.0420275549979892 -0.26862889312392224 0.6096 0.6347677865124084 0.8097307648880199
15943 11332345 -1.0732370970564058 -0.29616166145376854 0.61722 0.6347677865124084 0.8097307648880199
15944 11332345 -1.0932597797487478 -0.31800549597194216 0.62103 0.6347677865124084 0.8097307648880199
15945 11332345 -1.1132824624410897 -0.3398493304901158 0.6248400000000001 0.6347677865124084 0.8097307648880199
15946 11332345 -1.1355442817163508 -0.37533173098098016 0.6248400000000001 0.6347677865124084 0.8097307648880199
15947 11332345 -1.1644087612168195 -0.42991917407726654 0.6400800000000001 0.6347677865124084 0.8097307648880199
15948 11332345 -1.1717284480267904 -0.44388267266708703 0.6400800000000001 0.6347677865124084 0.8097307648880199
15949 11332345 -1.1882867215441137 -0.4863708328260168 0.6400800000000001 0.6347677865124084 0.8097307648880199
15950 11332345 -1.2023742654906229 -0.5460238932366439 0.6477 0.6347677865124084 0.8097307648880199
15951 11332345 -1.205055369348096 -0.5879090183381792 0.65532 0.6347677865124084 0.8097307648880199
15952 11332345 -1.2123544583816728 -0.637397256435488 0.65532 0.6347677865124084 0.8097307648880199
15953 11332345 -1.2094194086300247 -0.6827544626329386 0.6629400000000001 0.6347677865124084 0.8097307648880199
15954 11332345 -1.2073260524733633 -0.7103111025049961 0.6629400000000001 0.6347677865124084 0.8097307648880199
15955 11332345 -1.20507677386998 -0.7536914727912287 0.67056 0.6347677865124084 0.8097307648880199
15956 11332345 -1.1883181561948815 -0.8181729947185442 0.6781800000000001 0.6347677865124084 0.8097307648880199
15957 11332345 -1.178158279455009 -0.8533910048318727 0.6781800000000001 0.6347677865124084 0.8097307648880199
15958 11332345 -1.1687897306234543 -0.8831510352705307 0.6819900000000001 0.6347677865124084 0.8097307648880199
15959 11332345 -1.1594211817918996 -0.9129110657091887 0.6858000000000001 0.6347677865124084 0.8097307648880199
15960 11332345 -1.1405220472338014 -0.959982615767106 0.6858000000000001 0.6347677865124084 0.8097307648880199
15961 11332345 -1.119763817271133 -1.0062598505847855 0.69342 0.6347677865124084 0.8097307648880199
15962 11332345 -1.0947444051264026 -1.0465695781170865 0.7010400000000001 0.6347677865124084 0.8097307648880199
15963 11332345 -1.0753080713992227 -1.0849368946068731 0.7010400000000001 0.6347677865124084 0.8097307648880199
15964 11332345 -1.0502189924927918 -1.1250353845564731 0.7086600000000001 0.6347677865124084 0.8097307648880199
15965 11332345 -1.0149535125193643 -1.185635285619653 0.7162800000000001 0.6347677865124084 0.8097307648880199
15966 11332345 -0.9998238878303096 -1.207288894507464 0.7162800000000001 0.6347677865124084 0.8097307648880199
15967 11332345 -0.9691018202706465 -1.2586918891830976 0.7239000000000001 0.6347677865124084 0.8097307648880199
15968 11332345 -0.9436022410275788 -1.2907454623582584 0.7239000000000001 0.6347677865124084 0.8097307648880199
15969 11332345 -0.9307200796667583 -1.312481833491569 0.7315200000000001 0.6347677865124084 0.8097307648880199
15970 11332345 -0.9178379183059377 -1.33421820462488 0.73914 0.6347677865124084 0.8097307648880199
15971 11332345 -0.8842542995931792 -1.380947944309933 0.74676 0.6347677865124084 0.8097307648880199
15972 11332345 -0.8549336981819995 -1.4244144642016323 0.74676 0.6347677865124084 0.8097307648880199
15973 11332345 -0.8288050717607913 -1.4597105271625275 0.75438 0.6347677865124084 0.8097307648880199
15974 11332345 -0.785911349843158 -1.5111184770535118 0.75438 0.6347677865124084 0.8097307648880199
15975 11332345 -0.7574941109030842 -1.553003762242089 0.762 0.6347677865124084 0.8097307648880199
15976 11332345 -0.7309863674550148 -1.5887735668654173 0.762 0.6347677865124084 0.8097307648880199
15977 11332345 -0.6989289741827536 -1.626590873149305 0.76962 0.6347677865124084 0.8097307648880199
15978 11332345 -0.6686399032651873 -1.6671011904168225 0.76962 0.6347677865124084 0.8097307648880199
15979 11332345 -0.6447591611233469 -1.6916136829594834 0.7734300000000001 0.6347677865124084 0.8097307648880199
15980 11332345 -0.6208784189815064 -1.7161261755021442 0.77724 0.6347677865124084 0.8097307648880199
15981 11332345 -0.5888520395587283 -1.751595757431633 0.78105 0.6347677865124084 0.8097307648880199
15982 11332345 -0.5568256601359503 -1.7870653393611216 0.78486 0.6347677865124084 0.8097307648880199
15983 11332345 -0.5251677006906086 -1.8247507277816382 0.7924800000000001 0.6347677865124084 0.8097307648880199
15984 11332345 -0.4910163081019361 -1.8575261376048915 0.7924800000000001 0.6347677865124084 0.8097307648880199
15985 11332345 -0.4519739449688662 -1.8984422369205387 0.8001 0.6347677865124084 0.8097307648880199
15986 11332345 -0.4072469403033623 -1.9450711831821506 0.8001 0.6347677865124084 0.8097307648880199
15987 11332345 -0.37143614734137564 -1.9836452999062357 0.80772 0.6347677865124084 0.8097307648880199
15988 11332345 -0.3383838374496919 -2.015709852890174 0.80772 0.6347677865124084 0.8097307648880199
15989 11332345 -0.3005497105142594 -2.04945367009188 0.8153400000000001 0.6347677865124084 0.8097307648880199
15990 11332345 -0.2840749996274259 -2.0656441190748085 0.81915 0.6347677865124084 0.8097307648880199
15991 11332345 -0.2676002887405924 -2.0818345680577366 0.82296 0.6347677865124084 0.8097307648880199
15992 11332345 -0.21522684895809907 -2.136334423611643 0.8305800000000001 0.6347677865124084 0.8097307648880199
15993 11332345 -0.17894374525445245 -2.1748276368910155 0.8305800000000001 0.6347677865124084 0.8097307648880199
15994 11332345 -0.1490063797585104 -2.202835384636735 0.8382000000000001 0.6347677865124084 0.8097307648880199
15995 11332345 -0.11609008713292057 -2.2353211550521705 0.84582 0.6347677865124084 0.8097307648880199
15996 11332345 -0.07506815952406865 -2.272908600499121 0.84582 0.6347677865124084 0.8097307648880199
15997 11332345 -0.04027302322970605 -2.309162060659403 0.86106 0.6347677865124084 0.8097307648880199
15998 11332345 -0.006220698016795589 -2.34225186863963 0.86106 0.6347677865124084 0.8097307648880199
15999 11332345 0.02706371314884015 -2.374973687564633 0.86106 0.6347677865124084 0.8097307648880199
16000 11332345 0.0694761433615586 -2.4110281081570286 0.8763000000000001 0.6347677865124084 0.8097307648880199
16001 11332345 0.08438322512080576 -2.432020624482384 0.8763000000000001 0.6347677865124084 0.8097307648880199
16002 11332345 0.12462950436492914 -2.4665490193852113 0.8763000000000001 0.6347677865124084 0.8097307648880199
16003 11332345 0.16313274726788507 -2.50097490970918 0.88392 0.6347677865124084 0.8097307648880199
16004 11332345 0.19681997802778262 -2.533827079542689 0.88392 0.6347677865124084 0.8097307648880199
16005 11332345 0.2534514068737137 -2.5780299644273614 0.8915400000000001 0.6347677865124084 0.8097307648880199
16006 11332345 0.28644008869803406 -2.6103027939377514 0.8991600000000001 0.6347677865124084 0.8097307648880199
16007 11332345 0.3154504132488978 -2.6363981898386637 0.8991600000000001 0.6347677865124084 0.8097307648880199
16008 11332345 0.34446073779976144 -2.662493585739576 0.8991600000000001 0.6347677865124084 0.8097307648880199
16009 11332345 0.38188990543635604 -2.6981729925499707 0.90297 0.6347677865124084 0.8097307648880199
16010 11332345 0.41931907307295063 -2.733852399360366 0.9067800000000001 0.6347677865124084 0.8097307648880199
16011 11332345 0.45230916601597526 -2.7661244760238635 0.9144000000000001 0.6347677865124084 0.8097307648880199
16012 11332345 0.47732157680641396 -2.7901828703786364 0.9144000000000001 0.6347677865124084 0.8097307648880199
16013 11332345 0.5288462932442421 -2.8432284503595926 0.9144000000000001 0.6347677865124084 0.8097307648880199
16014 11332345 0.5669518946596892 -2.8775210843662533 0.9220200000000001 0.6347677865124084 0.8097307648880199
16015 11332345 0.5906079950425646 -2.907093789474805 0.9296400000000001 0.6347677865124084 0.8097307648880199
16016 11332345 0.6332442160698548 -2.9427488774902164 0.9296400000000001 0.6347677865124084 0.8097307648880199
16017 11332345 0.6644896388790282 -2.9798233617309045 0.93726 0.6347677865124084 0.8097307648880199
16018 11332345 0.7020119677547121 -3.0134570626438695 0.9448799999999999 0.6347677865124084 0.8097307648880199
16019 11332345 0.7342815478409144 -3.0463094760016376 0.9448799999999999 0.6347677865124084 0.8097307648880199
16020 11332345 0.7712972166916984 -3.0842163526217776 0.9525 0.6347677865124084 0.8097307648880199
16021 11332345 0.826955873569471 -3.1368562443282837 0.96012 0.6347677865124084 0.8097307648880199
16022 11332345 0.8485079500407049 -3.1587310210701887 0.96393 0.6347677865124084 0.8097307648880199
16023 11332345 0.8700600265119389 -3.180605797812093 0.96774 0.6347677865124084 0.8097307648880199
16024 11332345 0.9062393329209139 -3.219172967090836 0.97536 0.6347677865124084 0.8097307648880199
16025 11332345 0.9343035533552237 -3.2474964050112813 0.97536 0.6347677865124084 0.8097307648880199
16026 11332345 0.9670446465674867 -3.2819029302132465 0.98298 0.6347677865124084 0.8097307648880199
16027 10570502 0.7396018840277221 0.008315168186330685 0.37338 0.6347677865124084 0.8097307648880199
16027 11332345 1.0049231580951674 -3.319622320935766 0.9906 0.6347677865124084 0.8097307648880199
16028 11332345 1.039019276635602 -3.3526016734982993 0.9906 0.6347677865124084 0.8097307648880199
16028 10570502 0.7126062473905165 0.004518523503438288 0.381 0.6347677865124084 0.8097307648880199
16029 10570502 0.6729348832062725 0.008134952361027278 0.381 1.2695355730248168 1.6194615297760397
16029 11332345 1.0707616976491559 -3.390069074156226 0.9906 1.2695355730248168 1.6194615297760397
16030 10570502 0.6397392852957466 0.008467308286120565 0.381 1.2695355730248168 1.6194615297760397
16030 11332345 1.1152952080461793 -3.4264560533054302 0.99822 1.2695355730248168 1.6194615297760397
16031 10570502 0.6063366956138381 0.008166476815643656 0.38862 1.2695355730248168 1.6194615297760397
16031 11332345 1.1518208863331412 -3.465601554351282 1.00584 1.2695355730248168 1.6194615297760397
16032 11332345 1.1834954786519674 -3.5032795978830937 1.00584 1.2695355730248168 1.6194615297760397
16032 10570502 0.5734732498683321 0.008156925372439477 0.38862 1.2695355730248168 1.6194615297760397
16033 11332345 1.2237616691004831 -3.542127181397299 1.01346 1.2695355730248168 1.6194615297760397
16033 10570502 0.539807326661863 0.00840973976121663 0.39624000000000004 1.2695355730248168 1.6194615297760397
16034 11332345 1.2530801325893979 -3.5677040088495207 1.01346 1.2695355730248168 1.6194615297760397
16034 10570502 0.5060378821461307 0.008346043868712016 0.39624000000000004 1.2695355730248168 1.6194615297760397
16035 10570502 0.48522719571009765 0.009889246261488238 0.39624000000000004 1.2695355730248168 1.6194615297760397
16035 11332345 1.2795392821545795 -3.5995898171380327 1.02108 1.2695355730248168 1.6194615297760397
16036 10570502 0.4346591520863732 0.010058043263410157 0.40386 1.2695355730248168 1.6194615297760397
16036 11332345 1.3223415750490939 -3.638563641544078 1.0287 1.2695355730248168 1.6194615297760397
16037 10570502 0.4001561323523091 0.01046818976559255 0.41148 1.2695355730248168 1.6194615297760397
16037 11332345 1.3715063888634682 -3.6866233822579377 1.0363200000000001 1.2695355730248168 1.6194615297760397
16038 11332345 1.4027856646612178 -3.7159934952502236 1.0363200000000001 1.2695355730248168 1.6194615297760397
16038 10570502 0.38360955189005674 0.01038453946695525 0.41148 1.2695355730248168 1.6194615297760397
16039 10570502 0.319881368090857 0.014854764539535964 0.41910000000000003 1.2695355730248168 1.6194615297760397
16039 11332345 1.4540609139982024 -3.76684404918006 1.04394 1.2695355730248168 1.6194615297760397
16040 10570502 0.28107509739706893 0.011881762129929224 0.41910000000000003 1.2695355730248168 1.6194615297760397
16040 11332345 1.4703827510343692 -3.782978108209245 1.0477500000000002 1.2695355730248168 1.6194615297760397
16041 11332345 1.4867045880705358 -3.7991121672384303 1.05156 1.2695355730248168 1.6194615297760397
16041 10570502 0.25198196344402213 0.009823594553732468 0.42672000000000004 1.2695355730248168 1.6194615297760397
16042 11332345 1.5245558691108905 -3.8328464583105926 1.05156 1.2695355730248168 1.6194615297760397
16042 10570502 0.21586334252450712 0.011814028905113655 0.42672000000000004 1.2695355730248168 1.6194615297760397
16043 10570502 0.19224656045488975 0.010887089992498294 0.42672000000000004 1.2695355730248168 1.6194615297760397
16043 11332345 1.5625658428743596 -3.8715385337571324 1.05918 1.2695355730248168 1.6194615297760397
16044 10570502 0.16862977838527238 0.009960151079882934 0.42672000000000004 1.2695355730248168 1.6194615297760397
16044 11332345 1.611578729015266 -3.9200716864176237 1.06299 1.2695355730248168 1.6194615297760397
16045 11332345 1.6376912428077146 -3.944862285709151 1.064895 1.2695355730248168 1.6194615297760397
16045 10570502 0.1353645764389385 0.010083756170854358 0.43434000000000006 1.2695355730248168 1.6194615297760397
16046 11332345 1.6638037566001629 -3.9696528850006785 1.0668 1.2695355730248168 1.6194615297760397
16046 10570502 0.10074110622269727 0.004693087528082146 0.43434000000000006 1.2695355730248168 1.6194615297760397
16047 10570502 0.06801654463082607 0.006743221696314722 0.44196 1.2695355730248168 1.6194615297760397
16047 11332345 1.6838690079567695 -3.992556888360848 1.0744200000000002 1.2695355730248168 1.6194615297760397
16048 11332345 1.7549649693993934 -4.057817359371578 1.08204 1.2695355730248168 1.6194615297760397
16048 10570502 0.022994212177377182 0.0032328440318990515 0.44196 1.2695355730248168 1.6194615297760397
16049 10570502 -0.010033552834347925 8.193962451163994e-06 0.44958000000000004 1.2695355730248168 1.6194615297760397
16049 11332345 1.7880013251477362 -4.08997782221519 1.08966 1.2695355730248168 1.6194615297760397
16050 10570502 -0.042828795178029955 0.00021260354627464229 0.44958000000000004 1.2695355730248168 1.6194615297760397
16050 11332345 1.8066923170988154 -4.108928244552703 1.08966 1.2695355730248168 1.6194615297760397
16051 11332345 1.8403942100189021 -4.14177281035775 1.09728 1.2695355730248168 1.6194615297760397
16051 10570502 -0.07489064182028204 -5.622730932006159e-05 0.45720000000000005 1.2695355730248168 1.6194615297760397
16052 11332345 1.8895417171165678 -4.192624751555438 1.1049 1.2695355730248168 1.6194615297760397
16052 10570502 -0.10581553434077084 0.0015232389518941292 0.45720000000000005 1.2695355730248168 1.6194615297760397
16053 11332345 1.9177962111094378 -4.223106697858575 1.1049 1.2695355730248168 1.6194615297760397
16053 10570502 -0.14552857788307727 -0.0015018126616984928 0.46482000000000007 1.2695355730248168 1.6194615297760397
16054 11332345 1.9479668873632463 -4.253162525097844 1.1049 1.2695355730248168 1.6194615297760397
16054 10570502 -0.19011410306690135 -0.003401307122363778 0.47243999999999997 1.2695355730248168 1.6194615297760397
16055 10570502 -0.23272416870691592 -0.0019740094552292142 0.48006 1.2695355730248168 1.6194615297760397
16055 11332345 1.9922054702185066 -4.305448296472993 1.11252 1.2695355730248168 1.6194615297760397
16056 10570502 -0.25589043568331316 -0.004916230897164781 0.48006 1.2695355730248168 1.6194615297760397
16056 11332345 2.025909116009867 -4.338292007564417 1.1201400000000001 1.2695355730248168 1.6194615297760397
16057 11332345 2.056292139429738 -4.371102962363437 1.1220450000000002 1.2695355730248168 1.6194615297760397
16057 10570502 -0.2863516767183669 -0.00979653807710909 0.48768 1.2695355730248168 1.6194615297760397
16058 10570502 -0.3122467398067743 -0.012255464889557643 0.48768 1.2695355730248168 1.6194615297760397
16058 11332345 2.086675162849609 -4.403913917162457 1.1239500000000002 1.2695355730248168 1.6194615297760397
16059 11332345 2.111324163840438 -4.432516993862 1.125855 1.2695355730248168 1.6194615297760397
16059 10570502 -0.3381418028951817 -0.014714391702006197 0.48768 1.2695355730248168 1.6194615297760397
16060 10570502 -0.3549753715771913 -0.014585843682531602 0.4953 1.2695355730248168 1.6194615297760397
16060 11332345 2.1359731648312668 -4.461120070561544 1.12776 1.2695355730248168 1.6194615297760397
16061 11332345 2.173345730533958 -4.504504936051296 1.13538 1.2695355730248168 1.6194615297760397
16061 10570502 -0.40197433242200975 -0.021420017198754776 0.4953 1.2695355730248168 1.6194615297760397
16062 10570502 -0.43135981705692705 -0.028170302058652036 0.50292 1.2695355730248168 1.6194615297760397
16062 11332345 2.2115667810428583 -4.550736204141893 1.143 1.2695355730248168 1.6194615297760397
16063 11332345 2.2407078857297886 -4.5798699435131445 1.143 1.2695355730248168 1.6194615297760397
16063 10570502 -0.4653417549498229 -0.032950522226389084 0.50292 1.2695355730248168 1.6194615297760397
16064 10570502 -0.49947936668635995 -0.032772723409364574 0.51054 1.2695355730248168 1.6194615297760397
16064 11332345 2.27409200769807 -4.615060501510893 1.1506200000000002 1.2695355730248168 1.6194615297760397
16065 11332345 2.3058353324711574 -4.652285250131758 1.1506200000000002 1.2695355730248168 1.6194615297760397
16065 10570502 -0.5340006964312722 -0.03784365972759787 0.51054 1.2695355730248168 1.6194615297760397
16066 10570502 -0.5673359731227896 -0.03792787127231731 0.51054 1.2695355730248168 1.6194615297760397
16067 10570502 -0.6198707937768146 -0.04131533392620648 0.5181600000000001 1.2695355730248168 1.6194615297760397
16068 10570502 -0.6379019957398178 -0.04593532958239574 0.5181600000000001 1.2695355730248168 1.6194615297760397
16069 10570502 -0.6932006797883061 -0.04935338598679981 0.52578 1.2695355730248168 1.6194615297760397
16070 10570502 -0.7140467522822269 -0.047912215796855756 0.52578 1.2695355730248168 1.6194615297760397
16071 10570502 -0.7551390322054061 -0.052703226020724275 0.52578 1.2695355730248168 1.6194615297760397
16072 10570502 -0.781841598288623 -0.05355306619354938 0.52578 1.2695355730248168 1.6194615297760397
16073 10570502 -0.8085441643718398 -0.05440290636637449 0.52578 1.2695355730248168 1.6194615297760397
16074 10570502 -0.8426416451935086 -0.05926064574680004 0.5334 1.2695355730248168 1.6194615297760397
16075 10570502 -0.8702455303655161 -0.06110072109405326 0.5334 1.2695355730248168 1.6194615297760397
16076 10570502 -0.9079861062658448 -0.06243031344052055 0.54102 1.2695355730248168 1.6194615297760397
16077 10570502 -0.9433814978315385 -0.06908312752731885 0.54102 1.2695355730248168 1.6194615297760397
16078 10570502 -0.9777985421534874 -0.07220013574374398 0.54864 1.2695355730248168 1.6194615297760397
16079 10570502 -1.0147109927350921 -0.0818616702280768 0.54864 1.2695355730248168 1.6194615297760397
16080 10570502 -1.0671807405226117 -0.09835315495334421 0.55626 1.2695355730248168 1.6194615297760397
16081 10570502 -1.0828501012870317 -0.10280986802294004 0.55626 1.2695355730248168 1.6194615297760397
16082 10570502 -1.1171442185138831 -0.1194026593293688 0.56388 1.2695355730248168 1.6194615297760397
16083 10570502 -1.149895751745776 -0.14105638341773788 0.56388 1.2695355730248168 1.6194615297760397
16084 10570502 -1.1732647031296384 -0.1606374088508771 0.5715 1.2695355730248168 1.6194615297760397
16085 10570502 -1.214626409140904 -0.2015574255380839 0.5715 1.2695355730248168 1.6194615297760397
16086 10570502 -1.2380103405217995 -0.224171196834869 0.57912 1.2695355730248168 1.6194615297760397
16087 10570502 -1.2586850655708586 -0.2547979087146369 0.57912 1.2695355730248168 1.6194615297760397
16088 10570502 -1.2748297841056953 -0.2851534435477229 0.57912 1.2695355730248168 1.6194615297760397
16089 10570502 -1.2908408472414583 -0.3191746093420821 0.58674 1.2695355730248168 1.6194615297760397
16090 10570502 -1.3021470150343613 -0.3449200874572378 0.58674 1.2695355730248168 1.6194615297760397
16091 10570502 -1.3134531828272642 -0.3706655655723935 0.58674 1.2695355730248168 1.6194615297760397
16092 10570502 -1.3284678074198772 -0.4165793834007425 0.59436 1.2695355730248168 1.6194615297760397
16093 10570502 -1.3365252668096157 -0.4500469172404471 0.5981700000000001 1.2695355730248168 1.6194615297760397
16094 10570502 -1.3445827261993542 -0.4835144510801517 0.6019800000000001 1.2695355730248168 1.6194615297760397
16095 10570502 -1.3454672932586769 -0.5174582474708104 0.6019800000000001 1.2695355730248168 1.6194615297760397
16096 10570502 -1.3534491487335523 -0.5608815834468379 0.6096 1.2695355730248168 1.6194615297760397
16097 10570502 -1.3558997027882416 -0.6009729236586704 0.6096 1.2695355730248168 1.6194615297760397
16098 10570502 -1.360766254925957 -0.6484527225837533 0.61722 1.2695355730248168 1.6194615297760397
16099 10570502 -1.3632424452589522 -0.6913397123539459 0.61722 1.2695355730248168 1.6194615297760397
16100 10570502 -1.361429783382529 -0.7346944817029635 0.6248400000000001 1.2695355730248168 1.6194615297760397
16101 10570502 -1.360868363726483 -0.7682931736015304 0.6248400000000001 1.2695355730248168 1.6194615297760397
16102 10570502 -1.360065243478392 -0.8011530322858559 0.6248400000000001 1.2695355730248168 1.6194615297760397
16103 10570502 -1.35683705108782 -0.8401803258765691 0.63246 1.2695355730248168 1.6194615297760397
16104 10570502 -1.3566546978157759 -0.885805920735537 0.63246 1.2695355730248168 1.6194615297760397
16105 10570502 -1.3544787173516297 -0.9334854223641537 0.6400800000000001 1.2695355730248168 1.6194615297760397
16106 10570502 -1.3493006947473634 -0.9953489484226005 0.6400800000000001 1.2695355730248168 1.6194615297760397
16107 10570502 -1.3458821631553135 -1.0283628743496986 0.6400800000000001 1.2695355730248168 1.6194615297760397
16108 10570502 -1.3440922836280043 -1.072878264915573 0.6477 1.2695355730248168 1.6194615297760397
16109 10570502 -1.342059136871956 -1.0924704030252383 0.6477 1.2695355730248168 1.6194615297760397
16110 10570502 -1.340025990115908 -1.1120625411349037 0.6477 1.2695355730248168 1.6194615297760397
16111 10570502 -1.337779969481397 -1.159531052328384 0.65532 1.2695355730248168 1.6194615297760397
16112 10570502 -1.3307626108937385 -1.2184906389382084 0.65532 1.2695355730248168 1.6194615297760397
16113 10570502 -1.326409212468416 -1.2578854871842802 0.65532 1.2695355730248168 1.6194615297760397
16114 10570502 -1.3248358630943684 -1.3019793600698208 0.6629400000000001 1.2695355730248168 1.6194615297760397
16115 10570502 -1.3216747831594764 -1.341217943142486 0.6629400000000001 1.2695355730248168 1.6194615297760397
16116 10570502 -1.3126538040533775 -1.3815546651683488 0.67056 1.2695355730248168 1.6194615297760397
16117 10570502 -1.3101176061216313 -1.426781081977331 0.67056 1.2695355730248168 1.6194615297760397
16118 10570502 -1.3024364111682105 -1.488878170163909 0.6781800000000001 1.2695355730248168 1.6194615297760397
16119 10570502 -1.30007015817258 -1.50881269144892 0.6781800000000001 1.2695355730248168 1.6194615297760397
16120 10570502 -1.2920817653011742 -1.5740477713711463 0.6858000000000001 1.2695355730248168 1.6194615297760397
16121 10570502 -1.2880321934819678 -1.5969861376816386 0.6858000000000001 1.2695355730248168 1.6194615297760397
16122 10570502 -1.2819718236172355 -1.6640441976127105 0.69342 1.2695355730248168 1.6194615297760397
16123 10570502 -1.2775363136078843 -1.7034654378492025 0.69342 1.2695355730248168 1.6194615297760397
16124 10570502 -1.268513591980488 -1.743802246839645 0.7010400000000001 1.2695355730248168 1.6194615297760397
16125 10570502 -1.262467386940618 -1.7905263584316018 0.7010400000000001 1.2695355730248168 1.6194615297760397
16126 10570502 -1.2612341643146436 -1.8207221306967525 0.7048500000000001 1.2695355730248168 1.6194615297760397
16127 10570502 -1.2600009416886693 -1.850917902961903 0.7086600000000001 1.2695355730248168 1.6194615297760397
16128 10570502 -1.251115547559048 -1.8916769529630877 0.7086600000000001 1.2695355730248168 1.6194615297760397
16129 10570502 -1.2503586998758462 -1.9409944317880246 0.7162800000000001 1.2695355730248168 1.6194615297760397
16130 10570502 -1.2439664411392524 -1.9866631081630748 0.7162800000000001 1.2695355730248168 1.6194615297760397
16131 10570502 -1.2414672322870748 -2.025217309916665 0.7162800000000001 1.2695355730248168 1.6194615297760397
16132 10570502 -1.2393969898223893 -2.068888728533772 0.7239000000000001 1.2695355730248168 1.6194615297760397
16133 10570502 -1.2335157327874862 -2.1096000404648096 0.7239000000000001 1.2695355730248168 1.6194615297760397
16134 10570502 -1.229583233983085 -2.149206877615725 0.7239000000000001 1.2695355730248168 1.6194615297760397
16135 10570502 -1.226275909575605 -2.2206214785027982 0.73152 1.2695355730248168 1.6194615297760397
16136 10570502 -1.2236092041916808 -2.265188708893788 0.73152 1.2695355730248168 1.6194615297760397
16137 10570502 -1.2216534855884402 -2.3097571316442886 0.73914 1.2695355730248168 1.6194615297760397
16138 10570502 -1.2204973249644415 -2.3412125420137944 0.741045 1.2695355730248168 1.6194615297760397
16139 10570502 -1.2193411643404428 -2.3726679523832996 0.74295 1.2695355730248168 1.6194615297760397
16140 10570502 -1.2162458136152734 -2.445414945405793 0.74676 1.2695355730248168 1.6194615297760397
16141 10570502 -1.2152450707383777 -2.4681738903497994 0.75057 1.2695355730248168 1.6194615297760397
16142 10570502 -1.214244327861482 -2.490932835293806 0.75438 1.2695355730248168 1.6194615297760397
16143 10570502 -1.2122877030056791 -2.535501363387879 0.75438 1.2695355730248168 1.6194615297760397
16144 10570502 -1.2067538273205283 -2.582173913221966 0.762 1.2695355730248168 1.6194615297760397
16145 10570502 -1.2094900472848364 -2.6285964028802504 0.762 1.2695355730248168 1.6194615297760397
16146 10570502 -1.2055190104682552 -2.6789639202019804 0.76962 1.2695355730248168 1.6194615297760397
16147 10570502 -1.203663726868071 -2.7222140102485897 0.76962 1.2695355730248168 1.6194615297760397
16148 10570502 -1.2012041061033554 -2.7565487456262074 0.77724 1.2695355730248168 1.6194615297760397
16149 10570502 -1.2040699533744916 -2.8077188458491764 0.77724 1.2695355730248168 1.6194615297760397
16150 10570502 -1.1999141673004818 -2.871114870010921 0.78486 1.2695355730248168 1.6194615297760397
16151 10570502 -1.200461764872318 -2.8945358237797567 0.78486 1.2695355730248168 1.6194615297760397
16152 10570502 -1.19595123638126 -2.9595665033732415 0.78486 1.2695355730248168 1.6194615297760397
16153 10570502 -1.1934646065119308 -3.003606897450051 0.78486 1.2695355730248168 1.6194615297760397
16154 10570502 -1.1927029323753866 -3.052924961931415 0.78486 1.2695355730248168 1.6194615297760397
16155 10570502 -1.190707175886759 -3.0807989612140982 0.78486 1.2695355730248168 1.6194615297760397
16156 10570502 -1.1887114193981312 -3.1086729604967815 0.78486 1.2695355730248168 1.6194615297760397
16157 10570502 -1.1863621922676784 -3.153135634662622 0.7924800000000001 1.2695355730248168 1.6194615297760397
16158 10570502 -1.1841819258589956 -3.194038116748829 0.7924800000000001 1.2695355730248168 1.6194615297760397
16159 10570502 -1.1802594289424955 -3.2649513803659556 0.7924800000000001 1.2695355730248168 1.6194615297760397
16160 10570502 -1.1784018611348686 -3.308201735510307 0.7924800000000001 1.2695355730248168 1.6194615297760397
16161 10570502 -1.177683987989614 -3.3565705689881975 0.8001 1.2695355730248168 1.6194615297760397
16162 10570502 -1.1723440315903908 -3.40656695433542 0.8001 1.2695355730248168 1.6194615297760397
16163 10570502 -1.1720384322248953 -3.4545672858367413 0.8001 1.2695355730248168 1.6194615297760397
16164 10570502 -1.1643378676155909 -3.5084895415611643 0.8001 1.2695355730248168 1.6194615297760397
16165 10570502 -1.1644267681993925 -3.548182732552214 0.80772 1.2695355730248168 1.6194615297760397
16166 10570502 -1.1603526520062253 -3.618911385107405 0.80772 1.2695355730248168 1.6194615297760397
16167 10570502 -1.1581351952489265 -3.6439367669860756 0.8115300000000001 1.2695355730248168 1.6194615297760397
16168 10570502 -1.1559177384916277 -3.668962148864747 0.8153400000000001 1.2695355730248168 1.6194615297760397
16169 10570502 -1.1494297789504964 -3.7347549024308577 0.82296 1.2695355730248168 1.6194615297760397
16170 10570502 -1.1458247015744643 -3.77565525831646 0.82296 1.2695355730248168 1.6194615297760397
16171 10570502 -1.1420570175324378 -3.844063652077857 0.8305800000000001 1.2695355730248168 1.6194615297760397
16172 10570502 -1.1399556920512743 -3.871621202784148 0.8305800000000001 1.2695355730248168 1.6194615297760397
16173 10570502 -1.1392466638909629 -3.919752975448788 0.8382000000000001 1.2695355730248168 1.6194615297760397
16174 10570502 -1.132252315163969 -3.9704062281732804 0.84582 1.2695355730248168 1.6194615297760397
16175 10570502 -1.128400268009732 -4.0197987760137845 0.84582 1.2695355730248168 1.6194615297760397
16176 10570502 -1.1281610367445625 -4.06801053109744 0.8534400000000001 1.2695355730248168 1.6194615297760397
16177 10570502 -1.120990007204109 -4.129002276707825 0.8534400000000001 1.2695355730248168 1.6194615297760397
16178 10570502 -1.1198158815406003 -4.170276087376884 0.86106 1.2695355730248168 1.6194615297760397
16179 10570502 -1.1137736056353915 -4.222487127903491 0.86106 1.2695355730248168 1.6194615297760397
16180 10570502 -1.1108147739915073 -4.25558196177413 0.86106 1.2695355730248168 1.6194615297760397
16181 10570502 -1.107855942347623 -4.288676795644769 0.86106 1.2695355730248168 1.6194615297760397
16182 10570502 -1.106166724598696 -4.332455377062533 0.86106 1.2695355730248168 1.6194615297760397
16183 10570502 -1.1041323800071394 -4.37517842753647 0.86106 1.2695355730248168 1.6194615297760397
16184 10570502 -1.1004553184868888 -4.399278445486779 0.86106 1.2695355730248168 1.6194615297760397
16185 10570502 -1.0924343612599088 -4.478071662183425 0.86106 1.2695355730248168 1.6194615297760397
16186 10570502 -1.092570116471408 -4.4778959359383315 0.8610512216026912 1.2695355730248168 1.6194615297760397
16187 10570502 -1.092705871682907 -4.477720209693237 0.8610424432053823 1.2695355730248168 1.6194615297760397
16188 10570502 -1.0928416268944061 -4.477544483448143 0.8610336648080734 1.2695355730248168 1.6194615297760397
16189 10570502 -1.0929773821059052 -4.477368757203049 0.8610248864107646 1.2695355730248168 1.6194615297760397
16190 10570502 -1.0931131373174043 -4.477193030957955 0.8610161080134556 1.2695355730248168 1.6194615297760397
16191 10570502 -1.0932488925289034 -4.47701730471286 0.8610073296161468 1.2695355730248168 1.6194615297760397
16192 10570502 -1.0933846477404023 -4.476841578467766 0.8609985512188378 1.2695355730248168 1.6194615297760397
16193 10570502 -1.0935204029519014 -4.4766658522226725 0.860989772821529 1.2695355730248168 1.6194615297760397
16194 10570502 -1.0936561581634006 -4.476490125977578 0.8609809944242202 1.2695355730248168 1.6194615297760397
16195 10570502 -1.0937919133748997 -4.476314399732484 0.8609722160269112 1.2695355730248168 1.6194615297760397
16196 10570502 -1.0939276685863988 -4.47613867348739 0.8609634376296024 1.2695355730248168 1.6194615297760397
16197 10570502 -1.094063423797898 -4.475962947242296 0.8609546592322935 1.2695355730248168 1.6194615297760397
16198 10570502 -1.094199179009397 -4.475787220997201 0.8609458808349846 1.2695355730248168 1.6194615297760397
16199 10570502 -1.0943349342208961 -4.4756114947521075 0.8609371024376757 1.2695355730248168 1.6194615297760397
16200 10570502 -1.0944706894323952 -4.475435768507014 0.8609283240403669 1.2695355730248168 1.6194615297760397
16201 10570502 -1.0946064446438943 -4.47526004226192 0.860919545643058 1.2695355730248168 1.6194615297760397
16202 10570502 -1.0947421998553934 -4.475084316016825 0.8609107672457491 1.2695355730248168 1.6194615297760397
16203 10570502 -1.0948779550668926 -4.474908589771731 0.8609019888484402 1.2695355730248168 1.6194615297760397
16204 10570502 -1.0950137102783917 -4.474732863526637 0.8608932104511313 1.2695355730248168 1.6194615297760397
16205 10570502 -1.0951494654898906 -4.4745571372815425 0.8608844320538225 1.2695355730248168 1.6194615297760397
16206 10570502 -1.0952852207013897 -4.474381411036449 0.8608756536565135 1.2695355730248168 1.6194615297760397
16207 10570502 -1.0954209759128888 -4.474205684791355 0.8608668752592047 1.2695355730248168 1.6194615297760397
16208 10570502 -1.095556731124388 -4.474029958546261 0.8608580968618958 1.2695355730248168 1.6194615297760397
16209 10570502 -1.095692486335887 -4.473854232301166 0.8608493184645869 1.2695355730248168 1.6194615297760397
16210 10570502 -1.0958282415473861 -4.473678506056072 0.8608405400672781 1.2695355730248168 1.6194615297760397
16211 10570502 -1.0959639967588852 -4.473502779810978 0.8608317616699692 1.2695355730248168 1.6194615297760397
16212 10570502 -1.0960997519703843 -4.473327053565884 0.8608229832726603 1.2695355730248168 1.6194615297760397
16213 10570502 -1.0962355071818835 -4.47315132732079 0.8608142048753514 1.2695355730248168 1.6194615297760397
16214 10570502 -1.0963712623933826 -4.472975601075696 0.8608054264780425 1.2695355730248168 1.6194615297760397
16215 10570502 -1.0965070176048817 -4.472799874830602 0.8607966480807336 1.2695355730248168 1.6194615297760397
16216 10570502 -1.0966427728163808 -4.472624148585507 0.8607878696834248 1.2695355730248168 1.6194615297760397
16217 10570502 -1.09677852802788 -4.472448422340413 0.8607790912861158 1.2695355730248168 1.6194615297760397
16218 10570502 -1.0969142832393788 -4.472272696095319 0.860770312888807 1.2695355730248168 1.6194615297760397
16219 10570502 -1.097050038450878 -4.472096969850225 0.8607615344914982 1.2695355730248168 1.6194615297760397
16220 10570502 -1.097185793662377 -4.471921243605131 0.8607527560941892 1.2695355730248168 1.6194615297760397
16221 10570502 -1.0973215488738761 -4.471745517360037 0.8607439776968804 1.2695355730248168 1.6194615297760397
16222 10570502 -1.0974573040853752 -4.471569791114943 0.8607351992995715 1.2695355730248168 1.6194615297760397
16223 10570502 -1.0975930592968743 -4.471394064869848 0.8607264209022626 1.2695355730248168 1.6194615297760397
16224 10570502 -1.0977288145083735 -4.471218338624754 0.8607176425049538 1.2695355730248168 1.6194615297760397
16225 10570502 -1.0978645697198726 -4.4710426123796605 0.8607088641076449 1.2695355730248168 1.6194615297760397
16226 10570502 -1.0980003249313717 -4.470866886134567 0.860700085710336 1.2695355730248168 1.6194615297760397
16227 10570502 -1.0981360801428708 -4.470691159889472 0.8606913073130271 1.2695355730248168 1.6194615297760397
16228 10570502 -1.09827183535437 -4.470515433644378 0.8606825289157182 1.2695355730248168 1.6194615297760397
16229 10570502 -1.098407590565869 -4.470339707399284 0.8606737505184093 1.2695355730248168 1.6194615297760397
16230 10570502 -1.098543345777368 -4.470163981154189 0.8606649721211005 1.2695355730248168 1.6194615297760397
16231 10570502 -1.098679100988867 -4.4699882549090955 0.8606561937237915 1.2695355730248168 1.6194615297760397
16232 10570502 -1.0988148562003661 -4.469812528664002 0.8606474153264827 1.2695355730248168 1.6194615297760397
16233 10570502 -1.0989506114118652 -4.469636802418908 0.8606386369291739 1.2695355730248168 1.6194615297760397
16234 10570502 -1.0990863666233643 -4.469461076173813 0.8606298585318649 1.2695355730248168 1.6194615297760397
16235 10570502 -1.0992221218348635 -4.469285349928719 0.8606210801345561 1.2695355730248168 1.6194615297760397
16236 10570502 -1.0993578770463626 -4.469109623683625 0.8606123017372472 1.2695355730248168 1.6194615297760397
16237 10570502 -1.0994936322578617 -4.46893389743853 0.8606035233399383 1.2695355730248168 1.6194615297760397
16238 10570502 -1.0996293874693608 -4.4687581711934365 0.8605947449426294 1.2695355730248168 1.6194615297760397
16239 10570502 -1.09976514268086 -4.468582444948343 0.8605859665453205 1.2695355730248168 1.6194615297760397
16240 10570502 -1.099900897892359 -4.468406718703249 0.8605771881480117 1.2695355730248168 1.6194615297760397
16241 10570502 -1.1000366531038581 -4.468230992458154 0.8605684097507028 1.2695355730248168 1.6194615297760397
16242 10570502 -1.1001724083153572 -4.46805526621306 0.8605596313533939 1.2695355730248168 1.6194615297760397
16243 10570502 -1.1003081635268561 -4.467879539967966 0.860550852956085 1.2695355730248168 1.6194615297760397
16244 10570502 -1.1004439187383552 -4.4677038137228715 0.8605420745587762 1.2695355730248168 1.6194615297760397
16245 10570502 -1.1005796739498543 -4.467528087477778 0.8605332961614672 1.2695355730248168 1.6194615297760397
