17011 11390060 1.0321750661726843 0.12476432601932372 0.36576 0.9690319315923277 1.8153108089675558
17012 11390060 1.0318187019023162 0.12367355097974032 0.36576 0.9690319315923277 1.8153108089675558
17013 11390060 1.031462337631948 0.12258277594015692 0.36576 0.9690319315923277 1.8153108089675558
17014 11390060 1.03110597336158 0.12149200090057352 0.36576 0.9690319315923277 1.8153108089675558
17015 11390060 1.0307496090912118 0.12040122586099011 0.36576 0.9690319315923277 1.8153108089675558
17016 11390060 1.0303932448208435 0.11931045082140672 0.36576 0.9690319315923277 1.8153108089675558
17017 11390060 1.0300368805504754 0.11821967578182331 0.36576 0.9690319315923277 1.8153108089675558
17018 11390060 1.0296805162801073 0.11712890074223992 0.36576 0.9690319315923277 1.8153108089675558
17019 11390060 1.0293241520097391 0.11603812570265651 0.36576 0.9690319315923277 1.8153108089675558
17020 11390060 1.028967787739371 0.11494735066307311 0.36576 0.9690319315923277 1.8153108089675558
17021 11390060 1.0294917991667085 0.1146133762692492 0.36566846846846845 0.9690319315923277 1.8153108089675558
17022 11390060 1.030015810594046 0.11427940187542528 0.36557693693693694 0.9690319315923277 1.8153108089675558
17023 11390060 1.0305398220213837 0.11394542748160136 0.36548540540540536 0.9690319315923277 1.8153108089675558
17024 11390060 1.0310638334487212 0.11361145308777745 0.36539387387387384 0.9690319315923277 1.8153108089675558
17025 11390060 1.0315878448760587 0.11327747869395353 0.3653023423423423 0.9690319315923277 1.8153108089675558
17026 11390060 1.0321118563033962 0.11294350430012962 0.3652108108108108 0.9690319315923277 1.8153108089675558
17027 11390060 1.0326358677307337 0.1126095299063057 0.36511927927927923 0.9690319315923277 1.8153108089675558
17028 11390060 1.0331598791580712 0.11227555551248178 0.3650277477477477 0.9690319315923277 1.8153108089675558
17029 11390060 1.0336838905854089 0.11194158111865786 0.3649362162162162 0.9690319315923277 1.8153108089675558
17030 11390060 1.0342079020127464 0.11160760672483394 0.3648446846846847 0.9690319315923277 1.8153108089675558
17031 11390060 1.0347319134400839 0.11127363233101004 0.36475315315315315 0.9690319315923277 1.8153108089675558
17032 11390060 1.0352559248674214 0.11093965793718612 0.3646616216216216 0.9690319315923277 1.8153108089675558
17033 11390060 1.0357799362947588 0.1106056835433622 0.36457009009009006 0.9690319315923277 1.8153108089675558
17034 11390060 1.0363039477220966 0.11027170914953828 0.36447855855855854 0.9690319315923277 1.8153108089675558
17035 11390060 1.036827959149434 0.10993773475571436 0.364387027027027 0.9690319315923277 1.8153108089675558
17036 11390060 1.0373519705767715 0.10960376036189044 0.36429549549549545 0.9690319315923277 1.8153108089675558
17037 11390060 1.037875982004109 0.10926978596806652 0.36420396396396393 0.9690319315923277 1.8153108089675558
17038 11390060 1.0383999934314465 0.1089358115742426 0.3641124324324324 0.9690319315923277 1.8153108089675558
17039 11390060 1.038924004858784 0.1086018371804187 0.3640209009009009 0.9690319315923277 1.8153108089675558
17040 11390060 1.0394480162861217 0.10826786278659478 0.36392936936936937 0.9690319315923277 1.8153108089675558
17041 11390060 1.0399720277134592 0.10793388839277086 0.3638378378378378 0.9690319315923277 1.8153108089675558
17042 11390060 1.0404960391407967 0.10759991399894694 0.3637463063063063 0.9690319315923277 1.8153108089675558
17043 11390060 1.0410200505681342 0.10726593960512303 0.36365477477477476 0.9690319315923277 1.8153108089675558
17044 11390060 1.0415440619954717 0.10693196521129911 0.36356324324324324 0.9690319315923277 1.8153108089675558
17045 11390060 1.0420680734228094 0.10659799081747519 0.36347171171171166 0.9690319315923277 1.8153108089675558
17046 11390060 1.0425920848501469 0.10626401642365127 0.36338018018018015 0.9690319315923277 1.8153108089675558
17047 11390060 1.0431160962774844 0.10593004202982736 0.3632886486486486 0.9690319315923277 1.8153108089675558
17048 11390060 1.0436401077048219 0.10559606763600345 0.3631971171171171 0.9690319315923277 1.8153108089675558
17049 11390060 1.0441641191321593 0.10526209324217953 0.3631055855855856 0.9690319315923277 1.8153108089675558
17050 11390060 1.0446881305594968 0.10492811884835561 0.363014054054054 0.9690319315923277 1.8153108089675558
17051 11390060 1.0452121419868345 0.10459414445453169 0.3629225225225225 0.9690319315923277 1.8153108089675558
17052 11390060 1.045736153414172 0.10426017006070777 0.362830990990991 0.9690319315923277 1.8153108089675558
17053 11390060 1.0462601648415095 0.10392619566688385 0.36273945945945946 0.9690319315923277 1.8153108089675558
17054 11390060 1.046784176268847 0.10359222127305995 0.3626479279279279 0.9690319315923277 1.8153108089675558
17055 11390060 1.0473081876961845 0.10325824687923603 0.36255639639639636 0.9690319315923277 1.8153108089675558
17056 11390060 1.047832199123522 0.10292427248541211 0.36246486486486484 0.9690319315923277 1.8153108089675558
17057 11390060 1.0483562105508597 0.10259029809158819 0.3623733333333333 0.9690319315923277 1.8153108089675558
17058 11390060 1.0488802219781972 0.10225632369776427 0.3622818018018018 0.9690319315923277 1.8153108089675558
17059 11390060 1.0494042334055347 0.10192234930394035 0.36219027027027023 0.9690319315923277 1.8153108089675558
17060 11390060 1.0499282448328722 0.10158837491011644 0.3620987387387387 0.9690319315923277 1.8153108089675558
17061 11390060 1.0504522562602097 0.10125440051629253 0.3620072072072072 0.9690319315923277 1.8153108089675558
17062 11390060 1.0509762676875474 0.10092042612246861 0.3619156756756757 0.9690319315923277 1.8153108089675558
17063 11390060 1.0515002791148849 0.1005864517286447 0.3618241441441441 0.9690319315923277 1.8153108089675558
17064 11390060 1.0520242905422224 0.10025247733482077 0.3617326126126126 0.9690319315923277 1.8153108089675558
17065 11390060 1.0525483019695598 0.09991850294099686 0.36164108108108106 0.9690319315923277 1.8153108089675558
17066 11390060 1.0530723133968973 0.09958452854717294 0.36154954954954954 0.9690319315923277 1.8153108089675558
17067 11390060 1.0535963248242348 0.09925055415334902 0.361458018018018 0.9690319315923277 1.8153108089675558
17068 11390060 1.0541203362515725 0.09891657975952511 0.36136648648648645 0.9690319315923277 1.8153108089675558
17069 11390060 1.05464434767891 0.0985826053657012 0.36127495495495493 0.9690319315923277 1.8153108089675558
17070 11390060 1.0551683591062475 0.09824863097187728 0.3611834234234234 0.9690319315923277 1.8153108089675558
17071 11390060 1.055692370533585 0.09791465657805336 0.3610918918918919 0.9690319315923277 1.8153108089675558
17072 11390060 1.0562163819609225 0.09758068218422944 0.3610003603603603 0.9690319315923277 1.8153108089675558
17073 11390060 1.0567403933882602 0.09724670779040552 0.3609088288288288 0.9690319315923277 1.8153108089675558
17074 11390060 1.0572644048155977 0.0969127333965816 0.3608172972972973 0.9690319315923277 1.8153108089675558
17075 11390060 1.0577884162429352 0.0965787590027577 0.36072576576576576 0.9690319315923277 1.8153108089675558
17076 11390060 1.0583124276702727 0.09624478460893378 0.36063423423423424 0.9690319315923277 1.8153108089675558
17077 11390060 1.0588364390976102 0.09591081021510986 0.36054270270270267 0.9690319315923277 1.8153108089675558
17078 11390060 1.0593604505249476 0.09557683582128594 0.36045117117117115 0.9690319315923277 1.8153108089675558
17079 11390060 1.0598844619522854 0.09524286142746202 0.36035963963963963 0.9690319315923277 1.8153108089675558
17080 11390060 1.0604084733796229 0.0949088870336381 0.3602681081081081 0.9690319315923277 1.8153108089675558
