18458 10520887 -0.5629691285364777 4.823314803483192 0.9144000000000001 1.5869194662810213 2.024326912220049
18459 10520887 -0.5459023869190136 4.775084088853347 0.9144000000000001 1.5869194662810213 2.024326912220049
18460 10520887 -0.531739852169727 4.731542543857699 0.9144000000000001 1.5869194662810213 2.024326912220049
18461 10520887 -0.5191540578726848 4.691321118502405 0.9144000000000001 1.5869194662810213 2.024326912220049
18462 10520887 -0.509380316978727 4.6479302531785835 0.9144000000000001 1.5869194662810213 2.024326912220049
18463 10520887 -0.48906572279924987 4.58520079081997 0.9144000000000001 1.5869194662810213 2.024326912220049
18464 10520887 -0.4769602143534888 4.545136786710898 0.9144000000000001 1.5869194662810213 2.024326912220049
18465 10520887 -0.4622805043166982 4.50154344093277 0.9144000000000001 1.5869194662810213 2.024326912220049
18466 10520887 -0.45376320513292834 4.4773753642856065 0.9144000000000001 1.5869194662810213 2.024326912220049
18467 10520887 -0.44524590594915847 4.453207287638443 0.9144000000000001 1.5869194662810213 2.024326912220049
18468 10520887 -0.42330768974025523 4.386208503341975 0.9144000000000001 1.5869194662810213 2.024326912220049
18469 10520887 -0.4103422310922462 4.345513114075896 0.88392 1.5869194662810213 2.024326912220049
18470 10520887 -0.3973083234173538 4.295798719132965 0.88392 1.5869194662810213 2.024326912220049
18471 10520887 -0.3836230209769518 4.2616447922946605 0.88392 1.5869194662810213 2.024326912220049
18472 10520887 -0.36981025458868566 4.219737808257908 0.88392 1.5869194662810213 2.024326912220049
18473 10520887 -0.3583527540219875 4.173343518091933 0.88392 1.5869194662810213 2.024326912220049
18474 10520887 -0.3331980443908351 4.100970621394822 0.88392 1.5869194662810213 2.024326912220049
18475 10520887 -0.31941878340353047 4.0589581289932655 0.88392 1.5869194662810213 2.024326912220049
18476 10520887 -0.3092083197389761 4.022319232369705 0.88392 1.5869194662810213 2.024326912220049
18477 10520887 -0.29847046328701066 3.9900062462716184 0.88392 1.5869194662810213 2.024326912220049
18478 10520887 -0.2877326068350452 3.957693260173532 0.88392 1.5869194662810213 2.024326912220049
18479 10520887 -0.2731079265400933 3.912834131730023 0.88392 1.5869194662810213 2.024326912220049
18480 10520887 -0.26115708872921717 3.8652276298653465 0.88392 1.5869194662810213 2.024326912220049
18481 10520887 -0.24580894835170697 3.820949976141829 0.88392 1.5869194662810213 2.024326912220049
18482 10520887 -0.23345932526498125 3.7799898966804313 0.88392 1.5869194662810213 2.024326912220049
18483 10520887 -0.21787286867654365 3.7424111497907258 0.88392 1.5869194662810213 2.024326912220049
18484 10520887 -0.21156949494934074 3.6965352129869284 0.88392 1.5869194662810213 2.024326912220049
18485 10520887 -0.1959023509587714 3.6589302574227545 0.88392 1.5869194662810213 2.024326912220049
18486 10520887 -0.17888279741871593 3.611886578140659 0.88392 1.5869194662810213 2.024326912220049
18487 10520887 -0.16981504571929995 3.5853197801778838 0.88392 1.5869194662810213 2.024326912220049
18488 10520887 -0.14763859225263687 3.518479980248133 0.88392 1.5869194662810213 2.024326912220049
18489 10520887 -0.13058651276735123 3.4690893124698325 0.88392 1.5869194662810213 2.024326912220049
18490 10520887 -0.1050687502141574 3.405947609255446 0.88392 1.5869194662810213 2.024326912220049
18491 10520887 -0.0874473518054566 3.3620961306828443 0.88392 1.5869194662810213 2.024326912220049
18492 10520887 -0.07642599276421391 3.329282730013447 0.88392 1.5869194662810213 2.024326912220049
18493 10520887 -0.06540463372297123 3.29646932934405 0.88392 1.5869194662810213 2.024326912220049
18494 10520887 -0.05696505243866323 3.2706926364372886 0.88392 1.5869194662810213 2.024326912220049
18495 10520887 -0.03854883727181868 3.22926887962757 0.88392 1.5869194662810213 2.024326912220049
18496 10520887 -0.013418017261815463 3.1567909808437054 0.88392 1.5869194662810213 2.024326912220049
18497 10520887 0.0035542762623648194 3.115021858343846 0.88392 1.5869194662810213 2.024326912220049
18498 10520887 0.028189479157410102 3.068176788739421 0.88392 1.5869194662810213 2.024326912220049
18499 10520887 0.033658403529558956 3.0401004179649744 0.88392 1.5869194662810213 2.024326912220049
18500 10520887 0.0633982228104063 2.9762810467789302 0.88392 1.5869194662810213 2.024326912220049
18501 10520887 0.0796767764866737 2.928313343866841 0.88392 1.5869194662810213 2.024326912220049
18502 10520887 0.1031735155461333 2.8671199705933956 0.88392 1.5869194662810213 2.024326912220049
18503 10520887 0.11168447294110362 2.8469871484853346 0.88392 1.5869194662810213 2.024326912220049
18504 10520887 0.12019543033607394 2.826854326377273 0.88392 1.5869194662810213 2.024326912220049
18505 10520887 0.13833956202897713 2.7753562244206043 0.88392 1.5869194662810213 2.024326912220049
18506 10520887 0.14861585909711694 2.7399835451146948 0.88392 1.5869194662810213 2.024326912220049
18507 10520887 0.1763481131693908 2.661867112168781 0.88392 1.5869194662810213 2.024326912220049
18508 10520887 0.19521261432030246 2.6177282362439205 0.88392 1.5869194662810213 2.024326912220049
18509 10520887 0.20747012053896652 2.5696741964853507 0.88392 1.5869194662810213 2.024326912220049
18510 10520887 0.22416582356704084 2.5229732833898755 0.88392 1.5869194662810213 2.024326912220049
18511 10520887 0.24362973690157097 2.460295913876707 0.9144000000000001 1.5869194662810213 2.024326912220049
18512 10520887 0.26232712106147527 2.4088517236701548 0.9144000000000001 1.5869194662810213 2.024326912220049
18513 10520887 0.2700241793802415 2.3821508230905346 0.9144000000000001 1.5869194662810213 2.024326912220049
18514 10520887 0.2777212376990077 2.3554499225109145 0.9144000000000001 1.5869194662810213 2.024326912220049
18515 10520887 0.2953743710136115 2.3127594374190332 0.9144000000000001 1.5869194662810213 2.024326912220049
18515 11080625 1.2216954377916176 0.004086513225114857 0.34290000000000004 1.5869194662810213 2.024326912220049
18516 10520887 0.31419568573865064 2.268752527298956 0.9144000000000001 1.5869194662810213 2.024326912220049
18516 11080625 1.2055393054992283 0.004107230621480988 0.33909 1.5869194662810213 2.024326912220049
18517 11080625 1.189383173206839 0.004127948017847119 0.33528 1.5869194662810213 2.024326912220049
18517 10520887 0.32608905632960283 2.2209352159240736 0.9144000000000001 1.5869194662810213 2.024326912220049
18518 10520887 0.3442710411052302 2.178773228187234 0.9144000000000001 1.5869194662810213 2.024326912220049
18518 11080625 1.148047767627163 0.005364861520300412 0.34290000000000004 1.5869194662810213 2.024326912220049
18519 11080625 1.1055862330023078 0.003698787143681062 0.34290000000000004 1.5869194662810213 2.024326912220049
18519 10520887 0.36699871169221443 2.109772699878976 0.9144000000000001 1.5869194662810213 2.024326912220049
18520 11080625 1.0736366505887904 0.0031671809508098626 0.34594800000000003 1.5869194662810213 2.024326912220049
18520 10520887 0.3880538472182986 2.0628163578799295 0.9144000000000001 1.5869194662810213 2.024326912220049
18521 11080625 1.041687068175273 0.0026355747579386636 0.34899600000000003 1.5869194662810213 2.024326912220049
18521 10520887 0.4030453693168883 2.0163234668034975 0.9144000000000001 1.5869194662810213 2.024326912220049
18522 10520887 0.4168921966159774 1.9819465566530376 0.9144000000000001 1.5869194662810213 2.024326912220049
18522 11080625 1.0097374857617556 0.0021039685650674645 0.352044 1.5869194662810213 2.024326912220049
18523 11080625 0.9777879033482382 0.001572362372196265 0.355092 1.5869194662810213 2.024326912220049
18523 10520887 0.43073902391506647 1.947569646502578 0.9144000000000001 1.5869194662810213 2.024326912220049
18524 11080625 0.9458383209347208 0.0010407561793250655 0.35814 1.5869194662810213 2.024326912220049
18524 10520887 0.44967774490410184 1.9036422958107961 0.9144000000000001 1.5869194662810213 2.024326912220049
18525 10520887 0.4664215692600776 1.8543572775544228 0.9144000000000001 1.5869194662810213 2.024326912220049
18525 11080625 0.9138887385212032 0.0005091499864538665 0.361188 1.5869194662810213 2.024326912220049
18526 10520887 0.4796892666995415 1.8134521832533868 0.9144000000000001 1.5869194662810213 2.024326912220049
18526 11080625 0.8819391561076858 -2.245620641733257e-05 0.364236 1.5869194662810213 2.024326912220049
18527 11080625 0.8499895736941684 -0.0005540623992885321 0.367284 1.5869194662810213 2.024326912220049
18527 10520887 0.5047756869694215 1.7489396047862302 0.9144000000000001 1.5869194662810213 2.024326912220049
18528 11080625 0.818039991280651 -0.0010856685921597315 0.370332 1.5869194662810213 2.024326912220049
18528 10520887 0.5198401572352793 1.7042930380067365 0.9144000000000001 1.5869194662810213 2.024326912220049
18529 10520887 0.5357167497481855 1.6575118470807 0.9144000000000001 1.5869194662810213 2.024326912220049
18529 11080625 0.7860904088671335 -0.001617274785030931 0.37338 1.5869194662810213 2.024326912220049
18530 10520887 0.5535623441538844 1.6075169452457163 0.9144000000000001 1.5869194662810213 2.024326912220049
18530 11080625 0.7741066816670727 -0.002958958349059765 0.37338 1.5869194662810213 2.024326912220049
18531 10520887 0.5642886777839968 1.5744529377052294 0.9144000000000001 1.5869194662810213 2.024326912220049
18531 11080625 0.7367025162583882 -0.003004068417402077 0.375285 1.5869194662810213 2.024326912220049
18532 11080625 0.6992983508497036 -0.0030491784857443888 0.37719 1.5869194662810213 2.024326912220049
18532 10520887 0.5750150114141092 1.5413889301647425 0.9144000000000001 1.5869194662810213 2.024326912220049
18533 11080625 0.661894185441019 -0.0030942885540867007 0.379095 1.5869194662810213 2.024326912220049
18533 10520887 0.6003220839636512 1.4768637673450036 0.9144000000000001 1.5869194662810213 2.024326912220049
18534 11080625 0.6244900200323344 -0.0031393986224290127 0.381 1.5869194662810213 2.024326912220049
18534 10520887 0.614501471502789 1.4336463328477986 0.92964 1.5869194662810213 2.024326912220049
18535 11080625 0.5911450911759287 -0.002991710739992423 0.38862 1.5869194662810213 2.024326912220049
18535 10520887 0.6286808590419268 1.390428898350594 0.9448799999999999 1.5869194662810213 2.024326912220049
18536 11080625 0.5565914414825959 -0.00817348214392663 0.38862 1.5869194662810213 2.024326912220049
18536 10520887 0.6435520587508824 1.3449117926117247 0.9448799999999999 1.5869194662810213 2.024326912220049
18537 11080625 0.5091805053083193 -0.003779580362991003 0.39624000000000004 1.5869194662810213 2.024326912220049
18537 10520887 0.6623965587590599 1.2938903949802851 0.9448799999999999 1.5869194662810213 2.024326912220049
18538 11080625 0.4783320397280365 -0.007134190669565277 0.40005 1.5869194662810213 2.024326912220049
18538 10520887 0.6769441692830642 1.2568910351734763 0.9448799999999999 1.5869194662810213 2.024326912220049
18539 10520887 0.6884218285245325 1.2104972156119649 0.9448799999999999 1.5869194662810213 2.024326912220049
18539 11080625 0.4474835741477538 -0.01048880097613955 0.40386 1.5869194662810213 2.024326912220049
18540 11080625 0.42587036586354843 -0.008683201012334024 0.40386 1.5869194662810213 2.024326912220049
18540 10520887 0.706145738406917 1.1614780533587026 0.9448799999999999 1.5869194662810213 2.024326912220049
18541 10520887 0.7232963980278428 1.1120622303987184 0.9448799999999999 1.5869194662810213 2.024326912220049
18541 11080625 0.36219470062486736 -0.009487849453264002 0.41148 1.5869194662810213 2.024326912220049
18542 11080625 0.3286769417481903 -0.009866709551578368 0.41910000000000003 1.5869194662810213 2.024326912220049
18542 10520887 0.7454184296048171 1.045250029569353 0.9448799999999999 1.5869194662810213 2.024326912220049
18543 11080625 0.2957785855099003 -0.009980533425775873 0.41910000000000003 1.5869194662810213 2.024326912220049
18543 10520887 0.7558255727352718 1.017315002603526 0.9448799999999999 1.5869194662810213 2.024326912220049
18544 10520887 0.7766326380570754 0.9532694486787863 0.9448799999999999 1.5869194662810213 2.024326912220049
18544 11080625 0.2680742822277694 -0.010506563087805426 0.42672000000000004 1.5869194662810213 2.024326912220049
18545 11080625 0.22439543138994278 -0.012354237513049482 0.43434000000000006 1.5869194662810213 2.024326912220049
18545 10520887 0.7912676963207946 0.9094662425882002 0.9448799999999999 1.5869194662810213 2.024326912220049
18546 10520887 0.8023697531915109 0.8635464444314246 0.9448799999999999 1.5869194662810213 2.024326912220049
18546 11080625 0.18900787018062792 -0.013289718457701327 0.43434000000000006 1.5869194662810213 2.024326912220049
18547 10520887 0.8200618190960289 0.8144218642883282 0.9448799999999999 1.5869194662810213 2.024326912220049
18547 11080625 0.16975006159233041 -0.012428404724495967 0.43815000000000004 1.5869194662810213 2.024326912220049
18548 11080625 0.1504922530040329 -0.011567090991290607 0.44196 1.5869194662810213 2.024326912220049
18548 10520887 0.8241711532391867 0.794386555606078 0.9448799999999999 1.5869194662810213 2.024326912220049
18549 10520887 0.8282804873823444 0.7743512469238277 0.9448799999999999 1.5869194662810213 2.024326912220049
18549 11080625 0.10275371727370586 -0.013606066503525818 0.44196 1.5869194662810213 2.024326912220049
18550 10520887 0.8534737009936803 0.7019804611685434 0.9448799999999999 1.5869194662810213 2.024326912220049
18550 11080625 0.07372476507254822 -0.01410732837196469 0.44577 1.5869194662810213 2.024326912220049
18551 11080625 0.04469581287139057 -0.014608590240403563 0.44958000000000004 1.5869194662810213 2.024326912220049
18551 10520887 0.8637463718501756 0.6502570746640561 0.9448799999999999 1.5869194662810213 2.024326912220049
18552 10520887 0.872107127387403 0.6013782331578167 0.9448799999999999 1.5869194662810213 2.024326912220049
18552 11080625 0.004489501597218504 -0.01805734747668114 0.44958000000000004 1.5869194662810213 2.024326912220049
18553 10520887 0.8809568285244297 0.5605176326074539 0.9448799999999999 1.5869194662810213 2.024326912220049
18553 11080625 -0.027528926167485146 -0.020910867530878424 0.44958000000000004 1.5869194662810213 2.024326912220049
18554 11080625 -0.07157509890487168 -0.02252003107889558 0.45720000000000005 1.5869194662810213 2.024326912220049
18554 10520887 0.8928457057984373 0.5072149791035365 0.9448799999999999 1.5869194662810213 2.024326912220049
18555 11080625 -0.12528514352510622 -0.02108700786432746 0.45720000000000005 1.5869194662810213 2.024326912220049
18555 10520887 0.9041557709334718 0.46029340259789986 0.9448799999999999 1.5869194662810213 2.024326912220049
18556 10520887 0.914978195571279 0.39285286232456795 0.9448799999999999 1.5869194662810213 2.024326912220049
18556 11080625 -0.14238571715000625 -0.024493424543551773 0.45720000000000005 1.5869194662810213 2.024326912220049
18557 11080625 -0.20336912589230494 -0.026290349826448428 0.46482000000000007 1.5869194662810213 2.024326912220049
18557 10520887 0.9162604492401435 0.36416176921258037 0.9448799999999999 1.5869194662810213 2.024326912220049
18558 11080625 -0.22976290997485638 -0.02280340437125225 0.46482000000000007 1.5869194662810213 2.024326912220049
18558 10520887 0.9274517046392663 0.31143791852996716 0.9448799999999999 1.5869194662810213 2.024326912220049
18559 10520887 0.9325252875003422 0.2644514411418267 0.9448799999999999 1.5869194662810213 2.024326912220049
18559 11080625 -0.2682790978199796 -0.02107850330707714 0.46482000000000007 1.5869194662810213 2.024326912220049
18560 11080625 -0.31113488994700034 -0.024477432671519334 0.46482000000000007 1.5869194662810213 2.024326912220049
18560 10520887 0.9404427139152317 0.20804656044091624 0.9448799999999999 1.5869194662810213 2.024326912220049
18561 10520887 0.9483601403301213 0.15164167974000575 0.9448799999999999 1.5869194662810213 2.024326912220049
18561 11080625 -0.35656260204660906 -0.019441274453656426 0.47243999999999997 1.5869194662810213 2.024326912220049
18562 10520887 0.9562775667450107 0.0952367990390953 0.9448799999999999 1.5869194662810213 2.024326912220049
18562 11080625 -0.41689970940933785 -0.016540829243445326 0.48006 1.5869194662810213 2.024326912220049
18563 10520887 0.961448777801814 0.06077753528181387 0.9448799999999999 1.5869194662810213 2.024326912220049
18563 11080625 -0.4525449091730862 -0.01037922385659587 0.48768 1.5869194662810213 2.024326912220049
18564 10520887 0.9666199888586173 0.02631827152453245 0.9448799999999999 1.5869194662810213 2.024326912220049
18564 11080625 -0.4796670085733763 -0.006945312603467896 0.48768 1.5869194662810213 2.024326912220049
18565 11080625 -0.5067891079736664 -0.003511401350339921 0.48768 1.5869194662810213 2.024326912220049
18565 10520887 0.9717067472758176 -0.020633146550782598 0.9448799999999999 1.5869194662810213 2.024326912220049
18566 10520887 0.9767935056930179 -0.06758456462609765 0.9448799999999999 1.5869194662810213 2.024326912220049
18566 11080625 -0.5503551515095007 0.00559068951947958 0.4953 1.5869194662810213 2.024326912220049
18567 11080625 -0.5861263127931453 0.011910989526129762 0.50292 1.5869194662810213 2.024326912220049
18567 10520887 0.9818802641102182 -0.11453598270141269 0.9448799999999999 1.5869194662810213 2.024326912220049
18568 11080625 -0.6254456458743767 0.024765860932109446 0.51054 1.5869194662810213 2.024326912220049
18568 10520887 0.9842289738485227 -0.1589961468967175 0.9448799999999999 1.5869194662810213 2.024326912220049
18569 11080625 -0.6647649071547077 0.0376209519538189 0.51054 1.5869194662810213 2.024326912220049
18569 10520887 0.9899442211713624 -0.20946278948580835 0.9448799999999999 1.5869194662810213 2.024326912220049
18570 10520887 0.9936031940891346 -0.2648652144664069 0.9448799999999999 1.5869194662810213 2.024326912220049
18570 11080625 -0.6972808323589192 0.05362630985100483 0.5181600000000001 1.5869194662810213 2.024326912220049
18571 11080625 -0.7370875421102634 0.07178194534089413 0.52578 1.5869194662810213 2.024326912220049
18571 10520887 0.9938522102423463 -0.31167674360699893 0.9448799999999999 1.5869194662810213 2.024326912220049
18572 11080625 -0.7756042831479364 0.09524097760641478 0.52578 1.5869194662810213 2.024326912220049
18572 10520887 0.995606170862014 -0.35524147921863936 0.9448799999999999 1.5869194662810213 2.024326912220049
18573 10520887 0.9998740408557474 -0.4101417114762349 0.9448799999999999 1.5869194662810213 2.024326912220049
18573 11080625 -0.8084865490259496 0.11148358056837718 0.5334 1.5869194662810213 2.024326912220049
18574 10520887 0.9939483535210796 -0.450029281456629 0.9448799999999999 1.5869194662810213 2.024326912220049
18574 11080625 -0.8420331330602491 0.13927658864050826 0.54102 1.5869194662810213 2.024326912220049
18575 11080625 -0.8726459103885511 0.16517585157956757 0.54102 1.5869194662810213 2.024326912220049
18575 10520887 1.0008401450467295 -0.5227262387101157 0.9448799999999999 1.5869194662810213 2.024326912220049
18576 10520887 0.9967413747211813 -0.5437008177581396 0.9448799999999999 1.5869194662810213 2.024326912220049
18576 11080625 -0.9018607342394889 0.1899171878268673 0.54864 1.5869194662810213 2.024326912220049
18577 10520887 0.998487750480786 -0.6128475451511121 0.9448799999999999 1.5869194662810213 2.024326912220049
18577 11080625 -0.9267181707964405 0.2144022368204199 0.54864 1.5869194662810213 2.024326912220049
18578 11080625 -0.9550093308670335 0.24468366751425827 0.55626 1.5869194662810213 2.024326912220049
18578 10520887 0.9971299205992378 -0.6632227626687526 0.9448799999999999 1.5869194662810213 2.024326912220049
18579 10520887 0.9922769397687756 -0.7107038018856779 0.9448799999999999 1.5869194662810213 2.024326912220049
18579 11080625 -0.9790841761597617 0.2766535806283184 0.5600700000000001 1.5869194662810213 2.024326912220049
18580 11080625 -1.00315902145249 0.3086234937423786 0.56388 1.5869194662810213 2.024326912220049
18580 10520887 0.992192263173295 -0.746307654881061 0.9448799999999999 1.5869194662810213 2.024326912220049
18581 10520887 0.9921075865778144 -0.7819115078764439 0.9448799999999999 1.5869194662810213 2.024326912220049
18581 11080625 -1.0323828894502807 0.3557427887232645 0.5715 1.5869194662810213 2.024326912220049
18582 11080625 -1.04516454142686 0.37505289608762904 0.5715 1.5869194662810213 2.024326912220049
18582 10520887 0.9886355367536389 -0.8235350763730024 0.9448799999999999 1.5869194662810213 2.024326912220049
18583 10520887 0.9881706868212481 -0.8768888327043542 0.9448799999999999 1.5869194662810213 2.024326912220049
18583 11080625 -1.0579461934034395 0.3943630034519936 0.5715 1.5869194662810213 2.024326912220049
18584 11080625 -1.0752181621675756 0.4230280833197618 0.57912 1.5869194662810213 2.024326912220049
18584 10520887 0.98729349894284 -0.9298742028908255 0.9448799999999999 1.5869194662810213 2.024326912220049
18585 10520887 0.9826576730185954 -0.9794120659033926 0.9448799999999999 1.5869194662810213 2.024326912220049
18585 11080625 -1.1019878686888351 0.4796855222244213 0.57912 1.5869194662810213 2.024326912220049
18586 11080625 -1.1248995948052165 0.5198927099055396 0.58674 1.5869194662810213 2.024326912220049
18586 10520887 0.981150434032603 -1.0166539374338333 0.9448799999999999 1.5869194662810213 2.024326912220049
18587 11080625 -1.1420508148403996 0.5635906841152926 0.58674 1.5869194662810213 2.024326912220049
18587 10520887 0.9786974374799793 -1.0921388117841733 0.9448799999999999 1.5869194662810213 2.024326912220049
18588 10520887 0.9778585820058668 -1.140930893781239 0.9448799999999999 1.5869194662810213 2.024326912220049
18588 11080625 -1.160554545536913 0.6074974391954862 0.59436 1.5869194662810213 2.024326912220049
18589 11080625 -1.168434728134561 0.6254971555142637 0.59436 1.5869194662810213 2.024326912220049
18589 10520887 0.9782082747458654 -1.1956019110775973 0.9448799999999999 1.5869194662810213 2.024326912220049
18590 10520887 0.9776808461099504 -1.218969634807761 0.9448799999999999 1.5869194662810213 2.024326912220049
18590 11080625 -1.176314910732209 0.643496871833041 0.59436 1.5869194662810213 2.024326912220049
18591 11080625 -1.2013825000953953 0.7026364350146692 0.6019800000000001 1.5869194662810213 2.024326912220049
18591 10520887 0.9771534174740355 -1.2423373585379245 0.9448799999999999 1.5869194662810213 2.024326912220049
18592 10520887 0.9745940301390813 -1.2923196824816117 0.9448799999999999 1.5869194662810213 2.024326912220049
18592 11080625 -1.2101002168460429 0.7400716072739155 0.6019800000000001 1.5869194662810213 2.024326912220049
18593 10520887 0.9730068571268962 -1.3461242600289873 0.9448799999999999 1.5869194662810213 2.024326912220049
18593 11080625 -1.227304007738488 0.776543458368095 0.6096 1.5869194662810213 2.024326912220049
18594 10520887 0.9756767546518749 -1.4130017055485873 0.9448799999999999 1.5869194662810213 2.024326912220049
18594 11080625 -1.2436734068708895 0.820453845703099 0.6096 1.5869194662810213 2.024326912220049
18595 10520887 0.9730090804426448 -1.4548877304186874 0.9448799999999999 1.5869194662810213 2.024326912220049
18595 11080625 -1.2582492861809673 0.8682176143218837 0.6096 1.5869194662810213 2.024326912220049
18596 10520887 0.97325002914789 -1.5030976877138913 0.9448799999999999 1.5869194662810213 2.024326912220049
18596 11080625 -1.2720058216355141 0.9103389451307777 0.6096 1.5869194662810213 2.024326912220049
18597 11080625 -1.2905288231201044 0.9748166649985188 0.61722 1.5869194662810213 2.024326912220049
18597 10520887 0.973812212688653 -1.551412536251477 0.9448799999999999 1.5869194662810213 2.024326912220049
18598 10520887 0.9714912979657917 -1.6063791331764772 0.9448799999999999 1.5869194662810213 2.024326912220049
18598 11080625 -1.3038032943210804 1.0167805646294046 0.61722 1.5869194662810213 2.024326912220049
18599 10520887 0.969767484311478 -1.660606142305102 0.9448799999999999 1.5869194662810213 2.024326912220049
18599 11080625 -1.3159708407283193 1.0637570976004453 0.61722 1.5869194662810213 2.024326912220049
18600 10520887 0.9740178454552271 -1.733256504615506 0.9448799999999999 1.5869194662810213 2.024326912220049
18600 11080625 -1.3328221288561377 1.1154203891731156 0.61722 1.5869194662810213 2.024326912220049
18601 10520887 0.9702466818119369 -1.7801557872161677 0.9448799999999999 1.5869194662810213 2.024326912220049
18601 11080625 -1.3404148710547217 1.1424401646436304 0.62103 1.5869194662810213 2.024326912220049
18602 10520887 0.9709601366116463 -1.801767405645918 0.9448799999999999 1.5869194662810213 2.024326912220049
18602 11080625 -1.3480076132533056 1.1694599401141452 0.6248400000000001 1.5869194662810213 2.024326912220049
18603 11080625 -1.3619796052341273 1.212002945789127 0.6248400000000001 1.5869194662810213 2.024326912220049
18603 10520887 0.9716735914113558 -1.8233790240756684 0.9448799999999999 1.5869194662810213 2.024326912220049
18604 10520887 0.9714759240499383 -1.8946931703239505 0.9448799999999999 1.5869194662810213 2.024326912220049
18604 11080625 -1.374609160414357 1.2646225101756876 0.63246 1.5869194662810213 2.024326912220049
18605 10520887 0.9698815650331691 -1.9458080346754263 0.9448799999999999 1.5869194662810213 2.024326912220049
18605 11080625 -1.3831371603070217 1.3048007670401476 0.63246 1.5869194662810213 2.024326912220049
18606 11080625 -1.3916612653221903 1.357479683308523 0.63246 1.5869194662810213 2.024326912220049
18606 10520887 0.9738783602616466 -1.9716462082693316 0.9448799999999999 1.5869194662810213 2.024326912220049
18607 11080625 -1.3989662455265355 1.4035673747296902 0.6400800000000001 1.5869194662810213 2.024326912220049
18607 10520887 0.9678793144018212 -2.024009286830276 0.9448799999999999 1.5869194662810213 2.024326912220049
18608 11080625 -1.4097404491930512 1.472171727308784 0.6400800000000001 1.5869194662810213 2.024326912220049
18608 10520887 0.9698273604380236 -2.0955567580649315 0.9448799999999999 1.5869194662810213 2.024326912220049
18609 11080625 -1.412984906145694 1.5284985003252378 0.6477 1.5869194662810213 2.024326912220049
18609 10520887 0.9698100485558758 -2.1391258273671245 0.9448799999999999 1.5869194662810213 2.024326912220049
18610 11080625 -1.413613038018121 1.5770758929860837 0.6477 1.5869194662810213 2.024326912220049
18610 10520887 0.9719003592189968 -2.187121546429426 0.9448799999999999 1.5869194662810213 2.024326912220049
18611 11080625 -1.413897728579992 1.6250736140135096 0.65532 1.5869194662810213 2.024326912220049
18611 10520887 0.9706863958770233 -2.2370753991368293 0.9448799999999999 1.5869194662810213 2.024326912220049
18612 10520887 0.9716977652593342 -2.304695210344822 0.9448799999999999 1.5869194662810213 2.024326912220049
18612 11080625 -1.4140928748166604 1.6804030370335676 0.6629400000000001 1.5869194662810213 2.024326912220049
18613 11080625 -1.409539342748425 1.7279865190654335 0.6629400000000001 1.5869194662810213 2.024326912220049
18613 10520887 0.970310823346972 -2.356812101167271 0.9448799999999999 1.5869194662810213 2.024326912220049
18614 11080625 -1.404199713552196 1.7714571200335876 0.67056 1.5869194662810213 2.024326912220049
18614 10520887 0.9676440859644869 -2.38374474836485 0.9448799999999999 1.5869194662810213 2.024326912220049
18615 11080625 -1.3995078654653887 1.81023233642526 0.6743700000000001 1.5869194662810213 2.024326912220049
18615 10520887 0.9666936921322106 -2.4532937840029674 0.9448799999999999 1.5869194662810213 2.024326912220049
18616 11080625 -1.3948160173785815 1.8490075528169323 0.6781800000000001 1.5869194662810213 2.024326912220049
18616 10520887 0.9654885131644853 -2.490984043665074 0.9448799999999999 1.5869194662810213 2.024326912220049
18617 10520887 0.9642833341967599 -2.5286743033271804 0.9448799999999999 1.5869194662810213 2.024326912220049
18617 11080625 -1.3854730971828262 1.8938559205068919 0.6858000000000001 1.5869194662810213 2.024326912220049
18618 11080625 -1.376061060434273 1.9389153666780181 0.6858000000000001 1.5869194662810213 2.024326912220049
18618 10520887 0.9650455514086439 -2.575301401235597 0.9448799999999999 1.5869194662810213 2.024326912220049
18619 10520887 0.9621535511787245 -2.633118106997899 0.9448799999999999 1.5869194662810213 2.024326912220049
18619 11080625 -1.3621016151537424 1.9897313429114392 0.69342 1.5869194662810213 2.024326912220049
18620 10520887 0.9591339596220718 -2.6750053995635477 0.9448799999999999 1.5869194662810213 2.024326912220049
18620 11080625 -1.3510422687259387 2.0409118432359916 0.7010400000000001 1.5869194662810213 2.024326912220049
18621 11080625 -1.332294539479885 2.1066359911557275 0.7010400000000001 1.5869194662810213 2.024326912220049
18621 10520887 0.9563064920782348 -2.7217450937680043 0.9448799999999999 1.5869194662810213 2.024326912220049
18622 10520887 0.9556461032631262 -2.7700102470169408 0.9448799999999999 1.5869194662810213 2.024326912220049
18622 11080625 -1.3157549487857436 2.1487795834579404 0.7086600000000001 1.5869194662810213 2.024326912220049
18623 10520887 0.9522673449659332 -2.818438987245508 0.9448799999999999 1.5869194662810213 2.024326912220049
18623 11080625 -1.3012533084784168 2.1931087972731027 0.7086600000000001 1.5869194662810213 2.024326912220049
18624 11080625 -1.2867861947395125 2.237332468536735 0.7162800000000001 1.5869194662810213 2.024326912220049
18624 10520887 0.9466380382719569 -2.8710392045040263 0.9448799999999999 1.5869194662810213 2.024326912220049
18625 10520887 0.9422411503597232 -2.93455577304054 0.9448799999999999 1.5869194662810213 2.024326912220049
18625 11080625 -1.2707653323644903 2.286305702492122 0.7162800000000001 1.5869194662810213 2.024326912220049
18626 10520887 0.9442920573073665 -2.9576551742112165 0.9448799999999999 1.5869194662810213 2.024326912220049
18626 11080625 -1.2528457506397215 2.331853619681089 0.7239000000000001 1.5869194662810213 2.024326912220049
18627 11080625 -1.2393903990240132 2.3648410279143284 0.7239000000000001 1.5869194662810213 2.024326912220049
18627 10520887 0.9463429642550099 -2.980754575381893 0.9448799999999999 1.5869194662810213 2.024326912220049
18628 11080625 -1.2259350474083048 2.397828436147568 0.7239000000000001 1.5869194662810213 2.024326912220049
18628 10520887 0.9401182596399426 -3.0324593431399625 0.9448799999999999 1.5869194662810213 2.024326912220049
18629 10520887 0.9346422275824859 -3.079151652927598 0.9448799999999999 1.5869194662810213 2.024326912220049
18629 11080625 -1.2116751414150737 2.4414188628742393 0.73152 1.5869194662810213 2.024326912220049
18630 11080625 -1.1917631786388163 2.4941433677882383 0.73152 1.5869194662810213 2.024326912220049
18630 10520887 0.9362313728883608 -3.127333482056311 0.9448799999999999 1.5869194662810213 2.024326912220049
18631 11080625 -1.1837182509302553 2.5187355518437706 0.73152 1.5869194662810213 2.024326912220049
18631 10520887 0.9287977473630902 -3.1677790706435585 0.9448799999999999 1.5869194662810213 2.024326912220049
18632 11080625 -1.1626804438183262 2.5911884156248806 0.73914 1.5869194662810213 2.024326912220049
18632 10520887 0.9226670779429742 -3.216477136942881 0.9448799999999999 1.5869194662810213 2.024326912220049
18633 10520887 0.916615943404925 -3.2866961362251317 0.9448799999999999 1.5869194662810213 2.024326912220049
18633 11080625 -1.146866789499797 2.63952842002737 0.73914 1.5869194662810213 2.024326912220049
18634 11080625 -1.1274728022562843 2.690669776106304 0.73914 1.5869194662810213 2.024326912220049
18634 10520887 0.9104610474752652 -3.3381899389511958 0.9448799999999999 1.5869194662810213 2.024326912220049
18635 10520887 0.9062358438104559 -3.385407432175566 0.9448799999999999 1.5869194662810213 2.024326912220049
18635 11080625 -1.117736019328735 2.7204337166979125 0.73914 1.5869194662810213 2.024326912220049
18636 10520887 0.9036520094508236 -3.4107314104645368 0.9448799999999999 1.5869194662810213 2.024326912220049
18636 11080625 -1.1041906325900548 2.7699831234351513 0.74676 1.5869194662810213 2.024326912220049
18637 11080625 -1.0931896696058243 2.819897539740238 0.74676 1.5869194662810213 2.024326912220049
18637 10520887 0.8958772428137456 -3.467186733345109 0.9448799999999999 1.5869194662810213 2.024326912220049
18638 11080625 -1.0714366836824285 2.8956217186360518 0.75438 1.5869194662810213 2.024326912220049
18638 10520887 0.8881117528797109 -3.5072902332081854 0.9448799999999999 1.5869194662810213 2.024326912220049
18639 11080625 -1.0569350239854134 2.9399509864851727 0.75438 1.5869194662810213 2.024326912220049
18639 10520887 0.8756834539778688 -3.577996602486106 0.9448799999999999 1.5869194662810213 2.024326912220049
18640 10520887 0.8706079284652317 -3.6289082211655193 0.9448799999999999 1.5869194662810213 2.024326912220049
18640 11080625 -1.0461043955054794 2.9909727162425823 0.75438 1.5869194662810213 2.024326912220049
18641 10520887 0.8605452901002097 -3.6746866495416897 0.9448799999999999 1.5869194662810213 2.024326912220049
18641 11080625 -1.030083474708723 3.0399459982423274 0.762 1.5869194662810213 2.024326912220049
18642 11080625 -1.0199347285717197 3.0953970937848094 0.76962 1.5869194662810213 2.024326912220049
18642 10520887 0.8536396765239358 -3.716239110504208 0.9448799999999999 1.5869194662810213 2.024326912220049
18643 10520887 0.8485100044657927 -3.7618761026274856 0.9448799999999999 1.5869194662810213 2.024326912220049
18643 11080625 -1.0056746806748673 3.1389875290431224 0.76962 1.5869194662810213 2.024326912220049
18644 11080625 -0.9947078452013367 3.1887963156928105 0.77724 1.5869194662810213 2.024326912220049
18644 10520887 0.8432073607945919 -3.78818130189366 0.9448799999999999 1.5869194662810213 2.024326912220049
18645 10520887 0.8379047171233911 -3.814486501159834 0.9448799999999999 1.5869194662810213 2.024326912220049
18645 11080625 -0.9858788409787083 3.2429265583009195 0.77724 1.5869194662810213 2.024326912220049
18646 11080625 -0.9802572293275283 3.268253117560981 0.78105 1.5869194662810213 2.024326912220049
18646 10520887 0.8250426850896346 -3.8827147323579965 0.9448799999999999 1.5869194662810213 2.024326912220049
18647 11080625 -0.9746356176763484 3.2935796768210426 0.78486 1.5869194662810213 2.024326912220049
18647 10520887 0.8179750969332391 -3.9274852141856864 0.9448799999999999 1.5869194662810213 2.024326912220049
18648 11080625 -0.9632916434268786 3.3336841197129474 0.78486 1.5869194662810213 2.024326912220049
18648 10520887 0.8079272915415792 -3.9677779038111187 0.9448799999999999 1.5869194662810213 2.024326912220049
18649 10520887 0.798794580217193 -4.013159023665806 0.9448799999999999 1.5869194662810213 2.024326912220049
18649 11080625 -0.9508181479374354 3.404382026555462 0.7924800000000001 1.5869194662810213 2.024326912220049
18650 10520887 0.7931921183806527 -4.064599358634684 0.9448799999999999 1.5869194662810213 2.024326912220049
18650 11080625 -0.9384273694278367 3.4558281720933537 0.7924800000000001 1.5869194662810213 2.024326912220049
18651 11080625 -0.9270802689548023 3.50679786613481 0.8001 1.5869194662810213 2.024326912220049
18651 10520887 0.77591343127452 -4.133838488742319 0.9448799999999999 1.5869194662810213 2.024326912220049
18652 10520887 0.7664942748356913 -4.179009222701936 0.9448799999999999 1.5869194662810213 2.024326912220049
18652 11080625 -0.9103868494016194 3.578452128983899 0.80772 1.5869194662810213 2.024326912220049
18653 11080625 -0.9041026357546327 3.597661448544032 0.80772 1.5869194662810213 2.024326912220049
18653 10520887 0.7598286477228384 -4.223910903606386 0.9448799999999999 1.5869194662810213 2.024326912220049
18654 11080625 -0.8903264872394152 3.6734248231828213 0.8153400000000001 1.5869194662810213 2.024326912220049
18654 10520887 0.7525771044746339 -4.270607178426311 0.9448799999999999 1.5869194662810213 2.024326912220049
18655 11080625 -0.8793243740787118 3.723338996818982 0.8153400000000001 1.5869194662810213 2.024326912220049
18655 10520887 0.7352382000903717 -4.323705507703754 0.9448799999999999 1.5869194662810213 2.024326912220049
18656 11080625 -0.8700407975801905 3.7652859492532005 0.8153400000000001 1.5869194662810213 2.024326912220049
18656 10520887 0.722893426740751 -4.369673166374449 0.9448799999999999 1.5869194662810213 2.024326912220049
18657 10520887 0.7116517545403398 -4.412262805896921 0.9448799999999999 1.5869194662810213 2.024326912220049
18657 11080625 -0.8587623262907236 3.816044461283273 0.82296 1.5869194662810213 2.024326912220049
18658 10520887 0.6990009329672604 -4.451004529381742 0.9448799999999999 1.5869194662810213 2.024326912220049
18658 11080625 -0.8463051822053378 3.8568363578443576 0.82296 1.5869194662810213 2.024326912220049
18659 10520887 0.6785596888467356 -4.513603548730837 0.9448799999999999 1.5869194662810213 2.024326912220049
18659 11080625 -0.8302749440798427 3.9207624115366464 0.82296 1.5869194662810213 2.024326912220049
18660 11080625 -0.8179470586613202 3.9760849856075016 0.8305800000000001 1.5869194662810213 2.024326912220049
18660 10520887 0.6698081751145117 -4.532240589971207 0.9448799999999999 1.5869194662810213 2.024326912220049
18661 11080625 -0.8072998852928619 4.025998480259638 0.8305800000000001 1.5869194662810213 2.024326912220049
18661 10520887 0.6610566613822879 -4.550877631211577 0.9448799999999999 1.5869194662810213 2.024326912220049
18662 10520887 0.6330866531069501 -4.595714807562259 0.9448799999999999 1.5869194662810213 2.024326912220049
18662 11080625 -0.7914854834641416 4.074338363772597 0.8305800000000001 1.5869194662810213 2.024326912220049
18663 11080625 -0.7822489051077506 4.102571813434359 0.8343900000000001 1.5869194662810213 2.024326912220049
18663 10520887 0.6089731792407032 -4.636904872669493 0.9448799999999999 1.5869194662810213 2.024326912220049
18664 10520887 0.5781265818310596 -4.6749032526891945 0.9448799999999999 1.5869194662810213 2.024326912220049
18664 11080625 -0.7730123267513596 4.130805263096121 0.8382000000000001 1.5869194662810213 2.024326912220049
18665 10520887 0.5515456082998902 -4.705620657228709 0.9448799999999999 1.5869194662810213 2.024326912220049
18665 11080625 -0.7616064725289906 4.182223200779482 0.8382000000000001 1.5869194662810213 2.024326912220049
18666 11080625 -0.7457920326798855 4.230563085493309 0.84582 1.5869194662810213 2.024326912220049
18666 10520887 0.5249646347687209 -4.736338061768224 0.9448799999999999 1.5869194662810213 2.024326912220049
18667 11080625 -0.7281820652942921 4.284391345881773 0.84582 1.5869194662810213 2.024326912220049
18667 10520887 0.4838542408247568 -4.764267450443049 0.9448799999999999 1.5869194662810213 2.024326912220049
18668 10520887 0.44530109527672423 -4.786178232556954 0.9448799999999999 1.5869194662810213 2.024326912220049
18668 11080625 -0.7088456285558205 4.343496892144913 0.84582 1.5869194662810213 2.024326912220049
18669 11080625 -0.6904760117539364 4.399647166376407 0.8534400000000001 1.5869194662810213 2.024326912220049
18669 10520887 0.40674794972869166 -4.808089014670859 0.9448799999999999 1.5869194662810213 2.024326912220049
18670 11080625 -0.6746615657294157 4.447987068236172 0.8534400000000001 1.5869194662810213 2.024326912220049
18670 10520887 0.3681948041806591 -4.829999796784763 0.9448799999999999 1.5869194662810213 2.024326912220049
18671 11080625 -0.6556127823683167 4.489660445806061 0.86106 1.5869194662810213 2.024326912220049
18671 10520887 0.30746690336492954 -4.852690219755443 0.9448799999999999 1.5869194662810213 2.024326912220049
18672 10520887 0.2863536540154388 -4.857477108681214 0.9448799999999999 1.5869194662810213 2.024326912220049
18672 11080625 -0.6397293087893074 4.538211457249608 0.86106 1.5869194662810213 2.024326912220049
18673 11080625 -0.6170780918971492 4.607449428050232 0.8686800000000001 1.5869194662810213 2.024326912220049
18673 10520887 0.2456272932619679 -4.850483737416322 0.941832 1.5869194662810213 2.024326912220049
18674 10520887 0.204900932508497 -4.843490366151432 0.938784 1.5869194662810213 2.024326912220049
18674 11080625 -0.6091190887779593 4.6317777112881355 0.8724900000000001 1.5869194662810213 2.024326912220049
18675 10520887 0.1641745717550261 -4.836496994886541 0.935736 1.5869194662810213 2.024326912220049
18675 11080625 -0.6011600856587693 4.6561059945260395 0.8763000000000001 1.5869194662810213 2.024326912220049
18676 10520887 0.1234482110015552 -4.82950362362165 0.932688 1.5869194662810213 2.024326912220049
18676 11080625 -0.5849313143096508 4.7057124762555915 0.8763000000000001 1.5869194662810213 2.024326912220049
18677 10520887 0.08272185024808432 -4.822510252356759 0.92964 1.5869194662810213 2.024326912220049
18677 11080625 -0.5565718778553449 4.783715646120253 0.88392 1.5869194662810213 2.024326912220049
18678 11080625 -0.5315963430023207 4.851375353590067 0.8915400000000001 1.5869194662810213 2.024326912220049
18678 10520887 0.0419954894946134 -4.815516881091868 0.9265920000000001 1.5869194662810213 2.024326912220049
18679 11080625 -0.5230158278559073 4.87760347623307 0.8915400000000001 1.5869194662810213 2.024326912220049
18679 10520887 0.0012691287411425445 -4.808523509826977 0.923544 1.5869194662810213 2.024326912220049
18680 11080625 -0.5144353127094938 4.903831598876072 0.8915400000000001 1.5869194662810213 2.024326912220049
18680 10520887 -0.03945723201232837 -4.801530138562086 0.9204960000000001 1.5869194662810213 2.024326912220049
18681 10520887 -0.08018359276579928 -4.7945367672971955 0.917448 1.5869194662810213 2.024326912220049
18681 11080625 -0.5143583990474115 4.903757436994019 0.8915280859434106 1.5869194662810213 2.024326912220049
18682 11080625 -0.5142814853853291 4.903683275111968 0.8915161718868211 1.5869194662810213 2.024326912220049
18682 10520887 -0.12090995351927014 -4.787543396032304 0.9144000000000001 1.5869194662810213 2.024326912220049
18683 11080625 -0.5142045717232469 4.9036091132299156 0.8915042578302316 1.5869194662810213 2.024326912220049
18683 10520887 -0.16587221721306733 -4.764678998201098 0.9144000000000001 1.5869194662810213 2.024326912220049
18684 11080625 -0.5141276580611644 4.903534951347863 0.8914923437736421 1.5869194662810213 2.024326912220049
18684 10520887 -0.20442544750704328 -4.730356298700737 0.9144000000000001 1.5869194662810213 2.024326912220049
18685 10520887 -0.23916048872107276 -4.700668431988239 0.9144000000000001 1.5869194662810213 2.024326912220049
18685 11080625 -0.5140507443990822 4.903460789465811 0.8914804297170527 1.5869194662810213 2.024326912220049
18686 11080625 -0.5139738307369999 4.903386627583759 0.8914685156604631 1.5869194662810213 2.024326912220049
18686 10520887 -0.2734125032735022 -4.669502568830908 0.9144000000000001 1.5869194662810213 2.024326912220049
18687 10520887 -0.30519621394317076 -4.63622218839866 0.9144000000000001 1.5869194662810213 2.024326912220049
18687 11080625 -0.5138969170749175 4.903312465701707 0.8914566016038736 1.5869194662810213 2.024326912220049
18688 10520887 -0.3340066666194488 -4.600641806419431 0.9144000000000001 1.5869194662810213 2.024326912220049
18688 11080625 -0.5138200034128352 4.903238303819655 0.8914446875472841 1.5869194662810213 2.024326912220049
18689 11080625 -0.5137430897507528 4.903164141937603 0.8914327734906946 1.5869194662810213 2.024326912220049
18689 10520887 -0.3762500175505643 -4.543616455218583 0.9144000000000001 1.5869194662810213 2.024326912220049
18690 11080625 -0.5136661760886705 4.903089980055551 0.8914208594341051 1.5869194662810213 2.024326912220049
18690 10520887 -0.39278084048582074 -4.5177131861727835 0.9144000000000001 1.5869194662810213 2.024326912220049
18691 11080625 -0.5135892624265882 4.903015818173499 0.8914089453775156 1.5869194662810213 2.024326912220049
18691 10520887 -0.40931166342107717 -4.491809917126984 0.9144000000000001 1.5869194662810213 2.024326912220049
18692 11080625 -0.5135123487645058 4.902941656291446 0.8913970313209261 1.5869194662810213 2.024326912220049
18692 10520887 -0.4267398688682914 -4.4611739865991265 0.9144000000000001 1.5869194662810213 2.024326912220049
18693 10520887 -0.44416807431550565 -4.43053805607127 0.9144000000000001 1.5869194662810213 2.024326912220049
18693 11080625 -0.5134354351024235 4.902867494409395 0.8913851172643367 1.5869194662810213 2.024326912220049
18694 11080625 -0.5133585214403411 4.9027933325273425 0.8913732032077472 1.5869194662810213 2.024326912220049
18694 10520887 -0.47507178568331665 -4.370089871690104 0.9144000000000001 1.5869194662810213 2.024326912220049
18695 10520887 -0.4919563359885879 -4.329292167506299 0.9144000000000001 1.5869194662810213 2.024326912220049
18695 11080625 -0.5132816077782588 4.90271917064529 0.8913612891511576 1.5869194662810213 2.024326912220049
18696 11080625 -0.5132046941161765 4.902645008763239 0.8913493750945681 1.5869194662810213 2.024326912220049
18696 10520887 -0.5092188960348729 -4.288020363623571 0.9144000000000001 1.5869194662810213 2.024326912220049
18697 11080625 -0.5131277804540941 4.902570846881186 0.8913374610379786 1.5869194662810213 2.024326912220049
18697 10520887 -0.5240012565159697 -4.244054008521371 0.9144000000000001 1.5869194662810213 2.024326912220049
18698 10520887 -0.5368347851156283 -4.202827149768006 0.9144000000000001 1.5869194662810213 2.024326912220049
18698 11080625 -0.5130508667920118 4.902496684999134 0.8913255469813891 1.5869194662810213 2.024326912220049
18699 11080625 -0.5129739531299294 4.902422523117082 0.8913136329247996 1.5869194662810213 2.024326912220049
18699 10520887 -0.5492853801136206 -4.155533536878394 0.9144000000000001 1.5869194662810213 2.024326912220049
18700 11080625 -0.5128970394678471 4.90234836123503 0.8913017188682101 1.5869194662810213 2.024326912220049
18700 10520887 -0.5611623197871491 -4.108660908334481 0.9144000000000001 1.5869194662810213 2.024326912220049
18701 11080625 -0.5128201258057647 4.902274199352978 0.8912898048116207 1.5869194662810213 2.024326912220049
18701 10520887 -0.5645779180211237 -4.070160506158507 0.9144000000000001 1.5869194662810213 2.024326912220049
18702 11080625 -0.5127432121436825 4.902200037470926 0.8912778907550312 1.5869194662810213 2.024326912220049
18702 10520887 -0.5737267417406864 -4.027450254293101 0.88392 1.5869194662810213 2.024326912220049
18703 11080625 -0.5126662984816002 4.902125875588874 0.8912659766984417 1.5869194662810213 2.024326912220049
18703 10520887 -0.5739247962377914 -3.981823230301458 0.88392 1.5869194662810213 2.024326912220049
18704 10520887 -0.581806635229831 -3.93251724913527 0.88392 1.5869194662810213 2.024326912220049
18704 11080625 -0.5125893848195178 4.902051713706822 0.8912540626418521 1.5869194662810213 2.024326912220049
18705 11080625 -0.5125124711574355 4.9019775518247695 0.8912421485852626 1.5869194662810213 2.024326912220049
18705 10520887 -0.5810922324898722 -3.8786599406025806 0.88392 1.5869194662810213 2.024326912220049
18706 10520887 -0.5826444303865483 -3.8344595563689747 0.88392 1.5869194662810213 2.024326912220049
18706 11080625 -0.5124355574953531 4.901903389942717 0.8912302345286731 1.5869194662810213 2.024326912220049
18707 10520887 -0.5802050461952051 -3.7753244720194528 0.88392 1.5869194662810213 2.024326912220049
18707 11080625 -0.5123586438332708 4.901829228060666 0.8912183204720836 1.5869194662810213 2.024326912220049
18708 10520887 -0.5731294187104368 -3.730555235298566 0.88392 1.5869194662810213 2.024326912220049
18708 11080625 -0.5122817301711885 4.901755066178613 0.8912064064154941 1.5869194662810213 2.024326912220049
18709 11080625 -0.5122048165091061 4.901680904296561 0.8911944923589047 1.5869194662810213 2.024326912220049
18709 10520887 -0.5661887571547846 -3.6821202507522206 0.8534400000000001 1.5869194662810213 2.024326912220049
18710 11080625 -0.5121279028470238 4.9016067424145096 0.8911825783023152 1.5869194662810213 2.024326912220049
18710 10520887 -0.5565143604720746 -3.6130823507311156 0.8534400000000001 1.5869194662810213 2.024326912220049
18711 10520887 -0.5512385720451103 -3.56702399424896 0.8534400000000001 1.5869194662810213 2.024326912220049
18711 11080625 -0.5120509891849414 4.901532580532457 0.8911706642457257 1.5869194662810213 2.024326912220049
18712 10520887 -0.5472697470800754 -3.5358429128102644 0.8534400000000001 1.5869194662810213 2.024326912220049
18712 11080625 -0.5119740755228591 4.901458418650405 0.8911587501891362 1.5869194662810213 2.024326912220049
18713 11080625 -0.5118971618607768 4.9013842567683525 0.8911468361325466 1.5869194662810213 2.024326912220049
18713 10520887 -0.5328284215405079 -3.4590164301100166 0.8534400000000001 1.5869194662810213 2.024326912220049
18714 10520887 -0.5243302811475068 -3.415062424092453 0.8534400000000001 1.5869194662810213 2.024326912220049
18714 11080625 -0.5118202481986944 4.901310094886301 0.8911349220759571 1.5869194662810213 2.024326912220049
18715 10520887 -0.5152136103858185 -3.3724787972394386 0.8534400000000001 1.5869194662810213 2.024326912220049
18715 11080625 -0.5117433345366121 4.901235933004249 0.8911230080193676 1.5869194662810213 2.024326912220049
18716 10520887 -0.5065435847844808 -3.344586282018833 0.8534400000000001 1.5869194662810213 2.024326912220049
18716 11080625 -0.5116664208745297 4.901161771122196 0.8911110939627781 1.5869194662810213 2.024326912220049
18717 10520887 -0.49787355918314313 -3.3166937667982275 0.8534400000000001 1.5869194662810213 2.024326912220049
18717 11080625 -0.5115895072124474 4.901087609240145 0.8910991799061886 1.5869194662810213 2.024326912220049
18718 11080625 -0.5115125935503652 4.901013447358093 0.8910872658495992 1.5869194662810213 2.024326912220049
18718 10520887 -0.48628509185032787 -3.2513187063584432 0.8534400000000001 1.5869194662810213 2.024326912220049
18719 11080625 -0.5114356798882828 4.90093928547604 0.8910753517930097 1.5869194662810213 2.024326912220049
18719 10520887 -0.4798695255359027 -3.231685210144053 0.8534400000000001 1.5869194662810213 2.024326912220049
18720 10520887 -0.4670262680468078 -3.1760663448953927 0.82296 1.5869194662810213 2.024326912220049
18720 11080625 -0.5113587662262005 4.900865123593988 0.8910634377364202 1.5869194662810213 2.024326912220049
18721 10520887 -0.44929719018272274 -3.121810343227475 0.82296 1.5869194662810213 2.024326912220049
18721 11080625 -0.5112818525641181 4.9007909617119365 0.8910515236798306 1.5869194662810213 2.024326912220049
18722 10520887 -0.4421545333500403 -3.080918186331229 0.82296 1.5869194662810213 2.024326912220049
18722 11080625 -0.5112049389020358 4.900716799829884 0.8910396096232411 1.5869194662810213 2.024326912220049
18723 11080625 -0.5111280252399535 4.900642637947832 0.8910276955666516 1.5869194662810213 2.024326912220049
18723 10520887 -0.42076920862028344 -3.015473210181871 0.82296 1.5869194662810213 2.024326912220049
18724 10520887 -0.40662729905458117 -2.972195076920922 0.82296 1.5869194662810213 2.024326912220049
18724 11080625 -0.5110511115778711 4.90056847606578 0.8910157815100621 1.5869194662810213 2.024326912220049
18725 11080625 -0.5109741979157888 4.900494314183728 0.8910038674534726 1.5869194662810213 2.024326912220049
18725 10520887 -0.3907607651620586 -2.9236391188636373 0.82296 1.5869194662810213 2.024326912220049
18726 11080625 -0.5108972842537064 4.900420152301676 0.8909919533968832 1.5869194662810213 2.024326912220049
18726 10520887 -0.3607646912598108 -2.848156816409976 0.82296 1.5869194662810213 2.024326912220049
18727 11080625 -0.5108203705916241 4.900345990419624 0.8909800393402937 1.5869194662810213 2.024326912220049
18727 10520887 -0.3492959679874248 -2.813059287336899 0.82296 1.5869194662810213 2.024326912220049
18728 11080625 -0.5107434569295418 4.900271828537572 0.8909681252837042 1.5869194662810213 2.024326912220049
18728 10520887 -0.3378272447150388 -2.777961758263822 0.82296 1.5869194662810213 2.024326912220049
18729 11080625 -0.5106665432674594 4.90019766665552 0.8909562112271147 0.6347677865124084 0.8097307648880199
18729 10520887 -0.3237213702499234 -2.7443100959912465 0.82296 0.6347677865124084 0.8097307648880199
18730 10520887 -0.30961549578480807 -2.7106584337186708 0.82296 0.6347677865124084 0.8097307648880199
18730 11080625 -0.5105896296053771 4.900123504773467 0.8909442971705251 0.6347677865124084 0.8097307648880199
18731 11080625 -0.5105127159432947 4.900049342891416 0.8909323831139356 0.6347677865124084 0.8097307648880199
18731 10520887 -0.2959314611729207 -2.6660623833232884 0.82296 0.6347677865124084 0.8097307648880199
18732 11080625 -0.5104358022812124 4.8999751810093635 0.8909204690573461 0.6347677865124084 0.8097307648880199
18732 10520887 -0.2737309105311463 -2.6144357315905307 0.82296 0.6347677865124084 0.8097307648880199
18733 11080625 -0.51035888861913 4.899901019127311 0.8909085550007566 0.6347677865124084 0.8097307648880199
18733 10520887 -0.2595200956683834 -2.570946427297014 0.7924800000000001 0.6347677865124084 0.8097307648880199
18734 11080625 -0.5102819749570477 4.89982685724526 0.8908966409441672 0.6347677865124084 0.8097307648880199
18734 10520887 -0.23890628489370158 -2.5241753339205375 0.7924800000000001 0.6347677865124084 0.8097307648880199
18735 11080625 -0.5102050612949655 4.899752695363207 0.8908847268875777 0.6347677865124084 0.8097307648880199
18735 10520887 -0.2101429964646373 -2.455182948111904 0.7924800000000001 0.6347677865124084 0.8097307648880199
18736 11080625 -0.5101281476328831 4.899678533481155 0.8908728128309882 0.6347677865124084 0.8097307648880199
18736 10520887 -0.19727749739391576 -2.4307642098240274 0.7924800000000001 0.6347677865124084 0.8097307648880199
18737 11080625 -0.5100512339708008 4.899604371599103 0.8908608987743987 0.6347677865124084 0.8097307648880199
18737 10520887 -0.1683983542404448 -2.360057248781215 0.7924800000000001 0.6347677865124084 0.8097307648880199
18738 10520887 -0.15513783572038775 -2.3289915869881725 0.7924800000000001 0.6347677865124084 0.8097307648880199
18738 11080625 -0.5099743203087184 4.899530209717051 0.8908489847178092 0.6347677865124084 0.8097307648880199
18739 11080625 -0.5098974066466361 4.899456047834999 0.8908370706612196 0.6347677865124084 0.8097307648880199
18739 10520887 -0.1418773172003307 -2.29792592519513 0.7924800000000001 0.6347677865124084 0.8097307648880199
18740 10520887 -0.11921642247081365 -2.258482852824705 0.7924800000000001 0.6347677865124084 0.8097307648880199
18740 11080625 -0.5098204929845538 4.8993818859529465 0.8908251566046301 0.6347677865124084 0.8097307648880199
18741 10520887 -0.10131837069978644 -2.2077867932422466 0.7924800000000001 0.6347677865124084 0.8097307648880199
18742 10520887 -0.08277136180137967 -2.163260975833087 0.7924800000000001 0.6347677865124084 0.8097307648880199
18743 10520887 -0.05885199550440001 -2.11289684228468 0.762 0.6347677865124084 0.8097307648880199
18744 10520887 -0.04161386252101662 -2.069929389108296 0.762 0.6347677865124084 0.8097307648880199
18745 10520887 -0.015040092069396938 -2.0130724633088932 0.762 0.6347677865124084 0.8097307648880199
18746 10520887 -0.003159514286878995 -1.9862289519129324 0.762 0.6347677865124084 0.8097307648880199
18747 10520887 0.03053479896682676 -1.917095276366623 0.762 0.6347677865124084 0.8097307648880199
18748 10520887 0.054377018816312295 -1.8767530165239286 0.762 0.6347677865124084 0.8097307648880199
18749 10520887 0.08052359261807895 -1.8375141715630334 0.762 0.6347677865124084 0.8097307648880199
18750 10520887 0.10436908494265562 -1.8072200551556943 0.762 0.6347677865124084 0.8097307648880199
18751 10520887 0.1282145772672323 -1.776925938748355 0.762 0.6347677865124084 0.8097307648880199
18752 10520887 0.15864857209450456 -1.7397888706701439 0.762 0.6347677865124084 0.8097307648880199
18753 10520887 0.1904568556111893 -1.7049700236020342 0.762 0.6347677865124084 0.8097307648880199
18754 10520887 0.22969553135395637 -1.6718779554014582 0.762 0.6347677865124084 0.8097307648880199
18755 10520887 0.24667334062886792 -1.6525411587412304 0.762 0.6347677865124084 0.8097307648880199
18756 10520887 0.31185601972929433 -1.6025743114159876 0.73152 0.6347677865124084 0.8097307648880199
18757 10520887 0.3639075672837402 -1.5656071828410678 0.73152 0.6347677865124084 0.8097307648880199
18758 10520887 0.38773848983923526 -1.5524813948456868 0.73152 0.6347677865124084 0.8097307648880199
18759 10520887 0.43287940116043927 -1.5230695218209558 0.73152 0.6347677865124084 0.8097307648880199
18760 10520887 0.45566606318726327 -1.5104202009958871 0.73152 0.6347677865124084 0.8097307648880199
18761 10520887 0.5404883682317492 -1.465583593633597 0.73152 0.6347677865124084 0.8097307648880199
18762 10520887 0.5918265151398037 -1.4443875116667064 0.73152 0.6347677865124084 0.8097307648880199
18763 10520887 0.6419039993350787 -1.4216110760239544 0.73152 0.6347677865124084 0.8097307648880199
18764 10520887 0.6825507709016068 -1.4032303239176263 0.73152 0.6347677865124084 0.8097307648880199
18765 10520887 0.7278072229296129 -1.3854207124801468 0.73152 0.6347677865124084 0.8097307648880199
18766 10520887 0.7783028778965528 -1.3697897123423428 0.73152 0.6347677865124084 0.8097307648880199
18767 10520887 0.8184932518366737 -1.3588528138294922 0.7239 0.6347677865124084 0.8097307648880199
18768 10520887 0.8586836257767944 -1.3479159153166416 0.71628 0.6347677865124084 0.8097307648880199
18769 10520887 0.9066291058216778 -1.3330866221740534 0.7086600000000001 0.6347677865124084 0.8097307648880199
18770 10520887 0.9545745858665613 -1.3182573290314652 0.7010400000000001 0.6347677865124084 0.8097307648880199
18771 10520887 1.0119849836506853 -1.301846379166716 0.7010400000000001 0.6347677865124084 0.8097307648880199
18772 10520887 1.0572684247760773 -1.2921048855490156 0.7010400000000001 0.6347677865124084 0.8097307648880199
18773 10520887 1.1043625746494832 -1.2838891840625084 0.7010400000000001 0.6347677865124084 0.8097307648880199
18774 10520887 1.1520082201575819 -1.2739841943000103 0.7010400000000001 0.6347677865124084 0.8097307648880199
18775 10520887 1.1860696392415646 -1.2594899698885689 0.6986016000000002 0.6347677865124084 0.8097307648880199
18776 10520887 1.2201310583255476 -1.2449957454771274 0.6961632000000001 0.6347677865124084 0.8097307648880199
18777 10520887 1.2541924774095303 -1.2305015210656858 0.6937248000000001 0.6347677865124084 0.8097307648880199
18778 10520887 1.288253896493513 -1.2160072966542443 0.6912864000000001 0.6347677865124084 0.8097307648880199
18779 10520887 1.322315315577496 -1.201513072242803 0.6888480000000001 0.6347677865124084 0.8097307648880199
18780 10520887 1.3563767346614788 -1.1870188478313615 0.6864096000000001 0.6347677865124084 0.8097307648880199
18781 10520887 1.3904381537454615 -1.1725246234199198 0.6839712000000001 0.6347677865124084 0.8097307648880199
18782 10520887 1.4244995728294445 -1.1580303990084784 0.6815328 0.6347677865124084 0.8097307648880199
18783 10520887 1.4585609919134273 -1.143536174597037 0.6790944000000001 0.6347677865124084 0.8097307648880199
18784 10520887 1.4926224109974102 -1.1290419501855955 0.6766560000000001 0.6347677865124084 0.8097307648880199
18785 10520887 1.526683830081393 -1.114547725774154 0.6742176000000001 0.6347677865124084 0.8097307648880199
18786 10520887 1.5607452491653757 -1.1000535013627126 0.6717792000000001 0.6347677865124084 0.8097307648880199
18787 10520887 1.5948066682493587 -1.085559276951271 0.6693408000000001 0.6347677865124084 0.8097307648880199
18788 10520887 1.6288680873333414 -1.0710650525398295 0.6669024000000001 0.6347677865124084 0.8097307648880199
18789 10520887 1.6629295064173242 -1.056570828128388 0.664464 0.6347677865124084 0.8097307648880199
18790 10520887 1.6969909255013071 -1.0420766037169467 0.6620256000000001 0.6347677865124084 0.8097307648880199
18791 10520887 1.73105234458529 -1.027582379305505 0.6595872 0.6347677865124084 0.8097307648880199
18792 10520887 1.7651137636692726 -1.0130881548940636 0.6571488000000001 0.6347677865124084 0.8097307648880199
18793 10520887 1.7991751827532556 -0.9985939304826221 0.6547104000000001 0.6347677865124084 0.8097307648880199
18794 10520887 1.8332366018372384 -0.9840997060711807 0.6522720000000001 0.6347677865124084 0.8097307648880199
18795 10520887 1.867298020921221 -0.9696054816597391 0.6498336000000001 0.6347677865124084 0.8097307648880199
18796 10520887 1.901359440005204 -0.9551112572482976 0.6473952000000001 0.6347677865124084 0.8097307648880199
18797 10520887 1.9354208590891868 -0.9406170328368562 0.6449568000000001 0.6347677865124084 0.8097307648880199
18798 10520887 1.9694822781731696 -0.9261228084254147 0.6425184 0.6347677865124084 0.8097307648880199
18799 10520887 2.0035436972571525 -0.9116285840139733 0.6400800000000001 0.6347677865124084 0.8097307648880199
18800 10520887 2.037605116341135 -0.8971343596025317 0.6376416 0.6347677865124084 0.8097307648880199
18801 10520887 2.071666535425118 -0.8826401351910902 0.6352032000000001 0.6347677865124084 0.8097307648880199
18802 10520887 2.105727954509101 -0.8681459107796488 0.6327648000000001 0.6347677865124084 0.8097307648880199
18803 10520887 2.139789373593084 -0.8536516863682073 0.6303264000000001 0.6347677865124084 0.8097307648880199
18804 10520887 2.1738507926770665 -0.8391574619567659 0.6278880000000001 0.6347677865124084 0.8097307648880199
18805 10520887 2.2079122117610495 -0.8246632375453243 0.6254496 0.6347677865124084 0.8097307648880199
18806 10520887 2.241973630845032 -0.8101690131338828 0.6230112000000001 0.6347677865124084 0.8097307648880199
18807 10520887 2.276035049929015 -0.7956747887224414 0.6205728 0.6347677865124084 0.8097307648880199
18808 10520887 2.310096469012998 -0.7811805643109999 0.6181344000000001 0.6347677865124084 0.8097307648880199
18809 10520887 2.344157888096981 -0.7666863398995584 0.615696 0.6347677865124084 0.8097307648880199
18810 10520887 2.3782193071809634 -0.7521921154881169 0.6132576000000001 0.6347677865124084 0.8097307648880199
18811 10520887 2.4122807262649464 -0.7376978910766754 0.6108192000000001 0.6347677865124084 0.8097307648880199
18812 10520887 2.446342145348929 -0.723203666665234 0.6083808 0.6347677865124084 0.8097307648880199
18813 10520887 2.480403564432912 -0.7087094422537925 0.6059424000000001 0.6347677865124084 0.8097307648880199
18814 10520887 2.514464983516895 -0.694215217842351 0.603504 0.6347677865124084 0.8097307648880199
18815 10520887 2.548526402600878 -0.6797209934309095 0.6010656000000001 0.6347677865124084 0.8097307648880199
18816 10520887 2.5825878216848603 -0.665226769019468 0.5986272000000001 0.6347677865124084 0.8097307648880199
18817 10520887 2.6166492407688433 -0.6507325446080265 0.5961888000000001 0.6347677865124084 0.8097307648880199
18818 10520887 2.650710659852826 -0.636238320196585 0.5937504000000001 0.6347677865124084 0.8097307648880199
18819 10520887 2.684772078936809 -0.6217440957851436 0.5913120000000001 0.6347677865124084 0.8097307648880199
18820 10520887 2.7188334980207918 -0.6072498713737021 0.5888736000000001 0.6347677865124084 0.8097307648880199
18821 10520887 2.7528949171047747 -0.5927556469622606 0.5864352 0.6347677865124084 0.8097307648880199
18822 10520887 2.7869563361887573 -0.5782614225508191 0.5839968000000001 0.6347677865124084 0.8097307648880199
18823 10520887 2.8210177552727402 -0.5637671981393776 0.5815584 0.6347677865124084 0.8097307648880199
18824 10520887 2.8550791743567228 -0.5492729737279362 0.5791200000000001 0.6347677865124084 0.8097307648880199
18825 10520887 2.8891405934407057 -0.5347787493164946 0.5766816000000001 0.6347677865124084 0.8097307648880199
18826 10520887 2.9232020125246887 -0.5202845249050532 0.5742432000000001 0.6347677865124084 0.8097307648880199
18827 10520887 2.9572634316086717 -0.5057903004936117 0.5718048 0.6347677865124084 0.8097307648880199
18828 10520887 2.9913248506926546 -0.4912960760821702 0.5693664 0.6347677865124084 0.8097307648880199
18829 10520887 3.025386269776637 -0.47680185167072875 0.5669280000000001 0.6347677865124084 0.8097307648880199
18830 10520887 3.0594476888606197 -0.4623076272592872 0.5644896 0.6347677865124084 0.8097307648880199
18831 10520887 3.0935091079446027 -0.44781340284784577 0.5620512000000001 0.6347677865124084 0.8097307648880199
18832 10520887 3.1275705270285856 -0.43331917843640433 0.5596128 0.6347677865124084 0.8097307648880199
18833 10520887 3.1616319461125686 -0.4188249540249628 0.5571744000000001 0.6347677865124084 0.8097307648880199
18834 10520887 3.195693365196551 -0.40433072961352134 0.5547360000000001 0.6347677865124084 0.8097307648880199
