25517 11330440 1.0203671731055515 0.0032678268652927833 0.34290000000000004 1.746861674321038 1.0875893105342198
25518 11330440 0.9819561392873715 0.005302616744915251 0.34290000000000004 1.746861674321038 1.0875893105342198
25519 11330440 0.9345297810136421 0.004208088799675616 0.33909 1.746861674321038 1.0875893105342198
25520 11330440 0.890145074289017 0.00427017574042815 0.341376 1.746861674321038 1.0875893105342198
25521 11330440 0.8457603675643919 0.004332262681180685 0.343662 1.746861674321038 1.0875893105342198
25522 11330440 0.8013756608397667 0.004394349621933219 0.34594800000000003 1.746861674321038 1.0875893105342198
25523 11330440 0.7569909541151416 0.004456436562685753 0.34823400000000004 1.746861674321038 1.0875893105342198
25524 11330440 0.7126062473905165 0.004518523503438288 0.35052000000000005 1.746861674321038 1.0875893105342198
25525 11330440 0.6729348832062725 0.008134952361027278 0.35052000000000005 1.746861674321038 1.0875893105342198
25526 11330440 0.6111513153224708 0.006593241581744194 0.35052000000000005 1.746861674321038 1.0875893105342198
25527 11330440 0.580341115077537 0.0074316241092233365 0.35052000000000005 1.746861674321038 1.0875893105342198
25528 11330440 0.5495309148326033 0.008270006636702479 0.35052000000000005 1.746861674321038 1.0875893105342198
25529 11330440 0.5187207145876696 0.009108389164181621 0.35052000000000005 1.746861674321038 1.0875893105342198
25530 11330440 0.4554172337370178 0.01378917879491598 0.36576 1.746861674321038 1.0875893105342198
25531 11330440 0.4081623846802662 0.013225941828789722 0.36576 1.746861674321038 1.0875893105342198
25532 11330440 0.3600179382977029 0.01809418614372771 0.36576 1.746861674321038 1.0875893105342198
25533 11330440 0.3118389642267577 0.02285720264120794 0.381 1.746861674321038 1.0875893105342198
25534 11330440 0.2518664429735865 0.02142747605841952 0.38862 1.746861674321038 1.0875893105342198
25535 11330440 0.20304088557335087 0.021495654425876337 0.37338 1.746861674321038 1.0875893105342198
25536 11330440 0.15052252231146657 0.021135429260363103 0.39624000000000004 1.746861674321038 1.0875893105342198
25537 11330440 0.12286922517256049 0.026201128878679786 0.39624000000000004 1.746861674321038 1.0875893105342198
25538 11330440 0.07377794168272023 0.024370858537612866 0.39624000000000004 1.746861674321038 1.0875893105342198
25539 11330440 0.04676196020907153 0.024321664073042343 0.40386 1.746861674321038 1.0875893105342198
25540 11330440 -0.0492416847214 0.021352144839667936 0.41148 1.746861674321038 1.0875893105342198
25541 11330440 -0.09985407034960347 0.024109224923866496 0.40386 1.746861674321038 1.0875893105342198
25542 11330440 -0.14870588218480396 0.021384241578768698 0.41148 1.746861674321038 1.0875893105342198
25543 11330440 -0.21052592788339686 0.01974412734706829 0.41148 1.746861674321038 1.0875893105342198
25544 11330440 -0.24538141948113618 0.02111951078496621 0.41529000000000005 1.746861674321038 1.0875893105342198
25545 11330440 -0.2802369110788755 0.02249489422286413 0.41910000000000003 1.746861674321038 1.0875893105342198
25546 11330440 -0.3602240041733995 0.02369850535287296 0.41910000000000003 1.746861674321038 1.0875893105342198
25547 11330440 -0.4041498440928637 0.02246098176217795 0.42672000000000004 1.746861674321038 1.0875893105342198
25548 11330440 -0.4480756840123279 0.02122345817148294 0.43434000000000006 1.746861674321038 1.0875893105342198
25549 11330440 -0.5084296466483333 0.01863907414828711 0.44196 1.746861674321038 1.0875893105342198
25550 11330440 -0.5404920047939827 0.018372347927602645 0.44196 1.746861674321038 1.0875893105342198
25551 11330440 -0.5949531081030734 0.014796757867901161 0.44958000000000004 1.746861674321038 1.0875893105342198
25552 11330440 -0.666403558400575 0.01630873363059651 0.45720000000000005 1.746861674321038 1.0875893105342198
25553 11330440 -0.7167147653422408 0.011844526141044504 0.46482000000000007 1.746861674321038 1.0875893105342198
25554 11330440 -0.7626084995730413 0.010025507818391649 0.46482000000000007 1.746861674321038 1.0875893105342198
25555 11330440 -0.8205198317365257 0.008397367598834166 0.47243999999999997 1.746861674321038 1.0875893105342198
25556 11330440 -0.8416868119106693 0.009943864234560923 0.48006 1.746861674321038 1.0875893105342198
25557 11330440 -0.8695778233925269 0.007496782398310614 0.48006 1.746861674321038 1.0875893105342198
25558 11330440 -0.8974688348743844 0.005049700562060305 0.48006 1.746861674321038 1.0875893105342198
25559 11330440 -0.9769445058812374 -0.0016771176479622174 0.48768 1.746861674321038 1.0875893105342198
25560 11330440 -1.0353659412380585 -0.007575842705978247 0.4953 1.746861674321038 1.0875893105342198
25561 11330440 -1.0937873765948796 -0.013474567763994277 0.50292 1.746861674321038 1.0875893105342198
25562 11330440 -1.1522088119517007 -0.019373292822010307 0.51054 1.746861674321038 1.0875893105342198
25563 11330440 -1.2106302473085218 -0.025272017880026337 0.5181600000000001 1.746861674321038 1.0875893105342198
25564 11330440 -1.2690516826653429 -0.031170742938042367 0.52578 1.746861674321038 1.0875893105342198
25565 11330440 -1.3133247718064565 -0.03889113692911675 0.52578 1.746861674321038 1.0875893105342198
25566 11330440 -1.3622400730992401 -0.04450893442051665 0.52578 1.746861674321038 1.0875893105342198
25567 11330440 -1.4107718161424707 -0.05574325114380321 0.5334 1.746861674321038 1.0875893105342198
25568 11330440 -1.4526770850473765 -0.06844348335791808 0.54102 1.746861674321038 1.0875893105342198
25569 11330440 -1.5168513471124285 -0.09015915333134836 0.54102 1.746861674321038 1.0875893105342198
25570 11330440 -1.5484178691739263 -0.13239927459342452 0.5437414285714285 1.746861674321038 1.0875893105342198
25571 11330440 -1.5799843912354241 -0.17463939585550067 0.5464628571428571 1.746861674321038 1.0875893105342198
25572 11330440 -1.6115509132969221 -0.21687951711757683 0.5491842857142857 1.746861674321038 1.0875893105342198
25573 11330440 -1.64311743535842 -0.259119638379653 0.5519057142857142 1.746861674321038 1.0875893105342198
25574 11330440 -1.6746839574199177 -0.3013597596417291 0.5546271428571428 1.746861674321038 1.0875893105342198
25575 11330440 -1.7062504794814155 -0.34359988090380533 0.5573485714285714 1.746861674321038 1.0875893105342198
25576 11330440 -1.7378170015429135 -0.38584000216588143 0.56007 1.746861674321038 1.0875893105342198
25577 11330440 -1.7693835236044113 -0.42808012342795765 0.5627914285714285 1.746861674321038 1.0875893105342198
25578 11330440 -1.800950045665909 -0.47032024469003375 0.5655128571428572 1.746861674321038 1.0875893105342198
25579 11330440 -1.832516567727407 -0.51256036595211 0.5682342857142857 1.746861674321038 1.0875893105342198
25580 11330440 -1.8640830897889047 -0.5548004872141861 0.5709557142857142 1.746861674321038 1.0875893105342198
25581 11330440 -1.8956496118504025 -0.5970406084762623 0.5736771428571428 1.746861674321038 1.0875893105342198
25582 11330440 -1.9272161339119005 -0.6392807297383385 0.5763985714285714 1.746861674321038 1.0875893105342198
25583 11330440 -1.9587826559733983 -0.6815208510004146 0.57912 1.746861674321038 1.0875893105342198
25584 11330440 -1.9587500241589118 -0.7140127723310042 0.57912 1.746861674321038 1.0875893105342198
25585 11330440 -1.9468718087122603 -0.7999189210523895 0.58674 1.746861674321038 1.0875893105342198
25586 11330440 -1.9318606339550264 -0.8534337533487978 0.57912 1.746861674321038 1.0875893105342198
25587 11330440 -1.9083371476430726 -0.9156913916712169 0.58674 1.746861674321038 1.0875893105342198
25588 11330440 -1.894349492458899 -0.946262894860258 0.58674 1.746861674321038 1.0875893105342198
25589 11330440 -1.8803618372747255 -0.9768343980492992 0.58674 1.746861674321038 1.0875893105342198
25590 11330440 -1.8251285669102033 -1.048352193010281 0.58674 1.746861674321038 1.0875893105342198
25591 11330440 -1.7698952965456811 -1.1198699879712628 0.58674 1.746861674321038 1.0875893105342198
25592 11330440 -1.7228066197196967 -1.1673999937749404 0.58674 1.746861674321038 1.0875893105342198
25593 11330440 -1.6757179428937123 -1.214929999578618 0.58674 1.746861674321038 1.0875893105342198
25594 11330440 -1.6210383657527405 -1.2541923865088391 0.58674 1.746861674321038 1.0875893105342198
25595 11330440 -1.5663587886117687 -1.2934547734390602 0.58674 1.746861674321038 1.0875893105342198
25596 11330440 -1.5052927399752016 -1.3240557772675314 0.58674 1.746861674321038 1.0875893105342198
25597 11330440 -1.4520467976539828 -1.3530337112683377 0.58674 1.746861674321038 1.0875893105342198
25598 11330440 -1.3902922180402386 -1.3839754666680173 0.59436 1.746861674321038 1.0875893105342198
25599 11330440 -1.3587814866497323 -1.3969659321810823 0.5981700000000001 1.746861674321038 1.0875893105342198
25600 11330440 -1.327270755259226 -1.4099563976941474 0.6019800000000001 1.746861674321038 1.0875893105342198
25601 11330440 -1.239802303137118 -1.465777833540361 0.61722 1.746861674321038 1.0875893105342198
25602 11330440 -1.2028814577935545 -1.4887147856545393 0.6096 1.746861674321038 1.0875893105342198
25603 11330440 -1.1372266769943178 -1.5569136943684796 0.6248400000000001 1.746861674321038 1.0875893105342198
25604 11330440 -1.1000857756304936 -1.6090715441652041 0.62865 1.746861674321038 1.0875893105342198
25605 11330440 -1.0629448742666692 -1.6612293939619287 0.63246 1.746861674321038 1.0875893105342198
25606 11330440 -1.038795254878994 -1.7164416724116527 0.6400800000000001 1.746861674321038 1.0875893105342198
25607 11330440 -1.0247418673408037 -1.7753631062357782 0.6400800000000001 1.746861674321038 1.0875893105342198
25608 11330440 -1.0103016045175832 -1.8507673997313938 0.6400800000000001 1.746861674321038 1.0875893105342198
25609 11330440 -1.0131538859708076 -1.9097699603879346 0.6477 1.746861674321038 1.0875893105342198
25610 11330440 -1.0158079380414784 -1.9654491487990835 0.6477 1.746861674321038 1.0875893105342198
25611 11330440 -1.0363385356047077 -2.0282528247974194 0.6477 1.746861674321038 1.0875893105342198
25612 11330440 -1.0664469126910026 -2.1040483435137207 0.6477 1.746861674321038 1.0875893105342198
25613 11330440 -1.1115756518842133 -2.160563259207887 0.65532 1.746861674321038 1.0875893105342198
25614 11330440 -1.154091398391733 -2.206365877548928 0.65532 1.746861674321038 1.0875893105342198
25615 11330440 -1.2037564624881587 -2.2292448113620518 0.656844 1.746861674321038 1.0875893105342198
25616 11330440 -1.2534215265845845 -2.2521237451751754 0.6583680000000001 1.746861674321038 1.0875893105342198
25617 11330440 -1.3030865906810103 -2.2750026789882996 0.659892 1.746861674321038 1.0875893105342198
25618 11330440 -1.3527516547774363 -2.2978816128014232 0.6614160000000001 1.746861674321038 1.0875893105342198
25619 11330440 -1.402416718873862 -2.320760546614547 0.6629400000000001 1.746861674321038 1.0875893105342198
25620 11330440 -1.4619602328100343 -2.311923754615006 0.6667500000000001 1.746861674321038 1.0875893105342198
25621 11330440 -1.5215037467462065 -2.303086962615465 0.67056 1.746861674321038 1.0875893105342198
25622 11330440 -1.5810472606823787 -2.294250170615924 0.6743700000000001 1.746861674321038 1.0875893105342198
25623 11330440 -1.6405907746185509 -2.2854133786163833 0.6781800000000001 1.746861674321038 1.0875893105342198
25624 11330440 -1.700134288554723 -2.2765765866168426 0.6819900000000001 1.746861674321038 1.0875893105342198
25625 11330440 -1.7596778024908952 -2.2677397946173015 0.6858000000000001 1.746861674321038 1.0875893105342198
25626 11330440 -1.8496277570268977 -2.2289793088888206 0.6858000000000001 1.746861674321038 1.0875893105342198
25627 11330440 -1.9078404454683182 -2.204568603219954 0.6858000000000001 1.746861674321038 1.0875893105342198
25628 11330440 -1.9632096209974461 -2.1701046151092314 0.6858000000000001 1.746861674321038 1.0875893105342198
25629 11330440 -2.0202352396740535 -2.140706504992179 0.6858000000000001 1.2112899144904097 2.269138511209445
25630 11330440 -2.0470909743741754 -2.1209409233695276 0.6858000000000001 1.2112899144904097 2.269138511209445
25631 11330440 -2.0739467090742973 -2.101175341746876 0.6858000000000001 1.2112899144904097 2.269138511209445
25632 11330440 -2.101919767508444 -2.086184964475826 0.6858000000000001 1.2112899144904097 2.269138511209445
25633 11330440 -2.2128104282420784 -2.001429500597355 0.6781800000000001 1.2112899144904097 2.269138511209445
25634 11330440 -2.266623666799421 -1.9622135274075008 0.6858000000000001 1.2112899144904097 2.269138511209445
25635 11330440 -2.3243633657614886 -1.915987590365589 0.6858000000000001 1.2112899144904097 2.269138511209445
25636 11330440 -2.3791921718558537 -1.8728162241293296 0.6781800000000001 1.2112899144904097 2.269138511209445
25637 11330440 -2.4299513277287264 -1.829339171801753 0.6781800000000001 1.2112899144904097 2.269138511209445
25638 11330440 -2.4807104836015994 -1.7858621194741764 0.6781800000000001 1.2112899144904097 2.269138511209445
25639 11330440 -2.531469639474472 -1.7423850671466 0.6781800000000001 1.2112899144904097 2.269138511209445
25640 11330440 -2.5880277501066153 -1.6884805375621184 0.6781800000000001 1.2112899144904097 2.269138511209445
25641 11330440 -2.6370083329566407 -1.64943937397534 0.6781800000000001 1.2112899144904097 2.269138511209445
25642 11330440 -2.690885509697269 -1.5995653382740043 0.6858000000000001 1.2112899144904097 2.269138511209445
25643 11330440 -2.772989716875067 -1.5191905294392785 0.69342 1.2112899144904097 2.269138511209445
25644 11330440 -2.8187186573686374 -1.4770050255202205 0.7010400000000001 1.2112899144904097 2.269138511209445
25645 11330440 -2.870341555130902 -1.4338253657816529 0.7010400000000001 1.2112899144904097 2.269138511209445
25646 11330440 -2.8979085310723964 -1.4080971558463895 0.7048500000000001 1.2112899144904097 2.269138511209445
25647 11330440 -2.925475507013891 -1.3823689459111261 0.7086600000000001 1.2112899144904097 2.269138511209445
25648 11330440 -3.013576862510536 -1.2999690374603445 0.7200900000000001 1.2112899144904097 2.269138511209445
25649 11330440 -3.0511975953575012 -1.2681750892375865 0.725805 1.2112899144904097 2.269138511209445
25650 11330440 -3.088818328204467 -1.2363811410148284 0.73152 1.2112899144904097 2.269138511209445
25651 11330440 -3.1475201700251647 -1.1879609257207264 0.73914 1.2112899144904097 2.269138511209445
25652 11330440 -3.1985653622134675 -1.1443825199199045 0.74676 1.2112899144904097 2.269138511209445
25653 11330440 -3.255172037667779 -1.1001519660714818 0.75438 1.2112899144904097 2.269138511209445
25654 11330440 -3.316506074906961 -1.0578789888230693 0.75438 1.2112899144904097 2.269138511209445
25655 11330440 -3.332979821046294 -1.0419715471686763 0.76962 1.2112899144904097 2.269138511209445
25656 11330440 -3.3894562689489622 -1.0074185835071707 0.77343 1.2112899144904097 2.269138511209445
25657 11330440 -3.4459327168516305 -0.9728656198456653 0.7772399999999999 1.2112899144904097 2.269138511209445
25658 11330440 -3.5024091647542983 -0.9383126561841597 0.78105 1.2112899144904097 2.269138511209445
25659 11330440 -3.5588856126569666 -0.9037596925226542 0.78486 1.2112899144904097 2.269138511209445
25660 11330440 -3.615362060559635 -0.8692067288611487 0.78867 1.2112899144904097 2.269138511209445
25661 11330440 -3.671838508462303 -0.8346537651996431 0.7924800000000001 1.2112899144904097 2.269138511209445
25662 11330440 -3.7283149563649713 -0.8001008015381376 0.79629 1.2112899144904097 2.269138511209445
25663 11330440 -3.7847914042676396 -0.765547837876632 0.8001 1.2112899144904097 2.269138511209445
25664 11330440 -3.841267852170308 -0.7309948742151265 0.80391 1.2112899144904097 2.269138511209445
25665 11330440 -3.8977443000729757 -0.696441910553621 0.80772 1.2112899144904097 2.269138511209445
25666 11330440 -3.954220747975644 -0.6618889468921154 0.8115300000000001 1.2112899144904097 2.269138511209445
25667 11330440 -4.010697195878312 -0.6273359832306099 0.8153400000000001 1.2112899144904097 2.269138511209445
25668 11330440 -4.062768809051877 -0.6021086540476203 0.8153400000000001 1.2112899144904097 2.269138511209445
