25682 10636784 1.1713310429720687 -0.0008395006964894147 0.3048 1.2112899144904097 2.269138511209445
25683 10636784 1.1388694851190253 -0.0009827416854584353 0.33528 1.2112899144904097 2.269138511209445
25684 10636784 1.101226527999261 0.0006836964528392775 0.3048 1.2112899144904097 2.269138511209445
25685 10636784 1.075880396822416 0.0012536776728941934 0.3048 1.2112899144904097 2.269138511209445
25686 10636784 1.0505342656455707 0.0018236588929491093 0.3048 1.2112899144904097 2.269138511209445
25687 10636784 1.009331648333745 0.0010906258667985821 0.31242000000000003 1.2112899144904097 2.269138511209445
25688 10636784 0.968129031021919 0.00035759284064805497 0.32004 1.2112899144904097 2.269138511209445
25689 10636784 0.9269264137100932 -0.0003754401855024722 0.32766 1.2112899144904097 2.269138511209445
25690 10636784 0.8857237963982674 -0.0011084732116529994 0.33528 1.2112899144904097 2.269138511209445
25691 10636784 0.83644169188829 0.0002732740224462432 0.33528 1.2112899144904097 2.269138511209445
25692 10636784 0.7871595873783126 0.0016550212565454858 0.33528 1.2112899144904097 2.269138511209445
25693 10636784 0.727915888213887 0.006525794310560107 0.33528 1.2112899144904097 2.269138511209445
25694 10636784 0.6825641237457576 0.0049885762839015635 0.33528 1.2112899144904097 2.269138511209445
25695 10636784 0.6381181775234842 0.003506116702146636 0.33528 1.2112899144904097 2.269138511209445
25696 10636784 0.58950375959898 0.008292786097713292 0.36576 1.2112899144904097 2.269138511209445
25697 10636784 0.5565195466263628 0.007913940051755747 0.36576 1.2112899144904097 2.269138511209445
25698 10636784 0.5235353336537456 0.007535094005798201 0.36576 1.2112899144904097 2.269138511209445
25699 10636784 0.45894920720528537 0.007611382534448166 0.36576 1.2112899144904097 2.269138511209445
25700 10636784 0.4245374442822494 0.010678725031807897 0.36576 1.2112899144904097 2.269138511209445
25701 10636784 0.3901256813592133 0.013746067529167627 0.36576 1.2112899144904097 2.269138511209445
25702 10636784 0.34152907429081336 0.013154395735359176 0.36576 1.2112899144904097 2.269138511209445
25703 10636784 0.2934190400178247 0.01812864884585072 0.39624000000000004 1.2112899144904097 2.269138511209445
25704 10636784 0.24361861975361043 0.017931010832782868 0.39624000000000004 1.2112899144904097 2.269138511209445
25705 10636784 0.17499159911717566 0.019914438133299656 0.39624000000000004 1.2112899144904097 2.269138511209445
25706 10636784 0.1280048064107301 0.024522658706222472 0.39624000000000004 1.2112899144904097 2.269138511209445
25707 10636784 0.08529260889155221 0.026448947816768598 0.39624000000000004 1.2112899144904097 2.269138511209445
25708 10636784 0.023794164667318762 0.024701889379951936 0.39624000000000004 1.2112899144904097 2.269138511209445
25709 10636784 -0.024316196157247894 0.02967830299576865 0.42672000000000004 1.2112899144904097 2.269138511209445
25710 10636784 -0.06543728919978664 0.028865590990678064 0.42672000000000004 1.2112899144904097 2.269138511209445
25711 10636784 -0.1247206463747067 0.02955012762660783 0.42672000000000004 1.2112899144904097 2.269138511209445
25712 10636784 -0.17959073961918914 0.02879253172030219 0.42672000000000004 1.2112899144904097 2.269138511209445
25713 10636784 -0.23326615728057298 0.030331935237698143 0.42672000000000004 1.2112899144904097 2.269138511209445
25714 10636784 -0.2635399256233356 0.02942106858974411 0.42672000000000004 1.2112899144904097 2.269138511209445
25715 10636784 -0.29381369396609824 0.028510201941790075 0.42672000000000004 1.2112899144904097 2.269138511209445
25716 10636784 -0.35342496842824933 0.022761058509272153 0.42672000000000004 1.2112899144904097 2.269138511209445
25717 10636784 -0.40723807414409174 0.01301389065406841 0.42672000000000004 1.2112899144904097 2.269138511209445
25718 10636784 -0.4846818362736318 -0.0048970183325899586 0.42672000000000004 1.2112899144904097 2.269138511209445
25719 10636784 -0.5344535904463736 -0.026187399829802727 0.44196 1.2112899144904097 2.269138511209445
25720 10636784 -0.5842253446191155 -0.047477781327015495 0.45720000000000005 1.2112899144904097 2.269138511209445
25721 10636784 -0.6354103299911679 -0.07634759940006976 0.45720000000000005 1.2112899144904097 2.269138511209445
25722 10636784 -0.6865953153632204 -0.10521741747312402 0.45720000000000005 1.2112899144904097 2.269138511209445
25723 10636784 -0.7377803007352728 -0.13408723554617827 0.45720000000000005 1.2112899144904097 2.269138511209445
25724 10636784 -0.7968619236177172 -0.18031449307213723 0.45720000000000005 1.2112899144904097 2.269138511209445
25725 10636784 -0.8182124309279168 -0.20078992776092522 0.45720000000000005 1.2112899144904097 2.269138511209445
25726 10636784 -0.8679113911797725 -0.24412604564452292 0.45720000000000005 1.2112899144904097 2.269138511209445
25727 10636784 -0.9121141240767179 -0.2951008025124807 0.48768 1.2112899144904097 2.269138511209445
25728 10636784 -0.947481943379141 -0.3299201184781372 0.48768 1.2112899144904097 2.269138511209445
25729 10636784 -0.9923427734389694 -0.3845350550835549 0.48768 1.2112899144904097 2.269138511209445
25730 10636784 -1.040712201734325 -0.4493356627133841 0.48768 1.2112899144904097 2.269138511209445
25731 10636784 -1.0724132696148088 -0.4973876871788687 0.5181600000000001 1.2112899144904097 2.269138511209445
25732 10636784 -1.0985851634484134 -0.5437425455518337 0.5181600000000001 1.2112899144904097 2.269138511209445
25733 10636784 -1.126688234085365 -0.5943730036304865 0.5181600000000001 1.2112899144904097 2.269138511209445
25734 10636784 -1.1333529018662674 -0.6071486868985939 0.5181600000000001 1.2112899144904097 2.269138511209445
25735 10636784 -1.14001756964717 -0.6199243701667013 0.5181600000000001 1.2112899144904097 2.269138511209445
25736 10636784 -1.1850322686887418 -0.7222742439957944 0.5181600000000001 1.2112899144904097 2.269138511209445
25737 10636784 -1.1962490150330003 -0.7565780060056331 0.5181600000000001 1.2112899144904097 2.269138511209445
25738 10636784 -1.220426025430865 -0.8142170876777257 0.5181600000000001 1.2112899144904097 2.269138511209445
25739 10636784 -1.2412885590104843 -0.8943207848314715 0.54864 1.2112899144904097 2.269138511209445
25740 10636784 -1.26181507980848 -0.95981310676622 0.54864 1.2112899144904097 2.269138511209445
25741 10636784 -1.273017425896448 -1.0253165453662991 0.54864 1.2112899144904097 2.269138511209445
25742 10636784 -1.2794075373921492 -1.0614321768745822 0.54864 1.2112899144904097 2.269138511209445
25743 10636784 -1.2894402852788442 -1.127434853088843 0.57912 1.2112899144904097 2.269138511209445
25744 10636784 -1.3032167585682328 -1.1869558168786634 0.57912 1.2112899144904097 2.269138511209445
25745 10636784 -1.321609981009584 -1.275811618037651 0.57912 1.2112899144904097 2.269138511209445
25746 10636784 -1.3296330531374922 -1.316650838341937 0.57912 1.2112899144904097 2.269138511209445
25747 10636784 -1.3376561252654005 -1.357490058646223 0.57912 1.2112899144904097 2.269138511209445
25748 10636784 -1.3566378803978665 -1.4155426530875548 0.57912 1.2112899144904097 2.269138511209445
25749 10636784 -1.3676818097779806 -1.4493187054953272 0.57912 1.2112899144904097 2.269138511209445
25750 10636784 -1.38662904961471 -1.5072657410567996 0.57912 1.2112899144904097 2.269138511209445
25751 10636784 -1.4182768029834258 -1.6040552217047492 0.6096 1.2112899144904097 2.269138511209445
25752 10636784 -1.434937383927575 -1.6577260260724986 0.6096 1.2112899144904097 2.269138511209445
25753 10636784 -1.4493449091947352 -1.7180920892750622 0.6096 1.2112899144904097 2.269138511209445
25754 10636784 -1.468706240132074 -1.7773057161970587 0.6096 1.2112899144904097 2.269138511209445
25755 10636784 -1.4907683859017344 -1.8420621489341438 0.6096 1.2112899144904097 2.269138511209445
25756 10636784 -1.512335532966328 -1.9089276627522243 0.6197600000000001 1.2112899144904097 2.269138511209445
25757 10636784 -1.5339026800309215 -1.975793176570305 0.62992 1.2112899144904097 2.269138511209445
25758 10636784 -1.555469827095515 -2.0426586903883854 0.6400800000000001 1.2112899144904097 2.269138511209445
25759 10636784 -1.5618791288744445 -2.075847083010431 0.6400800000000001 1.2112899144904097 2.269138511209445
25760 10636784 -1.5778838392839345 -2.127512434811658 0.6400800000000001 1.2112899144904097 2.269138511209445
25761 10636784 -1.6013609633316033 -2.1965963857904223 0.6400800000000001 1.2112899144904097 2.269138511209445
25762 10636784 -1.6325319419559359 -2.310949991469649 0.6400800000000001 1.2112899144904097 2.269138511209445
25763 10636784 -1.645822908498355 -2.355674722789169 0.6553200000000001 1.2112899144904097 2.269138511209445
25764 10636784 -1.6591138750407741 -2.400399454108689 0.67056 1.2112899144904097 2.269138511209445
25765 10636784 -1.6733992738995243 -2.4474862212590285 0.67056 1.2112899144904097 2.269138511209445
25766 10636784 -1.6876846727582746 -2.4945729884093684 0.67056 1.2112899144904097 2.269138511209445
25767 10636784 -1.7017350731056504 -2.554121042029918 0.67056 1.2112899144904097 2.269138511209445
25768 10636784 -1.7128133749124437 -2.5880026204859807 0.7010400000000001 1.2112899144904097 2.269138511209445
25769 10636784 -1.7345260386406227 -2.6718004102478154 0.7010400000000001 1.2112899144904097 2.269138511209445
25770 10636784 -1.7508791032467768 -2.7299675267592023 0.7086600000000001 1.2112899144904097 2.269138511209445
25771 10636784 -1.7672321678529308 -2.788134643270589 0.71628 1.2112899144904097 2.269138511209445
25772 10636784 -1.7835852324590848 -2.846301759781976 0.7239000000000001 1.2112899144904097 2.269138511209445
25773 10636784 -1.799938297065239 -2.904468876293363 0.7315200000000001 1.2112899144904097 2.269138511209445
25774 10636784 -1.816291361671393 -2.9626359928047497 0.73914 1.2112899144904097 2.269138511209445
25775 10636784 -1.832644426277547 -3.0208031093161365 0.7467600000000001 1.2112899144904097 2.269138511209445
25776 10636784 -1.848997490883701 -3.0789702258275233 0.75438 1.2112899144904097 2.269138511209445
25777 10636784 -1.865350555489855 -3.13713734233891 0.762 1.2112899144904097 2.269138511209445
25778 10636784 -1.8820432621826753 -3.208030526287321 0.762 1.2112899144904097 2.269138511209445
25779 10636784 -1.8987359688754955 -3.278923710235732 0.762 1.2112899144904097 2.269138511209445
25780 10636784 -1.908970849916576 -3.319195329375167 0.7721600000000001 1.2112899144904097 2.269138511209445
25781 10636784 -1.9192057309576567 -3.359466948514602 0.78232 1.2112899144904097 2.269138511209445
25782 10636784 -1.9294406119987373 -3.399738567654037 0.7924800000000001 1.2112899144904097 2.269138511209445
25783 10636784 -1.944464980609908 -3.467886353904923 0.7924800000000001 1.2112899144904097 2.269138511209445
25784 10636784 -1.9594893492210788 -3.53603414015581 0.7924800000000001 1.2112899144904097 2.269138511209445
25785 10636784 -1.9745137178322494 -3.6041819264066963 0.7924800000000001 1.2112899144904097 2.269138511209445
25786 10636784 -1.9876839173010505 -3.6689246261672444 0.7924800000000001 1.2112899144904097 2.269138511209445
25787 10636784 -2.0020892111520947 -3.7292911348173967 0.82296 1.2112899144904097 2.269138511209445
25788 10636784 -2.010575667861353 -3.769199696801835 0.82296 1.2112899144904097 2.269138511209445
25789 10636784 -2.0190621245706115 -3.809108258786273 0.82296 1.2112899144904097 2.269138511209445
25790 10636784 -2.02754858127987 -3.849016820770711 0.82296 1.2112899144904097 2.269138511209445
