29895 10532852 1.1562899690533128 0.0027307321068094498 0.35052000000000005 2.3864760276694317 0.9596587984065638
29896 10532852 1.1256511522384196 0.0020504431262027556 0.35052000000000005 2.3864760276694317 0.9596587984065638
29897 10532852 1.0912954732778617 0.0023633236932041777 0.35356800000000005 2.3864760276694317 0.9596587984065638
29898 10532852 1.0569397943173036 0.0026762042602056003 0.35661600000000004 2.3864760276694317 0.9596587984065638
29899 10532852 1.0225841153567456 0.0029890848272070224 0.35966400000000004 2.3864760276694317 0.9596587984065638
29900 10532852 0.9882284363961877 0.003301965394208445 0.36271200000000003 2.3864760276694317 0.9596587984065638
29901 10532852 0.9538727574356297 0.003614845961209867 0.36576000000000003 2.3864760276694317 0.9596587984065638
29902 10532852 0.9195170784750717 0.003927726528211289 0.368808 2.3864760276694317 0.9596587984065638
29903 10532852 0.8851613995145138 0.004240607095212711 0.371856 2.3864760276694317 0.9596587984065638
29904 10532852 0.8508057205539558 0.004553487662214134 0.374904 2.3864760276694317 0.9596587984065638
29905 10532852 0.8164500415933977 0.004866368229215556 0.377952 2.3864760276694317 0.9596587984065638
29906 10532852 0.7820943626328398 0.005179248796216979 0.381 2.3864760276694317 0.9596587984065638
29907 10532852 0.7465055932985665 0.006001263668692875 0.38481 2.3864760276694317 0.9596587984065638
29908 10532852 0.7109168239642932 0.006823278541168772 0.38862 2.3864760276694317 0.9596587984065638
29909 10532852 0.67532805463002 0.007645293413644668 0.39243000000000006 2.3864760276694317 0.9596587984065638
29910 10532852 0.6397392852957466 0.008467308286120565 0.39624000000000004 2.3864760276694317 0.9596587984065638
29911 10532852 0.5884253843312024 0.007710537893161742 0.39624000000000004 2.3864760276694317 0.9596587984065638
29912 10532852 0.5586454329469717 0.008757576380304046 0.39751000000000003 2.3864760276694317 0.9596587984065638
29913 10532852 0.5288654815627408 0.009804614867446349 0.39878 2.3864760276694317 0.9596587984065638
29914 10532852 0.4990855301785101 0.010851653354588653 0.40005 2.3864760276694317 0.9596587984065638
29915 10532852 0.46316679852947457 0.011685342717390523 0.40386 2.3864760276694317 0.9596587984065638
29916 10532852 0.42724806688043904 0.012519032080192394 0.40767000000000003 2.3864760276694317 0.9596587984065638
29917 10532852 0.3913293352314035 0.013352721442994264 0.41148 2.3864760276694317 0.9596587984065638
29918 10532852 0.324695983227446 0.013281333386522848 0.41148 2.3864760276694317 0.9596587984065638
29919 10532852 0.2911857946951042 0.008577504776269451 0.41910000000000003 2.3864760276694317 0.9596587984065638
29920 10532852 0.23232978332522958 0.011923513031425886 0.42672000000000004 2.3864760276694317 0.9596587984065638
29921 10532852 0.18706520182738967 0.012697399164807263 0.4305300000000001 2.3864760276694317 0.9596587984065638
29922 10532852 0.14180062032954976 0.01347128529818864 0.43434000000000006 2.3864760276694317 0.9596587984065638
29923 10532852 0.11388919087389959 0.012312638814827933 0.43942000000000003 2.3864760276694317 0.9596587984065638
29924 10532852 0.08597776141824942 0.011153992331467225 0.44450000000000006 2.3864760276694317 0.9596587984065638
29925 10532852 0.05806633196259925 0.009995345848106518 0.44958000000000004 2.3864760276694317 0.9596587984065638
29926 10532852 0.014115038506261501 0.011392346905961054 0.44958000000000004 2.3864760276694317 0.9596587984065638
29927 10532852 -0.02436618456288875 0.013221481641530558 0.45720000000000005 2.3864760276694317 0.9596587984065638
29928 10532852 -0.062079512531545866 0.014682988953276493 0.45720000000000005 2.3864760276694317 0.9596587984065638
29929 10532852 -0.10298539202394208 0.017246739448939813 0.46101000000000003 2.3864760276694317 0.9596587984065638
29930 10532852 -0.1438912715163383 0.019810489944603132 0.46482000000000007 2.3864760276694317 0.9596587984065638
29931 10532852 -0.1820749435016833 0.02119267452841686 0.47243999999999997 2.3864760276694317 0.9596587984065638
29932 10532852 -0.22323572992076568 0.02705316922954512 0.47243999999999997 2.3864760276694317 0.9596587984065638
29933 10532852 -0.25704943133861935 0.02957758097832827 0.47243999999999997 2.3864760276694317 0.9596587984065638
29934 10532852 -0.300449024407349 0.03266538587916548 0.48006 2.3864760276694317 0.9596587984065638
29935 10532852 -0.3442803499543208 0.03986688197435809 0.48006 2.3864760276694317 0.9596587984065638
29936 10532852 -0.40755068739308054 0.04466094023698733 0.48768 2.3864760276694317 0.9596587984065638
29937 10532852 -0.45043279552475624 0.049332953780770655 0.48768 2.3864760276694317 0.9596587984065638
29938 10532852 -0.4705658711077745 0.052409814463062726 0.49149 2.3864760276694317 0.9596587984065638
29939 10532852 -0.4906989466907927 0.0554866751453548 0.4953 2.3864760276694317 0.9596587984065638
29940 10532852 -0.5352092284382202 0.060340976398014695 0.4953 2.3864760276694317 0.9596587984065638
29941 10532852 -0.5687341508267618 0.06510908589065309 0.50292 2.3864760276694317 0.9596587984065638
29942 10532852 -0.6256717302379722 0.07297533759178779 0.51054 2.3864760276694317 0.9596587984065638
29943 10532852 -0.6633510372067966 0.07454560114705353 0.51054 2.3864760276694317 0.9596587984065638
29944 10532852 -0.7236294205291542 0.07871467953702108 0.5181600000000001 2.3864760276694317 0.9596587984065638
29945 10532852 -0.7552337601681798 0.08338153806315104 0.52197 2.3864760276694317 0.9596587984065638
29946 10532852 -0.7868380998072053 0.08804839658928101 0.52578 2.3864760276694317 0.9596587984065638
29947 10532852 -0.8300655058437252 0.09166720641431705 0.52578 2.3864760276694317 0.9596587984065638
29948 10532852 -0.8621452797088405 0.09678200817120727 0.5334 2.3864760276694317 0.9596587984065638
29949 10532852 -0.9103253389050365 0.1015533501677984 0.54102 2.3864760276694317 0.9596587984065638
29950 10532852 -0.9409866179464296 0.10883355363612615 0.5448299999999999 2.3864760276694317 0.9596587984065638
29951 10532852 -0.9716478969878226 0.1161137571044539 0.54864 2.3864760276694317 0.9596587984065638
29952 10532852 -1.0153394963569906 0.12537675086281772 0.54864 2.3864760276694317 0.9596587984065638
29953 10532852 -1.0546581956750123 0.1382340195969136 0.54864 2.3864760276694317 0.9596587984065638
29954 10532852 -1.0884289121227884 0.1490436117543311 0.55626 2.3864760276694317 0.9596587984065638
29955 10532852 -1.1237353838537898 0.16058927080876392 0.56388 2.3864760276694317 0.9596587984065638
29956 10532852 -1.1638563041666623 0.17370955286267428 0.56388 2.3864760276694317 0.9596587984065638
29957 10532852 -1.1983602358269747 0.18499317831576786 0.5715 2.3864760276694317 0.9596587984065638
29958 10532852 -1.2552626865269103 0.20383574803007995 0.57912 2.3864760276694317 0.9596587984065638
29959 10532852 -1.2854137420401108 0.2107754335128235 0.58293 2.3864760276694317 0.9596587984065638
29960 10532852 -1.3155647975533113 0.21771511899556703 0.58674 2.3864760276694317 0.9596587984065638
29961 10532852 -1.3508709248607158 0.22926191724437303 0.58674 2.3864760276694317 0.9596587984065638
29962 10532852 -1.3843650536847136 0.24091731363092037 0.58674 2.3864760276694317 0.9596587984065638
29963 10532852 -1.4252710585151889 0.24892144887636045 0.59436 2.3864760276694317 0.9596587984065638
29964 10532852 -1.4688604404945333 0.25686876904577605 0.6019800000000001 2.3864760276694317 0.9596587984065638
29965 10532852 -1.5113469703075875 0.2665587415128937 0.6019800000000001 2.3864760276694317 0.9596587984065638
29966 10532852 -1.575218478681 0.2874498552543271 0.6019800000000001 2.3864760276694317 0.9596587984065638
29967 10532852 -1.6140958309069078 0.3043723949824929 0.6096 2.3864760276694317 0.9596587984065638
29968 10532852 -1.651853495980191 0.3176574390062714 0.61722 2.3864760276694317 0.9596587984065638
29969 10532852 -1.6666576741187258 0.3275239840455387 0.61722 2.3864760276694317 0.9596587984065638
29970 10532852 -1.6814618522572606 0.33739052908480593 0.61722 2.3864760276694317 0.9596587984065638
29971 10532852 -1.715843523266772 0.3544789470332057 0.61722 2.3864760276694317 0.9596587984065638
29972 10532852 -1.750327349870427 0.3821165795808934 0.6248400000000001 2.3864760276694317 0.9596587984065638
29973 10532852 -1.7830286940709168 0.41384497451205626 0.63246 2.3864760276694317 0.9596587984065638
29974 10532852 -1.8324748099649357 0.4622679793920391 0.63246 2.3864760276694317 0.9596587984065638
29975 10532852 -1.8523587320193255 0.4910891929183725 0.6400800000000001 2.3864760276694317 0.9596587984065638
29976 10532852 -1.8746660725172226 0.5260779871887478 0.6477 2.3864760276694317 0.9596587984065638
29977 10532852 -1.8867691712742702 0.540669912867731 0.65532 2.3864760276694317 0.9596587984065638
29978 10532852 -1.921220081617155 0.6037009355088143 0.65532 2.3864760276694317 0.9596587984065638
29979 10532852 -1.9382699341807086 0.6520427144351223 0.6629400000000001 2.3864760276694317 0.9596587984065638
29980 10532852 -1.9516924641065276 0.693823218694379 0.6629400000000001 2.3864760276694317 0.9596587984065638
29981 10532852 -1.9600772297988687 0.7385124799789132 0.67056 2.3864760276694317 0.9596587984065638
29982 10532852 -1.9646915362245279 0.7673046370892284 0.6743700000000001 2.3864760276694317 0.9596587984065638
29983 10532852 -1.969305842650187 0.7960967941995435 0.6781800000000001 2.3864760276694317 0.9596587984065638
29984 10532852 -1.9732934118224488 0.8354918106580262 0.6781800000000001 2.3864760276694317 0.9596587984065638
29985 10532852 -1.9749591215825613 0.8792682677086922 0.6858000000000001 2.3864760276694317 0.9596587984065638
29986 10532852 -1.9715100628662638 0.9142439943644776 0.6858000000000001 2.3864760276694317 0.9596587984065638
29987 10532852 -1.971022232712355 0.9836053869631874 0.69342 2.3864760276694317 0.9596587984065638
29988 10532852 -1.9679600345086354 1.0024666687497985 0.69342 2.3864760276694317 0.9596587984065638
29989 10532852 -1.9649663394300865 1.0672693303274434 0.7086600000000001 2.3864760276694317 0.9596587984065638
29990 10532852 -1.9603670297950326 1.1139035343185373 0.7086600000000001 2.3864760276694317 0.9596587984065638
29991 10532852 -1.9595176541395307 1.1327877705481955 0.7086600000000001 2.3864760276694317 0.9596587984065638
29992 10532852 -1.9586682784840288 1.1516720067778539 0.7086600000000001 2.3864760276694317 0.9596587984065638
29993 10532852 -1.95038186071309 1.2122894011846008 0.7239000000000001 2.3864760276694317 0.9596587984065638
29994 10532852 -1.9441453613325181 1.247638497402089 0.7239000000000001 2.3864760276694317 0.9596587984065638
29995 10532852 -1.9401118423500912 1.308829510912064 0.73152 2.3864760276694317 0.9596587984065638
29996 10532852 -1.9318032347774043 1.3505112157773382 0.73152 2.3864760276694317 0.9596587984065638
29997 10532852 -1.9280751719366416 1.3787357720929077 0.73533 2.3864760276694317 0.9596587984065638
29998 10532852 -1.9243471090958788 1.406960328408477 0.73914 2.3864760276694317 0.9596587984065638
29999 10532852 -1.9199520338152045 1.4545962187665253 0.73914 2.3864760276694317 0.9596587984065638
30000 10532852 -1.9139568822998443 1.4892064300852286 0.73914 2.3864760276694317 0.9596587984065638
30001 10532852 -1.9061314390218353 1.5294104583291546 0.74676 2.3864760276694317 0.9596587984065638
30002 10532852 -1.9030849585108618 1.5712949705291581 0.73914 2.3864760276694317 0.9596587984065638
30003 10532852 -1.893739919733335 1.6161428993501359 0.74676 2.3864760276694317 0.9596587984065638
30004 10532852 -1.8909854700867512 1.6625630197780994 0.74676 2.3864760276694317 0.9596587984065638
30005 10532852 -1.8831884157920562 1.6983363403214529 0.75438 2.3864760276694317 0.9596587984065638
30006 10532852 -1.8740774438119077 1.7658115733503033 0.762 2.3864760276694317 0.9596587984065638
30007 10532852 -1.8712775421547054 1.7852261374791556 0.762 2.3864760276694317 0.9596587984065638
30008 10532852 -1.8549031726981962 1.8569848903717163 0.76962 2.3864760276694317 0.9596587984065638
30009 10532852 -1.8532414303046256 1.8783492504583157 0.76962 2.3864760276694317 0.9596587984065638
30010 10532852 -1.851579687911055 1.899713610544915 0.76962 2.3864760276694317 0.9596587984065638
30011 10532852 -1.8357518084497373 1.96545851740752 0.77724 2.3864760276694317 0.9596587984065638
30012 10532852 -1.832043788010347 1.9865622971860442 0.77724 2.3864760276694317 0.9596587984065638
30013 10532852 -1.8236643562034953 2.037685254690733 0.77724 2.3864760276694317 0.9596587984065638
30014 10532852 -1.812061268429291 2.081560742751515 0.7924800000000001 2.3864760276694317 0.9596587984065638
30015 10532852 -1.8032567627295915 2.150538506053295 0.7924800000000001 2.3864760276694317 0.9596587984065638
30016 10532852 -1.7951885877878289 2.1914811317267957 0.7924800000000001 2.3864760276694317 0.9596587984065638
30017 10532852 -1.785935317291554 2.244187708258481 0.7924800000000001 2.3864760276694317 0.9596587984065638
30018 10532852 -1.7780742163331056 2.284497044858747 0.8001 2.3864760276694317 0.9596587984065638
30019 10532852 -1.7686432501223324 2.3241758724020554 0.8001 2.3864760276694317 0.9596587984065638
30020 10532852 -1.7625990290901292 2.360289138031403 0.80391 2.3864760276694317 0.9596587984065638
30021 10532852 -1.756554808057926 2.3964024036607507 0.80772 2.3864760276694317 0.9596587984065638
30022 10532852 -1.7469322198920956 2.4420944111647316 0.80772 2.3864760276694317 0.9596587984065638
30023 10532852 -1.737833246131849 2.4905283178439097 0.8153400000000001 2.3864760276694317 0.9596587984065638
30024 10532852 -1.728738592352846 2.535692025266408 0.8153400000000001 2.3864760276694317 0.9596587984065638
30025 10532852 -1.71796047454475 2.579486984176856 0.82296 2.3864760276694317 0.9596587984065638
30026 10532852 -1.7102125736922307 2.620534475111837 0.82296 2.3864760276694317 0.9596587984065638
30027 10532852 -1.6942062583476927 2.6900769897293473 0.8305800000000001 2.3864760276694317 0.9596587984065638
30028 10532852 -1.679943193052657 2.7336663934291114 0.8382000000000001 2.3864760276694317 0.9596587984065638
30029 10532852 -1.6760123349887852 2.753820996397868 0.8382000000000001 2.3864760276694317 0.9596587984065638
30030 10532852 -1.6720814769249135 2.7739755993666244 0.8382000000000001 2.3864760276694317 0.9596587984065638
30031 10532852 -1.654735834010182 2.8419114555770526 0.84582 2.3864760276694317 0.9596587984065638
30032 10532852 -1.6419577305874486 2.8809624877906876 0.8534400000000001 2.3864760276694317 0.9596587984065638
30033 10532852 -1.627452855331012 2.9252906895295228 0.8534400000000001 2.3864760276694317 0.9596587984065638
30034 10532852 -1.6216151711032916 2.960770548714261 0.86106 2.3864760276694317 0.9596587984065638
30035 10532852 -1.6011010835184496 3.0234632848925624 0.8686800000000001 2.3864760276694317 0.9596587984065638
30036 10532852 -1.588900034656436 3.0596652096989567 0.8686800000000001 2.3864760276694317 0.9596587984065638
30037 10532852 -1.575786558071777 3.1008265523378555 0.8686800000000001 2.3864760276694317 0.9596587984065638
30038 10532852 -1.566784828668516 3.144618613794138 0.8763000000000001 2.3864760276694317 0.9596587984065638
30039 10532852 -1.556463693043366 3.1767035061950697 0.8801100000000001 2.3864760276694317 0.9596587984065638
30040 10532852 -1.546142557418216 3.2087883985960013 0.88392 2.3864760276694317 0.9596587984065638
30041 10532852 -1.5297281446399607 3.257866616512259 0.88392 2.3864760276694317 0.9596587984065638
30042 10532852 -1.5169499759615366 3.2969176567776604 0.88392 2.3864760276694317 0.9596587984065638
30043 10532852 -1.501902459244932 3.3439894303325537 0.8915400000000001 2.3864760276694317 0.9596587984065638
30044 10532852 -1.487673791477819 3.387473296983917 0.8915400000000001 2.3864760276694317 0.9596587984065638
30045 10532852 -1.4718564847264501 3.435812162073798 0.8915400000000001 2.3864760276694317 0.9596587984065638
30046 10532852 -1.4607705549300312 3.4696915872544962 0.88392 2.3864760276694317 0.9596587984065638
30047 10532852 -1.4378071568609438 3.521417496334587 0.88392 2.3864760276694317 0.9596587984065638
30048 10532852 -1.41208985561646 3.5834593186226935 0.8915400000000001 2.3864760276694317 0.9596587984065638
30049 10532852 -1.3922759098592319 3.6290883126442277 0.88392 2.3864760276694317 0.9596587984065638
30050 10532852 -1.3605145251127644 3.693592518411174 0.8915400000000001 2.3864760276694317 0.9596587984065638
30051 10532852 -1.332122353675967 3.7423736723617167 0.8915400000000001 2.3864760276694317 0.9596587984065638
30052 10532852 -1.3204777717082663 3.7660217460023864 0.8915400000000001 2.3864760276694317 0.9596587984065638
30053 10532852 -1.2897434695714172 3.809479658747376 0.8915400000000001 2.3864760276694317 0.9596587984065638
30054 10532852 -1.2727962462678013 3.8341385152723877 0.8915400000000001 2.3864760276694317 0.9596587984065638
30055 10532852 -1.2558490229641854 3.858797371797399 0.8915400000000001 2.3864760276694317 0.9596587984065638
30056 10532852 -1.1934059178312284 3.9383839277700687 0.8915400000000001 2.3864760276694317 0.9596587984065638
30057 10532852 -1.1538214856650721 3.983386314523912 0.8915400000000001 2.3864760276694317 0.9596587984065638
30058 10532852 -1.1112634725074824 4.023910549291124 0.8915400000000001 2.3864760276694317 0.9596587984065638
30059 10532852 -1.0822961239863846 4.046506180877538 0.8953500000000001 2.3864760276694317 0.9596587984065638
30060 10532852 -1.0533287754652871 4.069101812463953 0.8991600000000001 2.3864760276694317 0.9596587984065638
30061 10532852 -0.9861081969268368 4.124224723152183 0.8991600000000001 2.3864760276694317 0.9596587984065638
30062 10532852 -0.9526577425401671 4.144243859786897 0.8991600000000001 2.3864760276694317 0.9596587984065638
30063 10532852 -0.9192072881534974 4.16426299642161 0.8991600000000001 2.3864760276694317 0.9596587984065638
30064 10532852 -0.8318089433868634 4.215939879292699 0.8991600000000001 2.3864760276694317 0.9596587984065638
30065 10532852 -0.8094430473455783 4.227317411865915 0.8991600000000001 2.3864760276694317 0.9596587984065638
30066 10532852 -0.7870771513042931 4.23869494443913 0.8991600000000001 2.3864760276694317 0.9596587984065638
30067 10532852 -0.6916744019252308 4.277939497770693 0.8991600000000001 2.3864760276694317 0.9596587984065638
30068 10532852 -0.6419780325913009 4.2941636883787195 0.8991600000000001 2.3864760276694317 0.9596587984065638
30069 10532852 -0.5903249431268074 4.308229089744343 0.8991600000000001 2.3864760276694317 0.9596587984065638
30070 10532852 -0.5764218276108373 4.312736150551894 0.8991600000000001 2.3864760276694317 0.9596587984065638
30071 10532852 -0.5625187120948671 4.317243211359444 0.8991600000000001 2.3864760276694317 0.9596587984065638
30072 10532852 -0.519982563226177 4.327865253143042 0.8991600000000001 2.3864760276694317 0.9596587984065638
30073 10532852 -0.4774464143574868 4.338487294926639 0.8991600000000001 2.3864760276694317 0.9596587984065638
30074 10532852 -0.3434345806666974 4.36008153113241 0.8991600000000001 2.3864760276694317 0.9596587984065638
30075 10532852 -0.2821904237145884 4.358062925798382 0.8991600000000001 2.3864760276694317 0.9596587984065638
30076 10532852 -0.22094626676247936 4.356044320464354 0.8991600000000001 2.3864760276694317 0.9596587984065638
30077 10532852 -0.15970210981037036 4.3540257151303265 0.8991600000000001 2.3864760276694317 0.9596587984065638
30078 10532852 -0.09845795285826134 4.352007109796299 0.8991600000000001 2.3864760276694317 0.9596587984065638
30079 10532852 -0.037213795906152314 4.349988504462271 0.8991600000000001 2.3864760276694317 0.9596587984065638
30080 10532852 0.024030361045956683 4.347969899128243 0.8991600000000001 2.3864760276694317 0.9596587984065638
30081 10532852 0.08102758934256449 4.339844815604503 0.8991600000000001 2.3864760276694317 0.9596587984065638
30082 10532852 0.14943085206752205 4.333481458802104 0.8991600000000001 2.3864760276694317 0.9596587984065638
30083 10532852 0.20474890106577814 4.320765649748025 0.8991600000000001 2.3864760276694317 0.9596587984065638
30084 10532852 0.24341598807277143 4.3141380846579445 0.90297 2.3864760276694317 0.9596587984065638
30085 10532852 0.2820830750797647 4.307510519567864 0.9067800000000001 2.3864760276694317 0.9596587984065638
30086 10532852 0.3222079006490677 4.30262660383127 0.9067800000000001 2.3864760276694317 0.9596587984065638
30087 10532852 0.36233272621837065 4.297742688094677 0.9067800000000001 2.3864760276694317 0.9596587984065638
30088 10532852 0.4705978123034178 4.273207065124396 0.9067800000000001 2.3864760276694317 0.9596587984065638
30089 10532852 0.5439325064023586 4.260211070500926 0.9067800000000001 2.3864760276694317 0.9596587984065638
30090 10532852 0.5863323516226769 4.250612409400304 0.9067800000000001 2.3864760276694317 0.9596587984065638
30091 10532852 0.6287321968429953 4.2410137482996815 0.9067800000000001 2.3864760276694317 0.9596587984065638
30092 10532852 0.6840506344041495 4.228301705103534 0.9067800000000001 2.3864760276694317 0.9596587984065638
30093 10532852 0.7431699121756863 4.214319047339905 0.9048750000000001 2.3864760276694317 0.9596587984065638
30094 10532852 0.8022891899472232 4.200336389576275 0.90297 2.3864760276694317 0.9596587984065638
30095 10532852 0.8614084677187601 4.1863537318126465 0.9010650000000001 2.3864760276694317 0.9596587984065638
30096 10532852 0.9205277454902969 4.172371074049018 0.8991600000000001 2.3864760276694317 0.9596587984065638
30097 10532852 0.9926449014004197 4.156740238924136 0.8915400000000001 2.3864760276694317 0.9596587984065638
30098 10532852 1.048765703533042 4.143768900073579 0.8915400000000001 2.3864760276694317 0.9596587984065638
30099 10532852 1.0772961269496728 4.137363487820332 0.8915400000000001 2.3864760276694317 0.9596587984065638
30100 10532852 1.1058265503663036 4.130958075567085 0.8915400000000001 2.3864760276694317 0.9596587984065638
30101 10532852 1.1771848726398604 4.1130069423613795 0.8915400000000001 2.3864760276694317 0.9596587984065638
30102 10532852 1.2035640162581145 4.109525011255347 0.88392 2.3864760276694317 0.9596587984065638
30103 10532852 1.335906864239345 4.071758814127785 0.88392 2.3864760276694317 0.9596587984065638
30104 10532852 1.3863711570470525 4.0595880217753475 0.88392 2.3864760276694317 0.9596587984065638
30105 10532852 1.4368354498547597 4.047417229422911 0.88392 2.3864760276694317 0.9596587984065638
30106 10532852 1.4872997426624672 4.035246437070474 0.88392 2.3864760276694317 0.9596587984065638
30107 10532852 1.5414332829150483 4.017554510149417 0.88392 2.3864760276694317 0.9596587984065638
30108 10532852 1.6211787456278863 3.996750283454541 0.88392 2.3864760276694317 0.9596587984065638
30109 10532852 1.660200015843099 3.9884961748944843 0.88392 2.3864760276694317 0.9596587984065638
30110 10532852 1.6992212860583114 3.980242066334427 0.88392 2.3864760276694317 0.9596587984065638
30111 10532852 1.7341076025282023 3.968841605689963 0.88392 2.3864760276694317 0.9596587984065638
30112 10532852 1.790768328891313 3.9561673734895084 0.88392 2.3864760276694317 0.9596587984065638
30113 10532852 1.8941211632157844 3.9329094038259655 0.8763000000000001 2.3864760276694317 0.9596587984065638
30114 10532852 1.9735025107008883 3.9139808024033074 0.8763000000000001 2.3864760276694317 0.9596587984065638
30115 10532852 2.0288337596572825 3.9010420077786705 0.8763000000000001 2.3864760276694317 0.9596587984065638
30116 10532852 2.074993479491348 3.8908668153284047 0.8724900000000001 2.3864760276694317 0.9596587984065638
30117 10532852 2.121153199325413 3.8806916228781394 0.8686800000000001 2.3864760276694317 0.9596587984065638
30118 10532852 2.2029392836104034 3.859344464561563 0.8686800000000001 2.3864760276694317 0.9596587984065638
30119 10532852 2.2594625753273956 3.8462517679838024 0.8686800000000001 2.3864760276694317 0.9596587984065638
30120 10532852 2.315746133857385 3.8340556509559205 0.8686800000000001 2.3864760276694317 0.9596587984065638
30121 10532852 2.395642297401304 3.813445119404746 0.8686800000000001 2.3864760276694317 0.9596587984065638
30122 10532852 2.427610126113202 3.8053383858118295 0.86487 2.3864760276694317 0.9596587984065638
30123 10532852 2.4595779548251 3.797231652218913 0.86106 2.3864760276694317 0.9596587984065638
30124 10532852 2.5161817594927665 3.784114817868532 0.8686800000000001 2.3864760276694317 0.9596587984065638
30125 10532852 2.5815852402674517 3.768591283575916 0.8686800000000001 2.3864760276694317 0.9596587984065638
30126 10532852 2.6692494462513503 3.7448624460724678 0.8686800000000001 2.3864760276694317 0.9596587984065638
30127 10532852 2.717054628714669 3.7349717948243315 0.8686800000000001 2.3864760276694317 0.9596587984065638
30128 10532852 2.7756015551199473 3.7158485577260807 0.86106 2.3864760276694317 0.9596587984065638
30129 10532852 2.821708422698984 3.703476114163861 0.86487 1.746861674321038 1.0875893105342198
30130 10532852 2.8678152902780205 3.6911036706016405 0.8686800000000001 1.746861674321038 1.0875893105342198
30131 10532852 2.914348700377258 3.6813961571332507 0.8686800000000001 1.746861674321038 1.0875893105342198
30132 10532852 3.010538412956464 3.6552378638934364 0.8686800000000001 1.746861674321038 1.0875893105342198
30133 10532852 3.0658252450321806 3.6424389786846856 0.8686800000000001 1.746861674321038 1.0875893105342198
30134 10532852 3.125294628091299 3.628858750459669 0.8686800000000001 1.746861674321038 1.0875893105342198
30135 10532852 3.1864131534071998 3.6138059234984183 0.8686800000000001 1.746861674321038 1.0875893105342198
30136 10532852 3.2171560810858533 3.606570277890766 0.8686800000000001 1.746861674321038 1.0875893105342198
30137 10532852 3.2478990087645068 3.599334632283114 0.8686800000000001 1.746861674321038 1.0875893105342198
30138 10532852 3.307161783321792 3.5851225547462287 0.8686800000000001 1.746861674321038 1.0875893105342198
30139 10532852 3.3613837939010196 3.573141096893319 0.8686800000000001 1.746861674321038 1.0875893105342198
30140 10532852 3.438097216351716 3.5539328542278277 0.8686800000000001 1.746861674321038 1.0875893105342198
30141 10532852 3.495057546255553 3.540824704707722 0.86106 1.746861674321038 1.0875893105342198
30142 10532852 3.545238441136422 3.5341360901856116 0.8686800000000001 1.746861674321038 1.0875893105342198
30143 10532852 3.6028252547613056 3.5161515053840433 0.8686800000000001 1.746861674321038 1.0875893105342198
30144 10532852 3.6594881492637237 3.5034923167453766 0.86106 1.746861674321038 1.0875893105342198
30145 10532852 3.7408452348787673 3.4862760029819637 0.8686800000000001 1.746861674321038 1.0875893105342198
30146 10532852 3.7694900128140802 3.4775083222072727 0.8686800000000001 1.746861674321038 1.0875893105342198
30147 10532852 3.798134790749393 3.4687406414325817 0.8686800000000001 1.746861674321038 1.0875893105342198
30148 10532852 3.830655150566753 3.462329280295459 0.8686800000000001 1.746861674321038 1.0875893105342198
30149 10532852 3.915183085770604 3.4398744546579896 0.8686800000000001 1.746861674321038 1.0875893105342198
30150 10532852 3.9713733062246304 3.4230499498832208 0.8686800000000001 1.746861674321038 1.0875893105342198
30151 10532852 4.028013479160075 3.410050842592899 0.8686800000000001 1.746861674321038 1.0875893105342198
30152 10532852 4.073603136502611 3.3936503664117756 0.8686800000000001 1.746861674321038 1.0875893105342198
30153 10532852 4.128925725431361 3.380965400597755 0.8686800000000001 1.746861674321038 1.0875893105342198
30154 10532852 4.202313604900474 3.3570106711639203 0.8686800000000001 1.746861674321038 1.0875893105342198
30155 10532852 4.252858507329698 3.3460030271128054 0.8686800000000001 1.746861674321038 1.0875893105342198
30156 10532852 4.311809700147755 3.326761681608978 0.8763000000000001 1.746861674321038 1.0875893105342198
30157 10532852 4.337155906698952 3.32012440622132 0.8763000000000001 1.746861674321038 1.0875893105342198
30158 10532852 4.3667646419021295 3.3122713064219074 0.8763000000000001 1.746861674321038 1.0875893105342198
30159 10532852 4.396373377105308 3.3044182066224947 0.8763000000000001 1.746861674321038 1.0875893105342198
30160 10532852 4.493538718265979 3.274458657155679 0.8763000000000001 1.746861674321038 1.0875893105342198
30161 10532852 4.54888121260152 3.2563972325675694 0.8763000000000001 1.746861674321038 1.0875893105342198
30162 10532852 4.603653286259182 3.2420268699747736 0.8763000000000001 1.746861674321038 1.0875893105342198
30163 10532852 4.665161750134794 3.2238232440325887 0.8763000000000001 1.746861674321038 1.0875893105342198
30164 10532852 4.726119147127152 3.2039310125641838 0.8763000000000001 1.746861674321038 1.0875893105342198
30165 10532852 4.804171169747027 3.176592133812281 0.8763000000000001 1.746861674321038 1.0875893105342198
30166 10532852 4.804434931441203 3.1760976364913454 0.8763579467680609 1.746861674321038 1.0875893105342198
30167 10532852 4.804698693135378 3.1756031391704096 0.8764158935361217 1.746861674321038 1.0875893105342198
30168 10532852 4.804962454829553 3.175108641849474 0.8764738403041826 1.746861674321038 1.0875893105342198
30169 10532852 4.805226216523728 3.1746141445285385 0.8765317870722434 1.746861674321038 1.0875893105342198
30170 10532852 4.805489978217904 3.1741196472076028 0.8765897338403043 1.746861674321038 1.0875893105342198
30171 10532852 4.805753739912078 3.173625149886667 0.8766476806083651 1.746861674321038 1.0875893105342198
30172 10532852 4.806017501606254 3.1731306525657312 0.876705627376426 1.746861674321038 1.0875893105342198
30173 10532852 4.806281263300429 3.1726361552447955 0.8767635741444868 1.746861674321038 1.0875893105342198
30174 10532852 4.8065450249946045 3.1721416579238597 0.8768215209125476 1.746861674321038 1.0875893105342198
30175 10532852 4.806808786688779 3.1716471606029244 0.8768794676806084 1.746861674321038 1.0875893105342198
30176 10532852 4.807072548382955 3.1711526632819886 0.8769374144486692 1.746861674321038 1.0875893105342198
30177 10532852 4.80733631007713 3.170658165961053 0.8769953612167302 1.746861674321038 1.0875893105342198
30178 10532852 4.807600071771305 3.170163668640117 0.877053307984791 1.746861674321038 1.0875893105342198
30179 10532852 4.80786383346548 3.1696691713191814 0.8771112547528518 1.746861674321038 1.0875893105342198
30180 10532852 4.808127595159656 3.1691746739982456 0.8771692015209126 1.746861674321038 1.0875893105342198
30181 10532852 4.80839135685383 3.16868017667731 0.8772271482889734 1.746861674321038 1.0875893105342198
30182 10532852 4.808655118548006 3.1681856793563745 0.8772850950570343 1.746861674321038 1.0875893105342198
30183 10532852 4.808918880242181 3.1676911820354388 0.8773430418250951 1.746861674321038 1.0875893105342198
30184 10532852 4.809182641936356 3.167196684714503 0.877400988593156 1.746861674321038 1.0875893105342198
30185 10532852 4.809446403630531 3.1667021873935672 0.8774589353612168 1.746861674321038 1.0875893105342198
30186 10532852 4.809710165324707 3.1662076900726315 0.8775168821292777 1.746861674321038 1.0875893105342198
30187 10532852 4.8099739270188815 3.1657131927516957 0.8775748288973385 1.746861674321038 1.0875893105342198
30188 10532852 4.810237688713057 3.1652186954307604 0.8776327756653993 1.746861674321038 1.0875893105342198
30189 10532852 4.810501450407232 3.1647241981098246 0.8776907224334601 1.746861674321038 1.0875893105342198
30190 10532852 4.8107652121014075 3.164229700788889 0.877748669201521 1.746861674321038 1.0875893105342198
30191 10532852 4.811028973795582 3.163735203467953 0.8778066159695819 1.746861674321038 1.0875893105342198
30192 10532852 4.811292735489758 3.1632407061470174 0.8778645627376427 1.746861674321038 1.0875893105342198
30193 10532852 4.811556497183933 3.1627462088260816 0.8779225095057035 1.746861674321038 1.0875893105342198
30194 10532852 4.811820258878108 3.162251711505146 0.8779804562737643 1.746861674321038 1.0875893105342198
30195 10532852 4.812084020572283 3.1617572141842105 0.8780384030418251 1.746861674321038 1.0875893105342198
30196 10532852 4.812347782266459 3.1612627168632748 0.878096349809886 1.746861674321038 1.0875893105342198
30197 10532852 4.812611543960633 3.160768219542339 0.8781542965779469 1.746861674321038 1.0875893105342198
30198 10532852 4.812875305654809 3.1602737222214032 0.8782122433460077 1.746861674321038 1.0875893105342198
30199 10532852 4.813139067348984 3.1597792249004675 0.8782701901140685 1.746861674321038 1.0875893105342198
30200 10532852 4.813402829043159 3.1592847275795317 0.8783281368821294 1.746861674321038 1.0875893105342198
30201 10532852 4.813666590737334 3.1587902302585964 0.8783860836501902 1.746861674321038 1.0875893105342198
30202 10532852 4.81393035243151 3.1582957329376606 0.878444030418251 1.746861674321038 1.0875893105342198
30203 10532852 4.8141941141256845 3.157801235616725 0.8785019771863118 1.746861674321038 1.0875893105342198
30204 10532852 4.81445787581986 3.157306738295789 0.8785599239543727 1.746861674321038 1.0875893105342198
30205 10532852 4.814721637514035 3.1568122409748534 0.8786178707224336 1.746861674321038 1.0875893105342198
30206 10532852 4.814985399208211 3.1563177436539176 0.8786758174904944 1.746861674321038 1.0875893105342198
30207 10532852 4.815249160902386 3.155823246332982 0.8787337642585552 1.746861674321038 1.0875893105342198
30208 10532852 4.815512922596561 3.1553287490120465 0.878791711026616 1.746861674321038 1.0875893105342198
30209 10532852 4.815776684290737 3.1548342516911108 0.8788496577946768 1.746861674321038 1.0875893105342198
30210 10532852 4.816040445984911 3.154339754370175 0.8789076045627378 1.746861674321038 1.0875893105342198
30211 10532852 4.816304207679087 3.1538452570492392 0.8789655513307986 1.746861674321038 1.0875893105342198
30212 10532852 4.816567969373262 3.1533507597283035 0.8790234980988594 1.746861674321038 1.0875893105342198
30213 10532852 4.816831731067437 3.1528562624073677 0.8790814448669202 1.746861674321038 1.0875893105342198
30214 10532852 4.817095492761612 3.1523617650864324 0.8791393916349811 1.746861674321038 1.0875893105342198
30215 10532852 4.817359254455788 3.1518672677654966 0.8791973384030419 1.746861674321038 1.0875893105342198
30216 10532852 4.8176230161499625 3.151372770444561 0.8792552851711027 1.746861674321038 1.0875893105342198
30217 10532852 4.817886777844138 3.150878273123625 0.8793132319391636 1.746861674321038 1.0875893105342198
30218 10532852 4.818150539538313 3.1503837758026894 0.8793711787072244 1.746861674321038 1.0875893105342198
30219 10532852 4.8184143012324885 3.1498892784817536 0.8794291254752853 1.746861674321038 1.0875893105342198
30220 10532852 4.818678062926663 3.149394781160818 0.8794870722433461 1.746861674321038 1.0875893105342198
30221 10532852 4.818941824620839 3.1489002838398825 0.8795450190114069 1.746861674321038 1.0875893105342198
30222 10532852 4.819205586315014 3.1484057865189468 0.8796029657794677 1.746861674321038 1.0875893105342198
30223 10532852 4.819469348009189 3.147911289198011 0.8796609125475287 1.746861674321038 1.0875893105342198
30224 10532852 4.819733109703364 3.1474167918770752 0.8797188593155895 1.746861674321038 1.0875893105342198
30225 10532852 4.81999687139754 3.1469222945561395 0.8797768060836503 1.746861674321038 1.0875893105342198
