30679 11017321 -0.3888789391201759 4.841258361358869 0.80772 0.48451596579616385 0.9076554044837779
30680 11017321 -0.32767705234197886 4.813292906457528 0.8115300000000001 0.48451596579616385 0.9076554044837779
30681 11017321 -0.2664751655637818 4.7853274515561885 0.8153400000000001 0.48451596579616385 0.9076554044837779
30682 11017321 -0.20963385394467463 4.755110252184638 0.8153400000000001 0.48451596579616385 0.9076554044837779
30683 11017321 -0.15279254232556744 4.724893052813088 0.8153400000000001 0.48451596579616385 0.9076554044837779
30684 11017321 -0.09595123070646028 4.694675853441537 0.8153400000000001 0.48451596579616385 0.9076554044837779
30685 11017321 -0.03910991908735309 4.664458654069986 0.8153400000000001 0.48451596579616385 0.9076554044837779
30686 11017321 0.017731392531754098 4.6342414546984365 0.8153400000000001 0.48451596579616385 0.9076554044837779
30687 11017321 0.07457270415086126 4.604024255326886 0.8153400000000001 0.48451596579616385 0.9076554044837779
30688 11017321 0.12661330135368223 4.569167711315891 0.8153400000000001 0.48451596579616385 0.9076554044837779
30689 11017321 0.1786538985565032 4.534311167304895 0.8153400000000001 0.48451596579616385 0.9076554044837779
30690 11017321 0.23069449575932421 4.4994546232939 0.8153400000000001 0.48451596579616385 0.9076554044837779
30691 11017321 0.27326810634141535 4.469486832319566 0.81788 0.48451596579616385 0.9076554044837779
30692 11017321 0.31584171692350654 4.439519041345233 0.82042 0.48451596579616385 0.9076554044837779
30693 11017321 0.3584153275055977 4.409551250370899 0.82296 0.48451596579616385 0.9076554044837779
30694 11017321 0.4052586140940968 4.370107037488811 0.82296 0.48451596579616385 0.9076554044837779
30695 11017321 0.4521019006825959 4.330662824606723 0.82296 0.48451596579616385 0.9076554044837779
30696 11017321 0.47344686670659253 4.315855349666818 0.82296 0.48451596579616385 0.9076554044837779
30697 11017321 0.540601004063604 4.253822883252551 0.82296 0.48451596579616385 0.9076554044837779
30698 11017321 0.5815825609452563 4.2135511574191815 0.82296 0.48451596579616385 0.9076554044837779
30699 11017321 0.6387057306664623 4.157487113790772 0.82296 0.48451596579616385 0.9076554044837779
30700 11017321 0.6784907306591679 4.112466767072779 0.82296 0.48451596579616385 0.9076554044837779
30701 11017321 0.7159796735110755 4.07345501963042 0.82296 0.48451596579616385 0.9076554044837779
30702 11017321 0.7525398136627688 4.023998495898138 0.82296 0.48451596579616385 0.9076554044837779
30703 11017321 0.7747226609507047 3.9966801878038436 0.82296 0.48451596579616385 0.9076554044837779
30704 11017321 0.7969055082386407 3.969361879709549 0.82296 0.48451596579616385 0.9076554044837779
30705 11017321 0.8345526904331869 3.9084714387500017 0.82042 0.48451596579616385 0.9076554044837779
30706 11017321 0.872199872627733 3.847580997790455 0.81788 0.48451596579616385 0.9076554044837779
30707 11017321 0.9098470548222792 3.7866905568309077 0.8153400000000001 0.48451596579616385 0.9076554044837779
30708 11017321 0.927950648447302 3.75652982091023 0.8153400000000001 0.48451596579616385 0.9076554044837779
30709 11017321 0.9460542420723248 3.726369084989552 0.8153400000000001 0.48451596579616385 0.9076554044837779
30710 11017321 0.9676364447357116 3.6756187717831077 0.8153400000000001 0.48451596579616385 0.9076554044837779
30711 11017321 1.0007742041712544 3.6059032203296364 0.8153400000000001 0.48451596579616385 0.9076554044837779
30712 11017321 1.0253410482069758 3.5479856900933386 0.80772 0.48451596579616385 0.9076554044837779
30713 11017321 1.045398250095929 3.495281056147451 0.80772 0.48451596579616385 0.9076554044837779
30714 11017321 1.0669735246552685 3.436355658172167 0.80772 0.48451596579616385 0.9076554044837779
30715 11017321 1.0810637798864704 3.387120520111912 0.80772 0.48451596579616385 0.9076554044837779
30716 11017321 1.1013720944077217 3.3215997229819 0.80772 0.48451596579616385 0.9076554044837779
30717 11017321 1.115893875611747 3.246520976838691 0.8001 0.48451596579616385 0.9076554044837779
30718 11017321 1.125233271032211 3.1908945278292493 0.8001 0.48451596579616385 0.9076554044837779
30719 11017321 1.1313563024530708 3.149871800174169 0.8001 0.48451596579616385 0.9076554044837779
30720 11017321 1.1374793338739304 3.108849072519088 0.8001 0.48451596579616385 0.9076554044837779
30721 11017321 1.145905415827551 3.055857977557994 0.8001 0.48451596579616385 0.9076554044837779
30722 11017321 1.1477684847392278 2.9963664633028246 0.8001 0.48451596579616385 0.9076554044837779
30723 11017321 1.1478380894890978 2.9205207458262796 0.8001 0.48451596579616385 0.9076554044837779
30724 11017321 1.148623587356552 2.871312114076889 0.7924800000000001 0.48451596579616385 0.9076554044837779
30725 11017321 1.1510489352537485 2.7782236028339335 0.7924800000000001 0.48451596579616385 0.9076554044837779
30726 11017321 1.1522231904601075 2.7274860784397235 0.7924800000000001 0.48451596579616385 0.9076554044837779
30727 11017321 1.1528066016564023 2.6871643248751376 0.7924800000000001 0.48451596579616385 0.9076554044837779
30728 11017321 1.153390012852697 2.6468425713105512 0.7924800000000001 0.48451596579616385 0.9076554044837779
30729 11017321 1.153323387404086 2.5814396444668244 0.7924800000000001 1.5869194662810213 2.024326912220049
30730 11017321 1.1496566516809312 2.50366106366586 0.78486 1.5869194662810213 2.024326912220049
30731 11017321 1.1471106320828657 2.445610985215707 0.78486 1.5869194662810213 2.024326912220049
30732 11017321 1.1436878903417875 2.41612019345602 0.78486 1.5869194662810213 2.024326912220049
30733 11017321 1.137972720982185 2.3524465576502505 0.78486 1.5869194662810213 2.024326912220049
30734 11017321 1.1354272822431963 2.294396382563823 0.78486 1.5869194662810213 2.024326912220049
30735 11017321 1.1266913058324182 2.201100732053867 0.78486 1.5869194662810213 2.024326912220049
30736 11017321 1.1219941748174538 2.1459735524062165 0.78486 1.5869194662810213 2.024326912220049
30737 11017321 1.1147687321543405 2.1075613791486285 0.78486 1.5869194662810213 2.024326912220049
30738 11017321 1.1075432894912274 2.06914920589104 0.78486 1.5869194662810213 2.024326912220049
30739 11017321 1.102248174154667 1.9999643543025099 0.77724 1.5869194662810213 2.024326912220049
30740 11017321 1.096236007861309 1.9476035719562161 0.7924800000000001 1.5869194662810213 2.024326912220049
30741 11017321 1.0834228209519738 1.8920911314764817 0.78486 1.5869194662810213 2.024326912220049
30742 11017321 1.0753195977173848 1.8346890866897225 0.78486 1.5869194662810213 2.024326912220049
30743 11017321 1.0674284403751064 1.7711426683198261 0.7924800000000001 1.5869194662810213 2.024326912220049
30744 11017321 1.0600716070601106 1.7146650505186458 0.78486 1.5869194662810213 2.024326912220049
30745 11017321 1.0491749023702346 1.648712793926715 0.78486 1.5869194662810213 2.024326912220049
30746 11017321 1.0399941317570234 1.5907283202025728 0.78486 1.5869194662810213 2.024326912220049
30747 11017321 1.0346858911639356 1.5481264933012227 0.78486 1.5869194662810213 2.024326912220049
30748 11017321 1.0293776505708476 1.5055246663998725 0.78486 1.5869194662810213 2.024326912220049
30749 11017321 1.018982039596679 1.423169597654472 0.77724 1.5869194662810213 2.024326912220049
30750 11017321 1.0094811852097392 1.3777904224883304 0.77724 1.5869194662810213 2.024326912220049
30751 11017321 1.0003100639203608 1.3171158326569934 0.78486 1.5869194662810213 2.024326912220049
30752 11017321 0.9895027901219414 1.2351290314080625 0.77724 1.5869194662810213 2.024326912220049
30753 11017321 0.9835654488027085 1.199567308267114 0.77724 1.5869194662810213 2.024326912220049
30754 11017321 0.9763969603356126 1.1591506244857508 0.7734300000000001 1.5869194662810213 2.024326912220049
30755 11017321 0.9692284718685169 1.1187339407043875 0.76962 1.5869194662810213 2.024326912220049
30756 11017321 0.9612307693304838 1.0616481618211526 0.76962 1.5869194662810213 2.024326912220049
30757 11017321 0.948785952591818 1.0058987130061239 0.76962 1.5869194662810213 2.024326912220049
30758 11017321 0.9382338984642031 0.9385489737807321 0.77724 1.5869194662810213 2.024326912220049
30759 11017321 0.93107036492818 0.8905369058430411 0.77724 1.5869194662810213 2.024326912220049
30760 11017321 0.912925362350927 0.7942415786561513 0.77724 1.5869194662810213 2.024326912220049
30761 11017321 0.9069108512007578 0.7486579630944101 0.77724 1.5869194662810213 2.024326912220049
30762 11017321 0.899877234967731 0.7108259163039297 0.7848600000000001 1.5869194662810213 2.024326912220049
30763 11017321 0.8928436187347042 0.6729938695134492 0.7924800000000001 1.5869194662810213 2.024326912220049
30764 11017321 0.8819298272948068 0.6232865809837318 0.78486 1.5869194662810213 2.024326912220049
30765 11017321 0.870878139806371 0.5731570477466283 0.7924800000000001 1.5869194662810213 2.024326912220049
30766 11017321 0.8520315594950307 0.499171485047635 0.7924800000000001 1.5869194662810213 2.024326912220049
30767 11017321 0.8375127438615979 0.4438661682928967 0.7924800000000001 1.5869194662810213 2.024326912220049
30768 11017321 0.8287103770190413 0.40877340646500465 0.7924800000000001 1.5869194662810213 2.024326912220049
30769 11017321 0.8199080101764846 0.3736806446371126 0.7924800000000001 1.5869194662810213 2.024326912220049
30770 11017321 0.8086841677028687 0.32302326058412945 0.8001 1.5869194662810213 2.024326912220049
30771 11017321 0.7943873056890303 0.2722017130017611 0.80772 1.5869194662810213 2.024326912220049
30772 11017321 0.78508581945787 0.2168272613479844 0.80772 1.5869194662810213 2.024326912220049
30773 11017321 0.7743161649791492 0.16076426923161607 0.80772 1.5869194662810213 2.024326912220049
30774 11017321 0.758767227162648 0.08056089991508047 0.80772 1.5869194662810213 2.024326912220049
30775 11017321 0.7564102743117168 0.0665523762710439 0.80772 1.5869194662810213 2.024326912220049
30776 11017321 0.7540533214607856 0.05254385262700732 0.80772 1.5869194662810213 2.024326912220049
30777 11017321 0.7467635458122761 -0.03771819823089892 0.80772 1.5869194662810213 2.024326912220049
30778 11017321 0.7427095575125108 -0.08546096110583784 0.80772 1.5869194662810213 2.024326912220049
30779 11017321 0.7334040836178664 -0.1465585247518377 0.8001 1.5869194662810213 2.024326912220049
30780 11017321 0.7272373230417439 -0.19805035027813314 0.8001 1.5869194662810213 2.024326912220049
30781 11017321 0.7264014652299758 -0.2511671162620581 0.8001 1.5869194662810213 2.024326912220049
30782 11017321 0.7186546921835276 -0.3276108820799438 0.8001 1.5869194662810213 2.024326912220049
30783 11017321 0.7145991094780053 -0.3644881198862087 0.8001 1.5869194662810213 2.024326912220049
30784 11017321 0.7105435267724829 -0.4013653576924736 0.8001 1.5869194662810213 2.024326912220049
30785 11017321 0.7066075188964673 -0.4324403197256259 0.8001 1.5869194662810213 2.024326912220049
30786 11017321 0.7015090787586121 -0.5105670384312001 0.8001 1.5869194662810213 2.024326912220049
30787 11017321 0.6977760878194517 -0.5600500506498446 0.8001 1.5869194662810213 2.024326912220049
30788 11017321 0.692462077598845 -0.6361201897983272 0.8001 1.5869194662810213 2.024326912220049
30789 11017321 0.689049821138787 -0.6723897359815877 0.8001 1.5869194662810213 2.024326912220049
30790 11017321 0.6856375646787289 -0.7086592821648482 0.8001 1.5869194662810213 2.024326912220049
30791 11017321 0.6795069173271926 -0.7600458484923474 0.8001 1.5869194662810213 2.024326912220049
30792 11017321 0.6781571002771889 -0.8131111888033236 0.8001 1.5869194662810213 2.024326912220049
30793 11017321 0.6729047793086688 -0.8563731998520814 0.8001 1.5869194662810213 2.024326912220049
30794 11017321 0.671479870367733 -0.9178254123188944 0.8001 1.5869194662810213 2.024326912220049
30795 11017321 0.6661663023293144 -0.9955309872058514 0.80772 1.5869194662810213 2.024326912220049
30796 11017321 0.6660550518132478 -1.0497017779408617 0.8001 1.5869194662810213 2.024326912220049
30797 11017321 0.6600514737434048 -1.101246530640394 0.8001 1.5869194662810213 2.024326912220049
30798 11017321 0.6595377185313838 -1.127831741530263 0.8001 1.5869194662810213 2.024326912220049
30799 11017321 0.6590239633193629 -1.1544169524201318 0.8001 1.5869194662810213 2.024326912220049
30800 11017321 0.6530419528724233 -1.2379788743568219 0.8001 1.5869194662810213 2.024326912220049
30801 11017321 0.6496466964235224 -1.2837166290306536 0.8001 1.5869194662810213 2.024326912220049
30802 11017321 0.646424205837934 -1.358833943055922 0.8001 1.5869194662810213 2.024326912220049
30803 11017321 0.6400385271625308 -1.4164454618041875 0.8001 1.5869194662810213 2.024326912220049
30804 11017321 0.6351859634385045 -1.4639267256425377 0.8001 1.5869194662810213 2.024326912220049
30805 11017321 0.6348102116609577 -1.490907382643424 0.8001 1.5869194662810213 2.024326912220049
30806 11017321 0.6344344598834111 -1.5178880396443104 0.8001 1.5869194662810213 2.024326912220049
30807 11017321 0.629159620878421 -1.5938534115063117 0.8001 1.5869194662810213 2.024326912220049
30808 11017321 0.6223135121327052 -1.6392814412976293 0.8001 1.5869194662810213 2.024326912220049
30809 11017321 0.6227589280987682 -1.6884933668128481 0.8001 1.5869194662810213 2.024326912220049
30810 11017321 0.617008767329931 -1.741172046126568 0.8001 1.5869194662810213 2.024326912220049
30811 11017321 0.6117498539841375 -1.7966981501812571 0.8001 1.5869194662810213 2.024326912220049
30812 11017321 0.6086238538261851 -1.868809133946496 0.8001 1.5869194662810213 2.024326912220049
30813 11017321 0.6051365078432343 -1.9175539562951742 0.8001 1.5869194662810213 2.024326912220049
30814 11017321 0.6040796532574514 -1.9439030849462655 0.8001 1.5869194662810213 2.024326912220049
30815 11017321 0.6030227986716685 -1.9702522135973568 0.8001 1.5869194662810213 2.024326912220049
30816 11017321 0.6008594354278158 -2.0285417815784235 0.8001 1.5869194662810213 2.024326912220049
30817 11017321 0.5945823795323149 -2.0817491274382127 0.8001 1.5869194662810213 2.024326912220049
30818 11017321 0.5910756040182008 -2.1591094024125637 0.7924800000000001 1.5869194662810213 2.024326912220049
30819 11017321 0.5912596133148964 -2.191179299814193 0.7924800000000001 1.5869194662810213 2.024326912220049
30820 11017321 0.5856845122345373 -2.274873266923831 0.7924800000000001 1.5869194662810213 2.024326912220049
30821 11017321 0.5814426701895505 -2.321852711761449 0.7924800000000001 1.5869194662810213 2.024326912220049
30822 11017321 0.5801676144218029 -2.3747078535548676 0.7924800000000001 1.5869194662810213 2.024326912220049
30823 11017321 0.5788238038882151 -2.427774146664531 0.7924800000000001 1.5869194662810213 2.024326912220049
30824 11017321 0.5746224903784604 -2.466472276243135 0.78867 1.5869194662810213 2.024326912220049
30825 11017321 0.5704211768687056 -2.505170405821739 0.78486 1.5869194662810213 2.024326912220049
30826 11017321 0.5642614672338603 -2.5566635119060175 0.78486 1.5869194662810213 2.024326912220049
30827 11017321 0.5540621506762123 -2.6286830518460356 0.77724 1.5869194662810213 2.024326912220049
30828 11017321 0.551654833002081 -2.652371209452131 0.77724 1.5869194662810213 2.024326912220049
30829 11017321 0.5492475153279497 -2.676059367058226 0.77724 1.5869194662810213 2.024326912220049
30830 11017321 0.5307991309441963 -2.7515759729432614 0.76962 1.5869194662810213 2.024326912220049
30831 11017321 0.5164551290932518 -2.7954890714720264 0.76962 1.5869194662810213 2.024326912220049
30832 11017321 0.5019732051804274 -2.839824408105996 0.762 1.5869194662810213 2.024326912220049
30833 11017321 0.48752576307318407 -2.8840541811825906 0.762 1.5869194662810213 2.024326912220049
30834 11017321 0.47152231648198584 -2.9221681710259273 0.762 1.5869194662810213 2.024326912220049
30835 11017321 0.44295902767133544 -2.9769740775759757 0.75438 1.5869194662810213 2.024326912220049
30836 11017321 0.41109606042932 -3.0255618971282554 0.75438 1.5869194662810213 2.024326912220049
30837 11017321 0.40190995663535195 -3.040084769660036 0.75057 1.5869194662810213 2.024326912220049
30838 11017321 0.3927238528413839 -3.0546076421918165 0.74676 1.5869194662810213 2.024326912220049
30839 11017321 0.3513941351992982 -3.1076965844434112 0.74676 1.5869194662810213 2.024326912220049
30840 11017321 0.30443477705107536 -3.156259534457887 0.74676 1.5869194662810213 2.024326912220049
30841 11017321 0.29087240469037917 -3.170579461851758 0.74295 1.5869194662810213 2.024326912220049
30842 11017321 0.277310032329683 -3.184899389245629 0.73914 1.5869194662810213 2.024326912220049
30843 11017321 0.2270989000378797 -3.223287624170957 0.73152 1.5869194662810213 2.024326912220049
30844 11017321 0.21205250381289187 -3.235078288365688 0.73152 1.5869194662810213 2.024326912220049
30845 11017321 0.1623149796333614 -3.2676629633726466 0.73152 1.5869194662810213 2.024326912220049
30846 11017321 0.10635178934473011 -3.2948257330913613 0.73152 1.5869194662810213 2.024326912220049
30847 11017321 0.06450497762092833 -3.3114126423076238 0.7239000000000001 1.5869194662810213 2.024326912220049
30848 11017321 0.02500710282222851 -3.331687373469417 0.7239000000000001 1.5869194662810213 2.024326912220049
30849 11017321 -0.01715746072007862 -3.342445630946891 0.7200900000000001 1.5869194662810213 2.024326912220049
30850 11017321 -0.05932202426238575 -3.3532038884243645 0.7162800000000001 1.5869194662810213 2.024326912220049
30851 11017321 -0.10371877309490568 -3.3562223422951964 0.7130142857142858 1.5869194662810213 2.024326912220049
30852 11017321 -0.1481155219274256 -3.3592407961660284 0.7097485714285715 1.5869194662810213 2.024326912220049
30853 11017321 -0.19251227075994556 -3.3622592500368604 0.7064828571428572 1.5869194662810213 2.024326912220049
30854 11017321 -0.2369090195924655 -3.365277703907693 0.703217142857143 1.5869194662810213 2.024326912220049
30855 11017321 -0.28130576842498545 -3.368296157778525 0.6999514285714287 1.5869194662810213 2.024326912220049
30856 11017321 -0.3257025172575054 -3.371314611649357 0.6966857142857144 1.5869194662810213 2.024326912220049
30857 11017321 -0.3700992660900253 -3.374333065520189 0.69342 1.5869194662810213 2.024326912220049
30858 11017321 -0.3944502963991917 -3.3699980466011548 0.6896100000000001 1.5869194662810213 2.024326912220049
30859 11017321 -0.4188013267083581 -3.3656630276821207 0.6858000000000001 1.5869194662810213 2.024326912220049
30860 11017321 -0.46019652131725675 -3.357744649292019 0.6858000000000001 1.5869194662810213 2.024326912220049
30861 11017321 -0.5071769415166185 -3.347884142445314 0.6858000000000001 1.5869194662810213 2.024326912220049
30862 11017321 -0.5638369313391653 -3.334743465107648 0.6781800000000001 1.5869194662810213 2.024326912220049
30863 11017321 -0.6091157911636265 -3.3199473717182766 0.6781800000000001 1.5869194662810213 2.024326912220049
30864 11017321 -0.626122347695679 -3.3121702052632203 0.6781800000000001 1.5869194662810213 2.024326912220049
30865 11017321 -0.6958229412470713 -3.2807475315720898 0.67056 1.5869194662810213 2.024326912220049
30866 11017321 -0.7142719134638625 -3.269227510092721 0.67056 1.5869194662810213 2.024326912220049
30867 11017321 -0.7327208856806537 -3.2577074886133515 0.67056 1.5869194662810213 2.024326912220049
30868 11017321 -0.7827689378316367 -3.2248786716449453 0.67056 1.5869194662810213 2.024326912220049
30869 11017321 -0.8211408607123309 -3.194930710194284 0.6629400000000001 1.5869194662810213 2.024326912220049
30870 11017321 -0.8534589481978134 -3.169297568313485 0.6629400000000001 1.5869194662810213 2.024326912220049
30871 11017321 -0.8820097874880941 -3.1381193463253436 0.65532 1.5869194662810213 2.024326912220049
30872 11017321 -0.9273414693449611 -3.090591202893346 0.65532 1.5869194662810213 2.024326912220049
30873 11017321 -0.9624778485305929 -3.047212669271812 0.65532 1.5869194662810213 2.024326912220049
30874 11017321 -0.9848071232868572 -3.0122257040857523 0.6477 1.5869194662810213 2.024326912220049
30875 11017321 -1.0050886943108264 -2.984567163370576 0.6477 1.5869194662810213 2.024326912220049
30876 11017321 -1.0253702653347954 -2.956908622655399 0.6477 1.5869194662810213 2.024326912220049
30877 11017321 -1.0420230850721135 -2.9249449718717164 0.6400800000000001 1.5869194662810213 2.024326912220049
30878 11017321 -1.075190132496666 -2.860595362265945 0.6400800000000001 1.5869194662810213 2.024326912220049
30879 11017321 -1.0835456236049459 -2.838587105179848 0.6400800000000001 1.5869194662810213 2.024326912220049
30880 11017321 -1.1113050943091471 -2.769929396729867 0.6400800000000001 1.5869194662810213 2.024326912220049
30881 11017321 -1.120656657151085 -2.7394171934186202 0.6400800000000001 1.5869194662810213 2.024326912220049
30882 11017321 -1.1300082199930228 -2.7089049901073734 0.6400800000000001 1.5869194662810213 2.024326912220049
30883 11017321 -1.1471524986627133 -2.6499087672453436 0.6400800000000001 1.5869194662810213 2.024326912220049
30884 11017321 -1.154592431453539 -2.6047163366013106 0.6400800000000001 1.5869194662810213 2.024326912220049
30885 11017321 -1.1637157162150504 -2.556520092252285 0.6400800000000001 1.5869194662810213 2.024326912220049
30886 11017321 -1.1636728233855222 -2.5074647127212697 0.6400800000000001 1.5869194662810213 2.024326912220049
30887 11017321 -1.1661720875056043 -2.4797763528652226 0.6400800000000001 1.5869194662810213 2.024326912220049
30888 11017321 -1.1723291014054225 -2.4116366591144076 0.6400800000000001 1.5869194662810213 2.024326912220049
30889 11017321 -1.169014810755227 -2.386549703321083 0.6400800000000001 1.5869194662810213 2.024326912220049
30890 11017321 -1.1699922162181673 -2.337627974309624 0.6400800000000001 1.5869194662810213 2.024326912220049
30891 11017321 -1.1644473168678926 -2.2875086654933368 0.6400800000000001 1.5869194662810213 2.024326912220049
30892 11017321 -1.158902417517618 -2.2373893566770495 0.6400800000000001 1.5869194662810213 2.024326912220049
30893 11017321 -1.1500887025231357 -2.194121834531189 0.6400800000000001 1.5869194662810213 2.024326912220049
30894 11017321 -1.142077611047361 -2.1505919195062457 0.6400800000000001 1.5869194662810213 2.024326912220049
30895 11017321 -1.1388537709182736 -2.124423856722859 0.6400800000000001 1.5869194662810213 2.024326912220049
30896 11017321 -1.114375540643715 -2.034870912380449 0.6400800000000001 1.5869194662810213 2.024326912220049
30897 11017321 -1.1032810419653654 -2.0001183419261572 0.6400800000000001 1.5869194662810213 2.024326912220049
30898 11017321 -1.0921865432870157 -1.965365771471865 0.6400800000000001 1.5869194662810213 2.024326912220049
30899 11017321 -1.0729034737642347 -1.9254039392188915 0.6400800000000001 1.5869194662810213 2.024326912220049
30900 11017321 -1.0473583818083663 -1.860851402737185 0.6477 1.5869194662810213 2.024326912220049
30901 11017321 -1.02562552277842 -1.813395305215509 0.6400800000000001 1.5869194662810213 2.024326912220049
30902 11017321 -1.0047643901907548 -1.7658878881952635 0.6477 1.5869194662810213 2.024326912220049
30903 11017321 -0.9809163298583943 -1.7255490339123662 0.6477 1.5869194662810213 2.024326912220049
30904 11017321 -0.9567473312911314 -1.6853150782068191 0.6477 1.5869194662810213 2.024326912220049
30905 11017321 -0.9373860066608141 -1.6595154793734102 0.6477 1.5869194662810213 2.024326912220049
30906 11017321 -0.9180246820304967 -1.6337158805400014 0.6477 1.5869194662810213 2.024326912220049
30907 11017321 -0.8702755198585848 -1.569178196237298 0.6477 1.5869194662810213 2.024326912220049
30908 11017321 -0.8345269545089808 -1.5331967908048354 0.6477 1.5869194662810213 2.024326912220049
30909 11017321 -0.8030751902620947 -1.504923611597843 0.6477 1.5869194662810213 2.024326912220049
30910 11017321 -0.7522006773812053 -1.457997420037683 0.6400800000000001 1.5869194662810213 2.024326912220049
30911 11017321 -0.7102773516083312 -1.428941109979057 0.6400800000000001 1.5869194662810213 2.024326912220049
30912 11017321 -0.6792632217496113 -1.4081186251414315 0.6400800000000001 1.5869194662810213 2.024326912220049
30913 11017321 -0.6482490918908914 -1.3872961403038058 0.6400800000000001 1.5869194662810213 2.024326912220049
30914 11017321 -0.6020066685697791 -1.3626888877119498 0.6400800000000001 1.5869194662810213 2.024326912220049
30915 11017321 -0.5624341334460983 -1.3448972844079319 0.63246 1.5869194662810213 2.024326912220049
30916 11017321 -0.5173907370533211 -1.326673954242947 0.63246 1.5869194662810213 2.024326912220049
30917 11017321 -0.4524572074128239 -1.3046704805112965 0.6248400000000001 1.5869194662810213 2.024326912220049
30918 11017321 -0.4040442524490968 -1.288365801179325 0.6248400000000001 1.5869194662810213 2.024326912220049
30919 11017321 -0.3571840199362739 -1.276810751226287 0.6248400000000001 1.5869194662810213 2.024326912220049
30920 11017321 -0.3244925805501965 -1.2705551064829634 0.6248400000000001 1.5869194662810213 2.024326912220049
30921 11017321 -0.29180114116411904 -1.26429946173964 0.6248400000000001 1.5869194662810213 2.024326912220049
30922 11017321 -0.2505524385115514 -1.2560503516868928 0.61722 1.5869194662810213 2.024326912220049
30923 11017321 -0.19627672292890397 -1.2492546176405532 0.6248400000000001 1.5869194662810213 2.024326912220049
30924 11017321 -0.12457186012114474 -1.245934789225351 0.6248400000000001 1.5869194662810213 2.024326912220049
30925 11017321 -0.07411722787844943 -1.2410438811335571 0.6248400000000001 1.5869194662810213 2.024326912220049
30926 11017321 -0.029378551194516156 -1.2414112738095997 0.6248400000000001 1.5869194662810213 2.024326912220049
30927 11017321 0.023216808179965964 -1.2408410224140567 0.6248400000000001 1.5869194662810213 2.024326912220049
30928 11017321 0.08215106682841489 -1.2439774339807996 0.6248400000000001 1.5869194662810213 2.024326912220049
30929 11017321 0.1309382440591219 -1.2439144389038594 0.6248400000000001 1.5869194662810213 2.024326912220049
30930 11017321 0.18324003383018406 -1.2513082833837823 0.63246 1.5869194662810213 2.024326912220049
30931 11017321 0.2368319371857731 -1.251763170538549 0.63246 1.5869194662810213 2.024326912220049
30932 11017321 0.2788957790330242 -1.254876391101132 0.63246 1.5869194662810213 2.024326912220049
30933 11017321 0.32779740146912195 -1.2547327085830364 0.63246 1.5869194662810213 2.024326912220049
30934 11017321 0.3514376620300156 -1.257141305332711 0.63246 1.5869194662810213 2.024326912220049
30935 11017321 0.3750779225909092 -1.2595499020823855 0.63246 1.5869194662810213 2.024326912220049
30936 11017321 0.44364263558789013 -1.2658300886853373 0.6400800000000001 1.5869194662810213 2.024326912220049
30937 11017321 0.4972905275473204 -1.2674696992424634 0.63246 1.5869194662810213 2.024326912220049
30938 11017321 0.5446054019097406 -1.2721802011583392 0.63246 1.5869194662810213 2.024326912220049
30939 11017321 0.5865090844839637 -1.2744215775557 0.63246 1.5869194662810213 2.024326912220049
30940 11017321 0.6388337649953377 -1.2814691537936433 0.63246 1.5869194662810213 2.024326912220049
30941 11017321 0.6929830402671021 -1.2870095717536556 0.63246 1.5869194662810213 2.024326912220049
30942 11017321 0.7307106863045805 -1.2911568638065738 0.63246 1.5869194662810213 2.024326912220049
30943 11017321 0.7684383323420588 -1.295304155859492 0.63246 1.5869194662810213 2.024326912220049
30944 11017321 0.7903400679916015 -1.2989542154818388 0.63246 1.5869194662810213 2.024326912220049
30945 11017321 0.8695918392890634 -1.3065019455699154 0.63246 1.5869194662810213 2.024326912220049
30946 11017321 0.9162513210148666 -1.3132155995441435 0.63246 1.5869194662810213 2.024326912220049
30947 11017321 0.9634969792611904 -1.318134417865107 0.63246 1.5869194662810213 2.024326912220049
30948 11017321 1.0248473311758193 -1.3247395309932168 0.6400800000000001 1.5869194662810213 2.024326912220049
30949 11017321 1.074158803291282 -1.3274118295481494 0.6400800000000001 1.5869194662810213 2.024326912220049
30950 11017321 1.1263328975295928 -1.336275846073758 0.6400800000000001 1.5869194662810213 2.024326912220049
30951 11017321 1.1475431030641925 -1.3366031009806267 0.6400800000000001 1.5869194662810213 2.024326912220049
30952 11017321 1.1687533085987925 -1.3369303558874956 0.6400800000000001 1.5869194662810213 2.024326912220049
30953 11017321 1.2256643632556425 -1.3448875583901965 0.6400800000000001 1.5869194662810213 2.024326912220049
30954 11017321 1.2879781815397395 -1.350987378189287 0.6400800000000001 1.5869194662810213 2.024326912220049
30955 11017321 1.3411068096951153 -1.355839165379034 0.6400800000000001 1.5869194662810213 2.024326912220049
30956 11017321 1.3912329747078873 -1.3573735694463114 0.6400800000000001 1.5869194662810213 2.024326912220049
30957 11017321 1.4392809064612546 -1.362551324826393 0.6400800000000001 1.5869194662810213 2.024326912220049
30958 11017321 1.5158828255475576 -1.3700444147120197 0.63246 1.5869194662810213 2.024326912220049
30959 11017321 1.5335129500938156 -1.373173355784353 0.63246 1.5869194662810213 2.024326912220049
30960 11017321 1.5511430746400738 -1.3763022968566863 0.63246 1.5869194662810213 2.024326912220049
30961 11017321 1.620807054164055 -1.3832809052906538 0.63246 1.5869194662810213 2.024326912220049
30962 11017321 1.6640392875409633 -1.3868845879206941 0.63246 1.5869194662810213 2.024326912220049
30963 11017321 1.7339639933859237 -1.3985032342719819 0.6248400000000001 1.5869194662810213 2.024326912220049
30964 11017321 1.7624193953841927 -1.4024795585510095 0.6248400000000001 1.5869194662810213 2.024326912220049
30965 11017321 1.7908747973824617 -1.406455882830037 0.6248400000000001 1.5869194662810213 2.024326912220049
30966 11017321 1.8414188916909187 -1.417586085018183 0.6248400000000001 1.5869194662810213 2.024326912220049
30967 11017321 1.8775506973897231 -1.4238932723623736 0.6248400000000001 1.5869194662810213 2.024326912220049
30968 11017321 1.9199802330947837 -1.4272333272456887 0.63246 1.5869194662810213 2.024326912220049
30969 11017321 1.9816721555851893 -1.4368623390867201 0.63246 1.5869194662810213 2.024326912220049
30970 11017321 2.0275385872793796 -1.4459966487863316 0.6248400000000001 1.5869194662810213 2.024326912220049
30971 11017321 2.0507125962232546 -1.4506422661039626 0.6248400000000001 1.5869194662810213 2.024326912220049
30972 11017321 2.073886605167129 -1.4552878834215937 0.6248400000000001 1.5869194662810213 2.024326912220049
30973 11017321 2.134924675594357 -1.4652861595505573 0.6248400000000001 1.5869194662810213 2.024326912220049
30974 11017321 2.1742216114742603 -1.4716906147777113 0.6248400000000001 1.5869194662810213 2.024326912220049
30975 11017321 2.2323594414919814 -1.4796898434594856 0.61722 1.5869194662810213 2.024326912220049
30976 11017321 2.274075075703805 -1.4879347097151256 0.61722 1.5869194662810213 2.024326912220049
30977 11017321 2.319390223434872 -1.4987561852150308 0.6096 1.5869194662810213 2.024326912220049
30978 11017321 2.3404616253338224 -1.50031970074903 0.6096 1.5869194662810213 2.024326912220049
30979 11017321 2.361533027232773 -1.5018832162830296 0.6096 1.5869194662810213 2.024326912220049
30980 11017321 2.4206204221297245 -1.5140458180367944 0.6096 1.5869194662810213 2.024326912220049
30981 11017321 2.488606380039471 -1.5272435623248233 0.6019800000000001 1.5869194662810213 2.024326912220049
30982 11017321 2.529553962714728 -1.535119357974817 0.59436 1.5869194662810213 2.024326912220049
30983 11017321 2.542551903168347 -1.5367921449284614 0.59436 1.5869194662810213 2.024326912220049
30984 11017321 2.5555498436219652 -1.5384649318821055 0.59436 1.5869194662810213 2.024326912220049
30985 11017321 2.636974838180497 -1.554295657173464 0.59436 1.5869194662810213 2.024326912220049
30986 11017321 2.6518232138689743 -1.5591421731425898 0.59436 1.5869194662810213 2.024326912220049
30987 11017321 2.744302542701746 -1.5764770697234238 0.58674 1.5869194662810213 2.024326912220049
30988 11017321 2.7736122670598147 -1.5805529221775463 0.58293 1.5869194662810213 2.024326912220049
30989 11017321 2.8029219914178833 -1.5846287746316687 0.57912 1.5869194662810213 2.024326912220049
30990 11017321 2.8438696826638115 -1.5925027451273417 0.57912 1.5869194662810213 2.024326912220049
30991 11017321 2.9041773620384967 -1.5954807190600906 0.57912 1.5869194662810213 2.024326912220049
30992 11017321 2.9499696644920794 -1.592319292916083 0.58674 1.5869194662810213 2.024326912220049
30993 11017321 2.989058988470268 -1.5890142382967722 0.58674 1.5869194662810213 2.024326912220049
30994 11017321 3.0281483124484563 -1.5857091836774615 0.58674 1.5869194662810213 2.024326912220049
30995 11017321 3.0521310702878486 -1.577532374695648 0.57912 1.5869194662810213 2.024326912220049
30996 11017321 3.0887414334856502 -1.5653577934942873 0.57912 1.5869194662810213 2.024326912220049
30997 11017321 3.125351796683452 -1.5531832122929268 0.57912 1.5869194662810213 2.024326912220049
30998 11017321 3.1651544494694464 -1.530543965733957 0.57912 1.5869194662810213 2.024326912220049
30999 11017321 3.2049571022554413 -1.507904719174987 0.57912 1.5869194662810213 2.024326912220049
31000 11017321 3.2447597550414358 -1.4852654726160173 0.57912 1.5869194662810213 2.024326912220049
31001 11017321 3.269000552223211 -1.462687609238752 0.57531 1.5869194662810213 2.024326912220049
31002 11017321 3.293241349404986 -1.4401097458614867 0.5715 1.5869194662810213 2.024326912220049
31003 11017321 3.3351760334214884 -1.3918830517499134 0.56388 1.5869194662810213 2.024326912220049
31004 11017321 3.362666736644326 -1.3579834597166782 0.56388 1.5869194662810213 2.024326912220049
31005 11017321 3.3826689988636076 -1.3244437908937563 0.5600700000000001 1.5869194662810213 2.024326912220049
31006 11017321 3.4026712610828893 -1.2909041220708342 0.55626 1.5869194662810213 2.024326912220049
31007 11017321 3.425988526140796 -1.2548249600193089 0.55626 1.5869194662810213 2.024326912220049
31008 11017321 3.4323614612404603 -1.2352942562414078 0.55626 1.5869194662810213 2.024326912220049
31009 11017321 3.4387343963401245 -1.2157635524635069 0.55626 1.5869194662810213 2.024326912220049
31010 11017321 3.4570934966678246 -1.163581821864866 0.55245 1.5869194662810213 2.024326912220049
31011 11017321 3.475452596995525 -1.111400091266225 0.54864 1.5869194662810213 2.024326912220049
31012 11017321 3.488060663506473 -1.072760955631953 0.54864 1.5869194662810213 2.024326912220049
31013 11017321 3.4957548927986446 -1.0222389569288943 0.54102 1.5869194662810213 2.024326912220049
31014 11017321 3.503263758991727 -0.9760953184738964 0.54102 1.5869194662810213 2.024326912220049
31015 11017321 3.5064890043969803 -0.9444403416829169 0.54102 1.5869194662810213 2.024326912220049
31016 11017321 3.509714249802234 -0.9127853648919374 0.54102 1.5869194662810213 2.024326912220049
31017 11017321 3.511971650530591 -0.8666802811766102 0.5334 1.5869194662810213 2.024326912220049
31018 11017321 3.517003223331572 -0.8224149137357818 0.5334 1.5869194662810213 2.024326912220049
31019 11017321 3.5205809310142246 -0.7733530611189904 0.5334 1.5869194662810213 2.024326912220049
31020 11017321 3.523593523737027 -0.7314659627354536 0.52578 1.5869194662810213 2.024326912220049
31021 11017321 3.5217566820889274 -0.688113213169741 0.52578 1.5869194662810213 2.024326912220049
31022 11017321 3.5243682698074155 -0.6460952179437046 0.52578 1.5869194662810213 2.024326912220049
31023 11017321 3.5259020210185965 -0.6162244309074139 0.52197 1.5869194662810213 2.024326912220049
31024 11017321 3.5274357722297776 -0.5863536438711231 0.5181600000000001 1.5869194662810213 2.024326912220049
31025 11017321 3.5265031845611565 -0.5239049566921192 0.5181600000000001 1.5869194662810213 2.024326912220049
31026 11017321 3.5297819669996677 -0.47848340554836033 0.5181600000000001 1.5869194662810213 2.024326912220049
31027 11017321 3.52728134288453 -0.4344466214162632 0.51054 1.5869194662810213 2.024326912220049
31028 11017321 3.5301003851270654 -0.39179532035235487 0.50292 1.5869194662810213 2.024326912220049
31029 11017321 3.5295322631809904 -0.3588438648193344 0.50292 0.36214911544938283 2.5465782646875845
31030 11017321 3.5289641412349155 -0.3258924092863139 0.50292 0.36214911544938283 2.5465782646875845
31031 11017321 3.5283975618952326 -0.26776818697473737 0.50292 0.36214911544938283 2.5465782646875845
31032 11017321 3.523392864699594 -0.234128143082707 0.50292 0.36214911544938283 2.5465782646875845
31033 11017321 3.5059372858013313 -0.17715062093612768 0.50292 0.36214911544938283 2.5465782646875845
31034 11017321 3.4873349745933004 -0.1435506917285946 0.50292 0.36214911544938283 2.5465782646875845
31035 11017321 3.46873266338527 -0.10995076252106153 0.50292 0.36214911544938283 2.5465782646875845
31036 11017321 3.450130352177239 -0.07635083331352846 0.50292 0.36214911544938283 2.5465782646875845
31037 11017321 3.4381853290803734 -0.061939230875552836 0.50292 0.36214911544938283 2.5465782646875845
31038 11017321 3.426240305983508 -0.04752762843757721 0.50292 0.36214911544938283 2.5465782646875845
31039 11017321 3.4005566151215376 -0.028281740430338737 0.50292 0.36214911544938283 2.5465782646875845
31040 11017321 3.363550040529195 -0.00020044269178767782 0.4953 0.36214911544938283 2.5465782646875845
31041 11017321 3.3189490968399413 0.019846433455788376 0.4953 0.36214911544938283 2.5465782646875845
31042 11017321 3.2961125547230963 0.024554700484011344 0.49149 0.36214911544938283 2.5465782646875845
31043 11017321 3.2732760126062512 0.02926296751223431 0.48768 0.36214911544938283 2.5465782646875845
31044 11017321 3.2376220416213766 0.035643291447551156 0.48768 0.36214911544938283 2.5465782646875845
31045 11017321 3.2047619768835656 0.035621560851255424 0.48768 0.36214911544938283 2.5465782646875845
31046 11017321 3.1674427021259675 0.03717226899567935 0.48768 0.36214911544938283 2.5465782646875845
31047 11017321 3.1286988031689082 0.03381464454717384 0.48768 0.36214911544938283 2.5465782646875845
31048 11017321 3.0738333740903494 0.028944137708710488 0.48006 0.36214911544938283 2.5465782646875845
31049 11017321 3.0346078060690678 0.0257441792966929 0.47243999999999997 0.36214911544938283 2.5465782646875845
31050 11017321 2.9991875677487947 0.020601361879470786 0.47243999999999997 0.36214911544938283 2.5465782646875845
31051 11017321 2.966164698104233 0.01736290150450534 0.47243999999999997 0.36214911544938283 2.5465782646875845
31052 11017321 2.9385200371115343 0.0156398654474231 0.46863 0.36214911544938283 2.5465782646875845
31053 11017321 2.9108753761188355 0.013916829390340862 0.46482000000000007 0.36214911544938283 2.5465782646875845
31054 11017321 2.881313139744334 0.00767996608537122 0.46482000000000007 0.36214911544938283 2.5465782646875845
31055 11017321 2.845252593917155 0.006017689582237723 0.46482000000000007 0.36214911544938283 2.5465782646875845
31056 11017321 2.793069262678317 0.0012080263129176372 0.45720000000000005 0.36214911544938283 2.5465782646875845
31057 11017321 2.7531193320922216 -0.00420729014109919 0.45720000000000005 0.36214911544938283 2.5465782646875845
31058 11017321 2.713676468714681 -0.005348887816516962 0.44958000000000004 0.36214911544938283 2.5465782646875845
31059 11017321 2.6845595246069913 -0.004779735697972354 0.44577 0.36214911544938283 2.5465782646875845
31060 11017321 2.655442580499302 -0.004210583579427746 0.44196 0.36214911544938283 2.5465782646875845
31061 11017321 2.621030724712849 -0.00898010074322611 0.44196 0.36214911544938283 2.5465782646875845
31062 11017321 2.564391765656297 -0.005675003955265795 0.44196 0.36214911544938283 2.5465782646875845
31063 11017321 2.5251564477978556 -0.004547046770527724 0.43434000000000006 0.36214911544938283 2.5465782646875845
31064 11017321 2.4980690990561794 -0.0034716530716442096 0.43434000000000006 0.36214911544938283 2.5465782646875845
31065 11017321 2.470981750314503 -0.002396259372760695 0.43434000000000006 0.36214911544938283 2.5465782646875845
31066 11017321 2.422220474624698 0.002192894072157031 0.42672000000000004 0.36214911544938283 2.5465782646875845
31067 11017321 2.3870208915357134 0.0031720740857343055 0.41910000000000003 0.36214911544938283 2.5465782646875845
31068 11017321 2.355833454945335 0.0028413941934327946 0.41910000000000003 0.36214911544938283 2.5465782646875845
31069 11017321 2.3179852002906496 0.0038679828235665126 0.41148 0.36214911544938283 2.5465782646875845
31070 11017321 2.2892739320140842 0.002962692264145389 0.41148 0.36214911544938283 2.5465782646875845
31071 11017321 2.258716442618759 0.001842666948927013 0.41148 0.36214911544938283 2.5465782646875845
31072 11017321 2.228158953223434 0.0007226416337086372 0.41148 0.36214911544938283 2.5465782646875845
31073 11017321 2.1963412297010274 0.0011825054344929697 0.41148 0.36214911544938283 2.5465782646875845
31074 11017321 2.156715528391266 0.0022061832060596143 0.40386 0.36214911544938283 2.5465782646875845
31075 11017321 2.110094991164372 0.0024768826267041744 0.40386 0.36214911544938283 2.5465782646875845
31076 11017321 2.0823576758866826 0.00102070943580293 0.40386 0.36214911544938283 2.5465782646875845
31077 11017321 2.0546203606089932 -0.00043546375509831425 0.40386 0.36214911544938283 2.5465782646875845
31078 11017321 2.017057038677319 -0.0012527652371848441 0.39624000000000004 0.36214911544938283 2.5465782646875845
31079 11017321 1.9688551269796282 0.0007034052051707596 0.39624000000000004 0.36214911544938283 2.5465782646875845
31080 11017321 1.9360622973647585 0.0008986709397656167 0.38862 0.36214911544938283 2.5465782646875845
31081 11017321 1.8871018244132 0.0005330093106646616 0.38862 0.36214911544938283 2.5465782646875845
31082 11017321 1.869036288028643 -0.0004011694269945715 0.38481 0.36214911544938283 2.5465782646875845
31083 11017321 1.8509707516440859 -0.0013353481646538046 0.381 0.36214911544938283 2.5465782646875845
31084 11017321 1.8174347877405743 0.002023662006437582 0.381 0.36214911544938283 2.5465782646875845
31085 11017321 1.7733576730784604 0.0002975030453141181 0.381 0.36214911544938283 2.5465782646875845
31086 11017321 1.7261207353548396 0.005211070268868745 0.37338 0.36214911544938283 2.5465782646875845
31087 11017321 1.6905849992030566 0.002448077419299477 0.37338 0.36214911544938283 2.5465782646875845
31088 11017321 1.6476002728132855 0.00515557371159564 0.36576 0.36214911544938283 2.5465782646875845
31089 11017321 1.6248851364171486 0.004397133766379964 0.36576 0.36214911544938283 2.5465782646875845
31090 11017321 1.6021700000210117 0.0036386938211642877 0.36576 0.36214911544938283 2.5465782646875845
31091 11017321 1.5645621133553909 0.005408234143544341 0.36576 0.36214911544938283 2.5465782646875845
31092 11017321 1.535757173444062 0.0031344135234139398 0.36576 0.36214911544938283 2.5465782646875845
31093 11017321 1.4850957729263137 -0.0013460872872210622 0.35814000000000007 0.36214911544938283 2.5465782646875845
31094 11017321 1.4681373532861142 -0.0010638600069806173 0.35814000000000007 0.36214911544938283 2.5465782646875845
31095 11017321 1.4511789336459149 -0.0007816327267401724 0.35814000000000007 0.36214911544938283 2.5465782646875845
31096 11017321 1.4032187658754691 0.003552428481459577 0.35052000000000005 0.36214911544938283 2.5465782646875845
31097 11017321 1.3699033323546903 0.003511984068291854 0.3467100000000001 0.36214911544938283 2.5465782646875845
31098 11017321 1.3365878988339117 0.003471539655124131 0.34290000000000004 0.36214911544938283 2.5465782646875845
31099 11017321 1.2917764216763745 0.002221612348794963 0.34290000000000004 0.36214911544938283 2.5465782646875845
31100 11017321 1.2752071871793234 0.0017929900792336695 0.34290000000000004 0.36214911544938283 2.5465782646875845
31101 11017321 1.2582944113074122 0.0019439257104486574 0.34290000000000004 0.36214911544938283 2.5465782646875845
31102 11017321 1.2252195193842732 0.0018255194818586132 0.34290000000000004 0.36214911544938283 2.5465782646875845
31103 11017321 1.1921446274611343 0.001707113253268569 0.34290000000000004 0.36214911544938283 2.5465782646875845
31104 11017321 1.148047767627163 0.005364861520300412 0.34290000000000004 0.36214911544938283 2.5465782646875845
31105 11017321 1.1256511522384196 0.0020504431262027556 0.34290000000000004 0.36214911544938283 2.5465782646875845
31106 11017321 1.1124420993518749 0.002393638287645772 0.34290000000000004 0.36214911544938283 2.5465782646875845
31107 11017321 1.0889313224861348 0.003824297149187139 0.34290000000000004 0.36214911544938283 2.5465782646875845
31108 11017321 1.0654205456203945 0.0052549560107285065 0.34290000000000004 0.36214911544938283 2.5465782646875845
31109 11017321 1.042048960097658 0.00167515834873469 0.34290000000000004 0.36214911544938283 2.5465782646875845
31110 11017321 1.0035092415653908 0.000597579240221191 0.34290000000000004 0.36214911544938283 2.5465782646875845
31111 11017321 0.9919394892034924 0.0005222454923153527 0.34290000000000004 0.36214911544938283 2.5465782646875845
31112 11017321 0.980369736841594 0.0004469117444095144 0.34290000000000004 0.36214911544938283 2.5465782646875845
31113 11017321 0.9562805917192666 0.0028263083488716673 0.34290000000000004 0.36214911544938283 2.5465782646875845
31114 11017321 0.9321914465969392 0.00520570495333382 0.34290000000000004 0.36214911544938283 2.5465782646875845
31115 11017321 0.9223581757910388 0.004329484907822492 0.34290000000000004 0.36214911544938283 2.5465782646875845
31116 11017321 0.9125249049851384 0.0034532648623111645 0.34290000000000004 0.36214911544938283 2.5465782646875845
31117 11017321 0.9133405255552141 0.00345400310231028 0.34290000000000004 0.36214911544938283 2.5465782646875845
31118 11017321 0.9141561461252897 0.003454741342309395 0.34290000000000004 0.36214911544938283 2.5465782646875845
31119 11017321 0.9149717666953654 0.0034554795823085105 0.34290000000000004 0.36214911544938283 2.5465782646875845
31120 11017321 0.9157873872654411 0.0034562178223076258 0.34290000000000004 0.36214911544938283 2.5465782646875845
31121 11017321 0.9166030078355167 0.003456956062306741 0.34290000000000004 0.36214911544938283 2.5465782646875845
31122 11017321 0.9174186284055924 0.0034576943023058564 0.34290000000000004 0.36214911544938283 2.5465782646875845
31123 11017321 0.9182342489756681 0.0034584325423049718 0.34290000000000004 0.36214911544938283 2.5465782646875845
31124 11017321 0.9190498695457437 0.003459170782304087 0.34290000000000004 0.36214911544938283 2.5465782646875845
31125 11017321 0.9198654901158194 0.0034599090223032024 0.34290000000000004 0.36214911544938283 2.5465782646875845
31126 11017321 0.9206811106858951 0.0034606472623023177 0.34290000000000004 0.36214911544938283 2.5465782646875845
31127 11017321 0.9214967312559708 0.003461385502301433 0.34290000000000004 0.36214911544938283 2.5465782646875845
31128 11017321 0.9223123518260463 0.0034621237423005484 0.34290000000000004 0.36214911544938283 2.5465782646875845
31129 11017321 0.923127972396122 0.0034628619822996637 0.34290000000000004 0.36214911544938283 2.5465782646875845
31130 11017321 0.9239435929661977 0.003463600222298779 0.34290000000000004 0.36214911544938283 2.5465782646875845
31131 11017321 0.9247592135362733 0.003464338462297895 0.34290000000000004 0.36214911544938283 2.5465782646875845
31132 11017321 0.925574834106349 0.00346507670229701 0.34290000000000004 0.36214911544938283 2.5465782646875845
31133 11017321 0.9263904546764247 0.0034658149422961255 0.34290000000000004 0.36214911544938283 2.5465782646875845
31134 11017321 0.9272060752465003 0.003466553182295241 0.34290000000000004 0.36214911544938283 2.5465782646875845
31135 11017321 0.928021695816576 0.003467291422294356 0.34290000000000004 0.36214911544938283 2.5465782646875845
31136 11017321 0.9288373163866517 0.0034680296622934714 0.34290000000000004 0.36214911544938283 2.5465782646875845
31137 11017321 0.9296529369567273 0.0034687679022925868 0.34290000000000004 0.36214911544938283 2.5465782646875845
31138 11017321 0.930468557526803 0.003469506142291702 0.34290000000000004 0.36214911544938283 2.5465782646875845
31139 11017321 0.9312841780968787 0.0034702443822908174 0.34290000000000004 0.36214911544938283 2.5465782646875845
31140 11017321 0.9320997986669544 0.0034709826222899328 0.34290000000000004 0.36214911544938283 2.5465782646875845
31141 11017321 0.93291541923703 0.003471720862289048 0.34290000000000004 0.36214911544938283 2.5465782646875845
31142 11017321 0.9337310398071057 0.0034724591022881634 0.34290000000000004 0.36214911544938283 2.5465782646875845
31143 11017321 0.9345466603771814 0.0034731973422872787 0.34290000000000004 0.36214911544938283 2.5465782646875845
31144 11017321 0.935362280947257 0.003473935582286394 0.34290000000000004 0.36214911544938283 2.5465782646875845
31145 11017321 0.9361779015173327 0.0034746738222855094 0.34290000000000004 0.36214911544938283 2.5465782646875845
31146 11017321 0.9369935220874084 0.0034754120622846247 0.34290000000000004 0.36214911544938283 2.5465782646875845
31147 11017321 0.937809142657484 0.00347615030228374 0.34290000000000004 0.36214911544938283 2.5465782646875845
31148 11017321 0.9386247632275597 0.0034768885422828554 0.34290000000000004 0.36214911544938283 2.5465782646875845
31149 11017321 0.9394403837976354 0.0034776267822819707 0.34290000000000004 0.36214911544938283 2.5465782646875845
31150 11017321 0.940256004367711 0.003478365022281086 0.34290000000000004 0.36214911544938283 2.5465782646875845
31151 11017321 0.9410716249377866 0.0034791032622802013 0.34290000000000004 0.36214911544938283 2.5465782646875845
31152 11017321 0.9418872455078623 0.0034798415022793167 0.34290000000000004 0.36214911544938283 2.5465782646875845
31153 11017321 0.942702866077938 0.003480579742278432 0.34290000000000004 0.36214911544938283 2.5465782646875845
31154 11017321 0.9435184866480136 0.0034813179822775473 0.34290000000000004 0.36214911544938283 2.5465782646875845
31155 11017321 0.9443341072180893 0.0034820562222766627 0.34290000000000004 0.36214911544938283 2.5465782646875845
31156 11017321 0.945149727788165 0.003482794462275778 0.34290000000000004 0.36214911544938283 2.5465782646875845
31157 11017321 0.9459653483582406 0.0034835327022748933 0.34290000000000004 0.36214911544938283 2.5465782646875845
31158 11017321 0.9467809689283163 0.0034842709422740086 0.34290000000000004 0.36214911544938283 2.5465782646875845
31159 11017321 0.947596589498392 0.0034850091822731244 0.34290000000000004 0.36214911544938283 2.5465782646875845
31160 11017321 0.9484122100684677 0.0034857474222722397 0.34290000000000004 0.36214911544938283 2.5465782646875845
31161 11017321 0.9492278306385433 0.003486485662271355 0.34290000000000004 0.36214911544938283 2.5465782646875845
31162 11017321 0.950043451208619 0.0034872239022704704 0.34290000000000004 0.36214911544938283 2.5465782646875845
31163 11017321 0.9508590717786947 0.0034879621422695857 0.34290000000000004 0.36214911544938283 2.5465782646875845
31164 11017321 0.9516746923487703 0.003488700382268701 0.34290000000000004 0.36214911544938283 2.5465782646875845
31165 11017321 0.952490312918846 0.0034894386222678164 0.34290000000000004 0.36214911544938283 2.5465782646875845
31166 11017321 0.9533059334889217 0.0034901768622669317 0.34290000000000004 0.36214911544938283 2.5465782646875845
31167 11017321 0.9541215540589973 0.003490915102266047 0.34290000000000004 0.36214911544938283 2.5465782646875845
31168 11017321 0.954937174629073 0.0034916533422651623 0.34290000000000004 0.36214911544938283 2.5465782646875845
31169 11017321 0.9557527951991487 0.0034923915822642777 0.34290000000000004 0.36214911544938283 2.5465782646875845
31170 11017321 0.9565684157692244 0.003493129822263393 0.34290000000000004 0.36214911544938283 2.5465782646875845
31171 11017321 0.9573840363393 0.0034938680622625083 0.34290000000000004 0.36214911544938283 2.5465782646875845
31172 11017321 0.9581996569093756 0.0034946063022616236 0.34290000000000004 0.36214911544938283 2.5465782646875845
31173 11017321 0.9590152774794513 0.003495344542260739 0.34290000000000004 0.36214911544938283 2.5465782646875845
31174 11017321 0.9598308980495269 0.0034960827822598543 0.34290000000000004 0.36214911544938283 2.5465782646875845
31175 11017321 0.9606465186196026 0.0034968210222589696 0.34290000000000004 0.36214911544938283 2.5465782646875845
31176 11017321 0.9614621391896783 0.003497559262258085 0.34290000000000004 0.36214911544938283 2.5465782646875845
