31285 11217673 0.8101507881901694 0.22966631498383683 0.33528 0.36214911544938283 2.5465782646875845
31286 11217673 0.8110130466794958 0.23230525864287568 0.33528 0.36214911544938283 2.5465782646875845
31287 11217673 0.8125580221627083 0.22887976665379 0.33528 0.36214911544938283 2.5465782646875845
31288 11217673 0.8112981051652919 0.23045971045885624 0.33528 0.36214911544938283 2.5465782646875845
31289 11217673 0.8100381881678754 0.23203965426392248 0.33528 0.36214911544938283 2.5465782646875845
31290 11217673 0.8087782711704591 0.23361959806898872 0.33528 0.36214911544938283 2.5465782646875845
31291 11217673 0.8075183541730426 0.23519954187405495 0.33528 0.36214911544938283 2.5465782646875845
31292 11217673 0.8062584371756262 0.2367794856791212 0.33528 0.36214911544938283 2.5465782646875845
31293 11217673 0.8049985201782097 0.23835942948418742 0.33528 0.36214911544938283 2.5465782646875845
31294 11217673 0.8037386031807934 0.23993937328925366 0.33528 0.36214911544938283 2.5465782646875845
31295 11217673 0.8024786861833769 0.2415193170943199 0.33528 0.36214911544938283 2.5465782646875845
31296 11217673 0.8012187691859605 0.24309926089938613 0.33528 0.36214911544938283 2.5465782646875845
31297 11217673 0.8016522407233697 0.24254423728577376 0.33528 0.36214911544938283 2.5465782646875845
31298 11217673 0.8020857122607791 0.24198921367216142 0.33528 0.36214911544938283 2.5465782646875845
31299 11217673 0.8025191837981883 0.24143419005854905 0.33528 0.36214911544938283 2.5465782646875845
31300 11217673 0.8029526553355977 0.2408791664449367 0.33528 0.36214911544938283 2.5465782646875845
31301 11217673 0.8033861268730069 0.24032414283132433 0.33528 0.36214911544938283 2.5465782646875845
31302 11217673 0.8038195984104163 0.23976911921771196 0.33528 0.36214911544938283 2.5465782646875845
31303 11217673 0.8042530699478255 0.23921409560409962 0.33528 0.36214911544938283 2.5465782646875845
31304 11217673 0.8046865414852349 0.23865907199048725 0.33528 0.36214911544938283 2.5465782646875845
31305 11217673 0.8051200130226441 0.23810404837687488 0.33528 0.36214911544938283 2.5465782646875845
31306 11217673 0.8055534845600535 0.23754902476326253 0.33528 0.36214911544938283 2.5465782646875845
31307 11217673 0.8059869560974627 0.23699400114965016 0.33528 0.36214911544938283 2.5465782646875845
31308 11217673 0.8064204276348721 0.23643897753603782 0.33528 0.36214911544938283 2.5465782646875845
31309 11217673 0.8068538991722813 0.23588395392242545 0.33528 0.36214911544938283 2.5465782646875845
31310 11217673 0.8073115834785696 0.2363254167584092 0.33528 0.36214911544938283 2.5465782646875845
31311 11217673 0.8077692677848578 0.23676687959439294 0.33528 0.36214911544938283 2.5465782646875845
31312 11217673 0.808226952091146 0.2372083424303767 0.33528 0.36214911544938283 2.5465782646875845
31313 11217673 0.8086846363974343 0.23764980526636045 0.33528 0.36214911544938283 2.5465782646875845
31314 11217673 0.8091423207037225 0.23809126810234418 0.33528 0.36214911544938283 2.5465782646875845
31315 11217673 0.8096000050100107 0.23853273093832794 0.33528 0.36214911544938283 2.5465782646875845
31316 11217673 0.810057689316299 0.2389741937743117 0.33528 0.36214911544938283 2.5465782646875845
31317 11217673 0.8105153736225872 0.23941565661029543 0.33528 0.36214911544938283 2.5465782646875845
31318 11217673 0.8109730579288754 0.2398571194462792 0.33528 0.36214911544938283 2.5465782646875845
31319 11217673 0.8114307422351636 0.24029858228226292 0.33528 0.36214911544938283 2.5465782646875845
31320 11217673 0.8118884265414519 0.24074004511824668 0.33528 0.36214911544938283 2.5465782646875845
31321 11217673 0.8123461108477401 0.24118150795423043 0.33528 0.36214911544938283 2.5465782646875845
31322 11217673 0.8128037951540283 0.24162297079021416 0.33528 0.36214911544938283 2.5465782646875845
31323 11217673 0.8132614794603166 0.24206443362619792 0.33528 0.36214911544938283 2.5465782646875845
31324 11217673 0.8137191637666048 0.24250589646218168 0.33528 0.36214911544938283 2.5465782646875845
31325 11217673 0.814176848072893 0.2429473592981654 0.33528 0.36214911544938283 2.5465782646875845
31326 11217673 0.8146345323791813 0.24338882213414917 0.33528 0.36214911544938283 2.5465782646875845
31327 11217673 0.8153665500007101 0.2430036357058465 0.33528 0.36214911544938283 2.5465782646875845
31328 11217673 0.816098567622239 0.24261844927754384 0.33528 0.36214911544938283 2.5465782646875845
31329 11217673 0.8168305852437678 0.24223326284924115 0.33528 0.9690319315923277 1.8153108089675558
31330 11217673 0.8175626028652966 0.24184807642093847 0.33528 0.9690319315923277 1.8153108089675558
31331 11217673 0.8182946204868254 0.24146288999263582 0.33528 0.9690319315923277 1.8153108089675558
31332 11217673 0.8190266381083543 0.24107770356433314 0.33528 0.9690319315923277 1.8153108089675558
31333 11217673 0.8197586557298832 0.24069251713603046 0.33528 0.9690319315923277 1.8153108089675558
31334 11217673 0.820490673351412 0.2403073307077278 0.33528 0.9690319315923277 1.8153108089675558
31335 11217673 0.8212226909729409 0.23992214427942513 0.33528 0.9690319315923277 1.8153108089675558
31336 11217673 0.8219547085944697 0.23953695785112245 0.33528 0.9690319315923277 1.8153108089675558
31337 11217673 0.8226867262159985 0.2391517714228198 0.33528 0.9690319315923277 1.8153108089675558
31338 11217673 0.8234187438375273 0.2387665849945171 0.33528 0.9690319315923277 1.8153108089675558
31339 11217673 0.8241507614590562 0.23838139856621446 0.33528 0.9690319315923277 1.8153108089675558
31340 11217673 0.824882779080585 0.23799621213791178 0.33528 0.9690319315923277 1.8153108089675558
31341 11217673 0.8256147967021139 0.2376110257096091 0.33528 0.9690319315923277 1.8153108089675558
31342 11217673 0.8263468143236428 0.23722583928130644 0.33528 0.9690319315923277 1.8153108089675558
31343 11217673 0.8270788319451716 0.23684065285300376 0.33528 0.9690319315923277 1.8153108089675558
31344 11217673 0.8278108495667005 0.23645546642470108 0.33528 0.9690319315923277 1.8153108089675558
31345 11217673 0.8285428671882292 0.23607027999639843 0.33528 0.9690319315923277 1.8153108089675558
31346 11217673 0.8292748848097581 0.23568509356809575 0.33528 0.9690319315923277 1.8153108089675558
31347 11217673 0.8300069024312869 0.23529990713979307 0.33528 0.9690319315923277 1.8153108089675558
31348 11217673 0.8307389200528158 0.23491472071149042 0.33528 0.9690319315923277 1.8153108089675558
31349 11217673 0.8314709376743447 0.23452953428318773 0.33528 0.9690319315923277 1.8153108089675558
31350 11217673 0.8322029552958735 0.23414434785488505 0.33528 0.9690319315923277 1.8153108089675558
31351 11217673 0.8329349729174024 0.2337591614265824 0.33528 0.9690319315923277 1.8153108089675558
31352 11217673 0.8336669905389311 0.23337397499827972 0.33528 0.9690319315923277 1.8153108089675558
31353 11217673 0.83439900816046 0.23298878856997704 0.33528 0.9690319315923277 1.8153108089675558
31354 11217673 0.8351310257819888 0.2326036021416744 0.33528 0.9690319315923277 1.8153108089675558
31355 11217673 0.8358630434035177 0.2322184157133717 0.33528 0.9690319315923277 1.8153108089675558
31356 11217673 0.8365950610250465 0.23183322928506905 0.33528 0.9690319315923277 1.8153108089675558
31357 11217673 0.8373270786465754 0.23144804285676637 0.33528 0.9690319315923277 1.8153108089675558
31358 11217673 0.8380590962681043 0.2310628564284637 0.33528 0.9690319315923277 1.8153108089675558
31359 11217673 0.8387911138896331 0.23067767000016104 0.33528 0.9690319315923277 1.8153108089675558
31360 11217673 0.8395231315111619 0.23029248357185836 0.33528 0.9690319315923277 1.8153108089675558
31361 11217673 0.8402551491326907 0.22990729714355568 0.33528 0.9690319315923277 1.8153108089675558
31362 11217673 0.8409871667542196 0.22952211071525302 0.33528 0.9690319315923277 1.8153108089675558
31363 11217673 0.8417191843757484 0.22913692428695034 0.33528 0.9690319315923277 1.8153108089675558
31364 11217673 0.8424512019972773 0.22875173785864766 0.33528 0.9690319315923277 1.8153108089675558
31365 11217673 0.8431832196188062 0.228366551430345 0.33528 0.9690319315923277 1.8153108089675558
31366 11217673 0.843915237240335 0.22798136500204233 0.33528 0.9690319315923277 1.8153108089675558
31367 11217673 0.8446472548618638 0.22759617857373965 0.33528 0.9690319315923277 1.8153108089675558
31368 11217673 0.8453792724833926 0.227210992145437 0.33528 0.9690319315923277 1.8153108089675558
31369 11217673 0.8461112901049215 0.22682580571713432 0.33528 0.9690319315923277 1.8153108089675558
31370 11217673 0.8468433077264503 0.22644061928883163 0.33528 0.9690319315923277 1.8153108089675558
31371 11217673 0.8475753253479792 0.22605543286052898 0.33528 0.9690319315923277 1.8153108089675558
31372 11217673 0.848307342969508 0.2256702464322263 0.33528 0.9690319315923277 1.8153108089675558
31373 11217673 0.8490393605910369 0.22528506000392362 0.33528 0.9690319315923277 1.8153108089675558
31374 11217673 0.8497713782125658 0.22489987357562097 0.33528 0.9690319315923277 1.8153108089675558
31375 11217673 0.8505033958340945 0.2245146871473183 0.33528 0.9690319315923277 1.8153108089675558
31376 11217673 0.8512354134556234 0.2241295007190156 0.33528 0.9690319315923277 1.8153108089675558
31377 11217673 0.8519674310771522 0.22374431429071295 0.33528 0.9690319315923277 1.8153108089675558
31378 11217673 0.8526994486986811 0.22335912786241027 0.33528 0.9690319315923277 1.8153108089675558
31379 11217673 0.8534314663202099 0.2229739414341076 0.33528 0.9690319315923277 1.8153108089675558
31380 11217673 0.8541634839417388 0.22258875500580494 0.33528 0.9690319315923277 1.8153108089675558
31381 11217673 0.8548955015632677 0.22220356857750226 0.33528 0.9690319315923277 1.8153108089675558
31382 11217673 0.8556275191847964 0.2218183821491996 0.33528 0.9690319315923277 1.8153108089675558
31383 11217673 0.8563595368063253 0.22143319572089692 0.33528 0.9690319315923277 1.8153108089675558
31384 11217673 0.8570915544278541 0.22104800929259424 0.33528 0.9690319315923277 1.8153108089675558
31385 11217673 0.857823572049383 0.2206628228642916 0.33528 0.9690319315923277 1.8153108089675558
31386 11217673 0.8585555896709118 0.2202776364359889 0.33528 0.9690319315923277 1.8153108089675558
