31959 11217673 1.2542480781097223 0.000462224598610797 0.33528 1.5314650184869447 1.3744057314893527
31960 11217673 1.2312264870340348 0.0009734497503604833 0.33528 1.5314650184869447 1.3744057314893527
31961 11217673 1.2082048959583471 0.0014846749021101696 0.33528 1.5314650184869447 1.3744057314893527
31962 11217673 1.1851833048826597 0.001995900053859856 0.33528 1.5314650184869447 1.3744057314893527
31963 11217673 1.1621617138069722 0.0025071252056095422 0.33528 1.5314650184869447 1.3744057314893527
31964 11217673 1.1391401227312847 0.0030183503573592285 0.33528 1.5314650184869447 1.3744057314893527
31965 11217673 1.116118531655597 0.003529575509108915 0.33528 1.5314650184869447 1.3744057314893527
31966 11217673 1.0930969405799096 0.004040800660858601 0.33528 1.5314650184869447 1.3744057314893527
31967 11217673 1.0700753495042221 0.004552025812608287 0.33528 1.5314650184869447 1.3744057314893527
31968 11217673 1.0402071480062147 0.006911087297818632 0.33528 1.5314650184869447 1.3744057314893527
31969 11217673 1.010338946508207 0.009270148783028977 0.33528 1.5314650184869447 1.3744057314893527
31970 11217673 0.9804707450101997 0.01162921026823932 0.33528 1.5314650184869447 1.3744057314893527
31971 11217673 0.9518016218096232 0.008144869303191249 0.33528 1.5314650184869447 1.3744057314893527
31972 11217673 0.9206377270515953 0.010616069603115966 0.33528 1.5314650184869447 1.3744057314893527
31973 11217673 0.8909861313699691 0.011600331952645739 0.33528 1.5314650184869447 1.3744057314893527
31974 11217673 0.8613345356883428 0.012584594302175511 0.33528 1.5314650184869447 1.3744057314893527
31975 11217673 0.8273965412715489 0.016079383837967795 0.33528 1.5314650184869447 1.3744057314893527
31976 11217673 0.7956301046502929 0.011271053636009595 0.33528 1.5314650184869447 1.3744057314893527
31977 11217673 0.767080329862577 0.013589724277816961 0.33528 1.5314650184869447 1.3744057314893527
31978 11217673 0.7407608105669231 0.015939206865705192 0.33528 1.5314650184869447 1.3744057314893527
31979 11217673 0.7144412912712692 0.018288689453593424 0.33528 1.5314650184869447 1.3744057314893527
31980 11217673 0.6886369723955166 0.016439469028411056 0.35052 1.5314650184869447 1.3744057314893527
31981 11217673 0.662832653519764 0.01459024860322869 0.36576 1.5314650184869447 1.3744057314893527
31982 11217673 0.6257533208356234 0.015607651325793823 0.36576 1.5314650184869447 1.3744057314893527
31983 11217673 0.588673988151483 0.016625054048358956 0.36576 1.5314650184869447 1.3744057314893527
31984 11217673 0.5560955959655414 0.014770020237414833 0.36576 1.5314650184869447 1.3744057314893527
31985 11217673 0.5397328409058876 0.014976474684175137 0.36576 1.5314650184869447 1.3744057314893527
31986 11217673 0.5233700858462338 0.01518292913093544 0.36576 1.5314650184869447 1.3744057314893527
31987 11217673 0.49117247481004833 0.01612444082286342 0.36576 1.5314650184869447 1.3744057314893527
31988 11217673 0.4279201501134999 0.013895866791764314 0.36576 1.5314650184869447 1.3744057314893527
31989 11217673 0.39854220734968043 0.013682671291493281 0.36576 1.5314650184869447 1.3744057314893527
31990 11217673 0.36901720622811307 0.01573739543778166 0.36576 1.5314650184869447 1.3744057314893527
31991 11217673 0.3403726292004572 0.015051153249673557 0.381 1.5314650184869447 1.3744057314893527
31992 11217673 0.3117280521728013 0.014364911061565455 0.39624000000000004 1.5314650184869447 1.3744057314893527
31993 11217673 0.28065884785786055 0.014412861602350724 0.39624000000000004 1.5314650184869447 1.3744057314893527
31994 11217673 0.2495896435429198 0.014460812143135993 0.39624000000000004 1.5314650184869447 1.3744057314893527
31995 11217673 0.22109192773852693 0.011507191283623597 0.39624000000000004 1.5314650184869447 1.3744057314893527
31996 11217673 0.18644015969974204 0.012551054105893522 0.39624000000000004 1.5314650184869447 1.3744057314893527
31997 11217673 0.15097240012826862 0.0116419914919893 0.39624000000000004 1.5314650184869447 1.3744057314893527
31998 11217673 0.12819460394236157 0.010791561250298102 0.39624000000000004 1.5314650184869447 1.3744057314893527
31999 11217673 0.10541680775645448 0.009941131008606904 0.39624000000000004 1.5314650184869447 1.3744057314893527
32000 11217673 0.08263901157054743 0.009090700766915705 0.39624000000000004 1.5314650184869447 1.3744057314893527
32001 11217673 0.014917474682629606 0.01113007329784485 0.39624000000000004 1.5314650184869447 1.3744057314893527
32002 11217673 -0.021027359670171553 0.015284614034514171 0.39624000000000004 1.5314650184869447 1.3744057314893527
32003 11217673 -0.05424861524865343 0.013642276824283955 0.39624000000000004 1.5314650184869447 1.3744057314893527
32004 11217673 -0.08746987082713531 0.01199993961405374 0.39624000000000004 1.5314650184869447 1.3744057314893527
32005 11217673 -0.12227649730999157 0.013387966768360932 0.39624000000000004 1.5314650184869447 1.3744057314893527
32006 11217673 -0.15708312379284783 0.014775993922668124 0.39624000000000004 1.5314650184869447 1.3744057314893527
32007 11217673 -0.18319162456404126 0.013700809789487928 0.40386000000000005 1.5314650184869447 1.3744057314893527
32008 11217673 -0.20930012533523468 0.012625625656307732 0.41148000000000007 1.5314650184869447 1.3744057314893527
32009 11217673 -0.25008825885360403 0.014645503996073386 0.41656000000000004 1.5314650184869447 1.3744057314893527
32010 11217673 -0.29087639237197344 0.01666538233583904 0.42164000000000007 1.5314650184869447 1.3744057314893527
32010 10926744 0.7972310744618674 0.20643334983003633 0.36576 1.5314650184869447 1.3744057314893527
32011 10926744 0.7962790470559017 0.19944271540278902 0.36576 1.5314650184869447 1.3744057314893527
32011 11217673 -0.3316645258903428 0.018685260675604692 0.42672000000000004 1.5314650184869447 1.3744057314893527
32012 10926744 0.795327019649936 0.1924520809755417 0.36576 1.5314650184869447 1.3744057314893527
32012 11217673 -0.34960697887985925 0.02221397922038948 0.42672000000000004 1.5314650184869447 1.3744057314893527
32013 11217673 -0.3675494318693757 0.025742697765174266 0.42672000000000004 1.5314650184869447 1.3744057314893527
32013 10926744 0.798554959466315 0.18602331846052522 0.36576 1.5314650184869447 1.3744057314893527
32014 10926744 0.7963475802170484 0.1792676224673205 0.36576 1.5314650184869447 1.3744057314893527
32014 11217673 -0.40433147677382486 0.030055950852551166 0.42672000000000004 1.5314650184869447 1.3744057314893527
32015 11217673 -0.45830296678194316 0.034088809247827784 0.42672000000000004 1.5314650184869447 1.3744057314893527
32015 10926744 0.795688731555267 0.17317422689827694 0.36576 1.5314650184869447 1.3744057314893527
32016 11217673 -0.5000972759110675 0.03733472596187381 0.42672000000000004 1.5314650184869447 1.3744057314893527
32016 10926744 0.7950298828934856 0.16708083132923335 0.36576 1.5314650184869447 1.3744057314893527
32017 11217673 -0.5418915850401919 0.04058064267591983 0.42672000000000004 1.5314650184869447 1.3744057314893527
32017 10926744 0.7951952734792078 0.1594330227597623 0.36576 1.5314650184869447 1.3744057314893527
32018 10926744 0.7937466839350947 0.15499959644820757 0.36576 1.5314650184869447 1.3744057314893527
32018 11217673 -0.5836858941693162 0.04382655938996585 0.42672000000000004 1.5314650184869447 1.3744057314893527
32019 11217673 -0.6196743444527364 0.05056862347348631 0.42672000000000004 1.5314650184869447 1.3744057314893527
32019 10926744 0.7945036947084668 0.14861882193825715 0.36576 1.5314650184869447 1.3744057314893527
32020 10926744 0.7952607054818389 0.14223804742830676 0.36576 1.5314650184869447 1.3744057314893527
32020 11217673 -0.6588292841744756 0.055775791048536555 0.42672000000000004 1.5314650184869447 1.3744057314893527
32021 11217673 -0.7003915239293204 0.061770240648616775 0.42672000000000004 1.5314650184869447 1.3744057314893527
32021 10926744 0.7929843556297977 0.1352712331856043 0.36576 1.5314650184869447 1.3744057314893527
32022 11217673 -0.7315221794130351 0.06435426485157478 0.42672000000000004 1.5314650184869447 1.3744057314893527
32022 10926744 0.7939542991854156 0.1298139172059161 0.36576 1.5314650184869447 1.3744057314893527
32023 10926744 0.7945909615981247 0.12347246870767192 0.36576 1.5314650184869447 1.3744057314893527
32023 11217673 -0.7698488759874565 0.07209537776617231 0.44196 1.5314650184869447 1.3744057314893527
32024 10926744 0.7952276240108338 0.11713102020942777 0.36576 1.5314650184869447 1.3744057314893527
32024 11217673 -0.808175572561878 0.07983649068076984 0.45720000000000005 1.5314650184869447 1.3744057314893527
32025 11217673 -0.8473434757292714 0.08364702043667549 0.44196 1.5314650184869447 1.3744057314893527
32025 10926744 0.7937790424415199 0.11269759160133305 0.36576 1.5314650184869447 1.3744057314893527
32026 11217673 -0.8865113788966648 0.08745755019258114 0.42672000000000004 1.5314650184869447 1.3744057314893527
32026 10926744 0.7957140163856702 0.1093783336317509 0.36576 1.5314650184869447 1.3744057314893527
32027 11217673 -0.9272798464299452 0.09588099357490007 0.45720000000000005 1.5314650184869447 1.3744057314893527
32027 10926744 0.7966727131775739 0.10415835074977968 0.36576 1.5314650184869447 1.3744057314893527
32028 11217673 -0.9639930405343857 0.1004082615041538 0.45720000000000005 1.5314650184869447 1.3744057314893527
32028 10926744 0.7955517894894291 0.10072772072256726 0.36576 1.5314650184869447 1.3744057314893527
32029 11217673 -0.9980470271487996 0.10383249746068898 0.45720000000000005 1.5314650184869447 1.3744057314893527
32029 10926744 0.7944308658012842 0.09729709069535485 0.36576 1.5314650184869447 1.3744057314893527
32030 11217673 -1.0386549847400175 0.11220410694239233 0.45720000000000005 1.5314650184869447 1.3744057314893527
32030 10926744 0.7985445375992557 0.09686918243888933 0.36576 1.5314650184869447 1.3744057314893527
32031 10926744 0.8026582093972273 0.0964412741824238 0.36576 1.5314650184869447 1.3744057314893527
32031 11217673 -1.0750817456223687 0.1165214454630846 0.45720000000000005 1.5314650184869447 1.3744057314893527
32032 11217673 -1.1118294882978237 0.1209439326217103 0.45720000000000005 1.5314650184869447 1.3744057314893527
32032 10926744 0.8067718811951988 0.09601336592595829 0.36576 1.5314650184869447 1.3744057314893527
32033 11217673 -1.1482217572592563 0.1253671976084809 0.45720000000000005 1.5314650184869447 1.3744057314893527
32033 10926744 0.8108855529931703 0.09558545766949275 0.36576 1.5314650184869447 1.3744057314893527
32034 11217673 -1.1688708904052425 0.12849794556107594 0.47244 1.5314650184869447 1.3744057314893527
32034 10926744 0.8149992247911418 0.09515754941302723 0.36576 1.5314650184869447 1.3744057314893527
32035 11217673 -1.1895200235512287 0.13162869351367099 0.48768 1.5314650184869447 1.3744057314893527
32035 10926744 0.8191128965891135 0.09472964115656171 0.36576 1.5314650184869447 1.3744057314893527
32036 10926744 0.823226568387085 0.09430173290009619 0.36576 1.5314650184869447 1.3744057314893527
32036 11217673 -1.2407098226198372 0.13697757336661545 0.48768 1.5314650184869447 1.3744057314893527
32037 11217673 -1.2868279215578982 0.1426253061233681 0.48768 1.5314650184869447 1.3744057314893527
32037 10926744 0.8273402401850565 0.09387382464363067 0.36576 1.5314650184869447 1.3744057314893527
32038 11217673 -1.3329460204959591 0.14827303888012075 0.48768 1.5314650184869447 1.3744057314893527
32038 10926744 0.831453911983028 0.09344591638716515 0.36576 1.5314650184869447 1.3744057314893527
32039 11217673 -1.371307154512049 0.15591176787977032 0.48768 1.5314650184869447 1.3744057314893527
32039 10926744 0.8355675837809996 0.09301800813069962 0.36576 1.5314650184869447 1.3744057314893527
32040 11217673 -1.3880804563909712 0.1589439297500552 0.48768 1.5314650184869447 1.3744057314893527
32040 10926744 0.8396812555789711 0.0925900998742341 0.36576 1.5314650184869447 1.3744057314893527
32041 11217673 -1.4048537582698934 0.16197609162034007 0.48768 1.5314650184869447 1.3744057314893527
32041 10926744 0.8437949273769426 0.09216219161776858 0.36576 1.5314650184869447 1.3744057314893527
32042 11217673 -1.4435385863870438 0.16726748965576596 0.5181600000000001 1.5314650184869447 1.3744057314893527
32042 10926744 0.8479085991749141 0.09173428336130306 0.36576 1.5314650184869447 1.3744057314893527
32043 11217673 -1.4805000796535368 0.17035980910888252 0.5181600000000001 1.5314650184869447 1.3744057314893527
32043 10926744 0.8520222709728857 0.09130637510483754 0.36576 1.5314650184869447 1.3744057314893527
32044 11217673 -1.5174615729200298 0.17345212856199907 0.5181600000000001 1.5314650184869447 1.3744057314893527
32044 10926744 0.8561359427708573 0.09087846684837202 0.36576 1.5314650184869447 1.3744057314893527
32045 11217673 -1.553415433894746 0.180304503704484 0.5181600000000001 1.5314650184869447 1.3744057314893527
32045 10926744 0.8602496145688288 0.09045055859190648 0.36576 1.5314650184869447 1.3744057314893527
32046 10926744 0.8643632863668003 0.09002265033544096 0.36576 1.5314650184869447 1.3744057314893527
32046 11217673 -1.5886359120602915 0.18668351170856287 0.5181600000000001 1.5314650184869447 1.3744057314893527
32047 11217673 -1.6582053814963589 0.19939068459672346 0.5181600000000001 1.5314650184869447 1.3744057314893527
32047 10926744 0.8684769581647719 0.08959474207897544 0.36576 1.5314650184869447 1.3744057314893527
32048 10926744 0.8725906299627434 0.08916683382250992 0.36576 1.5314650184869447 1.3744057314893527
32048 11217673 -1.693757993199798 0.20611254328633608 0.5181600000000001 1.5314650184869447 1.3744057314893527
32049 11217673 -1.7293105938000337 0.2128345812593921 0.5181600000000001 1.5314650184869447 1.3744057314893527
32049 10926744 0.8780024219496574 0.08874215861630905 0.36576 1.5314650184869447 1.3744057314893527
32050 11217673 -1.765195339237289 0.21989912919201668 0.5181600000000001 1.5314650184869447 1.3744057314893527
32050 10926744 0.8834142139365715 0.08831748341010817 0.36576 1.5314650184869447 1.3744057314893527
32051 11217673 -1.7832758076062665 0.22300931027966767 0.5181600000000001 1.5314650184869447 1.3744057314893527
32051 10926744 0.8872700207692836 0.09196440741592844 0.36576 1.5314650184869447 1.3744057314893527
32052 10926744 0.895686315389779 0.09190159842785771 0.36576 1.5314650184869447 1.3744057314893527
32052 11217673 -1.801356275975244 0.22611949136731865 0.5181600000000001 1.5314650184869447 1.3744057314893527
32053 11217673 -1.8392358360859073 0.23360327776969733 0.5181600000000001 1.5314650184869447 1.3744057314893527
32053 10926744 0.9025701874113714 0.09666206095011048 0.36576 1.5314650184869447 1.3744057314893527
32054 10926744 0.9085883874003906 0.09469577325446592 0.36576 1.5314650184869447 1.3744057314893527
32054 11217673 -1.8741780980623515 0.242463212384024 0.5181600000000001 1.5314650184869447 1.3744057314893527
32055 10926744 0.9146065873894097 0.09272948555882135 0.36576 1.5314650184869447 1.3744057314893527
32055 11217673 -1.9101318364333502 0.24931740677772282 0.5181600000000001 1.5314650184869447 1.3744057314893527
32056 11217673 -1.9833435461011024 0.26555616213996514 0.54864 1.5314650184869447 1.3744057314893527
32056 10926744 0.9210386483280941 0.09202990954929226 0.36576 1.5314650184869447 1.3744057314893527
32057 10926744 0.9274707092667785 0.09133033353976316 0.36576 1.5314650184869447 1.3744057314893527
32057 11217673 -2.017526065209754 0.27673880206929347 0.54864 1.5314650184869447 1.3744057314893527
32058 11217673 -2.0351230717793416 0.28132725834351036 0.54864 1.5314650184869447 1.3744057314893527
32058 10926744 0.9333649802104367 0.0919747368102398 0.36576 1.5314650184869447 1.3744057314893527
32059 11217673 -2.052720078348929 0.28591571461772725 0.54864 1.5314650184869447 1.3744057314893527
32059 10926744 0.9389495449591215 0.0924866784068351 0.36576 1.5314650184869447 1.3744057314893527
32060 10926744 0.9465028440466313 0.0934068463077837 0.36576 1.5314650184869447 1.3744057314893527
32060 11217673 -2.1240221985610104 0.3069059921895172 0.54864 1.5314650184869447 1.3744057314893527
32061 11217673 -2.1609326807907863 0.3189818880719707 0.54864 1.5314650184869447 1.3744057314893527
32061 10926744 0.9540561431341411 0.09432701420873232 0.36576 1.5314650184869447 1.3744057314893527
32062 10926744 0.9616094422216509 0.09524718210968093 0.36576 1.5314650184869447 1.3744057314893527
32062 11217673 -2.1978430997009424 0.331057977491078 0.54864 1.5314650184869447 1.3744057314893527
32063 11217673 -2.232346260116726 0.3423466708762285 0.54864 1.5314650184869447 1.3744057314893527
32063 10926744 0.9664240023732678 0.09367418986388486 0.36576 1.5314650184869447 1.3744057314893527
32064 10926744 0.9744390572904863 0.09374255677759406 0.36576 1.5314650184869447 1.3744057314893527
32064 11217673 -2.2505606891954884 0.3483061426414293 0.54864 1.5314650184869447 1.3744057314893527
32065 10926744 0.9823161600525008 0.09338869796621581 0.36576 1.5314650184869447 1.3744057314893527
32065 11217673 -2.2687751182742506 0.35426561440663007 0.54864 1.5314650184869447 1.3744057314893527
32066 11217673 -2.3022665453116256 0.3675605128981069 0.54864 1.5314650184869447 1.3744057314893527
32066 10926744 0.9908013982650945 0.09353711911534883 0.36576 1.5314650184869447 1.3744057314893527
32067 10926744 0.997313348078572 0.09240261635051358 0.36576 1.5314650184869447 1.3744057314893527
32067 11217673 -2.3367695268114783 0.37884971811204415 0.57912 1.5314650184869447 1.3744057314893527
32068 10926744 1.0038252978920494 0.09126811358567834 0.36576 1.5314650184869447 1.3744057314893527
32068 11217673 -2.404282239982728 0.4032769489274358 0.57912 1.5314650184869447 1.3744057314893527
32069 11217673 -2.441192216894059 0.4153543143327685 0.57912 1.5314650184869447 1.3744057314893527
32069 10926744 1.0118403433888619 0.09133652279367993 0.36576 1.5314650184869447 1.3744057314893527
32070 10926744 1.0198553863279036 0.09140494104807877 0.36576 1.5314650184869447 1.3744057314893527
32070 11217673 -2.4576320021182263 0.42347951261869327 0.57912 1.5314650184869447 1.3744057314893527
32071 11217673 -2.4740717873423934 0.43160471090461805 0.57912 1.5314650184869447 1.3744057314893527
32071 10926744 1.0278014520979437 0.09126225500279057 0.36576 1.5314650184869447 1.3744057314893527
32072 10926744 1.0357475178679838 0.09111956895750238 0.36576 1.5314650184869447 1.3744057314893527
32072 11217673 -2.540167942813511 0.46036049848361593 0.57912 1.5314650184869447 1.3744057314893527
32073 10926744 1.0433705764074528 0.08862907970899214 0.36576 1.5314650184869447 1.3744057314893527
32073 11217673 -2.5575175895094997 0.46977688981623683 0.57912 1.5314650184869447 1.3744057314893527
32074 11217673 -2.5748672362054883 0.47919328114885773 0.57912 1.5314650184869447 1.3744057314893527
32074 10926744 1.0516488799593269 0.08814421990352661 0.36576 1.5314650184869447 1.3744057314893527
32075 10926744 1.0596639134541517 0.08821268319411367 0.36576 1.5314650184869447 1.3744057314893527
32075 11217673 -2.6367358942654606 0.5222239205824996 0.6096 1.5314650184869447 1.3744057314893527
32076 11217673 -2.663829415319482 0.5473317388348679 0.6096 1.5314650184869447 1.3744057314893527
32076 10926744 1.0683686688179568 0.09039233716789606 0.36576 1.5314650184869447 1.3744057314893527
32077 11217673 -2.6909229363735037 0.5724395570872362 0.6096 1.5314650184869447 1.3744057314893527
32077 10926744 1.0751628100915078 0.0908012719033083 0.36576 1.5314650184869447 1.3744057314893527
32078 10926744 1.0819569513650587 0.09121020663872054 0.36576 1.5314650184869447 1.3744057314893527
32078 11217673 -2.7064751862668897 0.5909663873069777 0.6096 1.5314650184869447 1.3744057314893527
32079 10926744 1.089499767073012 0.0887459825381291 0.36576 1.5314650184869447 1.3744057314893527
32079 11217673 -2.722027436160275 0.6094932175267194 0.6096 1.5314650184869447 1.3744057314893527
32080 11217673 -2.737579686053661 0.6280200477464609 0.6096 1.5314650184869447 1.3744057314893527
32080 10926744 1.0964829027201861 0.08891795380668768 0.36576 1.5314650184869447 1.3744057314893527
32081 10926744 1.10346603836736 0.08908992507524627 0.36576 1.5314650184869447 1.3744057314893527
32081 11217673 -2.760600873225223 0.6581052919071066 0.6096 1.5314650184869447 1.3744057314893527
32082 11217673 -2.802016987883504 0.7215527874385002 0.6096 1.5314650184869447 1.3744057314893527
32082 10926744 1.111481054862949 0.0891584468358175 0.36576 1.5314650184869447 1.3744057314893527
32083 11217673 -2.8198347629643346 0.7577641085579274 0.6096 1.5314650184869447 1.3744057314893527
32083 10926744 1.119392612224982 0.08891029970698588 0.36576 1.5314650184869447 1.3744057314893527
32084 11217673 -2.8288928482469133 0.7756849650957947 0.6096 1.5314650184869447 1.3744057314893527
32084 10926744 1.1290217422734574 0.08576453434198211 0.36576 1.5314650184869447 1.3744057314893527
32085 11217673 -2.837950933529492 0.7936058216336618 0.6096 1.5314650184869447 1.3744057314893527
32085 10926744 1.135890141101373 0.08585719962583728 0.36576 1.5314650184869447 1.3744057314893527
32086 11217673 -2.857414025419901 0.8253314900630805 0.6096 1.5314650184869447 1.3744057314893527
32086 10926744 1.142758539929289 0.08594986490969245 0.36576 1.5314650184869447 1.3744057314893527
32087 10926744 1.1525455225564574 0.08654939354793495 0.36576 1.5314650184869447 1.3744057314893527
32087 11217673 -2.8944965280851918 0.8949568251042167 0.6400800000000001 1.5314650184869447 1.3744057314893527
32088 11217673 -2.912855778811794 0.928424785278969 0.6400800000000001 1.5314650184869447 1.3744057314893527
32088 10926744 1.1623325051836257 0.08714892218617747 0.36576 1.5314650184869447 1.3744057314893527
32089 10926744 1.1667607803852569 0.08643242292902145 0.36576 1.5314650184869447 1.3744057314893527
32089 11217673 -2.9327080228081845 0.9600445937249941 0.6400800000000001 1.5314650184869447 1.3744057314893527
32090 10926744 1.1711890555868882 0.08571592367186542 0.36576 1.5314650184869447 1.3744057314893527
32090 11217673 -2.9420478955156666 0.9768311380187945 0.6400800000000001 1.5314650184869447 1.3744057314893527
32091 11217673 -2.9513877682231486 0.993617682312595 0.6400800000000001 1.5314650184869447 1.3744057314893527
32091 10926744 1.183039129560283 0.08529102537945688 0.36576 1.5314650184869447 1.3744057314893527
32092 11217673 -2.970055029771693 1.027771033830736 0.6400800000000001 1.5314650184869447 1.3744057314893527
32092 10926744 1.191054124792678 0.08535963708512284 0.36576 1.5314650184869447 1.3744057314893527
32093 10926744 1.1994013614309187 0.08508607412469688 0.36576 1.5314650184869447 1.3744057314893527
32093 11217673 -2.986407609229194 1.0605826188511078 0.6400800000000001 1.5314650184869447 1.3744057314893527
32094 10926744 1.2077485980691594 0.08481251116427091 0.36576 1.5314650184869447 1.3744057314893527
32094 11217673 -3.0082647818116017 1.0928591499605798 0.6400800000000001 1.5314650184869447 1.3744057314893527
32095 11217673 -3.0457827390147587 1.1600582284385412 0.6400800000000001 1.5314650184869447 1.3744057314893527
32095 10926744 1.2141633756809318 0.08406042176487408 0.36576 1.5314650184869447 1.3744057314893527
32096 10926744 1.2205781532927045 0.08330833236547724 0.36576 1.5314650184869447 1.3744057314893527
32096 11217673 -3.0649770802946277 1.1936836033632965 0.6400800000000001 1.5314650184869447 1.3744057314893527
32097 10926744 1.2285931386702036 0.08337698651068232 0.36576 1.5314650184869447 1.3744057314893527
32097 11217673 -3.0755424620910086 1.2109301355605726 0.6400800000000001 1.5314650184869447 1.3744057314893527
32098 11217673 -3.0861078438873895 1.2281766677578487 0.6400800000000001 1.5314650184869447 1.3744057314893527
32098 10926744 1.236470185835144 0.08302341032374579 0.36576 1.5314650184869447 1.3744057314893527
32099 10926744 1.242077882700808 0.08387848303901352 0.36576 1.5314650184869447 1.3744057314893527
32099 11217673 -3.101595448647849 1.2636269453520506 0.6400800000000001 1.5314650184869447 1.3744057314893527
32100 11217673 -3.1398021219148395 1.3287156637345767 0.67056 1.5314650184869447 1.3744057314893527
32100 10926744 1.2494575408785351 0.08526454365463526 0.36576 1.5314650184869447 1.3744057314893527
32101 11217673 -3.1493469045941067 1.3456867663540173 0.67056 1.5314650184869447 1.3744057314893527
32101 10926744 1.2568371990562621 0.08665060427025702 0.36576 1.5314650184869447 1.3744057314893527
32102 11217673 -3.158891687273374 1.3626578689734576 0.67056 1.5314650184869447 1.3744057314893527
32102 10926744 1.2633434861656658 0.08563501325374451 0.36576 1.5314650184869447 1.3744057314893527
32103 10926744 1.2698497732750693 0.08461942223723198 0.36576 1.5314650184869447 1.3744057314893527
32103 11217673 -3.196302406840898 1.4301742314925308 0.67056 1.5314650184869447 1.3744057314893527
32104 10926744 1.275259178443402 0.08486755341280615 0.36576 1.5314650184869447 1.3744057314893527
32104 11217673 -3.215739135443461 1.461426064708462 0.67056 1.5314650184869447 1.3744057314893527
32105 10926744 1.2806685836117344 0.08511568458838031 0.36576 1.5314650184869447 1.3744057314893527
32105 11217673 -3.2294004512364105 1.4859672877161774 0.67056 1.5314650184869447 1.3744057314893527
32106 10926744 1.2891232071111465 0.08653030218798693 0.36576 1.5314650184869447 1.3744057314893527
32106 11217673 -3.24306176702936 1.5105085107238927 0.67056 1.5314650184869447 1.3744057314893527
32107 10926744 1.2975778306105588 0.08794491978759356 0.36576 1.5314650184869447 1.3744057314893527
32107 11217673 -3.267729766706236 1.5474170056510252 0.67056 1.5314650184869447 1.3744057314893527
32108 11217673 -3.292397766383112 1.584325500578158 0.67056 1.5314650184869447 1.3744057314893527
32108 10926744 1.3036212022976956 0.08877453723806145 0.36576 1.5314650184869447 1.3744057314893527
32109 11217673 -3.31304787516367 1.6162089118724738 0.6858000000000001 1.5314650184869447 1.3744057314893527
32109 10926744 1.310564155704672 0.08895982528256918 0.36576 1.5314650184869447 1.3744057314893527
32110 10926744 1.3175071091116486 0.08914511332707692 0.36576 1.5314650184869447 1.3744057314893527
32110 11217673 -3.3336979839442282 1.6480923231667894 0.7010400000000001 1.5314650184869447 1.3744057314893527
32111 11217673 -3.353928001303717 1.6769171322861005 0.7010400000000001 1.5314650184869447 1.3744057314893527
32111 10926744 1.326246196389574 0.09143064166790993 0.36576 1.5314650184869447 1.3744057314893527
32112 11217673 -3.3750032363218594 1.707771600769905 0.7010400000000001 1.5314650184869447 1.3744057314893527
32112 10926744 1.33106075915246 0.08985789881910566 0.36576 1.5314650184869447 1.3744057314893527
32113 11217673 -3.396078471340002 1.7386260692537097 0.7010400000000001 1.5314650184869447 1.3744057314893527
32113 10926744 1.3365649748276116 0.09039636492020497 0.36576 1.5314650184869447 1.3744057314893527
32114 11217673 -3.417285341225487 1.7693486130131708 0.7010400000000001 1.5314650184869447 1.3744057314893527
32114 10926744 1.343097170763565 0.0859260561043077 0.36576 1.5314650184869447 1.3744057314893527
32115 10926744 1.3486013855174352 0.08646453161744976 0.36576 1.5314650184869447 1.3744057314893527
32115 11217673 -3.4384922111109724 1.8000711567726317 0.7010400000000001 1.5314650184869447 1.3744057314893527
32116 11217673 -3.457605587988855 1.8312185113057977 0.7010400000000001 1.5314650184869447 1.3744057314893527
32116 10926744 1.3564120227206193 0.08917020740361203 0.36576 1.5314650184869447 1.3744057314893527
32117 10926744 1.3642226599238032 0.0918758831897743 0.36576 1.5314650184869447 1.3744057314893527
32117 11217673 -3.4781429901217216 1.860728926894974 0.7010400000000001 1.5314650184869447 1.3744057314893527
32118 11217673 -3.499171310520127 1.8914519257491382 0.7010400000000001 1.5314650184869447 1.3744057314893527
32118 10926744 1.3667904265872781 0.09103710091540423 0.36576 1.5314650184869447 1.3744057314893527
32119 11217673 -3.5201996309185324 1.9221749246033026 0.7010400000000001 1.5314650184869447 1.3744057314893527
32119 10926744 1.369358193250753 0.09019831864103417 0.36576 1.5314650184869447 1.3744057314893527
32120 10926744 1.369364746304012 0.08978339917680887 0.36576 1.5314650184869447 1.3744057314893527
32120 11217673 -3.542486498077875 1.9544787265533141 0.7010400000000001 1.5314650184869447 1.3744057314893527
32121 10926744 1.3693712993572709 0.08936847971258358 0.36576 1.5314650184869447 1.3744057314893527
32121 11217673 -3.56238770456231 1.9844825346487407 0.7112 1.5314650184869447 1.3744057314893527
32122 10926744 1.3693778524105298 0.08895356024835828 0.36576 1.5314650184869447 1.3744057314893527
32122 11217673 -3.582288911046745 2.014486342744167 0.72136 1.5314650184869447 1.3744057314893527
32123 10926744 1.3693844054637887 0.08853864078413297 0.36576 1.5314650184869447 1.3744057314893527
32123 11217673 -3.6021901175311797 2.044490150839594 0.73152 1.5314650184869447 1.3744057314893527
32124 11217673 -3.6241897920779085 2.0765835752740354 0.73152 1.5314650184869447 1.3744057314893527
32124 10926744 1.3693909585170476 0.08812372131990767 0.36576 1.5314650184869447 1.3744057314893527
32125 10926744 1.3693975115703065 0.08770880185568238 0.36576 1.5314650184869447 1.3744057314893527
32125 11217673 -3.644542945832737 2.105567211339531 0.73152 1.5314650184869447 1.3744057314893527
32126 10926744 1.3694040646235655 0.08729388239145708 0.36576 1.5314650184869447 1.3744057314893527
32126 11217673 -3.644297097349159 2.1059979249982383 0.7314866520787746 1.5314650184869447 1.3744057314893527
32127 10926744 1.3694106176768244 0.08687896292723178 0.36576 1.5314650184869447 1.3744057314893527
32127 11217673 -3.644051248865581 2.1064286386569457 0.7314533041575492 1.5314650184869447 1.3744057314893527
32128 10926744 1.3694171707300833 0.08646404346300648 0.36576 1.5314650184869447 1.3744057314893527
32128 11217673 -3.643805400382003 2.106859352315653 0.7314199562363238 1.5314650184869447 1.3744057314893527
32129 11217673 -3.643559551898425 2.1072900659743605 0.7313866083150984 1.5314650184869447 1.3744057314893527
32129 10926744 1.3694237237833422 0.08604912399878119 0.36576 1.5314650184869447 1.3744057314893527
32130 10926744 1.3694302768366011 0.08563420453455589 0.36576 1.5314650184869447 1.3744057314893527
32130 11217673 -3.6433137034148473 2.1077207796330675 0.731353260393873 1.5314650184869447 1.3744057314893527
32131 10926744 1.36943682988986 0.08521928507033058 0.36576 1.5314650184869447 1.3744057314893527
32131 11217673 -3.643067854931269 2.108151493291775 0.7313199124726476 1.5314650184869447 1.3744057314893527
32132 10926744 1.369443382943119 0.08480436560610528 0.36576 1.5314650184869447 1.3744057314893527
32132 11217673 -3.6428220064476915 2.1085822069504823 0.7312865645514223 1.5314650184869447 1.3744057314893527
32133 11217673 -3.6425761579641134 2.1090129206091897 0.7312532166301969 1.5314650184869447 1.3744057314893527
32133 10926744 1.3694499359963779 0.08438944614187999 0.36576 1.5314650184869447 1.3744057314893527
32134 11217673 -3.6423303094805353 2.109443634267897 0.7312198687089715 1.5314650184869447 1.3744057314893527
32134 10926744 1.3694564890496368 0.08397452667765469 0.36576 1.5314650184869447 1.3744057314893527
32135 10926744 1.3694630421028957 0.0835596072134294 0.36576 1.5314650184869447 1.3744057314893527
32135 11217673 -3.6420844609969576 2.1098743479266044 0.7311865207877462 1.5314650184869447 1.3744057314893527
32136 11217673 -3.6418386125133795 2.110305061585312 0.7311531728665207 1.5314650184869447 1.3744057314893527
32136 10926744 1.3694695951561546 0.0831446877492041 0.36576 1.5314650184869447 1.3744057314893527
32137 11217673 -3.6415927640298014 2.1107357752440192 0.7311198249452954 1.5314650184869447 1.3744057314893527
32137 10926744 1.3694761482094135 0.0827297682849788 0.36576 1.5314650184869447 1.3744057314893527
32138 10926744 1.3694827012626725 0.08231484882075349 0.36576 1.5314650184869447 1.3744057314893527
32138 11217673 -3.6413469155462237 2.1111664889027266 0.7310864770240699 1.5314650184869447 1.3744057314893527
32139 11217673 -3.6411010670626456 2.1115972025614336 0.7310531291028446 1.5314650184869447 1.3744057314893527
32139 10926744 1.3694892543159314 0.08189992935652819 0.36576 1.5314650184869447 1.3744057314893527
32140 11217673 -3.640855218579068 2.112027916220141 0.7310197811816193 1.5314650184869447 1.3744057314893527
32140 10926744 1.3694958073691903 0.0814850098923029 0.36576 1.5314650184869447 1.3744057314893527
32141 11217673 -3.64060937009549 2.1124586298788484 0.7309864332603938 1.5314650184869447 1.3744057314893527
32141 10926744 1.3695023604224492 0.0810700904280776 0.36576 1.5314650184869447 1.3744057314893527
32142 11217673 -3.6403635216119117 2.1128893435375558 0.7309530853391685 1.5314650184869447 1.3744057314893527
32142 10926744 1.3695089134757081 0.0806551709638523 0.36576 1.5314650184869447 1.3744057314893527
32143 10926744 1.369515466528967 0.080240251499627 0.36576 1.5314650184869447 1.3744057314893527
32143 11217673 -3.640117673128334 2.113320057196263 0.730919737417943 1.5314650184869447 1.3744057314893527
32144 10926744 1.369522019582226 0.07982533203540171 0.36576 1.5314650184869447 1.3744057314893527
32144 11217673 -3.639871824644756 2.1137507708549705 0.7308863894967177 1.5314650184869447 1.3744057314893527
32145 11217673 -3.639625976161178 2.114181484513678 0.7308530415754922 1.5314650184869447 1.3744057314893527
32145 10926744 1.3695285726354849 0.0794104125711764 0.36576 1.5314650184869447 1.3744057314893527
32146 10926744 1.3695351256887438 0.0789954931069511 0.36576 1.5314650184869447 1.3744057314893527
32146 11217673 -3.6393801276776 2.1146121981723853 0.7308196936542669 1.5314650184869447 1.3744057314893527
32147 11217673 -3.639134279194022 2.1150429118310923 0.7307863457330416 1.5314650184869447 1.3744057314893527
32147 10926744 1.3695416787420027 0.0785805736427258 0.36576 1.5314650184869447 1.3744057314893527
32148 11217673 -3.6388884307104443 2.1154736254897997 0.7307529978118161 1.5314650184869447 1.3744057314893527
32148 10926744 1.3695482317952614 0.07816565417850051 0.36576 1.5314650184869447 1.3744057314893527
32149 10926744 1.3695547848485203 0.07775073471427521 0.36576 1.5314650184869447 1.3744057314893527
32149 11217673 -3.638642582226866 2.115904339148507 0.7307196498905908 1.5314650184869447 1.3744057314893527
32150 11217673 -3.638396733743288 2.1163350528072145 0.7306863019693653 1.5314650184869447 1.3744057314893527
32150 10926744 1.3695613379017793 0.07733581525004991 0.36576 1.5314650184869447 1.3744057314893527
32151 11217673 -3.6381508852597104 2.116765766465922 0.73065295404814 1.5314650184869447 1.3744057314893527
32151 10926744 1.3695678909550382 0.07692089578582462 0.36576 1.5314650184869447 1.3744057314893527
32152 11217673 -3.6379050367761323 2.1171964801246292 0.7306196061269146 1.5314650184869447 1.3744057314893527
32152 10926744 1.369574444008297 0.0765059763215993 0.36576 1.5314650184869447 1.3744057314893527
32153 10926744 1.369580997061556 0.07609105685737401 0.36576 1.5314650184869447 1.3744057314893527
32153 11217673 -3.637659188292554 2.1176271937833366 0.7305862582056892 1.5314650184869447 1.3744057314893527
32154 11217673 -3.6374133398089765 2.118057907442044 0.7305529102844639 1.5314650184869447 1.3744057314893527
32154 10926744 1.369587550114815 0.07567613739314871 0.36576 1.5314650184869447 1.3744057314893527
32155 11217673 -3.6371674913253984 2.1184886211007514 0.7305195623632385 1.5314650184869447 1.3744057314893527
32155 10926744 1.3695941031680738 0.07526121792892342 0.36576 1.5314650184869447 1.3744057314893527
32156 11217673 -3.6369216428418207 2.1189193347594584 0.7304862144420131 1.5314650184869447 1.3744057314893527
32156 10926744 1.3696006562213328 0.07484629846469812 0.36576 1.5314650184869447 1.3744057314893527
32157 11217673 -3.6366757943582426 2.1193500484181658 0.7304528665207877 1.5314650184869447 1.3744057314893527
32157 10926744 1.3696072092745917 0.07443137900047282 0.36576 1.5314650184869447 1.3744057314893527
32158 11217673 -3.6364299458746645 2.119780762076873 0.7304195185995623 1.5314650184869447 1.3744057314893527
32158 10926744 1.3696137623278506 0.07401645953624753 0.36576 1.5314650184869447 1.3744057314893527
32159 11217673 -3.636184097391087 2.1202114757355806 0.7303861706783369 1.5314650184869447 1.3744057314893527
32159 10926744 1.3696203153811095 0.07360154007202221 0.36576 1.5314650184869447 1.3744057314893527
32160 10926744 1.3696268684343684 0.07318662060779693 0.36576 1.5314650184869447 1.3744057314893527
32160 11217673 -3.6359382489075087 2.120642189394288 0.7303528227571116 1.5314650184869447 1.3744057314893527
32161 10926744 1.3696334214876273 0.07277170114357162 0.36576 1.5314650184869447 1.3744057314893527
32161 11217673 -3.6356924004239306 2.1210729030529953 0.7303194748358862 1.5314650184869447 1.3744057314893527
32162 10926744 1.3696399745408863 0.07235678167934632 0.36576 1.5314650184869447 1.3744057314893527
32162 11217673 -3.635446551940353 2.1215036167117027 0.7302861269146608 1.5314650184869447 1.3744057314893527
32163 11217673 -3.635200703456775 2.12193433037041 0.7302527789934354 1.5314650184869447 1.3744057314893527
32163 10926744 1.3696465275941452 0.07194186221512103 0.36576 1.5314650184869447 1.3744057314893527
32164 11217673 -3.634954854973197 2.1223650440291175 0.73021943107221 1.5314650184869447 1.3744057314893527
32164 10926744 1.369653080647404 0.07152694275089573 0.36576 1.5314650184869447 1.3744057314893527
32165 11217673 -3.634709006489619 2.1227957576878245 0.7301860831509847 1.5314650184869447 1.3744057314893527
32165 10926744 1.369659633700663 0.07111202328667043 0.36576 1.5314650184869447 1.3744057314893527
32166 10926744 1.369666186753922 0.07069710382244512 0.36576 1.5314650184869447 1.3744057314893527
32166 11217673 -3.634463158006041 2.123226471346532 0.7301527352297592 1.5314650184869447 1.3744057314893527
32167 10926744 1.3696727398071809 0.07028218435821984 0.36576 1.5314650184869447 1.3744057314893527
32167 11217673 -3.6342173095224632 2.1236571850052393 0.7301193873085339 1.5314650184869447 1.3744057314893527
32168 11217673 -3.633971461038885 2.1240878986639466 0.7300860393873085 1.5314650184869447 1.3744057314893527
32168 10926744 1.3696792928604398 0.06986726489399453 0.36576 1.5314650184869447 1.3744057314893527
32169 11217673 -3.633725612555307 2.124518612322654 0.7300526914660831 1.5314650184869447 1.3744057314893527
32169 10926744 1.3696858459136987 0.06945234542976923 0.36576 1.5314650184869447 1.3744057314893527
32170 11217673 -3.6334797640717293 2.1249493259813614 0.7300193435448578 1.5314650184869447 1.3744057314893527
32170 10926744 1.3696923989669576 0.06903742596554394 0.36576 1.5314650184869447 1.3744057314893527
32171 10926744 1.3696989520202165 0.06862250650131864 0.36576 1.5314650184869447 1.3744057314893527
32171 11217673 -3.6332339155881512 2.125380039640069 0.7299859956236323 1.5314650184869447 1.3744057314893527
32172 10926744 1.3697055050734754 0.06820758703709334 0.36576 1.5314650184869447 1.3744057314893527
32172 11217673 -3.6329880671045736 2.1258107532987762 0.729952647702407 1.5314650184869447 1.3744057314893527
32173 11217673 -3.6327422186209954 2.1262414669574836 0.7299192997811815 1.5314650184869447 1.3744057314893527
32173 10926744 1.3697120581267344 0.06779266757286803 0.36576 1.5314650184869447 1.3744057314893527
32174 11217673 -3.6324963701374173 2.1266721806161906 0.7298859518599562 1.5314650184869447 1.3744057314893527
32174 10926744 1.3697186111799933 0.06737774810864275 0.36576 1.5314650184869447 1.3744057314893527
32175 10926744 1.3697251642332522 0.06696282864441744 0.36576 1.5314650184869447 1.3744057314893527
32175 11217673 -3.6322505216538397 2.127102894274898 0.7298526039387307 1.5314650184869447 1.3744057314893527
32176 11217673 -3.6320046731702615 2.1275336079336054 0.7298192560175054 1.5314650184869447 1.3744057314893527
32176 10926744 1.369731717286511 0.06654790918019214 0.36576 1.5314650184869447 1.3744057314893527
32177 10926744 1.36973827033977 0.06613298971596684 0.36576 1.5314650184869447 1.3744057314893527
32177 11217673 -3.6317588246866834 2.1279643215923127 0.7297859080962801 1.5314650184869447 1.3744057314893527
32178 10926744 1.369744823393029 0.06571807025174155 0.36576 1.5314650184869447 1.3744057314893527
32178 11217673 -3.6315129762031058 2.12839503525102 0.7297525601750546 1.5314650184869447 1.3744057314893527
32179 10926744 1.3697513764462879 0.06530315078751625 0.36576 1.5314650184869447 1.3744057314893527
32179 11217673 -3.6312671277195276 2.1288257489097275 0.7297192122538293 1.5314650184869447 1.3744057314893527
32180 11217673 -3.63102127923595 2.129256462568435 0.7296858643326039 1.5314650184869447 1.3744057314893527
32181 11217673 -3.630775430752372 2.1296871762271423 0.7296525164113785 1.5314650184869447 1.3744057314893527
32182 11217673 -3.6305295822687937 2.1301178898858497 0.7296191684901531 1.5314650184869447 1.3744057314893527
32183 11217673 -3.630283733785216 2.1305486035445567 0.7295858205689277 1.5314650184869447 1.3744057314893527
32184 11217673 -3.630037885301638 2.130979317203264 0.7295524726477024 1.5314650184869447 1.3744057314893527
32185 11217673 -3.62979203681806 2.1314100308619714 0.729519124726477 1.5314650184869447 1.3744057314893527
