32885 10561439 0.768992793855363 0.21075336551066792 0.0030480000000000004 1.5869194662810213 2.024326912220049
32886 10561439 0.7690839772211443 0.21072357152835913 0.006096000000000001 1.5869194662810213 2.024326912220049
32887 10561439 0.7691751605869256 0.21069377754605037 0.009144000000000001 1.5869194662810213 2.024326912220049
32888 10561439 0.7692663439527069 0.2106639835637416 0.012192000000000001 1.5869194662810213 2.024326912220049
32889 10561439 0.769357527318488 0.21063418958143285 0.015240000000000002 1.5869194662810213 2.024326912220049
32890 10561439 0.7694487106842693 0.21060439559912406 0.018288000000000002 1.5869194662810213 2.024326912220049
32891 10561439 0.7695398940500506 0.2105746016168153 0.021336 1.5869194662810213 2.024326912220049
32892 10561439 0.7696310774158319 0.21054480763450653 0.024384000000000003 1.5869194662810213 2.024326912220049
32893 10561439 0.7697222607816132 0.21051501365219774 0.027432000000000005 1.5869194662810213 2.024326912220049
32894 10561439 0.7698134441473945 0.21048521966988898 0.030480000000000004 1.5869194662810213 2.024326912220049
32895 10561439 0.7699046275131758 0.21045542568758022 0.033528 1.5869194662810213 2.024326912220049
32896 10561439 0.7699958108789571 0.21042563170527145 0.036576000000000004 1.5869194662810213 2.024326912220049
32897 10561439 0.7700869942447384 0.21039583772296266 0.039624000000000006 1.5869194662810213 2.024326912220049
32898 10561439 0.7701781776105195 0.2103660437406539 0.042672 1.5869194662810213 2.024326912220049
32899 10561439 0.7702693609763008 0.21033624975834514 0.045720000000000004 1.5869194662810213 2.024326912220049
32900 10561439 0.7703605443420821 0.21030645577603635 0.048768000000000006 1.5869194662810213 2.024326912220049
32901 10561439 0.7704517277078634 0.2102766617937276 0.05181600000000001 1.5869194662810213 2.024326912220049
32902 10561439 0.7705429110736447 0.21024686781141882 0.05486400000000001 1.5869194662810213 2.024326912220049
32903 10561439 0.770634094439426 0.21021707382911006 0.057912000000000005 1.5869194662810213 2.024326912220049
32903 10494520 0.4965004276493779 0.30528670747047015 0.33528 1.5869194662810213 2.024326912220049
32904 10494520 0.6177074416037964 0.3147462773226942 0.33528 1.5869194662810213 2.024326912220049
32904 10561439 0.7707252778052073 0.21018727984680127 0.06096000000000001 1.5869194662810213 2.024326912220049
32905 10561439 0.7708164611709886 0.2101574858644925 0.06400800000000001 1.5869194662810213 2.024326912220049
32905 10494520 0.6092369996143461 0.3309494897872091 0.33528 1.5869194662810213 2.024326912220049
32906 10494520 0.6007665576248956 0.347152702251724 0.33528 1.5869194662810213 2.024326912220049
32906 10561439 0.7709076445367699 0.21012769188218375 0.067056 1.5869194662810213 2.024326912220049
32907 10561439 0.770998827902551 0.21009789789987499 0.07010400000000001 1.5869194662810213 2.024326912220049
32907 10494520 0.5779811764242033 0.31954997051343903 0.33528 1.5869194662810213 2.024326912220049
32908 10561439 0.7710900112683323 0.2100681039175662 0.07315200000000001 1.5869194662810213 2.024326912220049
32908 10494520 0.5551957952235109 0.29194723877515405 0.33528 1.5869194662810213 2.024326912220049
32909 10494520 0.557498690383682 0.2962767360589342 0.33528 1.5869194662810213 2.024326912220049
32909 10561439 0.7711811946341136 0.21003830993525743 0.0762 1.5869194662810213 2.024326912220049
32910 10561439 0.7712723779998949 0.21000851595294867 0.07924800000000001 1.5869194662810213 2.024326912220049
32910 10494520 0.5598015855438532 0.3006062333427143 0.33528 1.5869194662810213 2.024326912220049
32911 10561439 0.7713635613656762 0.20997872197063988 0.08229600000000001 1.5869194662810213 2.024326912220049
32911 10494520 0.5594262545143095 0.3008165065087438 0.33528 1.5869194662810213 2.024326912220049
32912 10494520 0.5590509234847658 0.30102677967477337 0.33528 1.5869194662810213 2.024326912220049
32912 10561439 0.7714547447314575 0.20994892798833112 0.085344 1.5869194662810213 2.024326912220049
32913 10561439 0.7715459280972388 0.20991913400602236 0.08839200000000001 1.5869194662810213 2.024326912220049
32913 10494520 0.5586755924552221 0.30123705284080293 0.33528 1.5869194662810213 2.024326912220049
32914 10494520 0.5583002614256785 0.30144732600683244 0.33528 1.5869194662810213 2.024326912220049
32914 10561439 0.77163711146302 0.2098893400237136 0.09144000000000001 1.5869194662810213 2.024326912220049
32915 10561439 0.7717282948288013 0.2098595460414048 0.09448800000000002 1.5869194662810213 2.024326912220049
32916 10561439 0.7718194781945826 0.20982975205909604 0.09753600000000001 1.5869194662810213 2.024326912220049
32917 10561439 0.7719106615603638 0.20979995807678728 0.100584 1.5869194662810213 2.024326912220049
32918 10561439 0.7720018449261451 0.2097701640944785 0.10363200000000002 1.5869194662810213 2.024326912220049
32919 10561439 0.7720930282919264 0.20974037011216973 0.10668000000000001 1.5869194662810213 2.024326912220049
32920 10561439 0.7721842116577077 0.20971057612986096 0.10972800000000002 1.5869194662810213 2.024326912220049
32921 10561439 0.772275395023489 0.2096807821475522 0.11277600000000002 1.5869194662810213 2.024326912220049
32922 10561439 0.7723665783892703 0.2096509881652434 0.11582400000000001 1.5869194662810213 2.024326912220049
32923 10561439 0.7724577617550515 0.20962119418293465 0.11887200000000002 1.5869194662810213 2.024326912220049
32924 10561439 0.7725489451208328 0.2095914002006259 0.12192000000000001 1.5869194662810213 2.024326912220049
32925 10561439 0.7726401284866141 0.2095616062183171 0.12496800000000001 1.5869194662810213 2.024326912220049
32926 10561439 0.7727313118523953 0.20953181223600834 0.12801600000000002 1.5869194662810213 2.024326912220049
32927 10561439 0.7728224952181766 0.20950201825369957 0.131064 1.5869194662810213 2.024326912220049
32928 10561439 0.7729136785839579 0.2094722242713908 0.134112 1.5869194662810213 2.024326912220049
32929 10561439 0.7730048619497392 0.20944243028908202 0.13716 1.5869194662810213 2.024326912220049
32930 10561439 0.7730960453155205 0.20941263630677326 0.14020800000000003 1.5869194662810213 2.024326912220049
32931 10561439 0.7731872286813017 0.2093828423244645 0.14325600000000002 1.5869194662810213 2.024326912220049
32932 10561439 0.773278412047083 0.2093530483421557 0.14630400000000002 1.5869194662810213 2.024326912220049
32933 10561439 0.7733695954128643 0.20932325435984694 0.149352 1.5869194662810213 2.024326912220049
32934 10561439 0.7734607787786456 0.20929346037753818 0.1524 1.5869194662810213 2.024326912220049
32935 10561439 0.7735519621444268 0.20926366639522942 0.15544800000000003 1.5869194662810213 2.024326912220049
32936 10561439 0.7736431455102081 0.20923387241292063 0.15849600000000003 1.5869194662810213 2.024326912220049
32937 10561439 0.7737343288759894 0.20920407843061187 0.16154400000000002 1.5869194662810213 2.024326912220049
32938 10561439 0.7738255122417707 0.2091742844483031 0.16459200000000002 1.5869194662810213 2.024326912220049
32939 10561439 0.7739166956075519 0.20914449046599431 0.16764 1.5869194662810213 2.024326912220049
32940 10561439 0.7740078789733332 0.20911469648368555 0.170688 1.5869194662810213 2.024326912220049
32941 10561439 0.7740990623391145 0.2090849025013768 0.17373600000000003 1.5869194662810213 2.024326912220049
32942 10561439 0.7741902457048958 0.20905510851906803 0.17678400000000002 1.5869194662810213 2.024326912220049
32943 10561439 0.7742814290706771 0.20902531453675924 0.17983200000000002 1.5869194662810213 2.024326912220049
32944 10561439 0.7743726124364583 0.20899552055445048 0.18288000000000001 1.5869194662810213 2.024326912220049
