36533 10760527 5.646523201929029 -1.017501304498075 0.7924800000000001 2.013490476761575 0.4245377693332423
36534 10760527 5.6086163265387725 -0.9676501815474309 0.7924800000000001 2.013490476761575 0.4245377693332423
36535 10760527 5.5720379296856875 -0.9273423532638579 0.7924800000000001 2.013490476761575 0.4245377693332423
36536 10760527 5.523206406669256 -0.8728776036777157 0.78486 2.013490476761575 0.4245377693332423
36537 10760527 5.481366314281446 -0.8323719925044312 0.78486 2.013490476761575 0.4245377693332423
36538 10760527 5.447459489609667 -0.7974894177173335 0.77724 2.013490476761575 0.4245377693332423
36539 10760527 5.411396475224471 -0.7670427726314112 0.77724 2.013490476761575 0.4245377693332423
36540 10760527 5.375333460839276 -0.7365961275454889 0.77724 2.013490476761575 0.4245377693332423
36541 10760527 5.324311817247849 -0.693212230190249 0.77724 2.013490476761575 0.4245377693332423
36542 10760527 5.278426813676412 -0.651502683579733 0.76962 2.013490476761575 0.4245377693332423
36543 10760527 5.25738098734048 -0.6343615044854557 0.762 2.013490476761575 0.4245377693332423
36544 10760527 5.183559839497787 -0.5775847699895442 0.762 2.013490476761575 0.4245377693332423
36545 10760527 5.143383919890155 -0.5428749675485216 0.75438 2.013490476761575 0.4245377693332423
36546 10760527 5.092866033063982 -0.5099317332267581 0.74676 2.013490476761575 0.4245377693332423
36547 10760527 5.035473025342614 -0.4654015227416256 0.73914 2.013490476761575 0.4245377693332423
36548 10760527 5.004569246115749 -0.44446044000468987 0.73914 2.013490476761575 0.4245377693332423
36549 10760527 4.9587163410240445 -0.4189943355002165 0.73152 2.013490476761575 0.4245377693332423
36550 10760527 4.883451562621501 -0.37073650003027225 0.7239000000000001 2.013490476761575 0.4245377693332423
36551 10760527 4.83544658440714 -0.35132636162765074 0.7200900000000001 2.013490476761575 0.4245377693332423
36552 10760527 4.787441606192779 -0.3319162232250292 0.71628 2.013490476761575 0.4245377693332423
36553 10760527 4.739436627978417 -0.3125060848224077 0.71247 2.013490476761575 0.4245377693332423
36554 10760527 4.691431649764056 -0.2930959464197862 0.7086600000000001 2.013490476761575 0.4245377693332423
36555 10760527 4.643426671549694 -0.2736858080171647 0.7048500000000001 2.013490476761575 0.4245377693332423
36556 10760527 4.595421693335332 -0.2542756696145432 0.7010400000000001 2.013490476761575 0.4245377693332423
36557 10760527 4.5474167151209715 -0.2348655312119217 0.69723 2.013490476761575 0.4245377693332423
36558 10760527 4.49941173690661 -0.21545539280930018 0.69342 2.013490476761575 0.4245377693332423
36559 10760527 4.4524343279205185 -0.19779505600565453 0.69342 2.013490476761575 0.4245377693332423
36560 10760527 4.372302127001647 -0.1739910896580901 0.6858000000000001 2.013490476761575 0.4245377693332423
36561 10760527 4.318216573099571 -0.1563471231481061 0.6858000000000001 2.013490476761575 0.4245377693332423
36562 10760527 4.238552029238707 -0.13900179868989673 0.6781800000000001 2.013490476761575 0.4245377693332423
36563 10760527 4.194934091492202 -0.12880155153099382 0.6743700000000001 2.013490476761575 0.4245377693332423
36564 10760527 4.151316153745698 -0.1186013043720909 0.67056 2.013490476761575 0.4245377693332423
36565 10760527 4.1091300219298255 -0.11149590410514315 0.6667500000000001 2.013490476761575 0.4245377693332423
36566 10760527 4.066943890113953 -0.1043905038381954 0.6629400000000001 2.013490476761575 0.4245377693332423
36567 10760527 4.018162922603764 -0.09606748896870324 0.6629400000000001 2.013490476761575 0.4245377693332423
36568 10760527 3.9669280457947274 -0.08846201924490063 0.65532 2.013490476761575 0.4245377693332423
36569 10760527 3.9038275161628215 -0.0788535330031839 0.65532 2.013490476761575 0.4245377693332423
36570 10760527 3.8518116806528155 -0.07391271058099172 0.6477 2.013490476761575 0.4245377693332423
36571 10760527 3.7996588225930896 -0.06775868491879958 0.6400800000000001 2.013490476761575 0.4245377693332423
36572 10760527 3.748687325514502 -0.060704838087593666 0.6400800000000001 2.013490476761575 0.4245377693332423
36573 10760527 3.7173088667016962 -0.056189317848356485 0.6362700000000001 2.013490476761575 0.4245377693332423
36574 10760527 3.6859304078888906 -0.051673797609119304 0.63246 2.013490476761575 0.4245377693332423
36575 10760527 3.6385921428045105 -0.04708971118907282 0.6248400000000001 2.013490476761575 0.4245377693332423
36576 10760527 3.591288296430351 -0.04239973714711556 0.61722 2.013490476761575 0.4245377693332423
36577 10760527 3.538891986699748 -0.041070548353769026 0.61722 2.013490476761575 0.4245377693332423
36578 10760527 3.4911523777491835 -0.03635453886195519 0.6096 2.013490476761575 0.4245377693332423
36579 10760527 3.4382313238710696 -0.029830397350918775 0.6096 2.013490476761575 0.4245377693332423
36580 10760527 3.3749329562532733 -0.025175700974969822 0.6019800000000001 2.013490476761575 0.4245377693332423
36581 10760527 3.3339106089955237 -0.023001404569709366 0.59436 2.013490476761575 0.4245377693332423
36582 10760527 3.295720091469159 -0.020991741823428695 0.59055 2.013490476761575 0.4245377693332423
36583 10760527 3.2575295739427945 -0.018982079077148023 0.58674 2.013490476761575 0.4245377693332423
36584 10760527 3.216850952336773 -0.016977628821830654 0.58293 2.013490476761575 0.4245377693332423
36585 10760527 3.1761723307307514 -0.014973178566513284 0.57912 2.013490476761575 0.4245377693332423
36586 10760527 3.104708043105111 -0.013842085600496629 0.5715 2.013490476761575 0.4245377693332423
36587 10760527 3.071515322233548 -0.013521107707525931 0.56388 2.013490476761575 0.4245377693332423
36588 10760527 3.019987180384441 -0.016326644170342602 0.56388 2.013490476761575 0.4245377693332423
36589 10760527 2.975946680747845 -0.017954699060497098 0.55626 2.013490476761575 0.4245377693332423
36590 10760527 2.933446966919478 -0.012141945702429796 0.55626 2.013490476761575 0.4245377693332423
36591 10760527 2.8846015259636255 -0.014887781842530895 0.54864 2.013490476761575 0.4245377693332423
36592 10760527 2.8425127808567447 -0.011895450782103606 0.54864 2.013490476761575 0.4245377693332423
36593 10760527 2.798873193622191 -0.013653382767687877 0.54102 2.013490476761575 0.4245377693332423
36594 10760527 2.7505346074601134 -0.01212479618921039 0.5334 2.013490476761575 0.4245377693332423
36595 10760527 2.726658219916561 -0.01046302254494652 0.5334 2.013490476761575 0.4245377693332423
36596 10760527 2.7027818323730086 -0.008801248900682651 0.5334 2.013490476761575 0.4245377693332423
36597 10760527 2.6441934976649084 -0.006028520648405228 0.52578 2.013490476761575 0.4245377693332423
36598 10760527 2.6001868173710876 -0.007548677955875521 0.5181600000000001 2.013490476761575 0.4245377693332423
36599 10760527 2.557696536638317 -0.004423664506300523 0.5181600000000001 2.013490476761575 0.4245377693332423
36600 10760527 2.492949138155452 -0.00419485018335089 0.50292 2.013490476761575 0.4245377693332423
36601 10760527 2.4583355528521853 -0.0014213980624196432 0.50292 2.013490476761575 0.4245377693332423
36602 10760527 2.424292771791434 -0.0023386684560330745 0.49911000000000005 2.013490476761575 0.4245377693332423
36603 10760527 2.390249990730683 -0.003255938849646506 0.4953 2.013490476761575 0.4245377693332423
36604 10760527 2.33898640198791 -0.0025218281747814153 0.48768 2.013490476761575 0.4245377693332423
36605 10760527 2.287722813245137 -0.0017877174999163248 0.48006 2.013490476761575 0.4245377693332423
36606 10760527 2.2543093195415134 -0.004311565525861705 0.47624999999999995 2.013490476761575 0.4245377693332423
36607 10760527 2.2208958258378892 -0.006835413551807085 0.47243999999999997 2.013490476761575 0.4245377693332423
36608 10760527 2.1787949931735024 -0.003601807498373716 0.46482000000000007 2.013490476761575 0.4245377693332423
36609 10760527 2.131897554673885 -0.0058108807011166 0.45720000000000005 2.013490476761575 0.4245377693332423
36610 10760527 2.0765179105814235 -0.004081588641266759 0.45720000000000005 2.013490476761575 0.4245377693332423
36611 10760527 2.032303358522114 -0.006231610066723264 0.44958000000000004 2.013490476761575 0.4245377693332423
36612 10760527 2.0109561932681213 -0.0025314490700563963 0.44958000000000004 2.013490476761575 0.4245377693332423
36613 10760527 1.9624547128098278 -0.00258019565154452 0.44196 2.013490476761575 0.4245377693332423
36614 10760527 1.9171991351237472 -0.0011186013347396495 0.44196 2.013490476761575 0.4245377693332423
36615 10760527 1.880735834072664 -0.002644955957973677 0.43434000000000006 2.013490476761575 0.4245377693332423
36616 10760527 1.8389531979311369 -0.0027843870131866733 0.43434000000000006 2.013490476761575 0.4245377693332423
36617 10760527 1.7723233847682613 -0.00286936759879855 0.42672000000000004 2.013490476761575 0.4245377693332423
36618 10760527 1.7508191645749407 -0.002096094108565094 0.42672000000000004 2.013490476761575 0.4245377693332423
36619 10760527 1.72931494438162 -0.0013228206183316382 0.42672000000000004 2.013490476761575 0.4245377693332423
36620 10760527 1.6727968053284807 -0.0030739271309863925 0.41148 2.013490476761575 0.4245377693332423
36621 10760527 1.653212419025913 -0.003219506318965476 0.41148 2.013490476761575 0.4245377693332423
36622 10760527 1.6091694500749925 -0.004839085794009379 0.41148 2.013490476761575 0.4245377693332423
36623 10760527 1.5714925758090077 -0.003280706495150068 0.40386 2.013490476761575 0.4245377693332423
36624 10760527 1.5341711161981997 -0.001721405681503252 0.39624000000000004 2.013490476761575 0.4245377693332423
36625 10760527 1.468927881351573 -0.0019062146792677565 0.38862 2.013490476761575 0.4245377693332423
36626 10760527 1.4301004239795891 -0.0052283830219343325 0.38862 2.013490476761575 0.4245377693332423
36627 10760527 1.3982488637148935 -0.002826531157500277 0.38481 2.013490476761575 0.4245377693332423
36628 10760527 1.366397303450198 -0.0004246792930662213 0.381 2.013490476761575 0.4245377693332423
36629 10760527 1.3291558476970906 0.0011094890294924553 0.381 2.013490476761575 0.4245377693332423
36630 10760527 1.2937251295022514 0.0015267073699705563 0.37719 2.013490476761575 0.4245377693332423
36631 10760527 1.2582944113074122 0.0019439257104486574 0.37338 2.013490476761575 0.4245377693332423
36632 10760527 1.2187099020855043 -0.001246729474408112 0.37338 2.013490476761575 0.4245377693332423
36633 10760527 1.1877624159296785 -0.0008333595131194832 0.36576 2.013490476761575 0.4245377693332423
36634 10760527 1.1464959533227237 0.0006146818583968316 0.36576 2.013490476761575 0.4245377693332423
36635 10760527 1.1134952104746014 0.00018039115229166736 0.36576 2.013490476761575 0.4245377693332423
36636 10760527 1.0638700210032102 0.002139913861201742 0.36576 2.013490476761575 0.4245377693332423
36637 10760527 1.0413598944774893 0.0003815728250581227 0.36576 2.013490476761575 0.4245377693332423
36638 10760527 1.0188497679517685 -0.0013767682110854967 0.36576 2.013490476761575 0.4245377693332423
36639 10760527 0.9902987238647293 -0.0006938895760648933 0.36576 2.013490476761575 0.4245377693332423
36640 10760527 0.9617476797776899 -1.1010941044289901e-05 0.36576 2.013490476761575 0.4245377693332423
36641 10760527 0.9331966356906507 0.0006718676939763135 0.36576 2.013490476761575 0.4245377693332423
36642 10760527 0.9046455916036114 0.001354746328996917 0.36576 2.013490476761575 0.4245377693332423
36643 10760527 0.8760945475165721 0.0020376249640175204 0.36576 2.013490476761575 0.4245377693332423
36644 10760527 0.840798806360204 1.778606179171638e-05 0.36576 2.013490476761575 0.4245377693332423
36645 10760527 0.8146324230454101 0.00038927260190624313 0.36576 2.013490476761575 0.4245377693332423
36646 10760527 0.8033033172933698 0.00023559114843155898 0.36576 2.013490476761575 0.4245377693332423
36647 10760527 0.7919742115413295 8.190969495687483e-05 0.36576 2.013490476761575 0.4245377693332423
36648 10760527 0.776012792231012 0.00015670711728382747 0.36576 2.013490476761575 0.4245377693332423
36649 10760527 0.7644774302542796 0.0001872925075568077 0.36576 2.013490476761575 0.4245377693332423
36650 10760527 0.7222354928775434 0.001372201692885766 0.36576 2.013490476761575 0.4245377693332423
36651 10760527 0.7042116302821094 0.0032893163339967335 0.36576 2.013490476761575 0.4245377693332423
36652 10760527 0.6873787456311645 0.00341539318521622 0.36576 2.013490476761575 0.4245377693332423
36653 10760527 0.6827847831908371 0.0015868937407253689 0.36576 2.013490476761575 0.4245377693332423
36654 10760527 0.6781908207505097 -0.0002416057037654823 0.36576 2.013490476761575 0.4245377693332423
36655 10760527 0.6593989883803936 0.0020433784269724697 0.35814000000000007 2.013490476761575 0.4245377693332423
36656 10760527 0.657380217377427 0.0013010905295134378 0.35814000000000007 2.013490476761575 0.4245377693332423
36657 10760527 0.6405472996805552 0.0014272783366839764 0.35814000000000007 2.013490476761575 0.4245377693332423
36658 10760527 0.6277667419361125 0.006888536872801443 0.35814000000000007 2.013490476761575 0.4245377693332423
36659 10760527 0.6280345905399543 0.0068859590834181045 0.35814329157667396 2.013490476761575 0.4245377693332423
36660 10760527 0.628302439143796 0.006883381294034766 0.3581465831533478 2.013490476761575 0.4245377693332423
36661 10760527 0.6285702877476378 0.006880803504651428 0.3581498747300217 2.013490476761575 0.4245377693332423
36662 10760527 0.6288381363514796 0.0068782257152680895 0.3581531663066955 2.013490476761575 0.4245377693332423
36663 10760527 0.6291059849553213 0.006875647925884751 0.3581564578833694 2.013490476761575 0.4245377693332423
36664 10760527 0.6293738335591631 0.006873070136501413 0.35815974946004325 2.013490476761575 0.4245377693332423
36665 10760527 0.6296416821630049 0.0068704923471180745 0.35816304103671714 2.013490476761575 0.4245377693332423
36666 10760527 0.6299095307668466 0.006867914557734736 0.358166332613391 2.013490476761575 0.4245377693332423
36667 10760527 0.6301773793706884 0.006865336768351397 0.3581696241900649 2.013490476761575 0.4245377693332423
36668 10760527 0.6304452279745302 0.006862758978968059 0.3581729157667387 2.013490476761575 0.4245377693332423
36669 10760527 0.630713076578372 0.00686018118958472 0.3581762073434126 2.013490476761575 0.4245377693332423
36670 10760527 0.6309809251822137 0.006857603400201382 0.35817949892008644 2.013490476761575 0.4245377693332423
36671 10760527 0.6312487737860555 0.0068550256108180435 0.35818279049676033 2.013490476761575 0.4245377693332423
36672 10760527 0.6315166223898973 0.006852447821434705 0.3581860820734342 2.013490476761575 0.4245377693332423
36673 10760527 0.631784470993739 0.006849870032051367 0.35818937365010806 2.013490476761575 0.4245377693332423
36674 10760527 0.6320523195975808 0.0068472922426680285 0.35819266522678195 2.013490476761575 0.4245377693332423
36675 10760527 0.6323201682014226 0.00684471445328469 0.3581959568034558 2.013490476761575 0.4245377693332423
36676 10760527 0.6325880168052643 0.006842136663901352 0.3581992483801297 2.013490476761575 0.4245377693332423
36677 10760527 0.6328558654091061 0.0068395588745180135 0.3582025399568035 2.013490476761575 0.4245377693332423
36678 10760527 0.6331237140129479 0.006836981085134675 0.3582058315334774 2.013490476761575 0.4245377693332423
36679 10760527 0.6333915626167896 0.006834403295751337 0.35820912311015124 2.013490476761575 0.4245377693332423
36680 10760527 0.6336594112206314 0.0068318255063679985 0.35821241468682513 2.013490476761575 0.4245377693332423
36681 10760527 0.6339272598244732 0.00682924771698466 0.35821570626349897 2.013490476761575 0.4245377693332423
36682 10760527 0.634195108428315 0.006826669927601322 0.35821899784017286 2.013490476761575 0.4245377693332423
36683 10760527 0.6344629570321567 0.006824092138217983 0.3582222894168467 2.013490476761575 0.4245377693332423
36684 10760527 0.6347308056359985 0.006821514348834644 0.3582255809935206 2.013490476761575 0.4245377693332423
36685 10760527 0.6349986542398403 0.006818936559451306 0.3582288725701945 2.013490476761575 0.4245377693332423
36686 10760527 0.635266502843682 0.0068163587700679675 0.3582321641468683 2.013490476761575 0.4245377693332423
36687 10760527 0.6355343514475238 0.006813780980684629 0.3582354557235422 2.013490476761575 0.4245377693332423
36688 10760527 0.6358022000513656 0.006811203191301291 0.35823874730021604 2.013490476761575 0.4245377693332423
36689 10760527 0.6360700486552073 0.0068086254019179525 0.35824203887688993 2.013490476761575 0.4245377693332423
36690 10760527 0.6363378972590491 0.006806047612534614 0.35824533045356377 2.013490476761575 0.4245377693332423
36691 10760527 0.6366057458628909 0.006803469823151276 0.35824862203023766 2.013490476761575 0.4245377693332423
36692 10760527 0.6368735944667326 0.0068008920337679375 0.3582519136069115 2.013490476761575 0.4245377693332423
36693 10760527 0.6371414430705744 0.006798314244384599 0.3582552051835854 2.013490476761575 0.4245377693332423
36694 10760527 0.6374092916744162 0.006795736455001261 0.3582584967602592 2.013490476761575 0.4245377693332423
36695 10760527 0.637677140278258 0.006793158665617922 0.3582617883369331 2.013490476761575 0.4245377693332423
36696 10760527 0.6379449888820997 0.006790580876234584 0.35826507991360695 2.013490476761575 0.4245377693332423
36697 10760527 0.6382128374859415 0.006788003086851246 0.35826837149028085 2.013490476761575 0.4245377693332423
36698 10760527 0.6384806860897833 0.006785425297467907 0.35827166306695474 2.013490476761575 0.4245377693332423
36699 10760527 0.638748534693625 0.006782847508084569 0.3582749546436286 2.013490476761575 0.4245377693332423
36700 10760527 0.6390163832974668 0.006780269718701231 0.35827824622030247 2.013490476761575 0.4245377693332423
36701 10760527 0.6392842319013086 0.006777691929317892 0.3582815377969763 2.013490476761575 0.4245377693332423
36702 10760527 0.6395520805051503 0.006775114139934553 0.3582848293736502 2.013490476761575 0.4245377693332423
36703 10760527 0.6398199291089921 0.006772536350551215 0.35828812095032403 2.013490476761575 0.4245377693332423
36704 10760527 0.6400877777128339 0.0067699585611678765 0.3582914125269979 2.013490476761575 0.4245377693332423
36705 10760527 0.6403556263166756 0.006767380771784538 0.35829470410367176 2.013490476761575 0.4245377693332423
36706 10760527 0.6406234749205174 0.0067648029824012 0.35829799568034565 2.013490476761575 0.4245377693332423
36707 10760527 0.6408913235243592 0.006762225193017861 0.3583012872570195 2.013490476761575 0.4245377693332423
36708 10760527 0.641159172128201 0.006759647403634523 0.3583045788336934 2.013490476761575 0.4245377693332423
36709 10760527 0.6414270207320427 0.006757069614251185 0.3583078704103672 2.013490476761575 0.4245377693332423
36710 10760527 0.6416948693358845 0.006754491824867846 0.3583111619870411 2.013490476761575 0.4245377693332423
36711 10760527 0.6419627179397263 0.006751914035484508 0.358314453563715 2.013490476761575 0.4245377693332423
36712 10760527 0.642230566543568 0.00674933624610117 0.35831774514038883 2.013490476761575 0.4245377693332423
36713 10760527 0.6424984151474098 0.006746758456717831 0.3583210367170627 2.013490476761575 0.4245377693332423
36714 10760527 0.6427662637512516 0.006744180667334493 0.35832432829373656 2.013490476761575 0.4245377693332423
36715 10760527 0.6430341123550933 0.006741602877951155 0.35832761987041045 2.013490476761575 0.4245377693332423
36716 10760527 0.6433019609589351 0.006739025088567816 0.3583309114470843 2.013490476761575 0.4245377693332423
36717 10760527 0.6435698095627769 0.006736447299184478 0.3583342030237582 2.013490476761575 0.4245377693332423
36718 10760527 0.6438376581666186 0.006733869509801139 0.358337494600432 2.013490476761575 0.4245377693332423
