42144 10628960 1.4370662329009045 0.06843178627343545 0.36576 2.5707765526581845 0.08556141830814923
42145 10628960 1.4387682565472677 0.06752535363736165 0.36576 2.5707765526581845 0.08556141830814923
42146 10628960 1.4404702801936309 0.06661892100128784 0.36576 2.5707765526581845 0.08556141830814923
42147 10628960 1.4421723038399938 0.06571248836521404 0.36576 2.5707765526581845 0.08556141830814923
42148 10628960 1.4427897715900484 0.06352478868224107 0.36576 2.5707765526581845 0.08556141830814923
42149 10628960 1.443407239340103 0.0613370889992681 0.36576 2.5707765526581845 0.08556141830814923
42150 10628960 1.4439375543837438 0.05765914873099096 0.36576 2.5707765526581845 0.08556141830814923
42151 10628960 1.444467869427385 0.05398120846271383 0.36576 2.5707765526581845 0.08556141830814923
42152 10628960 1.444998184471026 0.05030326819443669 0.36576 2.5707765526581845 0.08556141830814923
42153 10628960 1.4455284995146669 0.04662532792615955 0.36576 2.5707765526581845 0.08556141830814923
42154 10628960 1.4460588145583078 0.04294738765788242 0.36576 2.5707765526581845 0.08556141830814923
42155 10628960 1.4465891296019489 0.03926944738960528 0.36576 2.5707765526581845 0.08556141830814923
42156 10628960 1.44711944464559 0.03559150712132814 0.36576 2.5707765526581845 0.08556141830814923
42157 10628960 1.4476497596892308 0.03191356685305101 0.36576 2.5707765526581845 0.08556141830814923
42158 10628960 1.447622748925384 0.02666531857203349 0.36576 2.5707765526581845 0.08556141830814923
42159 10628960 1.447595738161537 0.02141707029101597 0.36576 2.5707765526581845 0.08556141830814923
42160 10628960 1.4468371609937702 0.019094731179072205 0.36576 2.5707765526581845 0.08556141830814923
42161 10628960 1.4460785838260033 0.01677239206712844 0.36576 2.5707765526581845 0.08556141830814923
42162 10628960 1.4394499410003534 0.015329060507055044 0.36576 2.5707765526581845 0.08556141830814923
42163 10628960 1.4328212981747035 0.01388572894698165 0.36576 2.5707765526581845 0.08556141830814923
42164 10628960 1.4261926553490536 0.012442397386908253 0.36576 2.5707765526581845 0.08556141830814923
42165 10628960 1.4195640125234037 0.01099906582683486 0.36576 2.5707765526581845 0.08556141830814923
42166 10628960 1.412935369697754 0.009555734266761463 0.36576 2.5707765526581845 0.08556141830814923
42167 10628960 1.4063067268721041 0.008112402706688069 0.36576 2.5707765526581845 0.08556141830814923
42168 10628960 1.3996780840464542 0.006669071146614674 0.36576 2.5707765526581845 0.08556141830814923
42169 10628960 1.3930494412208043 0.005225739586541279 0.36576 2.5707765526581845 0.08556141830814923
42170 10628960 1.3864207983951544 0.0037824080264678844 0.36576 2.5707765526581845 0.08556141830814923
42171 10628960 1.3656665263443921 0.0035525699926741033 0.36576 2.5707765526581845 0.08556141830814923
42172 10628960 1.3449122542936298 0.0033227319588803217 0.36576 2.5707765526581845 0.08556141830814923
42173 10628960 1.3241579822428675 0.0030928939250865406 0.36576 2.5707765526581845 0.08556141830814923
42174 10628960 1.3034037101921052 0.002863055891292759 0.36576 2.5707765526581845 0.08556141830814923
42175 10628960 1.282649438141343 0.002633217857498978 0.36576 2.5707765526581845 0.08556141830814923
42176 10628960 1.2618951660905806 0.0024033798237051967 0.36576 2.5707765526581845 0.08556141830814923
42177 10628960 1.2411408940398183 0.002173541789911415 0.36576 2.5707765526581845 0.08556141830814923
42178 10628960 1.2151501321591214 0.001902398139585033 0.36576 2.5707765526581845 0.08556141830814923
42179 10628960 1.1891593702784242 0.001631254489258651 0.36576 2.5707765526581845 0.08556141830814923
42180 10628960 1.163168608397727 0.0013601108389322686 0.36576 2.5707765526581845 0.08556141830814923
42181 10628960 1.1371778465170301 0.0010889671886058865 0.36576 2.5707765526581845 0.08556141830814923
42182 10628960 1.1111870846363332 0.0008178235382795044 0.36576 2.5707765526581845 0.08556141830814923
42183 10628960 1.085196322755636 0.0005466798879531221 0.36576 2.5707765526581845 0.08556141830814923
42184 10628960 1.0485878896644962 0.005380176248706653 0.36576 2.5707765526581845 0.08556141830814923
42185 10628960 1.0150916059017046 0.0020707285400436426 0.36576 2.5707765526581845 0.08556141830814923
42186 10628960 0.9986946177540218 0.0021705461220037914 0.36576 2.5707765526581845 0.08556141830814923
42187 10628960 0.9662786127728009 0.0018963196551491646 0.36576 2.5707765526581845 0.08556141830814923
42188 10628960 0.9221502705734618 0.0018112869229154893 0.36576 2.5707765526581845 0.08556141830814923
42189 10628960 0.8780219283741226 0.001726254190681814 0.36576 2.5707765526581845 0.08556141830814923
42190 10628960 0.8338935861747836 0.0016412214584481388 0.36576 2.5707765526581845 0.08556141830814923
42191 10628960 0.7897652439754443 0.0015561887262144636 0.36576 2.5707765526581845 0.08556141830814923
42192 10628960 0.7456369017761053 0.0014711559939807883 0.36576 2.5707765526581845 0.08556141830814923
42193 10628960 0.7015085595767662 0.001386123261747113 0.36576 2.5707765526581845 0.08556141830814923
42194 10628960 0.657380217377427 0.0013010905295134378 0.36576 2.5707765526581845 0.08556141830814923
42195 10628960 0.6258492983000598 0.004010314939781663 0.36576 2.5707765526581845 0.08556141830814923
42196 10628960 0.5943183792226925 0.0067195393500498884 0.36576 2.5707765526581845 0.08556141830814923
42197 10628960 0.5525427897017219 0.0038977835876721004 0.36576 2.5707765526581845 0.08556141830814923
42198 10628960 0.5107672001807514 0.0010760278252943123 0.36576 2.5707765526581845 0.08556141830814923
42199 10628960 0.48845510497764844 0.0034603247061191916 0.36576 2.5707765526581845 0.08556141830814923
42200 10628960 0.42904385731059924 0.0010279816599486485 0.36576 2.5707765526581845 0.08556141830814923
42201 10628960 0.3833411700278512 0.0052149435214836615 0.36576 2.5707765526581845 0.08556141830814923
42202 10628960 0.34330807439738287 0.0022920558331763485 0.36576 2.5707765526581845 0.08556141830814923
42203 10628960 0.2950944885434814 0.006949628384379847 0.39624000000000004 2.5707765526581845 0.08556141830814923
42204 10628960 0.24555349916377556 0.0021108172137327408 0.39624000000000004 2.5707765526581845 0.08556141830814923
42205 10628960 0.21973001829601208 0.0019049741926145253 0.39624000000000004 2.5707765526581845 0.08556141830814923
42206 10628960 0.1939065374282486 0.0016991311714963098 0.39624000000000004 2.5707765526581845 0.08556141830814923
42207 10628960 0.1537005842435918 -0.0017504663254637176 0.39624000000000004 2.5707765526581845 0.08556141830814923
42208 10628960 0.09257112136656942 -0.001282121274812531 0.39624000000000004 2.5707765526581845 0.08556141830814923
42209 10628960 0.049422258525515184 -0.0001476053193136262 0.39624000000000004 2.5707765526581845 0.08556141830814923
42210 10628960 0.02764527556653751 -0.001558589346414424 0.39624000000000004 2.5707765526581845 0.08556141830814923
42211 10628960 -0.03563243692457285 -0.004943495596905462 0.39624000000000004 2.5707765526581845 0.08556141830814923
42212 10628960 -0.0740792958533657 -0.003008538715068537 0.39624000000000004 2.5707765526581845 0.08556141830814923
42213 10628960 -0.13589932416314898 -0.004649308289362636 0.42672000000000004 2.5707765526581845 0.08556141830814923
42214 10628960 -0.18067017319433742 -0.008474423117271285 0.42672000000000004 2.5707765526581845 0.08556141830814923
42215 10628960 -0.2003939965964766 -0.009037076511724196 0.42672000000000004 2.5707765526581845 0.08556141830814923
42216 10628960 -0.2201178199986158 -0.009599729906177107 0.42672000000000004 2.5707765526581845 0.08556141830814923
42217 10628960 -0.2623267411676071 -0.008303405440209105 0.42672000000000004 2.5707765526581845 0.08556141830814923
42218 10628960 -0.311222421870033 -0.0084428015377285 0.42672000000000004 2.5707765526581845 0.08556141830814923
42219 10628960 -0.3582027719674741 -0.0081565179571704 0.42672000000000004 2.5707765526581845 0.08556141830814923
42220 10628960 -0.3921459631402784 -0.008743707397786266 0.42672000000000004 2.5707765526581845 0.08556141830814923
42221 10628960 -0.44167179609543994 -0.008092121657001544 0.42672000000000004 2.5707765526581845 0.08556141830814923
42222 10628960 -0.4962708417792532 -0.012090683648362494 0.42672000000000004 2.5707765526581845 0.08556141830814923
42223 10628960 -0.542690648835833 -0.01280437698664491 0.45720000000000005 2.5707765526581845 0.08556141830814923
42224 10628960 -0.5892485778239762 -0.013939974209568912 0.45720000000000005 2.5707765526581845 0.08556141830814923
42225 10628960 -0.6142447242225255 -0.011609589243116364 0.45720000000000005 2.5707765526581845 0.08556141830814923
42226 10628960 -0.6706199859574811 -0.013974750237550376 0.45720000000000005 2.5707765526581845 0.08556141830814923
42227 10628960 -0.7354288750248315 -0.010077098266044665 0.45720000000000005 2.5707765526581845 0.08556141830814923
42228 10628960 -0.7568615619349918 -0.010430136839269244 0.45720000000000005 2.5707765526581845 0.08556141830814923
42229 10628960 -0.7782942488451521 -0.010783175412493823 0.45720000000000005 2.5707765526581845 0.08556141830814923
42230 10628960 -0.8189336180681139 -0.010113817829953603 0.45720000000000005 2.5707765526581845 0.08556141830814923
42231 10628960 -0.8621615830406435 -0.00649482361096218 0.45720000000000005 2.5707765526581845 0.08556141830814923
42232 10628960 -0.9065284942719662 -0.006358727154452654 0.45720000000000005 2.5707765526581845 0.08556141830814923
42233 10628960 -0.9673152519223407 -0.004825750508829968 0.45720000000000005 2.5707765526581845 0.08556141830814923
42234 10628960 -0.9881872712406257 -0.006179359096402465 0.48768 2.5707765526581845 0.08556141830814923
42235 11017321 1.1990124192286644 0.0009822783927574963 0.35814000000000007 2.5707765526581845 0.08556141830814923
42235 10628960 -1.0335966918948523 -0.004883797527132666 0.48768 2.5707765526581845 0.08556141830814923
42236 11017321 1.1613005758634851 0.00243727822582325 0.35814000000000007 2.5707765526581845 0.08556141830814923
42236 10628960 -1.0940229733321012 0.0015562572666053265 0.48768 2.5707765526581845 0.08556141830814923
42237 10628960 -1.1202144869106565 0.0015919901482530363 0.48768 2.5707765526581845 0.08556141830814923
42237 11017321 1.136866706798095 0.0037604233216776417 0.35814000000000007 2.5707765526581845 0.08556141830814923
42238 11017321 1.1086805863781883 0.001753282808272319 0.35814000000000007 2.5707765526581845 0.08556141830814923
42238 10628960 -1.170280853038688 0.001957666335510283 0.48768 2.5707765526581845 0.08556141830814923
42239 11017321 1.0923181401172575 0.0019584434496282416 0.35814000000000007 2.5707765526581845 0.08556141830814923
42239 10628960 -1.2238461765128823 0.00113116793325993 0.48768 2.5707765526581845 0.08556141830814923
42240 10628960 -1.2683342740631953 0.006332961166781476 0.48768 2.5707765526581845 0.08556141830814923
42240 11017321 1.058734423435258 0.003817701282145383 0.35814000000000007 2.5707765526581845 0.08556141830814923
42241 10628960 -1.3136163067430557 0.009107418614323154 0.48768 2.5707765526581845 0.08556141830814923
42241 11017321 1.023452837971266 0.003580578789800505 0.35966400000000004 2.5707765526581845 0.08556141830814923
42242 11017321 0.9881712525072738 0.003343456297455627 0.36118800000000006 2.5707765526581845 0.08556141830814923
42242 10628960 -1.352850093644509 0.005931654170813844 0.48768 2.5707765526581845 0.08556141830814923
42243 10628960 -1.387704838840738 0.006640115609900549 0.48768 2.5707765526581845 0.08556141830814923
42243 11017321 0.9528896670432816 0.003106333805110749 0.36271200000000003 2.5707765526581845 0.08556141830814923
42244 11017321 0.9176080815792894 0.002869211312765871 0.36423600000000006 2.5707765526581845 0.08556141830814923
42244 10628960 -1.4225595840369671 0.007348577048987254 0.48768 2.5707765526581845 0.08556141830814923
42245 11017321 0.8823264961152972 0.0026320888204209927 0.36576000000000003 2.5707765526581845 0.08556141830814923
42245 10628960 -1.4676280527521015 0.006432129049258911 0.48768 2.5707765526581845 0.08556141830814923
42246 11017321 0.8470449106513052 0.0023949663280761146 0.367284 2.5707765526581845 0.08556141830814923
42246 10628960 -1.5106914297192924 0.004042280170986262 0.5181600000000001 2.5707765526581845 0.08556141830814923
42247 11017321 0.811763325187313 0.0021578438357312364 0.368808 2.5707765526581845 0.08556141830814923
42247 10628960 -1.5507449365716226 0.0065101410353362865 0.5181600000000001 2.5707765526581845 0.08556141830814923
42248 10628960 -1.6013513780614728 0.006587894819698764 0.5181600000000001 2.5707765526581845 0.08556141830814923
42248 11017321 0.7764817397233208 0.0019207213433863584 0.370332 2.5707765526581845 0.08556141830814923
42249 10628960 -1.6454348533943979 0.004882944922575322 0.5181600000000001 2.5707765526581845 0.08556141830814923
42249 11017321 0.7412001542593287 0.0016835988510414805 0.371856 2.5707765526581845 0.08556141830814923
42250 10628960 -1.689638797429571 0.008241717990548597 0.5181600000000001 2.5707765526581845 0.08556141830814923
42250 11017321 0.7059185687953365 0.0014464763586966023 0.37338 2.5707765526581845 0.08556141830814923
42251 10628960 -1.7437183620215946 0.00992378078522635 0.5181600000000001 2.5707765526581845 0.08556141830814923
42251 11017321 0.6457631427406669 -0.0002770343367199529 0.37338 2.5707765526581845 0.08556141830814923
42252 11017321 0.6188859848558309 0.0005026525689614258 0.37719 2.5707765526581845 0.08556141830814923
42252 10628960 -1.7679342309261787 0.013288014778305962 0.5181600000000001 2.5707765526581845 0.08556141830814923
42253 11017321 0.5920088269709949 0.0012823394746428046 0.381 2.5707765526581845 0.08556141830814923
42253 10628960 -1.8140538821184367 0.016222600495989642 0.5181600000000001 2.5707765526581845 0.08556141830814923
42254 11017321 0.5718865925672224 0.003301304687764156 0.381 2.5707765526581845 0.08556141830814923
42254 10628960 -1.863823807628129 0.016145291322695238 0.5181600000000001 2.5707765526581845 0.08556141830814923
42255 11017321 0.5273423130103194 0.0033316792966746056 0.38608000000000003 2.5707765526581845 0.08556141830814923
42255 10628960 -1.916682125863048 0.022920582959234798 0.5181600000000001 2.5707765526581845 0.08556141830814923
42256 10628960 -1.9597667443390308 0.022643276904704218 0.5181600000000001 2.5707765526581845 0.08556141830814923
42256 11017321 0.4827980334534163 0.003362053905585055 0.39116 2.5707765526581845 0.08556141830814923
42257 10628960 -2.0101404786295136 0.026152815100056598 0.54864 2.5707765526581845 0.08556141830814923
42257 11017321 0.4382537538965133 0.0033924285144955046 0.39624000000000004 2.5707765526581845 0.08556141830814923
42258 11017321 0.4001397455141914 0.004982589243166413 0.39624000000000004 2.5707765526581845 0.08556141830814923
42258 10628960 -2.0492520132663445 0.030418310780112118 0.54864 2.5707765526581845 0.08556141830814923
42259 11017321 0.36529928034539105 1.2194980213098283e-05 0.40386 2.5707765526581845 0.08556141830814923
42259 10628960 -2.0736841476500687 0.030407542075956945 0.54864 2.5707765526581845 0.08556141830814923
42260 11017321 0.3378717796069804 0.0011479581994418842 0.40386 2.5707765526581845 0.08556141830814923
42260 10628960 -2.098116282033793 0.030396773371801772 0.54864 2.5707765526581845 0.08556141830814923
42261 11017321 0.31044427886856973 0.00228372141867067 0.40386 2.5707765526581845 0.08556141830814923
42261 10628960 -2.1615017587018484 0.037579906843300565 0.54864 2.5707765526581845 0.08556141830814923
42262 11017321 0.2712479693530462 -0.0007954452099937503 0.41148 2.5707765526581845 0.08556141830814923
42262 10628960 -2.1975174481337616 0.04153441355012796 0.54864 2.5707765526581845 0.08556141830814923
42263 10628960 -2.240047977785606 0.04458266256989493 0.54864 2.5707765526581845 0.08556141830814923
42263 11017321 0.22915602400919827 0.0022125378987858657 0.41529000000000005 2.5707765526581845 0.08556141830814923
42264 11017321 0.18706407866535035 0.005220521007565482 0.41910000000000003 2.5707765526581845 0.08556141830814923
42264 10628960 -2.2921041328545906 0.051098231306452385 0.54864 2.5707765526581845 0.08556141830814923
42265 11017321 0.15542549353372537 0.0035272889357869652 0.41910000000000003 2.5707765526581845 0.08556141830814923
42265 10628960 -2.339345722724138 0.05603893062215967 0.54864 2.5707765526581845 0.08556141830814923
42266 11017321 0.11764335091076661 0.004776729083717651 0.42672000000000004 2.5707765526581845 0.08556141830814923
42266 10628960 -2.38028784893264 0.06394304143124993 0.54864 2.5707765526581845 0.08556141830814923
42267 11017321 0.06746455450276123 0.005054346337736743 0.42672000000000004 2.5707765526581845 0.08556141830814923
42267 10628960 -2.424421463042841 0.07838324145657857 0.57912 2.5707765526581845 0.08556141830814923
42268 11017321 0.027808835261748488 0.0016592098283032541 0.43434000000000006 2.5707765526581845 0.08556141830814923
42268 10628960 -2.4649277754251555 0.08626211183520158 0.57912 2.5707765526581845 0.08556141830814923
42269 10628960 -2.5073395909081375 0.10189214648897324 0.57912 2.5707765526581845 0.08556141830814923
42269 11017321 -0.010033552834347925 8.193962451163994e-06 0.43434000000000006 2.5707765526581845 0.08556141830814923
42270 11017321 -0.047643419250035124 0.0017862860605390718 0.44196 2.5707765526581845 0.08556141830814923
42270 10628960 -2.5503657970972933 0.12134565307682518 0.57912 2.5707765526581845 0.08556141830814923
42271 10628960 -2.5937148686901157 0.13926931151167773 0.57912 2.5707765526581845 0.08556141830814923
42271 11017321 -0.08650817388024679 -0.0016331580195438622 0.44196 2.5707765526581845 0.08556141830814923
42272 10628960 -2.6322451670549007 0.1588880614764033 0.57912 2.5707765526581845 0.08556141830814923
42272 11017321 -0.12207646924655868 -0.011270496913090261 0.44958000000000004 2.5707765526581845 0.08556141830814923
42273 10628960 -2.6805788429512933 0.18872574103344017 0.57912 2.5707765526581845 0.08556141830814923
42273 11017321 -0.17255902147528657 -0.016266327976078437 0.44958000000000004 2.5707765526581845 0.08556141830814923
42274 10628960 -2.7150618727359586 0.21636818652398324 0.57912 2.5707765526581845 0.08556141830814923
42274 11017321 -0.1997783804420154 -0.01870165269830594 0.45339000000000007 2.5707765526581845 0.08556141830814923
42275 11017321 -0.22699773940874424 -0.021136977420533443 0.45720000000000005 2.5707765526581845 0.08556141830814923
42275 10628960 -2.7407233208204613 0.23703452859794455 0.57912 2.5707765526581845 0.08556141830814923
42276 10628960 -2.766384768904964 0.25770087067190584 0.57912 2.5707765526581845 0.08556141830814923
42276 11017321 -0.2618941455189676 -0.02328232614450651 0.46228 2.5707765526581845 0.08556141830814923
42277 11017321 -0.296790551629191 -0.025427674868479577 0.46736 2.5707765526581845 0.08556141830814923
42277 10628960 -2.7969933401097196 0.28360859162499685 0.57912 2.5707765526581845 0.08556141830814923
42278 11017321 -0.33168695773941437 -0.027573023592452645 0.47243999999999997 2.5707765526581845 0.08556141830814923
42278 10628960 -2.8236481926013264 0.31616806030439326 0.57912 2.5707765526581845 0.08556141830814923
42279 11017321 -0.37105710271626924 -0.0311764209473481 0.47243999999999997 2.5707765526581845 0.08556141830814923
42279 10628960 -2.8548041792274157 0.3528882336121141 0.57912 2.5707765526581845 0.08556141830814923
42280 10628960 -2.884332728711356 0.3886086440428631 0.57912 2.5707765526581845 0.08556141830814923
42280 11017321 -0.4161134389215777 -0.0331544497541543 0.47243999999999997 2.5707765526581845 0.08556141830814923
42281 11017321 -0.45531123742133195 -0.03622961889684914 0.48006 2.5707765526581845 0.08556141830814923
42281 10628960 -2.9059544186906985 0.4284017067355339 0.6096 2.5707765526581845 0.08556141830814923
42282 11017321 -0.486175768299963 -0.042613044181570664 0.48768 2.5707765526581845 0.08556141830814923
42282 10628960 -2.9309580461058022 0.46871755721971664 0.6096 2.5707765526581845 0.08556141830814923
42283 11017321 -0.5289614505591647 -0.04416442995952677 0.48768 2.5707765526581845 0.08556141830814923
42283 10628960 -2.945530397944145 0.5056195342558488 0.6096 2.5707765526581845 0.08556141830814923
42284 11017321 -0.5626114186259323 -0.04928646104625531 0.48768 2.5707765526581845 0.08556141830814923
42284 10628960 -2.9661415565376483 0.5457833790281189 0.6096 2.5707765526581845 0.08556141830814923
42285 10628960 -2.97905752740213 0.5861162072836494 0.6096 2.5707765526581845 0.08556141830814923
42285 11017321 -0.5970294029015939 -0.05404043908409964 0.4953 2.5707765526581845 0.08556141830814923
42286 10628960 -2.9932972549809325 0.63108886435626 0.6096 2.5707765526581845 0.08556141830814923
42286 11017321 -0.6346747357842097 -0.05236479121787921 0.50292 2.5707765526581845 0.08556141830814923
42287 10628960 -3.0043394850861853 0.6744308367088164 0.6096 2.5707765526581845 0.08556141830814923
42287 11017321 -0.6683249297833063 -0.057486324644920234 0.50292 2.5707765526581845 0.08556141830814923
42288 10628960 -3.0147064530188494 0.7420896770410731 0.6096 2.5707765526581845 0.08556141830814923
42288 11017321 -0.7075232967439138 -0.06056010827366928 0.50292 2.5707765526581845 0.08556141830814923
42289 11017321 -0.7404231494136926 -0.06066913649026476 0.50292 2.5707765526581845 0.08556141830814923
42289 10628960 -3.0133808188064366 0.7895629469899101 0.6096 2.5707765526581845 0.08556141830814923
42290 10628960 -3.017448521126858 0.8341276931144251 0.6096 2.5707765526581845 0.08556141830814923
42290 11017321 -0.7819512738026659 -0.06543436588683257 0.51054 2.5707765526581845 0.08556141830814923
42291 10628960 -3.016022234444338 0.8710518585194827 0.6096 2.5707765526581845 0.08556141830814923
42291 11017321 -0.8229015084732578 -0.06571495233353672 0.51054 2.5707765526581845 0.08556141830814923
42292 10628960 -3.012942701244584 0.8967434057019343 0.6096 2.5707765526581845 0.08556141830814923
42292 11017321 -0.8481265491735581 -0.06815761348575822 0.5143500000000001 2.5707765526581845 0.08556141830814923
42293 11017321 -0.8733515898738584 -0.07060027463797972 0.5181600000000001 2.5707765526581845 0.08556141830814923
42293 10628960 -3.00986316804483 0.922434952884386 0.6096 2.5707765526581845 0.08556141830814923
42294 10628960 -3.005626134954338 0.9853139658019744 0.6096 2.5707765526581845 0.08556141830814923
42294 11017321 -0.9063810733108637 -0.0738207763129978 0.5181600000000001 2.5707765526581845 0.08556141830814923
42295 10628960 -2.9947330576812172 1.0351475599186912 0.6096 2.5707765526581845 0.08556141830814923
42295 11017321 -0.9409033210477982 -0.07888974886657354 0.5181600000000001 2.5707765526581845 0.08556141830814923
42296 10628960 -2.9854980950310335 1.079915236307523 0.6096 2.5707765526581845 0.08556141830814923
42296 11017321 -0.9761245600613802 -0.08337951815682024 0.52578 2.5707765526581845 0.08556141830814923
42297 11017321 -1.016367647148913 -0.08692806903536979 0.52578 2.5707765526581845 0.08556141830814923
42297 10628960 -2.9747073924793224 1.1302497444874675 0.6096 2.5707765526581845 0.08556141830814923
42298 11017321 -1.0508901502317847 -0.09199651114798083 0.52578 2.5707765526581845 0.08556141830814923
42298 10628960 -2.952161679937456 1.181761002000923 0.6096 2.5707765526581845 0.08556141830814923
42299 11017321 -1.0861116417918744 -0.096485738889343 0.5334 2.5707765526581845 0.08556141830814923
42299 10628960 -2.938965294190452 1.2220771543195605 0.6096 2.5707765526581845 0.08556141830814923
42300 11017321 -1.1432237406092522 -0.10000880721379071 0.54102 2.5707765526581845 0.08556141830814923
42300 10628960 -2.9191610427193595 1.2646706020272624 0.6400800000000001 2.5707765526581845 0.08556141830814923
42301 11017321 -1.1759517126509664 -0.09958807481785029 0.54864 2.5707765526581845 0.08556141830814923
42301 10628960 -2.8901825692363308 1.30726588871072 0.6400800000000001 2.5707765526581845 0.08556141830814923
42302 10628960 -2.861204095753302 1.3498611753941776 0.6400800000000001 2.5707765526581845 0.08556141830814923
42302 11017321 -1.2105090795716296 -0.10476129527493441 0.54864 2.5707765526581845 0.08556141830814923
42303 10628960 -2.8322256222702733 1.392456462077635 0.6400800000000001 2.5707765526581845 0.08556141830814923
42303 11017321 -1.242572766953092 -0.10502486600276187 0.54864 2.5707765526581845 0.08556141830814923
42304 10628960 -2.803247148787244 1.4350517487610925 0.6400800000000001 2.5707765526581845 0.08556141830814923
42304 11017321 -1.2818069114940707 -0.10820104250811827 0.55626 2.5707765526581845 0.08556141830814923
42305 10628960 -2.7742686753042154 1.4776470354445501 0.6400800000000001 2.5707765526581845 0.08556141830814923
42305 11017321 -1.332006415791663 -0.11339918990590905 0.56388 2.5707765526581845 0.08556141830814923
42306 10628960 -2.7452902018211867 1.5202423221280077 0.6400800000000001 2.5707765526581845 0.08556141830814923
42306 11017321 -1.3701639504175038 -0.11762805565293213 0.56388 2.5707765526581845 0.08556141830814923
42307 11017321 -1.4111243253138757 -0.12608094365097003 0.56388 2.5707765526581845 0.08556141830814923
42307 10628960 -2.716311728338158 1.5628376088114653 0.6400800000000001 2.5707765526581845 0.08556141830814923
42308 11017321 -1.429132426771775 -0.12953849564566536 0.56388 2.5707765526581845 0.08556141830814923
42308 10628960 -2.681122979032608 1.5957218864956721 0.6400800000000001 2.5707765526581845 0.08556141830814923
42309 11017321 -1.4611319747938656 -0.13367775868647844 0.56769 2.5707765526581845 0.08556141830814923
42309 10628960 -2.6436947791077 1.631378666824719 0.67056 2.5707765526581845 0.08556141830814923
42310 10628960 -2.6152026088077007 1.6560166523566642 0.67056 2.5707765526581845 0.08556141830814923
42310 11017321 -1.493131522815956 -0.13781702172729152 0.5715 2.5707765526581845 0.08556141830814923
42311 10628960 -2.586710438507701 1.6806546378886094 0.67056 2.5707765526581845 0.08556141830814923
42311 11017321 -1.5293569050338987 -0.14700009391921845 0.5715 2.5707765526581845 0.08556141830814923
42312 11017321 -1.5809426357774599 -0.1605062381278122 0.57531 2.5707765526581845 0.08556141830814923
42312 10628960 -2.5582182682077015 1.7052926234205545 0.67056 2.5707765526581845 0.08556141830814923
42313 11017321 -1.6286822791547013 -0.18017727691134958 0.57912 2.5707765526581845 0.08556141830814923
42313 10628960 -2.488987452244352 1.7601032176327087 0.67056 2.5707765526581845 0.08556141830814923
42314 11017321 -1.669588258218164 -0.2006811519746288 0.58674 2.5707765526581845 0.08556141830814923
42314 10628960 -2.4591106661887547 1.7811724366114456 0.67056 2.5707765526581845 0.08556141830814923
42315 10628960 -2.4292338801331574 1.8022416555901826 0.67056 2.5707765526581845 0.08556141830814923
42315 11017321 -1.6904817031830897 -0.21499514085951996 0.58674 2.5707765526581845 0.08556141830814923
42316 10628960 -2.3948413892284472 1.8326997537700787 0.67056 2.5707765526581845 0.08556141830814923
42316 11017321 -1.7113751481480153 -0.22930912974441112 0.58674 2.5707765526581845 0.08556141830814923
42317 10628960 -2.3472447038831836 1.8603555964510334 0.67056 2.5707765526581845 0.08556141830814923
42317 11017321 -1.735772283183236 -0.25392726516543807 0.59436 2.5707765526581845 0.08556141830814923
42318 10628960 -2.2834212329869557 1.8990595600875972 0.67056 2.5707765526581845 0.08556141830814923
42318 11017321 -1.763368034600336 -0.2877809589256237 0.59436 2.5707765526581845 0.08556141830814923
42319 11017321 -1.7847964998448238 -0.32885117775585243 0.59436 2.5707765526581845 0.08556141830814923
42319 10628960 -2.2434886973008963 1.9233817385790772 0.67056 2.5707765526581845 0.08556141830814923
42320 10628960 -2.196447900459825 1.9477147604045684 0.67056 2.5707765526581845 0.08556141830814923
42320 11017321 -1.8062249650893116 -0.36992139658608114 0.59436 2.5707765526581845 0.08556141830814923
42321 11017321 -1.8188949232420313 -0.4086570720676119 0.59436 2.5707765526581845 0.08556141830814923
42321 10628960 -2.1443601970879085 1.9739017464433266 0.67056 2.5707765526581845 0.08556141830814923
42322 11017321 -1.8345866635148746 -0.4729267737350077 0.59436 2.5707765526581845 0.08556141830814923
42322 10628960 -2.09924533567919 1.9988654289468664 0.67056 2.5707765526581845 0.08556141830814923
42323 11017321 -1.8362672251800223 -0.5092981429837512 0.59436 2.5707765526581845 0.08556141830814923
42323 10628960 -2.06349028805931 2.0166683221653345 0.67056 2.5707765526581845 0.08556141830814923
42324 11017321 -1.8370270860932403 -0.5634964458506119 0.6019800000000001 2.5707765526581845 0.08556141830814923
42324 10628960 -2.02773524043943 2.034471215383803 0.67056 2.5707765526581845 0.08556141830814923
42325 10628960 -1.9781432014850553 2.055750280539914 0.7010400000000001 2.5707765526581845 0.08556141830814923
42325 11017321 -1.8360307071950799 -0.5854374889209079 0.60579 2.5707765526581845 0.08556141830814923
42326 11017321 -1.8350343282969195 -0.6073785319912038 0.6096 2.5707765526581845 0.08556141830814923
42326 10628960 -1.934185646705201 2.073381632006486 0.7010400000000001 2.5707765526581845 0.08556141830814923
42327 11017321 -1.8230858302260604 -0.6713416133490601 0.61722 2.5707765526581845 0.08556141830814923
42327 10628960 -1.8874921484410978 2.0966611778301965 0.7010400000000001 2.5707765526581845 0.08556141830814923
42328 11017321 -1.8104993444112305 -0.7186885102069083 0.61722 2.5707765526581845 0.08556141830814923
42328 10628960 -1.8430940267529585 2.1183551189824192 0.7010400000000001 2.5707765526581845 0.08556141830814923
42329 11017321 -1.7939999243471318 -0.7643941450485817 0.61722 2.5707765526581845 0.08556141830814923
42329 10628960 -1.7948524625496016 2.1422969532204674 0.7010400000000001 2.5707765526581845 0.08556141830814923
42330 10628960 -1.7502876076910614 2.1604314226950594 0.7010400000000001 2.5707765526581845 0.08556141830814923
42330 11017321 -1.782998673084127 -0.8040952331033808 0.61722 2.5707765526581845 0.08556141830814923
42331 11017321 -1.7673959177612628 -0.8416792420972822 0.6248400000000001 2.5707765526581845 0.08556141830814923
42331 10628960 -1.6972971856926218 2.1866757016819625 0.7010400000000001 2.5707765526581845 0.08556141830814923
42332 11017321 -1.7392968242712359 -0.8945665534373156 0.6248400000000001 2.5707765526581845 0.08556141830814923
42332 10628960 -1.6280030581471123 2.2138954343559023 0.7010400000000001 2.5707765526581845 0.08556141830814923
42333 10628960 -1.6015499285547372 2.2258047654439213 0.7010400000000001 2.5707765526581845 0.08556141830814923
42333 11017321 -1.718884186760625 -0.9285825178761752 0.63246 2.5707765526581845 0.08556141830814923
42334 11017321 -1.6961197542731605 -0.9621991225885628 0.63246 2.5707765526581845 0.08556141830814923
42334 10628960 -1.5480446807726513 2.251998182719279 0.7010400000000001 2.5707765526581845 0.08556141830814923
42335 11017321 -1.6634327806043612 -0.9942703173217075 0.63246 2.5707765526581845 0.08556141830814923
42335 10628960 -1.4949605483278157 2.272020165390048 0.7010400000000001 2.5707765526581845 0.08556141830814923
42336 11017321 -1.6373566919083842 -1.0202068425443074 0.6400800000000001 2.5707765526581845 0.08556141830814923
42336 10628960 -1.4520351345287013 2.2913933345406425 0.7010400000000001 2.5707765526581845 0.08556141830814923
42337 11017321 -1.5995027141049405 -1.047073992115889 0.6400800000000001 2.5707765526581845 0.08556141830814923
42337 10628960 -1.383319929970501 2.31576623078403 0.7010400000000001 2.5707765526581845 0.08556141830814923
42338 10628960 -1.3569467629981184 2.32852022938411 0.7010400000000001 2.5707765526581845 0.08556141830814923
42338 11017321 -1.5551460663858105 -1.0744316535502867 0.6400800000000001 2.5707765526581845 0.08556141830814923
42339 11017321 -1.5118594232254623 -1.094195205334467 0.6400800000000001 2.5707765526581845 0.08556141830814923
42339 10628960 -1.2936424063069636 2.3537291575742283 0.7010400000000001 2.5707765526581845 0.08556141830814923
42340 11017321 -1.442618981763294 -1.1147342495168615 0.6400800000000001 2.5707765526581845 0.08556141830814923
42340 10628960 -1.2453881763485286 2.372294635462981 0.73152 2.5707765526581845 0.08556141830814923
42341 10628960 -1.1957266380629339 2.397877784286412 0.73152 2.5707765526581845 0.08556141830814923
42341 11017321 -1.3968557240925252 -1.1242074620236986 0.6400800000000001 2.5707765526581845 0.08556141830814923
42342 10628960 -1.14439724868137 2.419059820635472 0.73152 2.5707765526581845 0.08556141830814923
42342 11017321 -1.3512953969796262 -1.1302257886303018 0.6400800000000001 2.5707765526581845 0.08556141830814923
42343 11017321 -1.3154477910948295 -1.1347035165680384 0.6400800000000001 2.5707765526581845 0.08556141830814923
42343 10628960 -1.0931027009510197 2.4401366690405415 0.73152 2.5707765526581845 0.08556141830814923
42344 10628960 -1.0598989136559256 2.456674323183054 0.73152 2.5707765526581845 0.08556141830814923
42344 11017321 -1.2796001852100325 -1.139181244505775 0.6400800000000001 2.5707765526581845 0.08556141830814923
42345 10628960 -1.0266951263608317 2.4732119773255667 0.73152 2.5707765526581845 0.08556141830814923
42345 11017321 -1.1999851788768774 -1.14184617967929 0.6400800000000001 2.5707765526581845 0.08556141830814923
42346 10628960 -0.9764166573408624 2.498243801117605 0.73152 2.5707765526581845 0.08556141830814923
42346 11017321 -1.1584157399829793 -1.1415928421178871 0.6400800000000001 2.5707765526581845 0.08556141830814923
42347 10628960 -0.939463434782484 2.520273610024474 0.73152 2.5707765526581845 0.08556141830814923
42347 11017321 -1.1168463010890812 -1.141339504556484 0.6400800000000001 2.5707765526581845 0.08556141830814923
42348 10628960 -0.8860693785117628 2.543702543057899 0.73152 2.5707765526581845 0.08556141830814923
42348 11017321 -1.062393760765419 -1.1432533331165564 0.6400800000000001 2.5707765526581845 0.08556141830814923
42349 11017321 -0.9897030964128466 -1.142366953797541 0.6400800000000001 2.5707765526581845 0.08556141830814923
42349 10628960 -0.8471782726652533 2.5665008588987606 0.73152 2.5707765526581845 0.08556141830814923
42350 10628960 -0.7949900973577544 2.5886889216617885 0.73152 2.5707765526581845 0.08556141830814923
42350 11017321 -0.9410048753449457 -1.1408212402542137 0.6400800000000001 2.5707765526581845 0.08556141830814923
42351 11017321 -0.8923066542770448 -1.1392755267108867 0.6400800000000001 2.5707765526581845 0.08556141830814923
42351 10628960 -0.743370871789357 2.6145685056839243 0.73152 2.5707765526581845 0.08556141830814923
42352 10628960 -0.7009826317198218 2.6385602772248764 0.73152 2.5707765526581845 0.08556141830814923
42352 11017321 -0.8271629520511745 -1.1383738872983542 0.6400800000000001 2.5707765526581845 0.08556141830814923
42353 11017321 -0.7766621858714611 -1.1344373493756084 0.6400800000000001 2.5707765526581845 0.08556141830814923
42353 10628960 -0.6597176365342696 2.6629195788300954 0.762 2.5707765526581845 0.08556141830814923
42354 10628960 -0.6086892335784839 2.684553156600162 0.762 2.5707765526581845 0.08556141830814923
42354 11017321 -0.721391149443652 -1.131125236248293 0.6477 2.5707765526581845 0.08556141830814923
42355 10628960 -0.5615486225911379 2.7099122031294773 0.762 2.5707765526581845 0.08556141830814923
42355 11017321 -0.6660745177485394 -1.127944482348365 0.6400800000000001 2.5707765526581845 0.08556141830814923
42356 11017321 -0.6394059463383786 -1.1238106236594207 0.6400800000000001 2.5707765526581845 0.08556141830814923
42356 10628960 -0.5144080116037919 2.7352712496587928 0.762 2.5707765526581845 0.08556141830814923
42357 11017321 -0.5615089651781648 -1.1219350824115977 0.6400800000000001 2.5707765526581845 0.08556141830814923
42357 10628960 -0.4681801277680724 2.759877549965099 0.762 2.5707765526581845 0.08556141830814923
42358 11017321 -0.47264492574836114 -1.116399984581302 0.6477 2.5707765526581845 0.08556141830814923
42358 10628960 -0.406925843599091 2.792422006227352 0.762 2.5707765526581845 0.08556141830814923
42359 11017321 -0.4266333915388587 -1.1169522865386754 0.6477 2.5707765526581845 0.08556141830814923
42359 10628960 -0.36303794030072134 2.8163919418966548 0.762 2.5707765526581845 0.08556141830814923
42360 11017321 -0.3700559811633466 -1.1137142708341181 0.6477 2.5707765526581845 0.08556141830814923
42360 10628960 -0.31786100239100423 2.8448476686189967 0.762 2.5707765526581845 0.08556141830814923
42361 11017321 -0.31506571227931834 -1.1153313101233269 0.6477 2.5707765526581845 0.08556141830814923
42361 10628960 -0.2771899810724505 2.863327045196462 0.762 2.5707765526581845 0.08556141830814923
42362 11017321 -0.2562225041078692 -1.1173894110820164 0.6477 2.5707765526581845 0.08556141830814923
42362 10628960 -0.23038507538338115 2.8924191010212854 0.762 2.5707765526581845 0.08556141830814923
42363 11017321 -0.19555816743806465 -1.1220283511755642 0.6477 2.5707765526581845 0.08556141830814923
42363 10628960 -0.1901797155461391 2.9149066937295918 0.762 2.5707765526581845 0.08556141830814923
42364 11017321 -0.15056574450473148 -1.1202598332059583 0.65532 2.5707765526581845 0.08556141830814923
42364 10628960 -0.15638365341908367 2.9340866737025126 0.762 2.5707765526581845 0.08556141830814923
42365 10628960 -0.12258759129202823 2.9532666536754335 0.762 2.5707765526581845 0.08556141830814923
42365 11017321 -0.12308241314846063 -1.1212389491377377 0.65532 2.5707765526581845 0.08556141830814923
42366 11017321 -0.09559908179218979 -1.122218065069517 0.65532 2.5707765526581845 0.08556141830814923
42366 10628960 -0.07611627560346179 2.979985704858392 0.762 2.5707765526581845 0.08556141830814923
42367 11017321 -0.0073162474786504506 -1.1236143755166244 0.65532 2.5707765526581845 0.08556141830814923
42367 10628960 -0.029644959914895352 3.0067047560413513 0.762 2.5707765526581845 0.08556141830814923
42368 11017321 0.019062714630878164 -1.12172030855999 0.65532 2.5707765526581845 0.08556141830814923
42368 10628960 0.009077092111659413 3.0262898234667386 0.762 2.5707765526581845 0.08556141830814923
42369 11017321 0.0987754541765915 -1.1265066647380553 0.6477 2.5707765526581845 0.08556141830814923
42369 10628960 0.05587809099699659 3.053748586070878 0.762 2.5707765526581845 0.08556141830814923
42370 10628960 0.09663401311617226 3.077926527950021 0.762 2.5707765526581845 0.08556141830814923
42370 11017321 0.16196304544619167 -1.130214857766314 0.6477 2.5707765526581845 0.08556141830814923
42371 11017321 0.2109895260392487 -1.1310475828856639 0.6477 2.5707765526581845 0.08556141830814923
42371 10628960 0.14494176753343646 3.1102674090071893 0.762 2.5707765526581845 0.08556141830814923
42372 10628960 0.19247200500549289 3.13480105502831 0.762 2.5707765526581845 0.08556141830814923
42372 11017321 0.26948688246371244 -1.1341568881800834 0.6400800000000001 2.5707765526581845 0.08556141830814923
42373 10628960 0.23716015352875508 3.1601473212601103 0.7924800000000001 2.5707765526581845 0.08556141830814923
42373 11017321 0.32345528629060527 -1.1359027341252599 0.6400800000000001 2.5707765526581845 0.08556141830814923
42374 11017321 0.4136372519271064 -1.1415363619830685 0.6400800000000001 2.5707765526581845 0.08556141830814923
42374 10628960 0.27671664782597016 3.188807279449213 0.7924800000000001 2.5707765526581845 0.08556141830814923
42375 11017321 0.47387739734292933 -1.144746204209798 0.6400800000000001 2.5707765526581845 0.08556141830814923
42375 10628960 0.34660751126499734 3.231500659248669 0.7924800000000001 2.5707765526581845 0.08556141830814923
42376 10628960 0.3874306950422297 3.2558912759412943 0.7924800000000001 2.5707765526581845 0.08556141830814923
42376 11017321 0.5483631934852781 -1.1451330052920679 0.6400800000000001 2.5707765526581845 0.08556141830814923
42377 10628960 0.4356625508857682 3.2839352413008167 0.7924800000000001 2.5707765526581845 0.08556141830814923
42377 11017321 0.6069634843925332 -1.1479228488865076 0.63246 2.5707765526581845 0.08556141830814923
42378 11017321 0.6654257394174068 -1.1511344432416004 0.6400800000000001 2.5707765526581845 0.08556141830814923
42378 10628960 0.4690072233123357 3.3044621417745486 0.7924800000000001 2.5707765526581845 0.08556141830814923
42379 10628960 0.5023518957389032 3.3249890422482804 0.7924800000000001 2.5707765526581845 0.08556141830814923
42379 11017321 0.6946740670933835 -1.1526872195348015 0.6400800000000001 2.5707765526581845 0.08556141830814923
42380 11017321 0.7239223947693603 -1.1542399958280025 0.6400800000000001 2.5707765526581845 0.08556141830814923
42380 10628960 0.5492295345995291 3.3524247932845204 0.7924800000000001 2.5707765526581845 0.08556141830814923
42381 11017321 0.7940373633869404 -1.1557666489128111 0.6477 2.5707765526581845 0.08556141830814923
42381 10628960 0.596107173460155 3.3798605443207603 0.7924800000000001 2.5707765526581845 0.08556141830814923
42382 10628960 0.6349517031442128 3.399290856117467 0.7924800000000001 2.5707765526581845 0.08556141830814923
42382 11017321 0.8462731566475685 -1.1576437192909401 0.65532 2.5707765526581845 0.08556141830814923
42383 11017321 0.9012382158777443 -1.159594220450358 0.65532 2.5707765526581845 0.08556141830814923
42383 10628960 0.6811291470465161 3.4264886151533545 0.7924800000000001 2.5707765526581845 0.08556141830814923
42384 11017321 0.9859946477532717 -1.1649673681702823 0.6629400000000001 2.5707765526581845 0.08556141830814923
42384 10628960 0.7076674758431037 3.4397776936834354 0.7924800000000001 2.5707765526581845 0.08556141830814923
42385 10628960 0.780382497484321 3.4802652372086693 0.7924800000000001 2.5707765526581845 0.08556141830814923
42385 11017321 1.042939165151779 -1.1728205003862269 0.67056 2.5707765526581845 0.08556141830814923
42386 11017321 1.0969408732591048 -1.1744548947565518 0.67056 2.5707765526581845 0.08556141830814923
42386 10628960 0.8295861708202672 3.5085773128474744 0.7924800000000001 2.5707765526581845 0.08556141830814923
42387 11017321 1.1441058254331828 -1.1785287382595253 0.67056 2.5707765526581845 0.08556141830814923
42387 10628960 0.8793584360922295 3.533198747079718 0.7924800000000001 2.5707765526581845 0.08556141830814923
42388 11017321 1.1873375548217915 -1.1821353534821148 0.67056 2.5707765526581845 0.08556141830814923
42388 10628960 0.9243181817656387 3.559393532724118 0.7924800000000001 2.5707765526581845 0.08556141830814923
42389 10628960 0.9975999382016202 3.5961922301096227 0.7924800000000001 2.5707765526581845 0.08556141830814923
42389 11017321 1.2500294407012325 -1.1870743590939512 0.67056 2.5707765526581845 0.08556141830814923
42390 10628960 1.0492408536853741 3.622189764844292 0.7924800000000001 2.5707765526581845 0.08556141830814923
42390 11017321 1.312561873531859 -1.1903252430835976 0.6629400000000001 2.5707765526581845 0.08556141830814923
42391 11017321 1.3655622507907568 -1.1966540227449016 0.65532 2.5707765526581845 0.08556141830814923
42391 10628960 1.0979596321787373 3.6490258434946927 0.82296 2.5707765526581845 0.08556141830814923
42392 11017321 1.4204118689066623 -1.1986798441714441 0.65532 2.5707765526581845 0.08556141830814923
42392 10628960 1.1542000645832584 3.6787778946564034 0.82296 2.5707765526581845 0.08556141830814923
42393 10628960 1.203853645074338 3.7016871063254992 0.82296 2.5707765526581845 0.08556141830814923
42393 11017321 1.4974232206145268 -1.2089942681499146 0.65532 2.5707765526581845 0.08556141830814923
42394 11017321 1.5353879508114394 -1.2127477705863432 0.65532 2.5707765526581845 0.08556141830814923
42394 10628960 1.2516183728924921 3.7269663772259847 0.82296 2.5707765526581845 0.08556141830814923
42395 11017321 1.5733526810083522 -1.2165012730227718 0.65532 2.5707765526581845 0.08556141830814923
42395 10628960 1.282427654599579 3.7383936220853915 0.80772 2.5707765526581845 0.08556141830814923
42396 10628960 1.3132369363066658 3.749820866944798 0.7924800000000001 2.5707765526581845 0.08556141830814923
42396 11017321 1.6142753328961024 -1.2213955786427513 0.65913 2.5707765526581845 0.08556141830814923
42397 11017321 1.6551979847838525 -1.2262898842627308 0.6629400000000001 2.5707765526581845 0.08556141830814923
42397 10628960 1.3655845095251502 3.774186961784779 0.82296 2.5707765526581845 0.08556141830814923
42398 10628960 1.4151332629595959 3.796780926888856 0.82296 2.5707765526581845 0.08556141830814923
42398 11017321 1.7054499433448538 -1.2263449306610628 0.67056 2.5707765526581845 0.08556141830814923
42399 11017321 1.7451025401292997 -1.2311159172532953 0.67056 2.5707765526581845 0.08556141830814923
42399 10628960 1.4587053306022297 3.8146690734961375 0.82296 2.5707765526581845 0.08556141830814923
42400 10628960 1.5398164504983258 3.8469265399410166 0.82296 2.5707765526581845 0.08556141830814923
42400 11017321 1.7989104114773604 -1.229527828702076 0.67056 2.5707765526581845 0.08556141830814923
42401 11017321 1.84768094720136 -1.2324859825496357 0.67056 2.5707765526581845 0.08556141830814923
42401 10628960 1.590968127234936 3.8689974888462113 0.82296 2.5707765526581845 0.08556141830814923
42402 11017321 1.890178465680943 -1.2356151094693533 0.6781800000000001 2.5707765526581845 0.08556141830814923
42402 10628960 1.6500678233534658 3.8857842325442142 0.82296 2.5707765526581845 0.08556141830814923
42403 11017321 1.9454435209615542 -1.23228224535016 0.6781800000000001 2.5707765526581845 0.08556141830814923
42403 10628960 1.701557731185217 3.9031888575754694 0.82296 2.5707765526581845 0.08556141830814923
42404 11017321 1.9915205571682624 -1.232607724325808 0.6781800000000001 2.5707765526581845 0.08556141830814923
42404 10628960 1.7832659550654673 3.9277760945310343 0.7924800000000001 2.5707765526581845 0.08556141830814923
42405 10628960 1.8361608059504002 3.9413342953776063 0.82296 2.5707765526581845 0.08556141830814923
42405 11017321 2.031693902760581 -1.2292530807874782 0.6781800000000001 2.5707765526581845 0.08556141830814923
42406 11017321 2.09337918714417 -1.2280154143175521 0.67056 2.5707765526581845 0.08556141830814923
42406 10628960 1.8720447643734095 3.9522733497102496 0.82296 2.5707765526581845 0.08556141830814923
42407 10628960 1.951880380870669 3.973852261440824 0.82296 2.5707765526581845 0.08556141830814923
42407 11017321 2.1309353491615433 -1.2285953353241394 0.67056 2.5707765526581845 0.08556141830814923
42408 11017321 2.1627539753813747 -1.2256663467348563 0.67056 2.5707765526581845 0.08556141830814923
42408 10628960 2.0135978915188666 3.986164231182484 0.82296 2.5707765526581845 0.08556141830814923
42409 11017321 2.194572601601206 -1.222737358145573 0.67056 2.5707765526581845 0.08556141830814923
42409 10628960 2.06494123816586 3.9966090287509823 0.82296 2.5707765526581845 0.08556141830814923
42410 10628960 2.0976752245595334 4.004430846199261 0.82296 2.5707765526581845 0.08556141830814923
42410 11017321 2.2415098172238794 -1.2220572070923463 0.6629400000000001 2.5707765526581845 0.08556141830814923
42411 11017321 2.282826059887696 -1.224448050733036 0.6629400000000001 2.5707765526581845 0.08556141830814923
42411 10628960 2.1304092109532062 4.012252663647539 0.82296 2.5707765526581845 0.08556141830814923
42412 11017321 2.332274241815089 -1.2242366454859142 0.6629400000000001 2.5707765526581845 0.08556141830814923
42412 10628960 2.2087960854063553 4.031035990983168 0.7924800000000001 2.5707765526581845 0.08556141830814923
42413 10628960 2.264758848001389 4.0431270032055 0.7924800000000001 2.5707765526581845 0.08556141830814923
42413 11017321 2.3647474339917776 -1.2292305433660715 0.6629400000000001 2.5707765526581845 0.08556141830814923
42414 10628960 2.3279752423620206 4.054600958255579 0.7924800000000001 2.5707765526581845 0.08556141830814923
42414 11017321 2.4173477469802247 -1.231332601215597 0.65532 2.5707765526581845 0.08556141830814923
42415 10628960 2.3882160442498424 4.070552280336951 0.7924800000000001 2.5707765526581845 0.08556141830814923
42415 11017321 2.462631360723397 -1.2340830586977674 0.65532 2.5707765526581845 0.08556141830814923
42416 11017321 2.5053802317036085 -1.2375244277302813 0.65532 2.5707765526581845 0.08556141830814923
42416 10628960 2.4447834355911917 4.080694490608606 0.7924800000000001 2.5707765526581845 0.08556141830814923
42417 10628960 2.4956245104230703 4.0950442766285855 0.7924800000000001 2.5707765526581845 0.08556141830814923
42417 11017321 2.5560197020669433 -1.2391022475108298 0.6477 2.5707765526581845 0.08556141830814923
42418 11017321 2.5998900129144875 -1.2414195995715316 0.6457950000000001 2.5707765526581845 0.08556141830814923
42418 10628960 2.5799659024906783 4.1114182736684874 0.7924800000000001 2.5707765526581845 0.08556141830814923
42419 10628960 2.6088656523757052 4.117018922067571 0.7924800000000001 2.5707765526581845 0.08556141830814923
42419 11017321 2.6437603237620313 -1.2437369516322334 0.6438900000000001 2.5707765526581845 0.08556141830814923
42420 10628960 2.637765402260732 4.122619570466654 0.7924800000000001 2.5707765526581845 0.08556141830814923
42420 11017321 2.683570976071353 -1.2462473306713817 0.6457950000000001 2.5707765526581845 0.08556141830814923
42421 11017321 2.7233816283806753 -1.24875770971053 0.6477 2.5707765526581845 0.08556141830814923
42421 10628960 2.7083320229117573 4.134869498488081 0.7924800000000001 2.5707765526581845 0.08556141830814923
42422 10628960 2.778898643562783 4.1471194265095095 0.7924800000000001 2.5707765526581845 0.08556141830814923
42422 11017321 2.7683691254901097 -1.246970690511902 0.6400800000000001 2.5707765526581845 0.08556141830814923
42423 11017321 2.808368768353331 -1.2441395007025906 0.6477 2.5707765526581845 0.08556141830814923
42423 10628960 2.849465264213808 4.159369354530937 0.7924800000000001 2.5707765526581845 0.08556141830814923
42424 10628960 2.9079793340135174 4.170046932008131 0.7924800000000001 2.5707765526581845 0.08556141830814923
42424 11017321 2.8468766224480033 -1.2431575110153357 0.6477 2.5707765526581845 0.08556141830814923
42425 11017321 2.888379974312012 -1.2370786473532405 0.6477 2.5707765526581845 0.08556141830814923
42425 10628960 2.955306386501108 4.179083060173843 0.7924800000000001 2.5707765526581845 0.08556141830814923
42426 11017321 2.946534724086371 -1.2289580435828233 0.6400800000000001 2.5707765526581845 0.08556141830814923
42426 10628960 3.0026334389886986 4.188119188339556 0.7924800000000001 2.5707765526581845 0.08556141830814923
42427 10628960 3.0499604914762894 4.197155316505268 0.7924800000000001 2.5707765526581845 0.08556141830814923
42427 11017321 2.9755633501835295 -1.2189241158366269 0.6438900000000001 2.5707765526581845 0.08556141830814923
42428 11017321 3.004591976280688 -1.2088901880904301 0.6477 2.5707765526581845 0.08556141830814923
42428 10628960 3.1235922208609774 4.211191539008826 0.7924800000000001 2.5707765526581845 0.08556141830814923
42429 11017321 3.02372407831138 -1.1992475118397594 0.6477 2.5707765526581845 0.08556141830814923
42429 10628960 3.1972239502456654 4.225227761512384 0.7924800000000001 2.5707765526581845 0.08556141830814923
42430 10628960 3.2365997544728193 4.231118253196076 0.7924800000000001 2.5707765526581845 0.08556141830814923
42430 11017321 3.066872474241536 -1.1813224280775896 0.6400800000000001 2.5707765526581845 0.08556141830814923
42431 10628960 3.2759755586999733 4.237008744879767 0.7924800000000001 2.5707765526581845 0.08556141830814923
42431 11017321 3.1032587620833434 -1.155816899705312 0.6400800000000001 2.5707765526581845 0.08556141830814923
42432 10628960 3.3413895629532577 4.248444754763372 0.7924800000000001 2.5707765526581845 0.08556141830814923
42432 11017321 3.1531359186531223 -1.118360105100466 0.63246 2.5707765526581845 0.08556141830814923
42433 11017321 3.184224787388813 -1.0911255491513876 0.63246 2.5707765526581845 0.08556141830814923
42433 10628960 3.4068035672065426 4.259880764646978 0.7924800000000001 2.5707765526581845 0.08556141830814923
42434 10628960 3.4722175714598276 4.2713167745305824 0.7924800000000001 2.5707765526581845 0.08556141830814923
42434 11017321 3.2031387630157195 -1.0690875760478238 0.62865 2.5707765526581845 0.08556141830814923
42435 10628960 3.537631575713112 4.282752784414187 0.7924800000000001 2.5707765526581845 0.08556141830814923
42435 11017321 3.222052738642626 -1.04704960294426 0.6248400000000001 2.5707765526581845 0.08556141830814923
42436 10628960 3.5334329321562743 4.28297503107938 0.7925846523605151 2.5707765526581845 0.08556141830814923
42436 11017321 3.2398861354400372 -1.0185262680353673 0.6248400000000001 2.5707765526581845 0.08556141830814923
42437 10628960 3.5292342885994366 4.283197277744574 0.7926893047210302 2.5707765526581845 0.08556141830814923
42437 11017321 3.2657772010239707 -0.9734750849921493 0.6248400000000001 2.5707765526581845 0.08556141830814923
42438 11017321 3.292235091944935 -0.9179788570167832 0.61722 2.5707765526581845 0.08556141830814923
42438 10628960 3.5250356450425993 4.2834195244097675 0.7927939570815451 2.5707765526581845 0.08556141830814923
42439 11017321 3.300947356940065 -0.8994451824468664 0.61722 2.5707765526581845 0.08556141830814923
42439 10628960 3.5208370014857615 4.2836417710749615 0.7928986094420601 2.5707765526581845 0.08556141830814923
42440 11017321 3.322751195619194 -0.8407947612784424 0.61722 2.5707765526581845 0.08556141830814923
42440 10628960 3.5166383579289238 4.283864017740155 0.7930032618025752 2.5707765526581845 0.08556141830814923
42441 11017321 3.330889804534695 -0.7995289275107327 0.6096 2.5707765526581845 0.08556141830814923
42441 10628960 3.512439714372086 4.284086264405348 0.7931079141630902 2.5707765526581845 0.08556141830814923
42442 10628960 3.5082410708152487 4.284308511070542 0.7932125665236053 2.5707765526581845 0.08556141830814923
42442 11017321 3.3380192354860876 -0.7586346328947197 0.6096 2.5707765526581845 0.08556141830814923
42443 11017321 3.341223256459069 -0.7372520795716372 0.6096 2.5707765526581845 0.08556141830814923
42443 10628960 3.504042427258411 4.284530757735735 0.7933172188841202 2.5707765526581845 0.08556141830814923
42444 10628960 3.4998437837015732 4.284753004400929 0.7934218712446353 2.5707765526581845 0.08556141830814923
42444 11017321 3.3444272774320503 -0.7158695262485547 0.6096 2.5707765526581845 0.08556141830814923
42445 11017321 3.3471823863012133 -0.6636185561172866 0.6096 2.5707765526581845 0.08556141830814923
42445 10628960 3.4956451401447355 4.284975251066122 0.7935265236051503 2.5707765526581845 0.08556141830814923
42446 10628960 3.4914464965878977 4.285197497731315 0.7936311759656653 2.5707765526581845 0.08556141830814923
42446 11017321 3.346823159034284 -0.6255369614807185 0.6096 2.5707765526581845 0.08556141830814923
42447 11017321 3.3451736457189165 -0.5658326016335953 0.6096 2.5707765526581845 0.08556141830814923
42447 10628960 3.4872478530310604 4.285419744396509 0.7937358283261803 2.5707765526581845 0.08556141830814923
42448 10628960 3.4830492094742227 4.285641991061702 0.7938404806866953 2.5707765526581845 0.08556141830814923
42448 11017321 3.3432230334175848 -0.5293634354598283 0.611505 2.5707765526581845 0.08556141830814923
42449 10628960 3.478850565917385 4.285864237726896 0.7939451330472104 2.5707765526581845 0.08556141830814923
42449 11017321 3.341272421116253 -0.49289426928606145 0.61341 2.5707765526581845 0.08556141830814923
42450 10628960 3.474651922360547 4.286086484392089 0.7940497854077254 2.5707765526581845 0.08556141830814923
42450 11017321 3.3413528226755163 -0.45945336139844484 0.6153150000000001 2.5707765526581845 0.08556141830814923
42451 10628960 3.47045327880371 4.286308731057282 0.7941544377682405 2.5707765526581845 0.08556141830814923
42451 11017321 3.3414332242347795 -0.42601245351082817 0.61722 2.5707765526581845 0.08556141830814923
42452 10628960 3.466254635246872 4.286530977722476 0.7942590901287554 2.5707765526581845 0.08556141830814923
42452 11017321 3.3383366951800575 -0.38353295675838095 0.6096 2.5707765526581845 0.08556141830814923
42453 10628960 3.4620559916900344 4.286753224387669 0.7943637424892704 2.5707765526581845 0.08556141830814923
42453 11017321 3.3330688993967357 -0.3493394883836245 0.6096 2.5707765526581845 0.08556141830814923
42454 10628960 3.4578573481331967 4.286975471052863 0.7944683948497855 2.5707765526581845 0.08556141830814923
42454 11017321 3.32760672433849 -0.3143816614043149 0.6096 2.5707765526581845 0.08556141830814923
42455 11017321 3.3201751613201047 -0.27457574851104594 0.6096 2.5707765526581845 0.08556141830814923
42455 10628960 3.453658704576359 4.2871977177180565 0.7945730472103005 2.5707765526581845 0.08556141830814923
42456 11017321 3.315265793245291 -0.2569699465594658 0.6096 2.5707765526581845 0.08556141830814923
42456 10628960 3.4494600610195216 4.28741996438325 0.7946776995708156 2.5707765526581845 0.08556141830814923
42457 11017321 3.310356425170477 -0.23936414460788571 0.6096 2.5707765526581845 0.08556141830814923
42457 10628960 3.445261417462684 4.287642211048444 0.7947823519313305 2.5707765526581845 0.08556141830814923
42458 11017321 3.289834699778927 -0.19341683983999167 0.6019800000000001 2.5707765526581845 0.08556141830814923
42458 10628960 3.441062773905846 4.287864457713637 0.7948870042918456 2.5707765526581845 0.08556141830814923
42459 11017321 3.2712293261604097 -0.1660842804856905 0.6019800000000001 2.5707765526581845 0.08556141830814923
42459 10628960 3.4368641303490084 4.288086704378831 0.7949916566523606 2.5707765526581845 0.08556141830814923
42460 11017321 3.2476149057979367 -0.1364158810925545 0.59436 2.5707765526581845 0.08556141830814923
42460 10628960 3.432665486792171 4.288308951044024 0.7950963090128756 2.5707765526581845 0.08556141830814923
42461 10628960 3.4284668432353334 4.288531197709218 0.7952009613733906 2.5707765526581845 0.08556141830814923
42461 11017321 3.222346801515074 -0.11181471923046879 0.59436 2.5707765526581845 0.08556141830814923
42462 10628960 3.4242681996784956 4.288753444374411 0.7953056137339056 2.5707765526581845 0.08556141830814923
42462 11017321 3.196618674189125 -0.08998364613299906 0.58674 2.5707765526581845 0.08556141830814923
42463 11017321 3.165249048359515 -0.06911464481224541 0.57912 2.5707765526581845 0.08556141830814923
42463 10628960 3.420069556121658 4.288975691039604 0.7954102660944207 2.5707765526581845 0.08556141830814923
42464 11017321 3.1307439263858905 -0.05785223924294439 0.57912 2.5707765526581845 0.08556141830814923
42464 10628960 3.41587091256482 4.289197937704798 0.7955149184549357 2.5707765526581845 0.08556141830814923
42465 11017321 3.0984279949534788 -0.04804388225152784 0.57658 2.5707765526581845 0.08556141830814923
42465 10628960 3.411672269007983 4.289420184369991 0.7956195708154508 2.5707765526581845 0.08556141830814923
42466 11017321 3.066112063521067 -0.0382355252601113 0.57404 2.5707765526581845 0.08556141830814923
42466 10628960 3.407473625451145 4.289642431035185 0.7957242231759657 2.5707765526581845 0.08556141830814923
42467 11017321 3.0337961320886553 -0.028427168268694764 0.5715 2.5707765526581845 0.08556141830814923
42467 10628960 3.4032749818943073 4.289864677700378 0.7958288755364807 2.5707765526581845 0.08556141830814923
42468 10628960 3.3990763383374696 4.290086924365571 0.7959335278969958 2.5707765526581845 0.08556141830814923
42468 11017321 3.00002975029194 -0.028502733137449027 0.56388 2.5707765526581845 0.08556141830814923
42469 11017321 2.9583324421535995 -0.022952063496989333 0.5715 2.5707765526581845 0.08556141830814923
42469 10628960 3.3948776947806323 4.290309171030765 0.7960381802575108 2.5707765526581845 0.08556141830814923
42470 10628960 3.3906790512237945 4.290531417695958 0.7961428326180259 2.5707765526581845 0.08556141830814923
42470 11017321 2.9239210805191362 -0.027723047347156277 0.56388 2.5707765526581845 0.08556141830814923
42471 11017321 2.8751001629856745 -0.02767325786902683 0.56388 2.5707765526581845 0.08556141830814923
42471 10628960 3.386480407666957 4.290753664361152 0.7962474849785408 2.5707765526581845 0.08556141830814923
42472 11017321 2.8377915210476683 -0.02635815127659971 0.55626 2.5707765526581845 0.08556141830814923
42472 10628960 3.382281764110119 4.2909759110263455 0.7963521373390559 2.5707765526581845 0.08556141830814923
42473 10628960 3.3780831205532813 4.291198157691539 0.7964567896995709 2.5707765526581845 0.08556141830814923
42473 11017321 2.794151853958438 -0.02811605680060028 0.55626 2.5707765526581845 0.08556141830814923
42474 11017321 2.7564825009353138 -0.025864985805203106 0.55245 2.5707765526581845 0.08556141830814923
42474 10628960 3.373884476996444 4.2914204043567326 0.796561442060086 2.5707765526581845 0.08556141830814923
42475 10628960 3.3696858334396063 4.291642651021926 0.7966660944206009 2.5707765526581845 0.08556141830814923
42475 11017321 2.71881314791219 -0.02361391480980593 0.54864 2.5707765526581845 0.08556141830814923
42476 10628960 3.3654871898827685 4.29186489768712 0.7967707467811159 2.5707765526581845 0.08556141830814923
42476 11017321 2.6906795202515954 -0.022752522334162167 0.5448299999999999 2.5707765526581845 0.08556141830814923
42477 11017321 2.662545892591001 -0.021891129858518404 0.54102 2.5707765526581845 0.08556141830814923
42477 10628960 3.3612885463259308 4.292087144352313 0.796875399141631 2.5707765526581845 0.08556141830814923
42478 10628960 3.3570899027690935 4.292309391017506 0.796980051502146 2.5707765526581845 0.08556141830814923
42478 11017321 2.632335886737425 -0.022629614230742445 0.53721 2.5707765526581845 0.08556141830814923
42479 11017321 2.6021258808838494 -0.023368098602966486 0.5334 2.5707765526581845 0.08556141830814923
42479 10628960 3.3528912592122557 4.2925316376827 0.7970847038626611 2.5707765526581845 0.08556141830814923
42480 11017321 2.5643812289156536 -0.02202612974076687 0.5334 2.5707765526581845 0.08556141830814923
42480 10628960 3.348692615655418 4.292753884347893 0.797189356223176 2.5707765526581845 0.08556141830814923
42481 10628960 3.3444939720985802 4.292976131013087 0.797294008583691 2.5707765526581845 0.08556141830814923
42481 11017321 2.5258685611327354 -0.020316406766153566 0.5334 2.5707765526581845 0.08556141830814923
42482 11017321 2.492835064755128 -0.0208626765927101 0.52578 2.5707765526581845 0.08556141830814923
42482 10628960 3.3402953285417425 4.29319837767828 0.7973986609442061 2.5707765526581845 0.08556141830814923
42483 10628960 3.336096684984905 4.293420624343473 0.7975033133047211 2.5707765526581845 0.08556141830814923
42483 11017321 2.432867557642786 -0.022310828843166514 0.5181600000000001 2.5707765526581845 0.08556141830814923
42484 10628960 3.3318980414280674 4.293642871008667 0.7976079656652362 2.5707765526581845 0.08556141830814923
42484 11017321 2.3934144120417895 -0.020760649739248543 0.51054 2.5707765526581845 0.08556141830814923
42485 11017321 2.3578785941883718 -0.02516209486986168 0.51054 2.5707765526581845 0.08556141830814923
42485 10628960 3.3276993978712297 4.29386511767386 0.7977126180257511 2.5707765526581845 0.08556141830814923
42486 10628960 3.323500754314392 4.294087364339054 0.7978172703862662 2.5707765526581845 0.08556141830814923
42486 11017321 2.3195832217590664 -0.023872749310815428 0.51054 2.5707765526581845 0.08556141830814923
42487 11017321 2.2816551092164152 -0.022002211875081418 0.50292 2.5707765526581845 0.08556141830814923
42487 10628960 3.3193021107575547 4.294309611004247 0.7979219227467812 2.5707765526581845 0.08556141830814923
42488 11017321 2.2516840747420708 -0.020510055522940357 0.50292 2.5707765526581845 0.08556141830814923
42488 10628960 3.315103467200717 4.2945318576694405 0.7980265751072962 2.5707765526581845 0.08556141830814923
42489 10628960 3.310904823643879 4.2947541043346344 0.7981312274678112 2.5707765526581845 0.08556141830814923
42489 11017321 2.2217130402677263 -0.019017899170799296 0.50292 2.5707765526581845 0.08556141830814923
42490 10628960 3.3067061800870414 4.2949763509998276 0.7982358798283262 2.5707765526581845 0.08556141830814923
42490 11017321 2.188450282486653 -0.018903919736877745 0.50292 2.5707765526581845 0.08556141830814923
42491 10628960 3.3025075365302037 4.2951985976650215 0.7983405321888413 2.5707765526581845 0.08556141830814923
42491 11017321 2.150234962267603 -0.017639861483641356 0.4953 2.5707765526581845 0.08556141830814923
42492 11017321 2.1203322031606504 -0.016753642233519744 0.48768 2.5707765526581845 0.08556141830814923
42492 10628960 3.2983088929733664 4.295420844330215 0.7984451845493563 2.5707765526581845 0.08556141830814923
42493 11017321 2.0682464834858347 -0.01037572064154868 0.48768 2.5707765526581845 0.08556141830814923
42493 10628960 3.2941102494165286 4.295643090995408 0.7985498369098714 2.5707765526581845 0.08556141830814923
42494 10628960 3.289911605859691 4.295865337660602 0.7986544892703863 2.5707765526581845 0.08556141830814923
42494 11017321 2.046599789967408 -0.008680629764936304 0.48768 2.5707765526581845 0.08556141830814923
42495 11017321 1.9918375771244798 -0.009138321348714507 0.48006 2.5707765526581845 0.08556141830814923
42495 10628960 3.285712962302853 4.296087584325795 0.7987591416309013 2.5707765526581845 0.08556141830814923
42496 11017321 1.9600224678681741 -0.004589609091207564 0.47243999999999997 2.5707765526581845 0.08556141830814923
42497 11017321 1.9244164782111977 -0.004487896257107364 0.46736 2.5707765526581845 0.08556141830814923
42498 11017321 1.8888104885542212 -0.004386183423007163 0.46228 2.5707765526581845 0.08556141830814923
42499 11017321 1.8532044988972447 -0.004284470588906963 0.45720000000000005 2.5707765526581845 0.08556141830814923
42500 11017321 1.8046337665601957 -0.004543264532673202 0.45720000000000005 2.5707765526581845 0.08556141830814923
42501 11017321 1.7723233847682613 -0.00286936759879855 0.44196 2.5707765526581845 0.08556141830814923
42502 11017321 1.7557663558966228 -0.002718865467053466 0.43815000000000004 2.5707765526581845 0.08556141830814923
42503 11017321 1.7392093270249842 -0.0025683633353083823 0.43434000000000006 2.5707765526581845 0.08556141830814923
42504 11017321 1.7010166850781172 -0.0009589880034424347 0.42672000000000004 2.5707765526581845 0.08556141830814923
42505 11017321 1.648076817546065 -0.0015421488585125875 0.42672000000000004 2.5707765526581845 0.08556141830814923
42506 11017321 1.6195330156421153 0.0002456969740790779 0.41910000000000003 2.5707765526581845 0.08556141830814923
42507 11017321 1.5909892137381654 0.0020335428066707434 0.41148 2.5707765526581845 0.08556141830814923
42508 11017321 1.547419454238785 0.004582218451590125 0.39624000000000004 2.5707765526581845 0.08556141830814923
42509 11017321 1.498561705734479 0.004535921179120175 0.39624000000000004 2.5707765526581845 0.08556141830814923
42510 11017321 1.4448547644834526 0.00595706102148276 0.381 2.5707765526581845 0.08556141830814923
42511 11017321 1.4072466966351689 0.007727436135052335 0.37338 2.5707765526581845 0.08556141830814923
42512 11017321 1.3976095819306416 0.008130035993236091 0.37338 2.5707765526581845 0.08556141830814923
42513 11017321 1.3879724672261142 0.008532635851419848 0.37338 2.5707765526581845 0.08556141830814923
42514 11017321 1.3031298032586915 0.0043540949770650705 0.36576 2.5707765526581845 0.08556141830814923
42515 11017321 1.272842542529132 0.004614596921923177 0.36474399999999996 2.5707765526581845 0.08556141830814923
42516 11017321 1.2425552817995726 0.0048750988667812835 0.363728 2.5707765526581845 0.08556141830814923
42517 11017321 1.2122680210700132 0.00513560081163939 0.362712 2.5707765526581845 0.08556141830814923
42518 11017321 1.1819807603404535 0.005396102756497496 0.361696 2.5707765526581845 0.08556141830814923
42519 11017321 1.151693499610894 0.005656604701355603 0.36068 2.5707765526581845 0.08556141830814923
42520 11017321 1.1214062388813346 0.00591710664621371 0.359664 2.5707765526581845 0.08556141830814923
42521 11017321 1.0911189781517752 0.006177608591071817 0.358648 2.5707765526581845 0.08556141830814923
42522 11017321 1.0608317174222157 0.006438110535929923 0.357632 2.5707765526581845 0.08556141830814923
42523 11017321 1.0305444566926563 0.00669861248078803 0.35661600000000004 2.5707765526581845 0.08556141830814923
42524 11017321 1.0002571959630968 0.006959114425646136 0.3556 2.5707765526581845 0.08556141830814923
42525 11017321 0.9699699352335373 0.0072196163705042435 0.354584 2.5707765526581845 0.08556141830814923
42526 11017321 0.9396826745039777 0.00748011831536235 0.35356800000000005 2.5707765526581845 0.08556141830814923
42527 11017321 0.9093954137744182 0.007740620260220456 0.35255200000000003 2.5707765526581845 0.08556141830814923
42528 11017321 0.8791081530448588 0.008001122205078563 0.35153600000000007 2.5707765526581845 0.08556141830814923
42529 11017321 0.8488208923152993 0.00826162414993667 0.35052000000000005 2.5707765526581845 0.08556141830814923
42530 11017321 0.8226313179405712 0.008290189440335965 0.35814000000000007 2.5707765526581845 0.08556141830814923
42531 11017321 0.80583300621036 0.008521543728224112 0.35052000000000005 2.5707765526581845 0.08556141830814923
42532 11017321 0.770844099025249 0.0033642691996920715 0.35052000000000005 2.5707765526581845 0.08556141830814923
42533 11017321 0.7492311243217263 0.005168883301905028 0.35052000000000005 2.5707765526581845 0.08556141830814923
42534 11017321 0.7286711676668782 0.004760256253474773 0.35052000000000005 2.5707765526581845 0.08556141830814923
42535 11017321 0.7086346361303183 0.004141762954239218 0.35052000000000005 2.5707765526581845 0.08556141830814923
42536 11017321 0.6885981045937584 0.0035232696550036623 0.35052000000000005 2.5707765526581845 0.08556141830814923
42537 11017321 0.6685615730571984 0.0029047763557681072 0.35052000000000005 2.5707765526581845 0.08556141830814923
42538 11017321 0.651204429773563 0.0034651562408781096 0.35052000000000005 2.5707765526581845 0.08556141830814923
42539 11017321 0.6338472864899276 0.004025536125988112 0.35052000000000005 2.5707765526581845 0.08556141830814923
42540 11017321 0.6164901432062921 0.004585916011098114 0.35052000000000005 2.5707765526581845 0.08556141830814923
42541 11017321 0.5991329999226567 0.005146295896208117 0.35052000000000005 2.5707765526581845 0.08556141830814923
42542 11017321 0.6010567916057722 0.005142524773405304 0.3500410893854749 2.5707765526581845 0.08556141830814923
42543 11017321 0.6029805832888877 0.0051387536506024905 0.34956217877094975 2.5707765526581845 0.08556141830814923
42544 11017321 0.6049043749720032 0.005134982527799678 0.34908326815642465 2.5707765526581845 0.08556141830814923
42545 11017321 0.6068281666551187 0.005131211404996864 0.3486043575418995 2.5707765526581845 0.08556141830814923
42546 11017321 0.6087519583382343 0.005127440282194052 0.34812544692737435 2.5707765526581845 0.08556141830814923
42547 11017321 0.6106757500213498 0.005123669159391239 0.3476465363128492 2.5707765526581845 0.08556141830814923
42548 11017321 0.6125995417044653 0.005119898036588425 0.3471676256983241 2.5707765526581845 0.08556141830814923
42549 11017321 0.6145233333875808 0.005116126913785613 0.34668871508379895 2.5707765526581845 0.08556141830814923
42550 11017321 0.6164471250706962 0.0051123557909828 0.3462098044692738 2.5707765526581845 0.08556141830814923
42551 11017321 0.6183709167538117 0.005108584668179986 0.34573089385474864 2.5707765526581845 0.08556141830814923
42552 11017321 0.6202947084369272 0.005104813545377174 0.3452519832402235 2.5707765526581845 0.08556141830814923
42553 11017321 0.6222185001200428 0.00510104242257436 0.3447730726256984 2.5707765526581845 0.08556141830814923
42554 11017321 0.6241422918031583 0.0050972712997715474 0.34429416201117324 2.5707765526581845 0.08556141830814923
42555 11017321 0.6260660834862738 0.005093500176968735 0.3438152513966481 2.5707765526581845 0.08556141830814923
42556 11017321 0.6279898751693893 0.005089729054165921 0.34333634078212294 2.5707765526581845 0.08556141830814923
42557 11017321 0.6299136668525048 0.0050859579313631085 0.34285743016759784 2.5707765526581845 0.08556141830814923
42558 11017321 0.6318374585356203 0.005082186808560296 0.3423785195530727 2.5707765526581845 0.08556141830814923
42559 11017321 0.6337612502187359 0.005078415685757482 0.34189960893854754 2.5707765526581845 0.08556141830814923
42560 11017321 0.6356850419018514 0.0050746445629546695 0.3414206983240224 2.5707765526581845 0.08556141830814923
42561 11017321 0.6376088335849669 0.005070873440151856 0.34094178770949723 2.5707765526581845 0.08556141830814923
42562 11017321 0.6395326252680824 0.005067102317349043 0.34046287709497214 2.5707765526581845 0.08556141830814923
42563 11017321 0.6414564169511979 0.005063331194546231 0.339983966480447 2.5707765526581845 0.08556141830814923
42564 11017321 0.6433802086343134 0.005059560071743417 0.33950505586592183 2.5707765526581845 0.08556141830814923
42565 11017321 0.645304000317429 0.005055788948940604 0.3390261452513967 2.5707765526581845 0.08556141830814923
42566 11017321 0.6472277920005445 0.005052017826137791 0.3385472346368716 2.5707765526581845 0.08556141830814923
42567 11017321 0.6491515836836599 0.005048246703334978 0.33806832402234643 2.5707765526581845 0.08556141830814923
42568 11017321 0.6510753753667754 0.005044475580532165 0.3375894134078213 2.5707765526581845 0.08556141830814923
42569 11017321 0.6529991670498909 0.005040704457729352 0.33711050279329613 2.5707765526581845 0.08556141830814923
42570 11017321 0.6549229587330064 0.005036933334926539 0.336631592178771 2.5707765526581845 0.08556141830814923
42571 11017321 0.656846750416122 0.0050331622121237264 0.3361526815642459 2.5707765526581845 0.08556141830814923
42572 11017321 0.6587705420992375 0.005029391089320913 0.33567377094972073 2.5707765526581845 0.08556141830814923
42573 11017321 0.660694333782353 0.0050256199665181 0.3351948603351956 2.5707765526581845 0.08556141830814923
42574 11017321 0.6626181254654685 0.005021848843715287 0.3347159497206704 2.5707765526581845 0.08556141830814923
42575 11017321 0.664541917148584 0.005018077720912474 0.33423703910614533 2.5707765526581845 0.08556141830814923
42576 11017321 0.6664657088316995 0.005014306598109661 0.3337581284916202 2.5707765526581845 0.08556141830814923
42577 11017321 0.668389500514815 0.005010535475306848 0.333279217877095 2.5707765526581845 0.08556141830814923
42578 11017321 0.6703132921979306 0.005006764352504035 0.33280030726256987 2.5707765526581845 0.08556141830814923
42579 11017321 0.6722370838810461 0.005002993229701222 0.3323213966480447 2.5707765526581845 0.08556141830814923
42580 11017321 0.6741608755641616 0.004999222106898409 0.3318424860335196 2.5707765526581845 0.08556141830814923
42581 11017321 0.6760846672472771 0.004995450984095596 0.33136357541899447 2.5707765526581845 0.08556141830814923
42582 11017321 0.6780084589303925 0.0049916798612927825 0.3308846648044693 2.5707765526581845 0.08556141830814923
42583 11017321 0.6799322506135081 0.00498790873848997 0.33040575418994417 2.5707765526581845 0.08556141830814923
42584 11017321 0.6818560422966236 0.004984137615687157 0.32992684357541907 2.5707765526581845 0.08556141830814923
42585 11017321 0.6837798339797391 0.0049803664928843435 0.3294479329608939 2.5707765526581845 0.08556141830814923
42586 11017321 0.6857036256628546 0.004976595370081531 0.32896902234636877 2.5707765526581845 0.08556141830814923
42587 11017321 0.6876274173459701 0.004972824247278718 0.3284901117318436 2.5707765526581845 0.08556141830814923
42588 11017321 0.6895512090290856 0.004969053124475905 0.32801120111731846 2.5707765526581845 0.08556141830814923
42589 11017321 0.6914750007122011 0.004965282001673092 0.32753229050279337 2.5707765526581845 0.08556141830814923
42590 11017321 0.6933987923953167 0.004961510878870278 0.3270533798882682 2.5707765526581845 0.08556141830814923
42591 11017321 0.6953225840784322 0.004957739756067466 0.32657446927374306 2.5707765526581845 0.08556141830814923
42592 11017321 0.6972463757615477 0.004953968633264653 0.3260955586592179 2.5707765526581845 0.08556141830814923
42593 11017321 0.6991701674446632 0.004950197510461839 0.3256166480446928 2.5707765526581845 0.08556141830814923
42594 11017321 0.7010939591277787 0.004946426387659027 0.32513773743016766 2.5707765526581845 0.08556141830814923
42595 11017321 0.7030177508108942 0.004942655264856214 0.3246588268156425 2.5707765526581845 0.08556141830814923
42596 11017321 0.7049415424940098 0.0049388841420534004 0.32417991620111736 2.5707765526581845 0.08556141830814923
42597 11017321 0.7068653341771253 0.004935113019250588 0.3237010055865922 2.5707765526581845 0.08556141830814923
42598 11017321 0.7087891258602408 0.004931341896447774 0.3232220949720671 2.5707765526581845 0.08556141830814923
42599 11017321 0.7107129175433562 0.0049275707736449615 0.32274318435754196 2.5707765526581845 0.08556141830814923
42600 11017321 0.7126367092264717 0.004923799650842149 0.3222642737430168 2.5707765526581845 0.08556141830814923
42601 11017321 0.7145605009095872 0.004920028528039335 0.32178536312849165 2.5707765526581845 0.08556141830814923
