53521 10722330 0.9543400758921754 -0.0003950031274925353 0.33528 0.0 0.0
53522 10722330 0.9187685453941514 -0.0032596991558854482 0.36576 0.0 0.0
53523 10722330 0.8784765529609118 -0.0015443617136865762 0.36576 0.0 0.0
53524 10722330 0.838184560527672 0.00017097572851229592 0.36576 0.0 0.0
53525 10722330 0.7951747830180524 0.0017231885234038347 0.36576 0.0 0.0
53526 10722330 0.7549734811444058 0.0023579996002810605 0.36576 0.0 0.0
53527 10722330 0.7110259654447995 0.00036190379126787436 0.36576 0.0 0.0
53528 10722330 0.6670784497451931 -0.0016341920177453118 0.36576 0.0 0.0
53529 10722330 0.6265447114028343 -0.0006564392855526457 0.36576 0.0 0.0
53530 10722330 0.5841899784915912 0.0029026404343407974 0.36576 0.0 0.0
53531 10722330 0.5426086595608448 -0.0006836267527846607 0.36576 0.0 0.0
53532 10722330 0.5005542648990524 -0.0009606154130333763 0.381 0.0 0.0
53533 10722330 0.45849987023725997 -0.001237604073282092 0.39624000000000004 0.0 0.0
53534 10722330 0.41392365242565243 -0.00039794756717425467 0.39624000000000004 0.0 0.0
53535 10722330 0.3693474346140449 0.00044170893893358265 0.39624000000000004 0.0 0.0
53536 10722330 0.32913425810168484 0.001316268013036942 0.39624000000000004 0.0 0.0
53537 10722330 0.28591599239643034 0.0014208029822926904 0.39624000000000004 0.0 0.0
53538 10722330 0.24269772669117584 0.0015253379515484389 0.39624000000000004 0.0 0.0
53539 10722330 0.20041154322957722 0.005297823775998689 0.39624000000000004 0.0 0.0
53540 10722330 0.15980817869287767 0.006067133622742499 0.42672000000000004 0.0 0.0
53541 10722330 0.1167974491320618 0.007623461370055179 0.42672000000000004 0.0 0.0
53542 10722330 0.07173483002525438 0.009967499023158022 0.42672000000000004 0.0 0.0
53543 10722330 0.029677978581802433 0.013899661213879616 0.42672000000000004 0.0 0.0
53544 10722330 -0.015976509312008946 0.014977426846694702 0.42672000000000004 0.0 0.0
53545 10722330 -0.061630997205820326 0.01605519247950979 0.42672000000000004 0.0 0.0
53546 10722330 -0.10464199634254312 0.017612864550657942 0.45720000000000005 0.0 0.0
53547 10722330 -0.14974985480452796 0.020907801614240024 0.45720000000000005 0.0 0.0
53548 10722330 -0.1948577132665128 0.024202738677822105 0.45720000000000005 0.0 0.0
53549 10722330 -0.2426144629084177 0.027546142333218143 0.45720000000000005 0.0 0.0
53550 10722330 -0.2875627420357454 0.029971789596336812 0.45720000000000005 0.0 0.0
53551 10722330 -0.33480201552750466 0.034899111867939564 0.45720000000000005 0.0 0.0
53552 10722330 -0.3824100773948551 0.03801971156626935 0.45720000000000005 0.0 0.0
53553 10722330 -0.43001813926220556 0.04114031126459913 0.45720000000000005 0.0 0.0
53554 10722330 -0.4739875514205829 0.047920402503186826 0.45720000000000005 0.0 0.0
53555 10722330 -0.5202648718477929 0.05171675611780452 0.47244 0.0 0.0
53556 10722330 -0.5665421922750029 0.05551310973242221 0.48768 0.0 0.0
53557 10722330 -0.6135746025337512 0.06107560594846803 0.48768 0.0 0.0
53558 10722330 -0.6606070334596377 0.06663841532073297 0.48768 0.0 0.0
53559 10722330 -0.705698104580253 0.06998967346876167 0.50292 0.0 0.0
53560 10722330 -0.7507891757008682 0.07334093161679037 0.5181600000000001 0.0 0.0
53561 10722330 -0.7951512359751332 0.07756417000642893 0.5181600000000001 0.0 0.0
53562 10722330 -0.8421837760720285 0.08312818782782957 0.5181600000000001 0.0 0.0
53563 10722330 -0.8869744616514883 0.08694717411615842 0.5181600000000001 0.0 0.0
53564 10722330 -0.931765147230948 0.09076616040448728 0.5181600000000001 0.0 0.0
53565 10722330 -0.9765558328104078 0.09458514669281612 0.5181600000000001 0.0 0.0
53566 10722330 -1.0205254243346313 0.10136864100771112 0.5181600000000001 0.0 0.0
53567 10722330 -1.0652888649455448 0.10572477065392191 0.5181600000000001 0.0 0.0
53568 10722330 -1.1098452400380572 0.11071447956365951 0.5181600000000001 0.0 0.0
53569 10722330 -1.1556001252099781 0.1155707756660034 0.5334000000000001 0.0 0.0
53570 10722330 -1.201355010381899 0.1204270717683473 0.54864 0.0 0.0
53571 10722330 -1.245164169328249 0.12715948269696795 0.54864 0.0 0.0
53572 10722330 -1.287199498088914 0.13062480001715868 0.54864 0.0 0.0
53573 10722330 -1.3314970953099308 0.13640765939053687 0.54864 0.0 0.0
53574 10722330 -1.3757946925309474 0.14219051876391506 0.54864 0.0 0.0
53575 10722330 -1.4188714240055738 0.1476330447018809 0.54864 0.0 0.0
53576 10722330 -1.4619481554802 0.15307557063984675 0.54864 0.0 0.0
53577 10722330 -1.5063563463035712 0.15743506522684966 0.54864 0.0 0.0
53578 10722330 -1.5477928312615294 0.16327646616965105 0.57912 0.0 0.0
53579 10722330 -1.5913034804168997 0.17038072399941737 0.57912 0.0 0.0
53580 10722330 -1.6344665841324375 0.17556069791070103 0.57912 0.0 0.0
53581 10722330 -1.6776296878479753 0.1807406718219847 0.57912 0.0 0.0
53582 10722330 -1.720395787390655 0.1871349553212063 0.57912 0.0 0.0
53583 10722330 -1.7631618869333348 0.1935292388204279 0.57912 0.0 0.0
53584 10722330 -1.807432107615586 0.19831281119990415 0.57912 0.0 0.0
53585 10722330 -1.8488341198676406 0.20426152521518023 0.57912 0.0 0.0
53586 10722330 -1.8924828948386303 0.21094545646465576 0.6096 0.0 0.0
53587 10722330 -1.9371086573396876 0.21572929235707514 0.6096 0.0 0.0
53588 10722330 -1.9804223773155092 0.2245241297145286 0.6096 0.0 0.0
53589 10722330 -2.024254004361187 0.2317360575144933 0.6096 0.0 0.0
53590 10722330 -2.068258273401913 0.23842053344486133 0.6096 0.0 0.0
53591 10722330 -2.1112092246970127 0.24370923545574488 0.6096 0.0 0.0
53592 10722330 -2.1541601759921125 0.24899793746662843 0.6096 0.0 0.0
53593 10722330 -2.1986600740313085 0.25362537753094927 0.6400800000000001 0.0 0.0
53594 10722330 -2.243690151525641 0.2560897109095066 0.6400800000000001 0.0 0.0
53595 10722330 -2.2874973684623776 0.25523327600778095 0.6400800000000001 0.0 0.0
53596 10722330 -2.3313045853991143 0.2543768411060553 0.6400800000000001 0.0 0.0
53597 10722330 -2.3734761659509895 0.24562460387896978 0.6400800000000001 0.0 0.0
53598 10722330 -2.4156477465028647 0.23687236665188424 0.6400800000000001 0.0 0.0
53599 10722330 -2.4571405518928335 0.22544462254720585 0.6400800000000001 0.0 0.0
53600 10722330 -2.498326415411807 0.20749032853607793 0.6400800000000001 0.0 0.0
53601 10722330 -2.539512278930781 0.18953603452495002 0.6400800000000001 0.0 0.0
53602 10722330 -2.577513745683822 0.16434726747634562 0.6400800000000001 0.0 0.0
53603 10722330 -2.615951184779912 0.1391844340117073 0.67056 0.0 0.0
53604 10722330 -2.647055338088788 0.10928517261248802 0.67056 0.0 0.0
53605 10722330 -2.6760724876987134 0.07490563273742609 0.67056 0.0 0.0
53606 10722330 -2.705089637308639 0.040526092862364166 0.67056 0.0 0.0
53607 10722330 -2.7280501840346485 0.0029378150249498025 0.67056 0.0 0.0
53608 10722330 -2.7509762995779443 -0.03454486835798845 0.67056 0.0 0.0
53609 10722330 -2.772289544840091 -0.0752427416251912 0.7010400000000001 0.0 0.0
53610 10722330 -2.788280251321277 -0.1148780889572342 0.7010400000000001 0.0 0.0
53611 10722330 -2.802440614703893 -0.15815033816090898 0.67056 0.0 0.0
53612 10722330 -2.8130091757070943 -0.1996768593653694 0.7010400000000001 0.0 0.0
53613 10722330 -2.8216294443160255 -0.24230830761946356 0.7010400000000001 0.0 0.0
53614 10722330 -2.830146042853067 -0.2846231418780826 0.7010400000000001 0.0 0.0
53615 10722330 -2.8393878648539657 -0.3291543729553775 0.7010400000000001 0.0 0.0
53616 10722330 -2.8486987001760298 -0.3738967012281559 0.7010400000000001 0.0 0.0
53617 10722330 -2.856736634288728 -0.4188218675079569 0.7010400000000001 0.0 0.0
53618 10722330 -2.864774568401426 -0.46374703378775795 0.7010400000000001 0.0 0.0
53619 10722330 -2.8730043958997324 -0.5062725168094692 0.7010400000000001 0.0 0.0
53620 10722330 -2.882200184098317 -0.5509356183455115 0.73152 0.0 0.0
53621 10722330 -2.8909712979426088 -0.5953871482451417 0.73152 0.0 0.0
53622 10722330 -2.8963891428601896 -0.6363790578052778 0.73152 0.0 0.0
53623 10722330 -2.9056649523617337 -0.6810159473492675 0.73152 0.0 0.0
53624 10722330 -2.914940761863278 -0.7256528368932572 0.73152 0.0 0.0
53625 10722330 -2.921049104506059 -0.7687556399257923 0.73152 0.0 0.0
53626 10722330 -2.927122823935332 -0.811752917819739 0.762 0.0 0.0
53627 10722330 -2.92644921234617 -0.852050652862857 0.762 0.0 0.0
53628 10722330 -2.9323398584284126 -0.8955751819975569 0.762 0.0 0.0
53629 10722330 -2.937226687839103 -0.939019211044711 0.762 0.0 0.0
53630 10722330 -2.942113517249793 -0.982463240091865 0.762 0.0 0.0
53631 10722330 -2.9513887392661635 -1.0271002534777085 0.762 0.0 0.0
53632 10722330 -2.954767738560375 -1.0710960627425872 0.762 0.0 0.0
53633 10722330 -2.960680288210191 -1.1141459901191053 0.762 0.0 0.0
53634 10722330 -2.964162667733743 -1.1584584677930112 0.762 0.0 0.0
53635 10722330 -2.9702700737192522 -1.2015614522135805 0.762 0.0 0.0
53636 10722330 -2.973900584805784 -1.2452412114739089 0.762 0.0 0.0
53637 10722330 -2.9789831087231975 -1.28996478850153 0.77724 0.0 0.0
53638 10722330 -2.984065632640611 -1.334688365529151 0.7924800000000001 0.0 0.0
53639 10722330 -2.989080668699441 -1.3758118757761486 0.7924800000000001 0.0 0.0
53640 10722330 -2.9927798077179464 -1.419702800591003 0.7924800000000001 0.0 0.0
53641 10722330 -2.9960988966678035 -1.4624327840408387 0.7924800000000001 0.0 0.0
53642 10722330 -2.9994179856176606 -1.505162767490674 0.7924800000000001 0.0 0.0
53643 10722330 -3.0003076284888213 -1.5499729138692089 0.82296 0.0 0.0
53644 10722330 -3.0041854415590263 -1.5950905599916245 0.82296 0.0 0.0
53645 10722330 -3.0080632546292314 -1.6402082061140402 0.82296 0.0 0.0
53646 10722330 -3.011899807127657 -1.6845214283777217 0.82296 0.0 0.0
53647 10722330 -3.012800084677691 -1.7290943164988828 0.82296 0.0 0.0
53648 10722330 -3.017097453284241 -1.7753598831330835 0.82296 0.0 0.0
53649 10722330 -3.0206176455572233 -1.8192507597531404 0.82296 0.0 0.0
53650 10722330 -3.0241378378302057 -1.8631416363731974 0.82296 0.0 0.0
53651 10722330 -3.02856083563829 -1.9092492013235993 0.82296 0.0 0.0
53652 10722330 -3.0336015236951237 -1.9539862198917575 0.82296 0.0 0.0
53653 10722330 -3.0386422117519576 -1.9987232384599156 0.82296 0.0 0.0
53654 10722330 -3.0444266215782756 -2.0419316386188537 0.82296 0.0 0.0
53655 10722330 -3.0488836922928675 -2.088144831820024 0.82296 0.0 0.0
53656 10722330 -3.0566246109274084 -2.1321735865243543 0.8382000000000001 0.0 0.0
53657 10722330 -3.0643655295619494 -2.176202341228684 0.8534400000000001 0.0 0.0
53658 10722330 -3.070977835558736 -2.221535071044846 0.8534400000000001 0.0 0.0
53659 10722330 -3.0775901415555227 -2.2668678008610077 0.8534400000000001 0.0 0.0
53660 10722330 -3.0840534285863956 -2.312424530868561 0.8534400000000001 0.0 0.0
53661 10722330 -3.092519104130577 -2.3586697847394804 0.8534400000000001 0.0 0.0
53662 10722330 -3.100984779674758 -2.4049150386103997 0.8534400000000001 0.0 0.0
53663 10722330 -3.107745558114023 -2.450023878281907 0.8534400000000001 0.0 0.0
53664 10722330 -3.117315987701247 -2.499646581126426 0.8534400000000001 0.0 0.0
53665 10722330 -3.126886417288471 -2.5492692839709448 0.8534400000000001 0.0 0.0
53666 10722330 -3.133314622765276 -2.5947205824248503 0.8534400000000001 0.0 0.0
53667 10722330 -3.139708200555326 -2.640066356255343 0.8534400000000001 0.0 0.0
53668 10722330 -3.147366323156713 -2.687919427126405 0.8534400000000001 0.0 0.0
53669 10722330 -3.154558137747618 -2.7343476856106137 0.8686800000000001 0.0 0.0
53670 10722330 -3.161749952338523 -2.7807759440948225 0.88392 0.0 0.0
53671 10722330 -3.1694077871103126 -2.8286290733877655 0.88392 0.0 0.0
