56109 6056556 0.535495829221727 4.63415784313142 0.61341 0.0 0.0
56110 6056556 0.5349620048154726 4.596827910020959 0.6096 0.0 0.0
56111 6056556 0.5340348595322351 4.524225229501177 0.6096 0.0 0.0
56112 6056556 0.5337039139197899 4.506924847993216 0.6096 0.0 0.0
56113 6056556 0.5344330606585826 4.453954431127703 0.6096 0.0 0.0
56114 6056556 0.5351622073973755 4.40098401426219 0.6096 0.0 0.0
56115 6056556 0.5358913541361683 4.348013597396677 0.6096 0.0 0.0
56116 6056556 0.5354601294332841 4.309365121031794 0.61341 0.0 0.0
56117 6056556 0.5350289047303999 4.27071664466691 0.6172200000000001 0.0 0.0
56118 6056556 0.5345976800275156 4.232068168302027 0.6210300000000001 0.0 0.0
56119 6056556 0.5341664553246315 4.1934196919371445 0.6248400000000001 0.0 0.0
56120 6056556 0.5336351210982024 4.133423096267785 0.6248400000000001 0.0 0.0
56121 6056556 0.5309003603832716 4.099266612895511 0.6248400000000001 0.0 0.0
56122 6056556 0.5278583480107415 4.057382626474523 0.6248400000000001 0.0 0.0
56123 6056556 0.5248840080452536 4.02077308025967 0.6248400000000001 0.0 0.0
56124 6056556 0.5219096680797656 3.984163534044817 0.6248400000000001 0.0 0.0
56125 6056556 0.5189353281142777 3.9475539878299637 0.6248400000000001 0.0 0.0
56126 6056556 0.5135682010391618 3.901815290926243 0.6248400000000001 0.0 0.0
56127 6056556 0.5082010739640459 3.8560765940225226 0.6248400000000001 0.0 0.0
56128 6056556 0.505687073265219 3.823951049917277 0.6248400000000001 0.0 0.0
56129 6056556 0.5012012326757399 3.781721395362955 0.6248400000000001 0.0 0.0
56130 6056556 0.4967153920862608 3.739491740808633 0.6248400000000001 0.0 0.0
56131 6056556 0.4881740646763195 3.6794271171575326 0.63246 0.0 0.0
56132 6056556 0.48143121039495695 3.6377601807578057 0.63246 0.0 0.0
56133 6056556 0.4746883561135944 3.596093244358079 0.63246 0.0 0.0
56134 6056556 0.4690296834748334 3.5502747276995703 0.63246 0.0 0.0
56135 6056556 0.46337101083607246 3.5044562110410618 0.63246 0.0 0.0
56136 6056556 0.45852053945157323 3.473328322031975 0.6400800000000001 0.0 0.0
56137 6056556 0.45762917406640236 3.446163594878133 0.6400800000000001 0.0 0.0
56138 6056556 0.44996260886301165 3.3885002806419147 0.63246 0.0 0.0
56139 6056556 0.4448119661929181 3.3553675301872548 0.63246 0.0 0.0
56140 6056556 0.4405044309547072 3.317753102164417 0.6362700000000001 0.0 0.0
56141 6056556 0.43619689571649634 3.280138674141579 0.6400800000000001 0.0 0.0
56142 6056556 0.42788643383345515 3.230280174153799 0.6400800000000001 0.0 0.0
56143 6056556 0.42110432270427917 3.1886261793828377 0.6400800000000001 0.0 0.0
56144 6056556 0.4143222115751032 3.1469721846118763 0.6400800000000001 0.0 0.0
56145 6056556 0.4087587560378343 3.1133902702060974 0.6400800000000001 0.0 0.0
56146 6056556 0.400400148210623 3.0712586146706657 0.6400800000000001 0.0 0.0
56147 6056556 0.3919185090799401 3.0116420535709914 0.6400800000000001 0.0 0.0
56148 6056556 0.3839032446965619 2.978978570567666 0.6400800000000001 0.0 0.0
56149 6056556 0.3731870708174807 2.92990664505404 0.6400800000000001 0.0 0.0
56150 6056556 0.3676472066742784 2.896667553215265 0.6400800000000001 0.0 0.0
56151 6056556 0.3594031324344423 2.8592302726979373 0.6400800000000001 0.0 0.0
56152 6056556 0.35115905819460613 2.8217929921806095 0.6400800000000001 0.0 0.0
56153 6056556 0.3401336136213049 2.7625408067448056 0.6400800000000001 0.0 0.0
56154 6056556 0.3344879664458559 2.7369889506728393 0.6400800000000001 0.0 0.0
56155 6056556 0.32884231927040686 2.7114370946008735 0.6400800000000001 0.0 0.0
56156 6056556 0.31486061859754866 2.642870026096305 0.63246 0.0 0.0
56157 6056556 0.3062889965444986 2.604429938986951 0.63246 0.0 0.0
56158 6056556 0.2977173744914485 2.565989851877597 0.63246 0.0 0.0
56159 6056556 0.2861736075628438 2.5143845423014146 0.63246 0.0 0.0
56160 6056556 0.27753761711083125 2.4798210280147055 0.63246 0.0 0.0
56161 6056556 0.26302631284748035 2.4191381823299163 0.6248400000000001 0.0 0.0
56162 6056556 0.25198389471606497 2.3853613931806366 0.6248400000000001 0.0 0.0
56163 6056556 0.240474849375237 2.333861591332913 0.6248400000000001 0.0 0.0
56164 6056556 0.23710962265220292 2.3072721634144626 0.6248400000000001 0.0 0.0
56165 6056556 0.2262231695848288 2.248441983206891 0.6096 0.0 0.0
56166 6056556 0.2202947157986695 2.205048665714433 0.61341 0.0 0.0
56167 6056556 0.2143662620125102 2.161655348221975 0.61722 0.0 0.0
56168 6056556 0.21123389670977277 2.1276293095168684 0.61722 0.0 0.0
56169 6056556 0.20836877395358122 2.086272239794425 0.6096 0.0 0.0
56170 6056556 0.20552941710865802 2.0368452596296507 0.6096 0.0 0.0
56171 6056556 0.20576597595870671 2.0117655847446265 0.6096 0.0 0.0
56172 6056556 0.20267236221699148 1.960201934581321 0.6096 0.0 0.0
56173 6056556 0.20527662700333327 1.9192767796861532 0.6096 0.0 0.0
56174 6056556 0.2073737991654372 1.8757134372576272 0.6096 0.0 0.0
56175 6056556 0.20996793977238504 1.824977691182635 0.6019800000000001 0.0 0.0
56176 6056556 0.21079150967628912 1.790826915900824 0.6019800000000001 0.0 0.0
56177 6056556 0.2116150795801932 1.7566761406190134 0.6019800000000001 0.0 0.0
56178 6056556 0.21382762118509113 1.7131920520750576 0.59436 0.0 0.0
56179 6056556 0.21634228568964287 1.6624824449932942 0.59436 0.0 0.0
56180 6056556 0.21815407751444515 1.6191294393408338 0.59436 0.0 0.0
56181 6056556 0.22277847818543706 1.55721535265586 0.59436 0.0 0.0
56182 6056556 0.22355533929583632 1.5269938967107461 0.59436 0.0 0.0
56183 6056556 0.22433220040623558 1.4967724407656322 0.59436 0.0 0.0
56184 6056556 0.22614936008343545 1.435776150475841 0.59436 0.0 0.0
56185 6056556 0.2263037061637614 1.3907453232125149 0.59055 0.0 0.0
56186 6056556 0.22645805224408733 1.3457144959491885 0.58674 0.0 0.0
56187 6056556 0.22042940794580468 1.30282162475888 0.58674 0.0 0.0
56188 6056556 0.21640202522871255 1.266050853922266 0.58674 0.0 0.0
56189 6056556 0.21367294033209072 1.231893342148091 0.57912 0.0 0.0
56190 6056556 0.2050784537123045 1.1797916698944986 0.57912 0.0 0.0
56191 6056556 0.19523690055025178 1.1415333064219968 0.57912 0.0 0.0
56192 6056556 0.18539534738819907 1.103274942949495 0.57912 0.0 0.0
56193 6056556 0.1741227609376489 1.044337795250939 0.58674 0.0 0.0
56194 6056556 0.16652398476713692 1.0129404091132126 0.58674 0.0 0.0
56195 6056556 0.15892520859662496 0.9815430229754862 0.58674 0.0 0.0
56196 6056556 0.14900661738382537 0.9348979754325429 0.58674 0.0 0.0
56197 6056556 0.13675824970693978 0.8974263521225717 0.58674 0.0 0.0
56198 6056556 0.1245098820300542 0.8599547288126005 0.58674 0.0 0.0
56199 6056556 0.11057089598012926 0.8173109700653729 0.58674 0.0 0.0
56200 6056556 0.09649390118952028 0.7742449989139736 0.59436 0.0 0.0
56201 6056556 0.08459056080975347 0.7378289227431171 0.59436 0.0 0.0
56202 6056556 0.07941519565752753 0.7219958468256996 0.59436 0.0 0.0
56203 6056556 0.06751185633250179 0.6855797737786732 0.59436 0.0 0.0
56204 6056556 0.051027772173374175 0.6433006198797256 0.58674 0.0 0.0
56205 6056556 0.036130774810032795 0.6058769539812898 0.58674 0.0 0.0
56206 6056556 0.02299337079229702 0.5738365473946134 0.58674 0.0 0.0
56207 6056556 0.009855966774561242 0.5417961408079369 0.58674 0.0 0.0
56208 6056556 -0.007206748302316324 0.5058982235266883 0.58293 0.0 0.0
56209 6056556 -0.02426946337919389 0.47000030624543976 0.57912 0.0 0.0
56210 6056556 -0.04654457441699933 0.42739431179106846 0.57912 0.0 0.0
56211 6056556 -0.06655462105759635 0.39117467395610894 0.57912 0.0 0.0
56212 6056556 -0.0813507755327676 0.36329828268122777 0.57912 0.0 0.0
56213 6056556 -0.09789619605161703 0.32898378309399123 0.57912 0.0 0.0
56214 6056556 -0.12230037739444 0.2787787160107834 0.57912 0.0 0.0
56215 6056556 -0.13670671398815637 0.2510085852948367 0.57912 0.0 0.0
56216 6056556 -0.14874035627855453 0.22234604188620294 0.57912 0.0 0.0
56217 6056556 -0.16538947850600816 0.18771496885056868 0.57912 0.0 0.0
56218 6056556 -0.17946684558316583 0.1446491704221398 0.58674 0.0 0.0
56219 6056556 -0.19054242042661862 0.11076652232943315 0.58674 0.0 0.0
56220 6056556 -0.20025907753186967 0.07696541776738995 0.58674 0.0 0.0
56221 6056556 -0.20997573463712071 0.04316431320534675 0.58674 0.0 0.0
56222 6056556 -0.21516708280602437 0.010980023574318903 0.59436 0.0 0.0
56223 6056556 -0.22146245851301127 -0.024581991694550803 0.59436 0.0 0.0
56224 6056556 -0.22775783421999818 -0.06014400696342051 0.59436 0.0 0.0
56225 6056556 -0.2292039439248248 -0.09717429372763478 0.59436 0.0 0.0
56226 6056556 -0.23486426841257235 -0.1403042683784602 0.59436 0.0 0.0
56227 6056556 -0.23503994151049368 -0.17412800856297997 0.59436 0.0 0.0
56228 6056556 -0.235215614608415 -0.20795174874749975 0.59436 0.0 0.0
56229 6056556 -0.2367648490557157 -0.24529875722095365 0.59436 0.0 0.0
56230 6056556 -0.235037788346798 -0.2984374223285178 0.59436 0.0 0.0
56231 6056556 -0.23591722111337532 -0.3432468615538631 0.59436 0.0 0.0
56232 6056556 -0.2348573208529 -0.3685367772948199 0.59436 0.0 0.0
56233 6056556 -0.2337974205924247 -0.39382669303577666 0.59436 0.0 0.0
56234 6056556 -0.23258316862608752 -0.4319600519556229 0.6019800000000001 0.0 0.0
56235 6056556 -0.22780789430688309 -0.4760474091099335 0.6019800000000001 0.0 0.0
56236 6056556 -0.2187767932418544 -0.5190722719871416 0.60579 0.0 0.0
56237 6056556 -0.2097456921768257 -0.5620971348643496 0.6096 0.0 0.0
56238 6056556 -0.20700824007967777 -0.5781798741374576 0.6096 0.0 0.0
56239 6056556 -0.19087563842354371 -0.6185019946075487 0.61722 0.0 0.0
56240 6056556 -0.17727183877136565 -0.6529737727517129 0.6248400000000001 0.0 0.0
56241 6056556 -0.15782369016771658 -0.6923932198329722 0.6248400000000001 0.0 0.0
56242 6056556 -0.1414347544264109 -0.7164425273308047 0.6248400000000001 0.0 0.0
56243 6056556 -0.12504581868510523 -0.7404918348286372 0.6248400000000001 0.0 0.0
56244 6056556 -0.09838190703938138 -0.7716960549988433 0.62865 0.0 0.0
56245 6056556 -0.07171799539365753 -0.8029002751690494 0.63246 0.0 0.0
56246 6056556 -0.042095114399190336 -0.8277694267628785 0.6400800000000001 0.0 0.0
56247 6056556 -0.011609630798821047 -0.8499995697990739 0.6400800000000001 0.0 0.0
56248 6056556 0.01687786146868475 -0.868831006572375 0.6400800000000001 0.0 0.0
56249 6056556 0.04536535373619055 -0.8876624433456762 0.6400800000000001 0.0 0.0
56250 6056556 0.09301720026616045 -0.9119970831494942 0.6477 0.0 0.0
56251 6056556 0.128572355763224 -0.9274129687326671 0.6477 0.0 0.0
56252 6056556 0.16412751126028757 -0.94282885431584 0.6477 0.0 0.0
56253 6056556 0.1890064183381306 -0.9509587634023081 0.6477 0.0 0.0
56254 6056556 0.23634746154034714 -0.9637415204923775 0.6477 0.0 0.0
56255 6056556 0.2751882290559597 -0.9726363840716035 0.65151 0.0 0.0
56256 6056556 0.31402899657157224 -0.9815312476508294 0.65532 0.0 0.0
56257 6056556 0.3500045236073392 -0.98832118486616 0.65532 0.0 0.0
56258 6056556 0.38598005064310614 -0.9951111220814907 0.65532 0.0 0.0
56259 6056556 0.4297539467362158 -1.0018200857080595 0.65532 0.0 0.0
56260 6056556 0.47352784282932553 -1.0085290493346282 0.65532 0.0 0.0
56261 6056556 0.5329704080357862 -1.0182540990818274 0.65532 0.0 0.0
56262 6056556 0.5562603084117436 -1.0203726210853306 0.65532 0.0 0.0
56263 6056556 0.6128594422504361 -1.029284814151628 0.65532 0.0 0.0
56264 6056556 0.6417678466352779 -1.0324208597072078 0.65532 0.0 0.0
56265 6056556 0.6706762510201197 -1.0355569052627878 0.65532 0.0 0.0
56266 6056556 0.7358075675982757 -1.0444518060438184 0.65532 0.0 0.0
56267 6056556 0.7563731023834377 -1.0474319974945419 0.65532 0.0 0.0
56268 6056556 0.7769386371685996 -1.0504121889452653 0.65532 0.0 0.0
56269 6056556 0.8377010030438741 -1.0588134431246345 0.65532 0.0 0.0
56270 6056556 0.8854374644128564 -1.064944879359981 0.65532 0.0 0.0
56271 6056556 0.9331739257818387 -1.0710763155953276 0.65532 0.0 0.0
56272 6056556 0.9718515097841519 -1.0761172790425961 0.65532 0.0 0.0
56273 6056556 1.0206413515231678 -1.08446124032151 0.65532 0.0 0.0
56274 6056556 1.0532242011260666 -1.0888542961825403 0.65532 0.0 0.0
56275 6056556 1.0858070507289654 -1.0932473520435706 0.65532 0.0 0.0
56276 6056556 1.116181955637604 -1.0981456309341258 0.65532 0.0 0.0
56277 6056556 1.1576797793217442 -1.1043404302984567 0.65532 0.0 0.0
56278 6056556 1.1969078249413356 -1.1093263247439407 0.65532 0.0 0.0
56279 6056556 1.2384056391174403 -1.1155206495564425 0.65532 0.0 0.0
56280 6056556 1.2707476895793346 -1.1198340624327063 0.65532 0.0 0.0
56281 6056556 1.303089740041229 -1.1241474753089702 0.65532 0.0 0.0
56282 6056556 1.3669808539398465 -1.1352016344953408 0.6477 0.0 0.0
56283 6056556 1.4077546621613413 -1.143611765359284 0.6477 0.0 0.0
56284 6056556 1.4637331919538763 -1.1544172541814677 0.6477 0.0 0.0
56285 6056556 1.4950141104279868 -1.159259323224298 0.6477 0.0 0.0
56286 6056556 1.5277671102502817 -1.166392653175925 0.6438900000000001 0.0 0.0
56287 6056556 1.5605201100725763 -1.1735259831275517 0.6400800000000001 0.0 0.0
56288 6056556 1.6073822716055732 -1.183689405413868 0.6400800000000001 0.0 0.0
56289 6056556 1.6542444331385702 -1.1938528277001843 0.6400800000000001 0.0 0.0
56290 6056556 1.695018394687861 -1.2022612969260043 0.6400800000000001 0.0 0.0
56291 6056556 1.7255065163826977 -1.209530305143164 0.6400800000000001 0.0 0.0
56292 6056556 1.7807269000504813 -1.222655677993862 0.63246 0.0 0.0
56293 6056556 1.7951732877262767 -1.2273729642453917 0.63246 0.0 0.0
56294 6056556 1.8576169756476963 -1.2428563663462664 0.63246 0.0 0.0
56295 6056556 1.8800892029102436 -1.2501941089720463 0.6248400000000001 0.0 0.0
56296 6056556 1.914595289780776 -1.2601175394184545 0.6248400000000001 0.0 0.0
56297 6056556 1.9491013766513088 -1.270040969864863 0.6248400000000001 0.0 0.0
56298 6056556 2.011372010521284 -1.287685971316051 0.6248400000000001 0.0 0.0
56299 6056556 2.040586096529897 -1.2972243847994802 0.61722 0.0 0.0
56300 6056556 2.067874014813171 -1.3061337824127122 0.61722 0.0 0.0
56301 6056556 2.107569063438976 -1.316757485620898 0.61722 0.0 0.0
56302 6056556 2.1575372978192613 -1.3307349480286743 0.61722 0.0 0.0
56303 6056556 2.1871198201646207 -1.3380566260498215 0.61722 0.0 0.0
56304 6056556 2.2224583570106384 -1.3467900713091703 0.61722 0.0 0.0
56305 6056556 2.252625872523539 -1.3539519890865708 0.6096 0.0 0.0
56306 6056556 2.2863251480232516 -1.3617214357121488 0.6096 0.0 0.0
56307 6056556 2.320024423522965 -1.3694908823377265 0.6096 0.0 0.0
56308 6056556 2.3537236990226775 -1.3772603289633045 0.6096 0.0 0.0
56309 6056556 2.388230321214652 -1.3871814386644006 0.6096 0.0 0.0
56310 6056556 2.422736943406626 -1.3971025483654966 0.6096 0.0 0.0
56311 6056556 2.4699423530312323 -1.4102925638844028 0.6019800000000001 0.0 0.0
56312 6056556 2.4952944562847996 -1.4158814784882205 0.6019800000000001 0.0 0.0
56313 6056556 2.530186165912024 -1.424350618070825 0.59436 0.0 0.0
56314 6056556 2.5502511706190996 -1.430900260824745 0.59436 0.0 0.0
56315 6056556 2.592572238708584 -1.4427286806461013 0.59436 0.0 0.0
56316 6056556 2.629883213179241 -1.452220500069077 0.59436 0.0 0.0
56317 6056556 2.6671941876498977 -1.461712319492053 0.59436 0.0 0.0
56318 6056556 2.698928889137901 -1.4696951053507383 0.59182 0.0 0.0
56319 6056556 2.7306635906259045 -1.477677891209424 0.58928 0.0 0.0
56320 6056556 2.762398292113908 -1.4856606770681093 0.58674 0.0 0.0
56321 6056556 2.8025185414403095 -1.4960685416687942 0.57912 0.0 0.0
56322 6056556 2.831894013872718 -1.5056560630915217 0.57912 0.0 0.0
56323 6056556 2.8649983888343504 -1.5114374440870408 0.57912 0.0 0.0
56324 6056556 2.9008888043476944 -1.5184783788943408 0.57912 0.0 0.0
56325 6056556 2.9359511617845886 -1.5185320050481008 0.57531 0.0 0.0
56326 6056556 2.971013519221483 -1.5185856312018609 0.5715 0.0 0.0
56327 6056556 2.9995809214701987 -1.5154096540614213 0.5715 0.0 0.0
56328 6056556 3.0550210322227773 -1.5033645679394019 0.5715 0.0 0.0
56329 6056556 3.0790277672871027 -1.4923920372125687 0.5715 0.0 0.0
56330 6056556 3.103034502351428 -1.4814195064857356 0.5715 0.0 0.0
56331 6056556 3.1329689638943035 -1.4597654825149131 0.56769 0.0 0.0
56332 6056556 3.162903425437179 -1.4381114585440906 0.56388 0.0 0.0
56333 6056556 3.1803084352744566 -1.4187933033419975 0.56388 0.0 0.0
56334 6056556 3.1960066961663434 -1.3951801541802376 0.56388 0.0 0.0
56335 6056556 3.21170495705823 -1.3715670050184776 0.56388 0.0 0.0
56336 6056556 3.2260977883080617 -1.3437898356175062 0.56388 0.0 0.0
56337 6056556 3.244215020215587 -1.296435362351324 0.56388 0.0 0.0
56338 6056556 3.251449640274293 -1.2742655342134301 0.56388 0.0 0.0
56339 6056556 3.2564487732043093 -1.2507821404008415 0.56388 0.0 0.0
56340 6056556 3.2581827409319883 -1.2209766515672145 0.56388 0.0 0.0
56341 6056556 3.2586153208089828 -1.1788315557056672 0.55626 0.0 0.0
56342 6056556 3.2564877863410984 -1.1554171523362236 0.55626 0.0 0.0
56343 6056556 3.254360251873214 -1.1320027489667799 0.55626 0.0 0.0
56344 6056556 3.253684877028907 -1.1054994118380383 0.55245 0.0 0.0
56345 6056556 3.2530095021846 -1.0789960747092968 0.54864 0.0 0.0
56346 6056556 3.248480479257487 -1.0425325276386772 0.54864 0.0 0.0
56347 6056556 3.2439514563303735 -1.0060689805680576 0.54864 0.0 0.0
56348 6056556 3.240868752501626 -0.9787799601686373 0.5448299999999999 0.0 0.0
56349 6056556 3.237786048672879 -0.951490939769217 0.54102 0.0 0.0
56350 6056556 3.2339130774700084 -0.9225422278709919 0.54102 0.0 0.0
56351 6056556 3.227419804684156 -0.882575580538126 0.5334 0.0 0.0
56352 6056556 3.2239412561986454 -0.8565006409771826 0.5334 0.0 0.0
56353 6056556 3.2204627077131347 -0.8304257014162392 0.5334 0.0 0.0
56354 6056556 3.2082286054816613 -0.7835623935988363 0.52578 0.0 0.0
56355 6056556 3.201022558745988 -0.7485027545678381 0.52578 0.0 0.0
56356 6056556 3.1929331295406977 -0.7147901398515927 0.52197 0.0 0.0
56357 6056556 3.1848437003354073 -0.6810775251353473 0.5181600000000001 0.0 0.0
56358 6056556 3.1766623372127367 -0.6483277314718918 0.5181600000000001 0.0 0.0
56359 6056556 3.168480974090066 -0.6155779378084363 0.5181600000000001 0.0 0.0
56360 6056556 3.1601853405530598 -0.5824987428028171 0.5181600000000001 0.0 0.0
56361 6056556 3.153079215714973 -0.5552980081870875 0.5181600000000001 0.0 0.0
56362 6056556 3.1431667206890754 -0.5230927658457865 0.5181600000000001 0.0 0.0
56363 6056556 3.133254225663178 -0.4908875235044855 0.5181600000000001 0.0 0.0
56364 6056556 3.124957004345502 -0.46189611733143887 0.5143500000000001 0.0 0.0
56365 6056556 3.116659783027826 -0.43290471115839224 0.51054 0.0 0.0
56366 6056556 3.1028532348960445 -0.39358756442123344 0.51054 0.0 0.0
56367 6056556 3.0912439874102215 -0.362230048385359 0.50292 0.0 0.0
56368 6056556 3.0807900786374702 -0.3360389929134183 0.50292 0.0 0.0
56369 6056556 3.0676787120366025 -0.3054760057429702 0.50292 0.0 0.0
56370 6056556 3.0545673454357347 -0.27491301857252204 0.50292 0.0 0.0
56371 6056556 3.0334551645049563 -0.24057026119557565 0.4953 0.0 0.0
56372 6056556 3.0098787302373617 -0.20507256188798204 0.4953 0.0 0.0
56373 6056556 2.9918945049302827 -0.18535955727756342 0.49149 0.0 0.0
56374 6056556 2.9739102796232038 -0.16564655266714481 0.48768 0.0 0.0
56375 6056556 2.9385874043942812 -0.14056561937979353 0.48387 0.0 0.0
56376 6056556 2.9032645291653587 -0.11548468609244225 0.48006 0.0 0.0
56377 6056556 2.880776221868935 -0.10277021314828547 0.48006 0.0 0.0
56378 6056556 2.8570252425695735 -0.09256383709803984 0.47624999999999995 0.0 0.0
56379 6056556 2.8332742632702126 -0.0823574610477942 0.47243999999999997 0.0 0.0
56380 6056556 2.7819177261247674 -0.06559232731969958 0.47243999999999997 0.0 0.0
56381 6056556 2.7686069508093194 -0.06393380775004873 0.46482000000000007 0.0 0.0
56382 6056556 2.732018884857375 -0.05578592485906064 0.46101000000000003 0.0 0.0
56383 6056556 2.6954308189054306 -0.04763804196807256 0.45720000000000005 0.0 0.0
56384 6056556 2.661278930956881 -0.04005147601359063 0.45720000000000005 0.0 0.0
56385 6056556 2.6271270430083318 -0.032464910059108704 0.45720000000000005 0.0 0.0
56386 6056556 2.598048324472321 -0.02565816657551956 0.45339000000000007 0.0 0.0
56387 6056556 2.56896960593631 -0.018851423091930414 0.44958000000000004 0.0 0.0
56388 6056556 2.5357034530041624 -0.012857799380671376 0.44704000000000005 0.0 0.0
56389 6056556 2.5024373000720144 -0.00686417566941234 0.4445 0.0 0.0
56390 6056556 2.4691711471398667 -0.0008705519581533039 0.44196 0.0 0.0
56391 6056556 2.4356357290435904 0.002485529869119124 0.43434000000000006 0.0 0.0
56392 6056556 2.3957593971797833 0.005459027698915875 0.43434000000000006 0.0 0.0
56393 6056556 2.3558830653159766 0.008432525528712626 0.43434000000000006 0.0 0.0
56394 6056556 2.3316558471589746 0.00874982876600014 0.42672000000000004 0.0 0.0
56395 6056556 2.300750874355343 0.00801574851309834 0.42418000000000006 0.0 0.0
56396 6056556 2.269845901551711 0.00728166826019654 0.42164 0.0 0.0
56397 6056556 2.2389409287480797 0.006547588007294741 0.41910000000000003 0.0 0.0
56398 6056556 2.2130332805515742 0.006070584594343842 0.41529000000000005 0.0 0.0
56399 6056556 2.1871256323550683 0.005593581181392943 0.41148 0.0 0.0
56400 6056556 2.1470049041210837 0.003741634365123314 0.41148 0.0 0.0
56401 6056556 2.0964964732516402 0.0027119315050281034 0.41148 0.0 0.0
56402 6056556 2.0578312622801866 0.00015148800376121874 0.40386 0.0 0.0
56403 6056556 2.0313343375240756 0.0016781930608671114 0.40386 0.0 0.0
56404 6056556 1.998770670122301 0.0016233326345854796 0.401955 0.0 0.0
56405 6056556 1.9662070027205263 0.0015684722083038477 0.40005 0.0 0.0
56406 6056556 1.9336433353187519 0.0015136117820222159 0.398145 0.0 0.0
56407 6056556 1.9010796679169772 0.001458751355740584 0.39624000000000004 0.0 0.0
56408 6056556 1.881019938914097 0.0017599207674501016 0.39243000000000006 0.0 0.0
56409 6056556 1.8609602099112168 0.0020610901791596192 0.38862 0.0 0.0
56410 6056556 1.815544612052163 0.004393304765716033 0.381 0.0 0.0
56411 6056556 1.7810349275692694 0.0038650476383624197 0.381 0.0 0.0
56412 6056556 1.7465252430863756 0.0033367905110088065 0.381 0.0 0.0
56413 6056556 1.712015558603482 0.002808533383655193 0.381 0.0 0.0
56414 6056556 1.6873752507175945 0.003496408352176461 0.37338 0.0 0.0
56415 6056556 1.6547984018537942 0.0016363374940595588 0.37338 0.0 0.0
56416 6056556 1.6190117218018472 0.0008248678923510055 0.37338 0.0 0.0
56417 6056556 1.5832250417499003 1.3398290642452348e-05 0.37338 0.0 0.0
56418 6056556 1.5458678833089787 -0.00016804173274032053 0.36576 0.0 0.0
56419 6056556 1.5178891604187095 -0.0015434366063924315 0.36576 0.0 0.0
56420 6056556 1.4741562717338335 -0.0022121277197957034 0.36576 0.0 0.0
56421 6056556 1.4502492228054078 -0.0019966586520272916 0.35814000000000007 0.0 0.0
56422 6056556 1.4175240552891206 -0.0024053593733073877 0.35433000000000003 0.0 0.0
56423 6056556 1.3847988877728337 -0.002814060094587484 0.35052000000000005 0.0 0.0
56424 6056556 1.3627486456276254 -0.003438499139881257 0.35052000000000005 0.0 0.0
56425 6056556 1.3445181745259067 -0.002156378145231841 0.35052000000000005 0.0 0.0
56426 6056556 1.313794948680039 -0.001057348438778409 0.35052000000000005 0.0 0.0
56427 6056556 1.2830717228341715 4.168126767502278e-05 0.35052000000000005 0.0 0.0
56428 6056556 1.2578730747518416 0.0008355169341458246 0.35052000000000005 0.0 0.0
56429 6056556 1.232674426669512 0.0016293526006166265 0.35052000000000005 0.0 0.0
56430 6056556 1.2074757785871821 0.0024231882670874283 0.35052000000000005 0.0 0.0
56431 6056556 1.1865222524960377 0.0017136238012698765 0.35052000000000005 0.0 0.0
56432 6056556 1.165568726404893 0.0010040593354523248 0.35052000000000005 0.0 0.0
56433 6056556 1.1446152003137486 0.0002944948696347732 0.35052000000000005 0.0 0.0
56434 6056556 1.1203066497922574 0.0006421481052345662 0.35052000000000005 0.0 0.0
56435 6056556 1.1081724201694703 0.0008094833760229937 0.35242500000000004 0.0 0.0
56436 6056556 1.096038190546683 0.0009768186468114212 0.35433000000000003 0.0 0.0
56437 6056556 1.0839039609238958 0.0011441539175998487 0.3562350000000001 0.0 0.0
56438 6056556 1.0717697313011088 0.0013114891883882762 0.35814000000000007 0.0 0.0
56439 6056556 1.062379205073549 0.0019260115813533804 0.35814000000000007 0.0 0.0
56440 6056556 1.0529886788459892 0.0025405339743184846 0.35814000000000007 0.0 0.0
56441 6056556 1.0430725352783146 0.0025432328411772735 0.35814000000000007 0.0 0.0
56442 6056556 1.03315639171064 0.002545931708036063 0.35814000000000007 0.0 0.0
56443 6056556 1.0232402481429654 0.002548630574894852 0.35814000000000007 0.0 0.0
56444 6056556 1.013324104575291 0.002551329441753641 0.35814000000000007 0.0 0.0
56445 6056556 1.0034079610076163 0.00255402830861243 0.35814000000000007 0.0 0.0
56446 6056556 0.9934918174399419 0.002556727175471219 0.35814000000000007 0.0 0.0
56447 6056556 0.9835756738722672 0.002559426042330008 0.35814000000000007 0.0 0.0
56448 6056556 0.9736595303045926 0.0025621249091887974 0.35814000000000007 0.0 0.0
56449 6056556 0.9637433867369181 0.0025648237760475864 0.35814000000000007 0.0 0.0
56450 6056556 0.9538272431692435 0.0025675226429063753 0.35814000000000007 0.0 0.0
56451 6056556 0.9439110996015689 0.0025702215097651647 0.35814000000000007 0.0 0.0
56452 6056556 0.9339949560338944 0.0025729203766239536 0.35814000000000007 0.0 0.0
56453 6056556 0.9240788124662198 0.0025756192434827426 0.35814000000000007 0.0 0.0
56454 6056556 0.9141626688985452 0.002578318110341532 0.35814000000000007 0.0 0.0
56455 6056556 0.9042465253308707 0.002581016977200321 0.35814000000000007 0.0 0.0
56456 6056556 0.8943303817631961 0.00258371584405911 0.35814000000000007 0.0 0.0
56457 6056556 0.8844142381955216 0.002586414710917899 0.35814000000000007 0.0 0.0
56458 6056556 0.8744980946278469 0.002589113577776688 0.35814000000000007 0.0 0.0
56459 6056556 0.8645819510601724 0.002591812444635477 0.35814000000000007 0.0 0.0
56460 6056556 0.8546658074924978 0.0025945113114942664 0.35814000000000007 0.0 0.0
56461 6056556 0.8447496639248232 0.0025972101783530554 0.35814000000000007 0.0 0.0
56462 6056556 0.8348335203571486 0.0025999090452118443 0.35814000000000007 0.0 0.0
56463 6056556 0.8249173767894741 0.0026026079120706337 0.35814000000000007 0.0 0.0
56464 6056556 0.8150012332217995 0.0026053067789294226 0.35814000000000007 0.0 0.0
56465 6056556 0.7823449642894534 0.0032281361106271805 0.35052000000000005 0.0 0.0
56466 6056556 0.7500898604165915 0.0037200942708372833 0.35052000000000005 0.0 0.0
56467 6056556 0.7178347565437297 0.004212052431047386 0.35052000000000005 0.0 0.0
56468 6056556 0.6960021248841187 0.003985728479504763 0.35052000000000005 0.0 0.0
56469 6056556 0.6741694932245077 0.00375940452796214 0.35052000000000005 0.0 0.0
56470 6056556 0.6390930495788716 0.0037717872455758153 0.35052000000000005 0.0 0.0
56471 6056556 0.6040166059332356 0.0037841699631894904 0.35052000000000005 0.0 0.0
56472 6056556 0.5622791222567411 0.005155723302922577 0.35433000000000003 0.0 0.0
56473 6056556 0.5205416385802468 0.006527276642655663 0.35814000000000007 0.0 0.0
56474 6056556 0.5069873798741067 0.005816032022543036 0.35814000000000007 0.0 0.0
56475 6056556 0.4675535945834839 0.006084807523266664 0.36195 0.0 0.0
56476 6056556 0.42811980929286114 0.006353583023990292 0.36576 0.0 0.0
56477 6056556 0.3958470573244848 0.006794373745382075 0.36576 0.0 0.0
56478 6056556 0.36357430535610835 0.007235164466773858 0.36576 0.0 0.0
56479 6056556 0.3231890160662509 0.007990874156511521 0.36956999999999995 0.0 0.0
56480 6056556 0.2828037267763934 0.008746583846249184 0.37338 0.0 0.0
56481 6056556 0.23177782839717553 0.010234626005170833 0.381 0.0 0.0
56482 6056556 0.19732350005734997 0.00988999170086303 0.381 0.0 0.0
56483 6056556 0.1628691717175244 0.009545357396555229 0.381 0.0 0.0
56484 6056556 0.12841484337769882 0.009200723092247426 0.381 0.0 0.0
56485 6056556 0.08504632097651799 0.00830390364964978 0.38862 0.0 0.0
56486 6056556 0.07090684569432726 0.007434185687412304 0.38862 0.0 0.0
56487 6056556 0.03537587718049634 0.006604792453776945 0.39243000000000006 0.0 0.0
56488 6056556 -0.00015509133333457825 0.005775399220141586 0.39624000000000004 0.0 0.0
56489 6056556 -0.03514616780297031 0.006054999566562899 0.40005 0.0 0.0
56490 6056556 -0.07013724427260604 0.006334599912984212 0.40386 0.0 0.0
56491 6056556 -0.11070649373976682 0.007211012065355321 0.41148 0.0 0.0
56492 6056556 -0.14085400988555702 0.006346008318539667 0.417195 0.0 0.0
56493 6056556 -0.17100152603134722 0.005481004571724013 0.42291 0.0 0.0
56494 6056556 -0.20254895209145457 0.0037302508944864338 0.42862500000000003 0.0 0.0
56495 6056556 -0.23409637815156192 0.0019794972172488545 0.43434000000000006 0.0 0.0
56496 6056556 -0.25877285127439054 0.002568579417496192 0.44196 0.0 0.0
56497 6056556 -0.2858133094076063 0.0013601939066911484 0.44196 0.0 0.0
56498 6056556 -0.31365624009785953 0.00041422211361782924 0.44958000000000004 0.0 0.0
56499 6056556 -0.3458131453832808 -0.002860002618865237 0.45339000000000007 0.0 0.0
56500 6056556 -0.37797005066870204 -0.006134227351348304 0.45720000000000005 0.0 0.0
56501 6056556 -0.39455327837476517 -0.00795674709956537 0.45720000000000005 0.0 0.0
56502 6056556 -0.4307225365899211 -0.00991896749325863 0.45720000000000005 0.0 0.0
56503 6056556 -0.46689179480507703 -0.011881187886951888 0.45720000000000005 0.0 0.0
56504 6056556 -0.49400155271838275 -0.01329988760558179 0.45720000000000005 0.0 0.0
56505 6056556 -0.5166355087912506 -0.013932656950830735 0.45910500000000004 0.0 0.0
56506 6056556 -0.5392694648641184 -0.014565426296079681 0.46101000000000003 0.0 0.0
56507 6056556 -0.5826543794675583 -0.016183326247208252 0.4629150000000001 0.0 0.0
56508 6056556 -0.626039294070998 -0.017801226198336823 0.46482000000000007 0.0 0.0
56509 6056556 -0.6506039043234195 -0.01958416227911028 0.47243999999999997 0.0 0.0
56510 6056556 -0.6792152731709185 -0.020160745259757917 0.47243999999999997 0.0 0.0
56511 6056556 -0.7078266420184174 -0.020737328240405556 0.47243999999999997 0.0 0.0
56512 6056556 -0.7352861861662281 -0.021865550881598805 0.47624999999999995 0.0 0.0
56513 6056556 -0.7627457303140388 -0.022993773522792055 0.48006 0.0 0.0
56514 6056556 -0.7908827067555729 -0.02302400097130426 0.4826 0.0 0.0
56515 6056556 -0.8190196831971069 -0.02305422841981646 0.48514 0.0 0.0
56516 6056556 -0.8471566596386411 -0.023084455868328663 0.48768 0.0 0.0
56517 6056556 -0.89337009718484 -0.0231625549901098 0.48768 0.0 0.0
56518 6056556 -0.9254434505260674 -0.022372643007722598 0.48768 0.0 0.0
56519 6056556 -0.961949256296165 -0.0218272842767486 0.49149 0.0 0.0
56520 6056556 -0.9984550620662627 -0.0212819255457746 0.4953 0.0 0.0
56521 6056556 -1.0283050108788938 -0.021569063613891687 0.49911000000000005 0.0 0.0
56522 6056556 -1.0581549596915252 -0.021856201682008775 0.50292 0.0 0.0
56523 6056556 -1.1035403989537313 -0.019399739207116934 0.50292 0.0 0.0
56524 6056556 -1.1298053683844511 -0.02004090643785734 0.508 0.0 0.0
56525 6056556 -1.1560703378151707 -0.020682073668597745 0.5130800000000001 0.0 0.0
56526 6056556 -1.1823353072458904 -0.021323240899338153 0.5181600000000001 0.0 0.0
56527 6056556 -1.2130936782589972 -0.02370775379221232 0.52197 0.0 0.0
56528 6056556 -1.243852049272104 -0.02609226668508649 0.52578 0.0 0.0
56529 6056556 -1.2812891384188576 -0.03260158885028061 0.52959 0.0 0.0
56530 6056556 -1.3187262275656113 -0.03911091101547473 0.5334 0.0 0.0
56531 6056556 -1.3338004473441416 -0.04446278497593106 0.5334 0.0 0.0
56532 6056556 -1.3582583714903977 -0.05270447544461024 0.53721 0.0 0.0
56533 6056556 -1.3827162956366539 -0.06094616591328941 0.54102 0.0 0.0
56534 6056556 -1.4144976728509133 -0.07555547466493398 0.54864 0.0 0.0
56535 6056556 -1.4393139311402787 -0.091274172091142 0.54864 0.0 0.0
56536 6056556 -1.4641301894296441 -0.10699286951735001 0.54864 0.0 0.0
56537 6056556 -1.4889464477190095 -0.12271156694355803 0.54864 0.0 0.0
56538 6056556 -1.513762706008375 -0.13843026436976605 0.54864 0.0 0.0
56539 6056556 -1.5339722145586883 -0.15857643887522016 0.54864 0.0 0.0
56540 6056556 -1.5541817231090016 -0.1787226133806743 0.54864 0.0 0.0
56541 6056556 -1.574391231659315 -0.1988687878861284 0.54864 0.0 0.0
56542 6056556 -1.6051638922230167 -0.24406857702181287 0.54864 0.0 0.0
56543 6056556 -1.6212579756447718 -0.2688321576020042 0.55626 0.0 0.0
56544 6056556 -1.6374692850317356 -0.3061759079164189 0.5600700000000001 0.0 0.0
56545 6056556 -1.6536805944186994 -0.34351965823083364 0.56388 0.0 0.0
56546 6056556 -1.6647273471211992 -0.3772948419510531 0.56388 0.0 0.0
56547 6056556 -1.6727797880177204 -0.4100631155109351 0.56388 0.0 0.0
56548 6056556 -1.6804614805837625 -0.4498460945783519 0.57912 0.0 0.0
56549 6056556 -1.6815841451736697 -0.4695750622842577 0.57912 0.0 0.0
56550 6056556 -1.682012536118346 -0.49940390611845 0.58293 0.0 0.0
56551 6056556 -1.6824409270630223 -0.5292327499526422 0.58674 0.0 0.0
56552 6056556 -1.6788093281884613 -0.5643034935345808 0.59055 0.0 0.0
56553 6056556 -1.6751777293139003 -0.5993742371165192 0.59436 0.0 0.0
56554 6056556 -1.6673002996328508 -0.6323284263925344 0.59436 0.0 0.0
56555 6056556 -1.65766249853395 -0.670765483924102 0.6019800000000001 0.0 0.0
56556 6056556 -1.6505238209027306 -0.7014527408738047 0.6045200000000001 0.0 0.0
56557 6056556 -1.6433851432715112 -0.7321399978235076 0.60706 0.0 0.0
56558 6056556 -1.6362464656402917 -0.7628272547732103 0.6096 0.0 0.0
56559 6056556 -1.6307052718470347 -0.7897984085937804 0.6096 0.0 0.0
56560 6056556 -1.6251640780537777 -0.8167695624143504 0.6096 0.0 0.0
56561 6056556 -1.6196228842605207 -0.8437407162349204 0.6096 0.0 0.0
56562 6056556 -1.614372060002635 -0.8779386412601055 0.6096 0.0 0.0
56563 6056556 -1.6050005091249202 -0.9307760102422847 0.61722 0.0 0.0
56564 6056556 -1.599089090034987 -0.980612331032587 0.61722 0.0 0.0
56565 6056556 -1.594571314377733 -1.0034708887584267 0.62103 0.0 0.0
56566 6056556 -1.5900535387204788 -1.0263294464842663 0.6248400000000001 0.0 0.0
56567 6056556 -1.5816693866715512 -1.0590982560396458 0.62865 0.0 0.0
56568 6056556 -1.5732852346226236 -1.0918670655950253 0.63246 0.0 0.0
56569 6056556 -1.5608577429126016 -1.1226865641277008 0.635 0.0 0.0
56570 6056556 -1.5484302512025794 -1.1535060626603766 0.6375400000000001 0.0 0.0
56571 6056556 -1.5360027594925574 -1.184325561193052 0.6400800000000001 0.0 0.0
56572 6056556 -1.5157103447701623 -1.2110181135716365 0.6426200000000001 0.0 0.0
56573 6056556 -1.4954179300477672 -1.2377106659502206 0.6451600000000001 0.0 0.0
56574 6056556 -1.4751255153253722 -1.264403218328805 0.6477 0.0 0.0
56575 6056556 -1.4369198739924764 -1.2969920069464858 0.65532 0.0 0.0
56576 6056556 -1.4085136948549206 -1.3174382273874703 0.65532 0.0 0.0
56577 6056556 -1.3801075157173648 -1.3378844478284548 0.65532 0.0 0.0
56578 6056556 -1.3406160987955988 -1.3583915777248852 0.65532 0.0 0.0
56579 6056556 -1.3116794250169617 -1.3704234598944034 0.65532 0.0 0.0
56580 6056556 -1.283588610403924 -1.3796082142595292 0.65532 0.0 0.0
56581 6056556 -1.2554977957908864 -1.388792968624655 0.65532 0.0 0.0
56582 6056556 -1.2105957561357676 -1.4009037219703757 0.65532 0.0 0.0
56583 6056556 -1.1672150362765263 -1.4088363721222117 0.65532 0.0 0.0
56584 6056556 -1.123834316417285 -1.4167690222740477 0.65532 0.0 0.0
56585 6056556 -1.0906477629781575 -1.4225951742899257 0.65532 0.0 0.0
56586 6056556 -1.049591076047223 -1.4260870490708886 0.65532 0.0 0.0
56587 6056556 -1.0085343891162883 -1.4295789238518513 0.65532 0.0 0.0
56588 6056556 -0.9762140782528252 -1.4296301968199763 0.65532 0.0 0.0
56589 6056556 -0.9349729483221599 -1.4320134096940822 0.65532 0.0 0.0
56590 6056556 -0.8937318183914946 -1.434396622568188 0.65532 0.0 0.0
56591 6056556 -0.8347127078849363 -1.4359316999372909 0.65532 0.0 0.0
56592 6056556 -0.801045808986834 -1.4368896900614985 0.65532 0.0 0.0
56593 6056556 -0.7673789100887316 -1.4378476801857059 0.65532 0.0 0.0
56594 6056556 -0.7056889432513882 -1.4407221638900276 0.65532 0.0 0.0
56595 6056556 -0.6713512005557438 -1.441665278565607 0.65532 0.0 0.0
56596 6056556 -0.6144882658063273 -1.4427275146296268 0.65532 0.0 0.0
56597 6056556 -0.5700634573908833 -1.4435206655533204 0.65532 0.0 0.0
56598 6056556 -0.5256386489754392 -1.444313816477014 0.65532 0.0 0.0
56599 6056556 -0.5177252129403682 -1.4445637500705681 0.65532 0.0 0.0
56600 6056556 -0.46672372642369075 -1.4461624931062602 0.65532 0.0 0.0
56601 6056556 -0.42291124076506814 -1.445294407443818 0.65532 0.0 0.0
56602 6056556 -0.36158871103017876 -1.4479291807062251 0.65532 0.0 0.0
56603 6056556 -0.3221298503760026 -1.4481493632383344 0.65532 0.0 0.0
56604 6056556 -0.28267098972182647 -1.4483695457704437 0.65532 0.0 0.0
56605 6056556 -0.2436652889662846 -1.4486164734299978 0.65532 0.0 0.0
56606 6056556 -0.2046595882107427 -1.4488634010895518 0.65532 0.0 0.0
56607 6056556 -0.15125081343454694 -1.4512467709429164 0.65532 0.0 0.0
56608 6056556 -0.10754234266840834 -1.450693406369633 0.65532 0.0 0.0
56609 6056556 -0.054099231159783434 -1.4529704885693453 0.65532 0.0 0.0
56610 6056556 -0.008707480781577015 -1.4554200361078224 0.65532 0.0 0.0
56611 6056556 0.03510424593466621 -1.4545491243758024 0.65532 0.0 0.0
56612 6056556 0.0737645926022849 -1.4558498732904297 0.65532 0.0 0.0
56613 6056556 0.1124249392699036 -1.457150622205057 0.65532 0.0 0.0
56614 6056556 0.177681210622744 -1.4586130871371485 0.65532 0.0 0.0
56615 6056556 0.21036896306712283 -1.4564429122785005 0.65532 0.0 0.0
56616 6056556 0.25397336781779467 -1.4562039939294515 0.65532 0.0 0.0
56617 6056556 0.28921672878318944 -1.4562703692962007 0.65532 0.0 0.0
56618 6056556 0.3244600897485842 -1.4563367446629496 0.65532 0.0 0.0
56619 6056556 0.3709788014277753 -1.4542455412761215 0.65532 0.0 0.0
56620 6056556 0.44187778355684976 -1.4547455824342848 0.65532 0.0 0.0
56621 6056556 0.48645679046648704 -1.454239530555294 0.65532 0.0 0.0
56622 6056556 0.5310357973761244 -1.4537334786763032 0.65532 0.0 0.0
56623 6056556 0.5502104718983466 -1.4548575953952696 0.65532 0.0 0.0
56624 6056556 0.6201684439837503 -1.4555158782046276 0.65532 0.0 0.0
56625 6056556 0.6524981413608335 -1.4557969997125404 0.65532 0.0 0.0
56626 6056556 0.6848278387379167 -1.4560781212204532 0.65532 0.0 0.0
56627 6056556 0.7285693419624676 -1.4554139168691274 0.65532 0.0 0.0
56628 6056556 0.7723108451870184 -1.4547497125178015 0.65532 0.0 0.0
56629 6056556 0.8343896497469299 -1.4550518300718531 0.65532 0.0 0.0
56630 6056556 0.8806077019308427 -1.454962244122019 0.65532 0.0 0.0
56631 6056556 0.9210391948259287 -1.4557274585133255 0.65532 0.0 0.0
56632 6056556 0.9614706877210146 -1.456492672904632 0.65532 0.0 0.0
56633 6056556 1.0043271495872386 -1.4579912439892126 0.65532 0.0 0.0
56634 6056556 1.0553605409877322 -1.4594734828555145 0.65532 0.0 0.0
56635 6056556 1.0936561172640087 -1.4611560948743079 0.65278 0.0 0.0
56636 6056556 1.1319516935402854 -1.4628387068931015 0.65024 0.0 0.0
56637 6056556 1.1702472698165618 -1.4645213189118949 0.6477 0.0 0.0
56638 6056556 1.2100405874392322 -1.4672378889843203 0.6477 0.0 0.0
56639 6056556 1.252500241095141 -1.4699487916099745 0.6477 0.0 0.0
56640 6056556 1.2949598947510497 -1.4726596942356285 0.6477 0.0 0.0
56641 6056556 1.3508084969439167 -1.4757125695190692 0.6400800000000001 0.0 0.0
56642 6056556 1.3763077040628846 -1.4765052226596973 0.6400800000000001 0.0 0.0
56643 6056556 1.4018069111818527 -1.4772978758003255 0.6400800000000001 0.0 0.0
56644 6056556 1.4675042543837828 -1.4839167432952716 0.6400800000000001 0.0 0.0
56645 6056556 1.5124231917816955 -1.4872540508304424 0.6362700000000001 0.0 0.0
56646 6056556 1.5573421291796081 -1.4905913583656132 0.63246 0.0 0.0
56647 6056556 1.5890212808170194 -1.4934013703973492 0.62865 0.0 0.0
56648 6056556 1.6207004324544307 -1.4962113824290852 0.6248400000000001 0.0 0.0
56649 6056556 1.6626027859277517 -1.500081515477183 0.6248400000000001 0.0 0.0
56650 6056556 1.7013005752016546 -1.5026128517799933 0.6248400000000001 0.0 0.0
56651 6056556 1.7399983644755577 -1.5051441880828038 0.6248400000000001 0.0 0.0
56652 6056556 1.7926113118532976 -1.509940885586518 0.6248400000000001 0.0 0.0
56653 6056556 1.8269414014970047 -1.5127002919818093 0.6223000000000001 0.0 0.0
56654 6056556 1.861271491140712 -1.515459698377101 0.61976 0.0 0.0
56655 6056556 1.895601580784419 -1.5182191047723923 0.61722 0.0 0.0
56656 6056556 1.9326078092501155 -1.5204890755980527 0.61722 0.0 0.0
56657 6056556 1.9711047253302891 -1.5229534239911384 0.61722 0.0 0.0
56658 6056556 2.0096016414104625 -1.5254177723842244 0.61722 0.0 0.0
56659 6056556 2.0471124755019687 -1.5275014716449202 0.6096 0.0 0.0
56660 6056556 2.075080683242323 -1.5316094810409344 0.6096 0.0 0.0
56661 6056556 2.1005966593164285 -1.5323467433618534 0.60579 0.0 0.0
56662 6056556 2.1261126353905335 -1.5330840056827724 0.6019800000000001 0.0 0.0
56663 6056556 2.1786907461583804 -1.5379833976336301 0.6019800000000001 0.0 0.0
56664 6056556 2.2137246721861823 -1.539491265137361 0.6019800000000001 0.0 0.0
56665 6056556 2.2493770588174513 -1.5423689569491779 0.5981700000000001 0.0 0.0
56666 6056556 2.2850294454487208 -1.545246648760995 0.59436 0.0 0.0
56667 6056556 2.3377797178450357 -1.5496170250215926 0.58674 0.0 0.0
56668 6056556 2.363186463918058 -1.55055137273109 0.58674 0.0 0.0
56669 6056556 2.3885932099910803 -1.5514857204405876 0.58674 0.0 0.0
56670 6056556 2.4494279715546377 -1.556391684504573 0.57912 0.0 0.0
56671 6056556 2.4864223989819303 -1.5584214257222697 0.57912 0.0 0.0
56672 6056556 2.5185430827140878 -1.5601450133848893 0.57531 0.0 0.0
56673 6056556 2.5506637664462453 -1.561868601047509 0.5715 0.0 0.0
56674 6056556 2.582118781658501 -1.5645428577243519 0.5715 0.0 0.0
56675 6056556 2.619663576198362 -1.5665179553558661 0.56388 0.0 0.0
56676 6056556 2.6566519532349964 -1.568836828599046 0.56388 0.0 0.0
56677 6056556 2.6936403302716307 -1.5711557018422255 0.56388 0.0 0.0
56678 6056556 2.73152956153909 -1.5720744202776333 0.5600700000000001 0.0 0.0
56679 6056556 2.7694187928065492 -1.5729931387130411 0.55626 0.0 0.0
56680 6056556 2.824270280231776 -1.570920190548984 0.54864 0.0 0.0
56681 6056556 2.854036869109961 -1.5667926373076004 0.54864 0.0 0.0
56682 6056556 2.8838034579881464 -1.5626650840662168 0.54864 0.0 0.0
56683 6056556 2.9336705661821254 -1.5513717684622994 0.54102 0.0 0.0
56684 6056556 2.9592605582212688 -1.5396312690994565 0.54102 0.0 0.0
56685 6056556 2.984850550260412 -1.5278907697366135 0.54102 0.0 0.0
56686 6056556 3.0225644571656485 -1.51029447995156 0.54102 0.0 0.0
56687 6056556 3.047951273031468 -1.4910114131372447 0.53721 0.0 0.0
56688 6056556 3.0733380888972874 -1.4717283463229294 0.5334 0.0 0.0
56689 6056556 3.0990813819410397 -1.4499916502608639 0.5334 0.0 0.0
56690 6056556 3.1308637995300765 -1.4124701112836104 0.52578 0.0 0.0
56691 6056556 3.150711704520681 -1.380223676938113 0.52197 0.0 0.0
56692 6056556 3.170559609511286 -1.3479772425926158 0.5181600000000001 0.0 0.0
56693 6056556 3.180669158072682 -1.3210801747530734 0.5181600000000001 0.0 0.0
56694 6056556 3.1907787066340783 -1.294183106913531 0.5181600000000001 0.0 0.0
56695 6056556 3.1971579849724816 -1.262389105592303 0.5143500000000001 0.0 0.0
56696 6056556 3.203537263310885 -1.2305951042710752 0.51054 0.0 0.0
56697 6056556 3.20456189704909 -1.1859564159426461 0.50673 0.0 0.0
56698 6056556 3.2055865307872953 -1.1413177276142168 0.50292 0.0 0.0
56699 6056556 3.2046113574175257 -1.1184545311310192 0.50292 0.0 0.0
56700 6056556 3.202564046734403 -1.0839105349660914 0.49911000000000005 0.0 0.0
56701 6056556 3.2005167360512807 -1.0493665388011635 0.4953 0.0 0.0
56702 6056556 3.198810856530073 -1.012870200233153 0.4953 0.0 0.0
56703 6056556 3.1971049770088658 -0.9763738616651425 0.4953 0.0 0.0
56704 6056556 3.195399097487658 -0.939877523097132 0.4953 0.0 0.0
56705 6056556 3.1950688561374707 -0.9123185317984815 0.49149 0.0 0.0
56706 6056556 3.1947386147872834 -0.8847595404998311 0.48768 0.0 0.0
56707 6056556 3.1940709453284635 -0.8443577052880621 0.48768 0.0 0.0
56708 6056556 3.193495011843325 -0.8042194095365233 0.48768 0.0 0.0
56709 6056556 3.194420546256441 -0.7768949711919504 0.48768 0.0 0.0
56710 6056556 3.195346080669557 -0.7495705328473774 0.48768 0.0 0.0
56711 6056556 3.1945566033687838 -0.7016527592995375 0.48768 0.0 0.0
56712 6056556 3.1956262614937487 -0.6732071788132181 0.48387 0.0 0.0
56713 6056556 3.1966959196187137 -0.6447615983268987 0.48006 0.0 0.0
56714 6056556 3.197436526148258 -0.6098422377910827 0.48006 0.0 0.0
56715 6056556 3.1973847727757025 -0.5773509887049558 0.48006 0.0 0.0
56716 6056556 3.1970465591615698 -0.5446494174764879 0.48006 0.0 0.0
56717 6056556 3.196970923657607 -0.5144087385834367 0.48006 0.0 0.0
56718 6056556 3.196895288153645 -0.4841680596903856 0.48006 0.0 0.0
56719 6056556 3.1968196526496824 -0.4539273807973345 0.48006 0.0 0.0
56720 6056556 3.196918981362753 -0.4291367109231514 0.47624999999999995 0.0 0.0
56721 6056556 3.1970183100758236 -0.4043460410489683 0.47243999999999997 0.0 0.0
56722 6056556 3.194404128303556 -0.3620236249437819 0.47243999999999997 0.0 0.0
56723 6056556 3.191789946531288 -0.31970120883859543 0.47243999999999997 0.0 0.0
56724 6056556 3.1895682569620556 -0.2938609145717125 0.47243999999999997 0.0 0.0
56725 6056556 3.182651953692174 -0.25655909455373016 0.47243999999999997 0.0 0.0
56726 6056556 3.1780099366126517 -0.2122897327228838 0.46482000000000007 0.0 0.0
56727 6056556 3.171503314762089 -0.19141722439266073 0.46482000000000007 0.0 0.0
56728 6056556 3.164996692911526 -0.17054471606243768 0.46482000000000007 0.0 0.0
56729 6056556 3.149044919171687 -0.1350830336130124 0.45720000000000005 0.0 0.0
56730 6056556 3.135311556299754 -0.1105082476426962 0.45720000000000005 0.0 0.0
56731 6056556 3.121578193427821 -0.08593346167238 0.45720000000000005 0.0 0.0
56732 6056556 3.0916139302845496 -0.05395805143078383 0.44958000000000004 0.0 0.0
56733 6056556 3.0688968657061766 -0.040585310845181126 0.44958000000000004 0.0 0.0
56734 6056556 3.0461798011278036 -0.027212570259578416 0.44958000000000004 0.0 0.0
56735 6056556 3.0234627365494307 -0.013839829673975707 0.44958000000000004 0.0 0.0
56736 6056556 2.990139427135526 -0.008024291539677274 0.44704000000000005 0.0 0.0
56737 6056556 2.9568161177216217 -0.0022087534053788407 0.4445 0.0 0.0
56738 6056556 2.923492808307717 0.003606784728919593 0.44196 0.0 0.0
56739 6056556 2.891730018648123 -0.0012108919331691725 0.44196 0.0 0.0
56740 6056556 2.855334658041695 -0.006618890199886512 0.43434000000000006 0.0 0.0
56741 6056556 2.843753403889612 -0.008095033076304409 0.43434000000000006 0.0 0.0
56742 6056556 2.808235405513965 -0.012854629766690051 0.4305300000000001 0.0 0.0
56743 6056556 2.772717407138318 -0.017614226457075693 0.42672000000000004 0.0 0.0
56744 6056556 2.743309986598616 -0.01861512826363318 0.42672000000000004 0.0 0.0
56745 6056556 2.7139025660589144 -0.019616030070190665 0.42672000000000004 0.0 0.0
56746 6056556 2.68227896688166 -0.018111666096493312 0.42672000000000004 0.0 0.0
56747 6056556 2.6506553677044047 -0.01660730212279596 0.42672000000000004 0.0 0.0
56748 6056556 2.61903176852715 -0.015102938149098605 0.42672000000000004 0.0 0.0
56749 6056556 2.5879037396803906 -0.012533508583682323 0.42672000000000004 0.0 0.0
56750 6056556 2.5424891150982853 -0.01020595352086287 0.41910000000000003 0.0 0.0
56751 6056556 2.516188037531612 -0.007810287946516975 0.41910000000000003 0.0 0.0
56752 6056556 2.489886959964939 -0.0054146223721710796 0.41910000000000003 0.0 0.0
56753 6056556 2.4452649773153143 -0.0006584349454636096 0.41910000000000003 0.0 0.0
56754 6056556 2.418149037243185 0.0006017603335783106 0.41910000000000003 0.0 0.0
56755 6056556 2.380437636162072 0.0004151630799942019 0.41148 0.0 0.0
56756 6056556 2.34794365047292 0.0009784595272286645 0.41148 0.0 0.0
56757 6056556 2.3154496647837677 0.001541755974463127 0.41148 0.0 0.0
56758 6056556 2.278093563430027 0.0013564628288103286 0.41148 0.0 0.0
56759 6056556 2.2521859403901328 0.0008793160585907345 0.41148 0.0 0.0
56760 6056556 2.226278317350239 0.0004021692883711403 0.41148 0.0 0.0
56761 6056556 2.192899800099301 -0.0011983465431039397 0.41148 0.0 0.0
56762 6056556 2.1631225938069694 -0.0012878327309630844 0.41148 0.0 0.0
56763 6056556 2.1342966756965818 -0.0018630215228875313 0.40767 0.0 0.0
56764 6056556 2.105470757586194 -0.0024382103148119783 0.40386 0.0 0.0
56765 6056556 2.0742876512679995 -0.0014840312859586147 0.40132 0.0 0.0
56766 6056556 2.0431045449498053 -0.0005298522571052511 0.39878 0.0 0.0
56767 6056556 2.0119214386316107 0.0004243267717481125 0.39624000000000004 0.0 0.0
56768 6056556 1.9803114725884552 0.0031536555632726004 0.39624000000000004 0.0 0.0
56769 6056556 1.9560726129880606 0.0037095723463695662 0.39624000000000004 0.0 0.0
56770 6056556 1.899144296967643 0.004777697955148652 0.39624000000000004 0.0 0.0
56771 6056556 1.8749969001074445 0.00507039540511571 0.39624000000000004 0.0 0.0
56772 6056556 1.8508495032472456 0.005363092855082768 0.39624000000000004 0.0 0.0
56773 6056556 1.810729990835914 0.005965716243979291 0.38862 0.0 0.0
56774 6056556 1.7860255529424351 0.005097163148646194 0.38862 0.0 0.0
56775 6056556 1.7613211150489563 0.004228610053313098 0.38862 0.0 0.0
56776 6056556 1.7391915944418406 0.004446768964002423 0.381 0.0 0.0
56777 6056556 1.6957913829882385 0.003434550857128904 0.381 0.0 0.0
56778 6056556 1.6627787946723371 0.0016000754792548366 0.37846 0.0 0.0
56779 6056556 1.6297662063564358 -0.00023439989861923083 0.37592 0.0 0.0
56780 6056556 1.5967536180405344 -0.0020688752764932983 0.37338 0.0 0.0
56781 6056556 1.5776518812712461 -0.0007363838970275843 0.37338 0.0 0.0
56782 6056556 1.5426628172043115 -0.0004645634514032909 0.36956999999999995 0.0 0.0
56783 6056556 1.507673753137377 -0.0001927430057789975 0.36576 0.0 0.0
56784 6056556 1.4889155119782504 0.0005604809767063706 0.36576 0.0 0.0
56785 6056556 1.4524819514068843 0.0013045437168244314 0.36195 0.0 0.0
56786 6056556 1.4160483908355181 0.002048606456942492 0.35814000000000007 0.0 0.0
56787 6056556 1.3847155707174266 0.0030934288744125793 0.3556000000000001 0.0 0.0
56788 6056556 1.3533827505993352 0.004138251291882666 0.35306000000000004 0.0 0.0
56789 6056556 1.3220499304812436 0.0051830737093527535 0.35052000000000005 0.0 0.0
56790 6056556 1.3029573899626756 0.003826293755910065 0.35052000000000005 0.0 0.0
56791 6056556 1.2759140757790075 0.0039570241229500425 0.35052000000000005 0.0 0.0
56792 6056556 1.2488707615953394 0.00408775448999002 0.35052000000000005 0.0 0.0
56793 6056556 1.2245278298448876 0.004329490983266418 0.35052000000000005 0.0 0.0
56794 6056556 1.194680573434558 0.004032948183083251 0.35052000000000005 0.0 0.0
56795 6056556 1.1749440745233872 0.0034243354759335904 0.35052000000000005 0.0 0.0
56796 6056556 1.1552075756122164 0.0028157227687839294 0.35052000000000005 0.0 0.0
56797 6056556 1.1354710767010459 0.002207110061634268 0.35052000000000005 0.0 0.0
56798 6056556 1.115734577789875 0.001598497354484607 0.35052000000000005 0.0 0.0
56799 6056556 1.0959980788787043 0.000989884647334946 0.35052000000000005 0.0 0.0
56800 6056556 1.0638010492296013 0.0019287955112410604 0.35052000000000005 0.0 0.0
56801 6056556 1.0503930067175893 0.0020255942720172706 0.35306000000000004 0.0 0.0
56802 6056556 1.0369849642055773 0.0021223930327934812 0.3556000000000001 0.0 0.0
56803 6056556 1.0235769216935653 0.0022191917935696914 0.35814000000000007 0.0 0.0
56804 6056556 0.9992682599845968 0.0025673015050345915 0.35433000000000003 0.0 0.0
56805 6056556 0.9749595982756283 0.0029154112164994916 0.35052000000000005 0.0 0.0
56806 6056556 0.9635496467522353 0.0019701208703268996 0.35052000000000005 0.0 0.0
56807 6056556 0.9551332851272343 0.002032846711551961 0.35052000000000005 0.0 0.0
56808 6056556 0.9443831941755683 0.0017482022254128524 0.35052000000000005 0.0 0.0
56809 6056556 0.9336331032239021 0.0014635577392737437 0.35052000000000005 0.0 0.0
56810 6056556 0.9233485898347603 0.002603978006359031 0.35052000000000005 0.0 0.0
56811 6056556 0.9125249049851384 0.0034532648623111645 0.35052000000000005 0.0 0.0
56812 6056556 0.8992939071186244 0.005089086125406303 0.35814000000000007 0.0 0.0
56813 6056556 0.8925513777374632 0.0048386610273956285 0.35814000000000007 0.0 0.0
56814 6056556 0.8858088483563019 0.004588235929384954 0.35814000000000007 0.0 0.0
56815 6056556 0.8779316372335209 0.004942199787431059 0.35814000000000007 0.0 0.0
56816 6056556 0.8697559816618325 0.004926379120795993 0.35814000000000007 0.0 0.0
56817 6056556 0.8615803260901442 0.0049105584541609265 0.35814000000000007 0.0 0.0
56818 6056556 0.8548039876062279 0.005372172215296702 0.35814000000000007 0.0 0.0
56819 6056556 0.8480276491223115 0.005833785976432478 0.35814000000000007 0.0 0.0
