57149 11028290 5.765935564269598 -0.0031085891674837163 0.6096 0.0 0.0
57150 11028290 5.702377042907543 -0.002009291880076175 0.6019800000000001 0.0 0.0
57151 11028290 5.640995418970527 -0.005123344199253671 0.6019800000000001 0.0 0.0
57152 11028290 5.566087315358393 -0.0020744771372746273 0.59436 0.0 0.0
57153 11028290 5.517236982924419 -0.002148438416219506 0.58674 0.0 0.0
57154 11028290 5.4407794018908415 -0.003849308028931381 0.58674 0.0 0.0
57155 11028290 5.416302473501332 -0.004044225358218162 0.58293 0.0 0.0
57156 11028290 5.391825545111824 -0.004239142687504943 0.57912 0.0 0.0
57157 11028290 5.281181828140016 -0.000514305204507709 0.5715 0.0 0.0
57158 11028290 5.219650809763529 -0.0013570601325671172 0.56388 0.0 0.0
57159 11028290 5.153694282072324 -0.0021577744680588984 0.56388 0.0 0.0
57160 11028290 5.103031721527801 -0.0023389736579621234 0.55626 0.0 0.0
57161 11028290 5.045421116565471 -0.003407643183614445 0.55626 0.0 0.0
57162 11028290 4.981976227285962 -0.000587384968053245 0.54864 0.0 0.0
57163 11028290 4.908990241960098 -0.003882516952120746 0.54864 0.0 0.0
57164 11028290 4.859198504333019 -0.004112538593654819 0.54102 0.0 0.0
57165 11028290 4.7829470737837045 -0.0010851183410697518 0.54102 0.0 0.0
57166 11028290 4.732352673994189 -0.0010525194548046957 0.5334 0.0 0.0
57167 11028290 4.670934018536404 -0.004263766683939713 0.5334 0.0 0.0
57168 11028290 4.601239363568412 -0.002906030322642833 0.52578 0.0 0.0
57169 11028290 4.538273998558493 -0.002691502670371132 0.52578 0.0 0.0
57170 11028290 4.466251611343232 -0.0013908918044286678 0.5181600000000001 0.0 0.0
57171 11028290 4.437955467568607 -0.002673076658511603 0.5181600000000001 0.0 0.0
57172 11028290 4.37059859612402 -0.0023092103956935117 0.5143500000000001 0.0 0.0
57173 11028290 4.303241724679433 -0.0019453441328754206 0.51054 0.0 0.0
57174 11028290 4.243736768259867 -0.0047263050169600584 0.51054 0.0 0.0
57175 11028290 4.194047086074212 -0.004634939989977577 0.50292 0.0 0.0
57176 11028290 4.144219534935951 -0.0049655189198336835 0.50292 0.0 0.0
57177 11028290 4.0720129201559665 -0.003133892498545371 0.4953 0.0 0.0
57178 11028290 3.987662311939231 -0.00586646864361165 0.4953 0.0 0.0
57179 11028290 3.9278715815347276 -0.005164275162669957 0.48768 0.0 0.0
57180 11028290 3.869078099170558 -0.004670207013955291 0.48768 0.0 0.0
57181 11028290 3.806455483683009 -0.0033934683084458073 0.48006 0.0 0.0
57182 11028290 3.756799441548294 -0.0031934698929226013 0.48006 0.0 0.0
57183 11028290 3.6901744799370517 -0.003296453997386789 0.48006 0.0 0.0
57184 11028290 3.6299566582828326 -0.006891486152446752 0.47243999999999997 0.0 0.0
57185 11028290 3.544907554089943 -0.0049524645076568785 0.46482000000000007 0.0 0.0
57186 11028290 3.4853116861501876 -0.0025582379491309315 0.46482000000000007 0.0 0.0
57187 11028290 3.4464779288278486 -0.0032013174513330356 0.46101000000000003 0.0 0.0
57188 11028290 3.4076441715055097 -0.0038443969535351397 0.45720000000000005 0.0 0.0
57189 11028290 3.357012675090746 -0.00390756264078565 0.45720000000000005 0.0 0.0
57190 11028290 3.2910291048161335 -0.0033987598990577184 0.44958000000000004 0.0 0.0
57191 11028290 3.2298600049416395 -0.004460787549458806 0.44958000000000004 0.0 0.0
57192 11028290 3.1693232506232896 -0.0022242731696742457 0.44196 0.0 0.0
57193 11028290 3.1030177843004907 -0.002426510735796278 0.44196 0.0 0.0
57194 11028290 3.024742567770904 -0.001758265719833202 0.43434000000000006 0.0 0.0
57195 11028290 2.9912618196003624 -0.0036792357411985777 0.43434000000000006 0.0 0.0
57196 11028290 2.8981396866747806 -0.000616459021396315 0.43434000000000006 0.0 0.0
57197 11028290 2.875735374906901 -0.0012463488177670845 0.4305300000000001 0.0 0.0
57198 11028290 2.853331063139021 -0.001876238614137854 0.42672000000000004 0.0 0.0
57199 11028290 2.796942588749578 -0.0021591356741234857 0.41910000000000003 0.0 0.0
57200 11028290 2.7058835614509755 0.0006997387406024458 0.41910000000000003 0.0 0.0
57201 11028290 2.6830418552080557 -0.0023568290257120206 0.41910000000000003 0.0 0.0
57202 11028290 2.592142958647762 0.00045111188540888914 0.41148 0.0 0.0
57203 11028290 2.5371283288158732 -0.0021475288973598905 0.41148 0.0 0.0
57204 11028290 2.4780006411889737 0.00033530397741057816 0.40386 0.0 0.0
57205 11028290 2.4290411919897608 -3.4095364975145204e-05 0.40386 0.0 0.0
57206 11028290 2.3429793150373697 0.0015479466409674958 0.40386 0.0 0.0
57207 11028290 2.2895830477979047 0.002277660378726759 0.39624000000000004 0.0 0.0
57208 11028290 2.2292026813952246 0.0011995711743819915 0.39624000000000004 0.0 0.0
57209 11028290 2.200956636999708 0.001719813041262258 0.39624000000000004 0.0 0.0
57210 11028290 2.172710592604191 0.0022400549081425247 0.39624000000000004 0.0 0.0
57211 11028290 2.093813386330984 0.0026535304537262105 0.38862 0.0 0.0
57212 11028290 2.040392891846521 0.0022246670151503667 0.38862 0.0 0.0
57213 11028290 1.9848847818123554 0.0008424169633812484 0.38862 0.0 0.0
57214 11028290 1.9236453462427583 0.0020331905355902846 0.38862 0.0 0.0
57215 11028290 1.8574057097767938 0.0020537161317051578 0.381 0.0 0.0
57216 11028290 1.806219654843514 0.0003126105494604958 0.381 0.0 0.0
57217 11028290 1.7357499798958251 0.0020661348640989563 0.37338 0.0 0.0
57218 11028290 1.6792318776218509 0.0003149779057629032 0.37338 0.0 0.0
57219 11028290 1.6425863567006096 0.0009521392492173875 0.36956999999999995 0.0 0.0
57220 11028290 1.6059408357793683 0.0015893005926718717 0.36576 0.0 0.0
57221 11028290 1.5464302137458792 0.00046604802600959394 0.36576 0.0 0.0
57222 11028290 1.502642850731445 0.0034365224004930806 0.36576 0.0 0.0
57223 11028290 1.412848012685585 0.0004070513668131548 0.35814000000000007 0.0 0.0
57224 11028290 1.3615826789384047 0.0011480393884464868 0.35052000000000005 0.0 0.0
57225 11028290 1.3356024158504587 0.004260753370417397 0.35052000000000005 0.0 0.0
57226 11028290 1.2478362598298083 0.0009209544503730599 0.35052000000000005 0.0 0.0
57227 11028290 1.1990124192286644 0.0009822783927574963 0.35052000000000005 0.0 0.0
57228 11028290 1.1192097735783026 0.005439849108396094 0.35052000000000005 0.0 0.0
57229 11028290 1.058734423435258 0.003817701282145383 0.35052000000000005 0.0 0.0
