57569 10532852 5.8234296629241715 0.2848711633428159 0.59436 0.0 0.0
57570 10532852 5.786987422676194 0.29126292559641 0.58674 0.0 0.0
57571 10532852 5.736855313211706 0.29160608855865566 0.58674 0.0 0.0
57572 10532852 5.699047213993454 0.2927202493697286 0.58674 0.0 0.0
57573 10532852 5.663839670352435 0.28819770810360634 0.58674 0.0 0.0
57574 10532852 5.621799699244241 0.28450146116955655 0.57912 0.0 0.0
57575 10532852 5.58755331224566 0.27476006440043343 0.57912 0.0 0.0
57576 10532852 5.539411676795806 0.26324221294571115 0.5715 0.0 0.0
57577 10532852 5.523841526493122 0.2576900464281553 0.5715 0.0 0.0
57578 10532852 5.508271376190437 0.25213787991059944 0.5715 0.0 0.0
57579 10532852 5.4527911396817865 0.23717320196285238 0.56388 0.0 0.0
57580 10532852 5.415080258878071 0.22225468720456573 0.56388 0.0 0.0
57581 10532852 5.372038852585723 0.20895776099495542 0.55626 0.0 0.0
57582 10532852 5.337939329347695 0.19531480094120943 0.55626 0.0 0.0
57583 10532852 5.30713064339152 0.18386940225176548 0.55626 0.0 0.0
57584 10532852 5.276321957435345 0.17242400356232154 0.55626 0.0 0.0
57585 10532852 5.245834931014747 0.1633267698101771 0.55626 0.0 0.0
57586 10532852 5.190443116169167 0.1431953220681473 0.54864 0.0 0.0
57587 10532852 5.150027379011804 0.13359853757874793 0.54864 0.0 0.0
57588 10532852 5.118782471194409 0.12217913636495545 0.54864 0.0 0.0
57589 10532852 5.085852658168724 0.11212697700516391 0.54102 0.0 0.0
57590 10532852 5.046088346020029 0.0979963522857937 0.54102 0.0 0.0
57591 10532852 5.004363600002017 0.08438845866186115 0.54102 0.0 0.0
57592 10532852 4.950096186624407 0.07043284006027925 0.54102 0.0 0.0
57593 10532852 4.906525133738214 0.056609895441510044 0.54102 0.0 0.0
57594 10532852 4.881821221452835 0.04837263874190542 0.54102 0.0 0.0
57595 10532852 4.857117309167457 0.0401353820423008 0.54102 0.0 0.0
57596 10532852 4.823762970514926 0.03150746999949136 0.5334 0.0 0.0
57597 10532852 4.778107576324316 0.02490617919327262 0.5334 0.0 0.0
57598 10532852 4.721307611160558 0.016800691857442013 0.5334 0.0 0.0
57599 10532852 4.682601601347305 0.015175274927153065 0.52578 0.0 0.0
57600 10532852 4.642610959787249 0.012333761935960558 0.52578 0.0 0.0
57601 10532852 4.620488971893316 0.01119798220714549 0.52578 0.0 0.0
57602 10532852 4.598366983999383 0.010062202478330423 0.52578 0.0 0.0
57603 10532852 4.557860264179372 0.0072726410133913955 0.52578 0.0 0.0
57604 10532852 4.517882438559409 0.008282255662599741 0.52578 0.0 0.0
57605 10532852 4.472661829962963 0.0016576118796393924 0.5181600000000001 0.0 0.0
57606 10532852 4.423511592628918 0.002038786403805587 0.5181600000000001 0.0 0.0
57607 10532852 4.395014600558159 0.0004134973004257525 0.5143500000000001 0.0 0.0
57608 10532852 4.366517608487401 -0.001211791802954082 0.51054 0.0 0.0
57609 10532852 4.327294308848273 -0.004418885399200018 0.51054 0.0 0.0
57610 10532852 4.290544214887735 -0.014740385495017355 0.51054 0.0 0.0
57611 10532852 4.250197300999367 -0.017580555450920993 0.51054 0.0 0.0
57612 10532852 4.2096304311939 -0.02490436888790762 0.51054 0.0 0.0
57613 10532852 4.1527939714005555 -0.03311091004903158 0.50292 0.0 0.0
57614 10532852 4.111414143999843 -0.03748238352577585 0.50292 0.0 0.0
57615 10532852 4.0679470967271625 -0.042808012040364135 0.50292 0.0 0.0
57616 10532852 4.028723064801872 -0.04601346611347826 0.50292 0.0 0.0
57617 10532852 3.989623431573958 -0.05264685103784464 0.50292 0.0 0.0
57618 10532852 3.946193631354288 -0.05132574533853476 0.4953 0.0 0.0
57619 10532852 3.929092553189945 -0.052579357364943874 0.4953 0.0 0.0
57620 10532852 3.9119914750256024 -0.053832969391352986 0.4953 0.0 0.0
57621 10532852 3.856993012260114 -0.05259140312640456 0.4953 0.0 0.0
57622 10532852 3.8187683602082423 -0.05109901342380488 0.4953 0.0 0.0
57623 10532852 3.780005058493815 -0.04908022777751844 0.4953 0.0 0.0
57624 10532852 3.7423306889931656 -0.04753338932308418 0.4953 0.0 0.0
57625 10532852 3.709874238731752 -0.043600626203804255 0.48768 0.0 0.0
57626 10532852 3.648126552289508 -0.034197673825804104 0.48768 0.0 0.0
57627 10532852 3.622084576340223 -0.03101433744919721 0.48768 0.0 0.0
57628 10532852 3.5960426003909385 -0.027831001072590317 0.48768 0.0 0.0
57629 10532852 3.5571674616279827 -0.02016750325096775 0.48768 0.0 0.0
57630 10532852 3.51419946456408 -0.011985784980240971 0.48006 0.0 0.0
57631 10532852 3.4739030869490835 -0.003507555381045774 0.48006 0.0 0.0
57632 10532852 3.4358273219938402 -0.0018281431425619943 0.48006 0.0 0.0
57633 10532852 3.4004711613283627 0.004103705958872966 0.48006 0.0 0.0
57634 10532852 3.3627621031443606 0.005546998062906011 0.48006 0.0 0.0
57635 10532852 3.33070451655011 0.005262788897781395 0.47243999999999997 0.0 0.0
57636 10532852 3.3005754881776346 0.009255490573683883 0.47243999999999997 0.0 0.0
57637 10532852 3.2576391612757343 0.012639016407993336 0.47243999999999997 0.0 0.0
57638 10532852 3.2276868014847913 0.011551420283388967 0.47243999999999997 0.0 0.0
57639 10532852 3.197734441693848 0.010463824158784598 0.47243999999999997 0.0 0.0
57640 10532852 3.167782081902905 0.009376228034180228 0.47243999999999997 0.0 0.0
57641 10532852 3.1176661218589468 0.009263192332938902 0.47243999999999997 0.0 0.0
57642 10532852 3.0879475935526077 0.009618293026241592 0.46482000000000007 0.0 0.0
57643 10532852 3.0546953901102967 0.0062207456605034295 0.46482000000000007 0.0 0.0
57644 10532852 3.0214431866679856 0.0028231982947652667 0.46482000000000007 0.0 0.0
57645 10532852 2.9934672451428312 0.0030771043683670285 0.46482000000000007 0.0 0.0
57646 10532852 2.959952008198182 0.0010507146853571958 0.45720000000000005 0.0 0.0
57647 10532852 2.9080899143484986 -0.0038645686441824145 0.45720000000000005 0.0 0.0
57648 10532852 2.8859263348866495 -0.0045730747628724144 0.45339000000000007 0.0 0.0
57649 10532852 2.8637627554248004 -0.005281580881562414 0.44958000000000004 0.0 0.0
57650 10532852 2.828777753094257 -0.010448963812549644 0.44958000000000004 0.0 0.0
57651 10532852 2.7953228554273966 -0.0071207819087607815 0.44958000000000004 0.0 0.0
57652 10532852 2.7569000725771797 -0.008946060177622756 0.44196 0.0 0.0
57653 10532852 2.7237069469209176 -0.008623454675392411 0.44196 0.0 0.0
57654 10532852 2.6862824597341515 -0.009022030598693137 0.44196 0.0 0.0
57655 10532852 2.655442580499302 -0.004210583579427746 0.44196 0.0 0.0
57656 10532852 2.6189680573758487 -0.007138509376443197 0.43434000000000006 0.0 0.0
57657 10532852 2.585341713549907 -0.00270205342548982 0.43434000000000006 0.0 0.0
57658 10532852 2.5371283288158732 -0.0021475288973598905 0.43434000000000006 0.0 0.0
57659 10532852 2.5057148355070167 0.002267735829432821 0.43434000000000006 0.0 0.0
57660 10532852 2.4891410298325303 0.002363744332813722 0.43434000000000006 0.0 0.0
57661 10532852 2.472567224158044 0.002459752836194623 0.43434000000000006 0.0 0.0
57662 10532852 2.4187129051154894 0.003688616496184016 0.4305300000000001 0.0 0.0
57663 10532852 2.384004156974087 0.0014119029106671316 0.42862500000000003 0.0 0.0
57664 10532852 2.349295408832685 -0.000864810674849753 0.42672000000000004 0.0 0.0
57665 10532852 2.3163996299069116 -0.0009879974609470488 0.42672000000000004 0.0 0.0
57666 10532852 2.2661214972602144 -0.0010426200947458997 0.41910000000000003 0.0 0.0
57667 10532852 2.2329735780273623 -0.0008494843319556133 0.41910000000000003 0.0 0.0
57668 10532852 2.2164911448849884 -0.0010163724540163954 0.41910000000000003 0.0 0.0
57669 10532852 2.2000087117426146 -0.0011832605760771775 0.41910000000000003 0.0 0.0
57670 10532852 2.144698169555136 0.0007566284894792996 0.41910000000000003 0.0 0.0
57671 10532852 2.114989858503667 0.0008784724899667251 0.41148 0.0 0.0
57672 10532852 2.077783802661605 0.002514272851741689 0.41148 0.0 0.0
57673 10532852 2.0451399522147704 0.002485404755050033 0.409575 0.0 0.0
57674 10532852 2.012496101767936 0.002456536658358377 0.40767 0.0 0.0
57675 10532852 1.979852251321101 0.002427668561666721 0.405765 0.0 0.0
57676 10532852 1.9472084008742665 0.002398800464975065 0.40386 0.0 0.0
57677 10532852 1.9151490398050028 0.0021209834589961396 0.40386 0.0 0.0
57678 10532852 1.8783190050186649 0.0008312332253200827 0.40386 0.0 0.0
57679 10532852 1.8446796481921774 0.0038734260214839944 0.39624000000000004 0.0 0.0
57680 10532852 1.8030149971963916 0.0031896585441653913 0.39370000000000005 0.0 0.0
57681 10532852 1.761350346200606 0.002505891066846788 0.39116 0.0 0.0
57682 10532852 1.71968569520482 0.001822123589528185 0.38862 0.0 0.0
57683 10532852 1.692552823674692 0.0017665237860470344 0.38608000000000003 0.0 0.0
57684 10532852 1.6654199521445638 0.0017109239825658835 0.38354 0.0 0.0
57685 10532852 1.6382870806144358 0.0016553241790847328 0.381 0.0 0.0
57686 10532852 1.6038319077841003 0.0027454892360765787 0.37719 0.0 0.0
57687 10532852 1.569376734953765 0.0038356542930684245 0.37338 0.0 0.0
57688 10532852 1.5525669541989136 0.003485033908241182 0.37338 0.0 0.0
57689 10532852 1.535757173444062 0.0031344135234139398 0.37338 0.0 0.0
57690 10532852 1.4778221162448595 0.0008545324025188289 0.36576 0.0 0.0
57691 10532852 1.4405204410601642 0.002203480441989203 0.36576 0.0 0.0
57692 10532852 1.4032187658754691 0.003552428481459577 0.36576 0.0 0.0
57693 10532852 1.374371567329111 0.0033259441699498016 0.364236 0.0 0.0
57694 10532852 1.3455243687827527 0.0030994598584400262 0.36271200000000003 0.0 0.0
57695 10532852 1.3166771702363946 0.002872975546930251 0.361188 0.0 0.0
57696 10532852 1.2878299716900363 0.0026464912354204756 0.35966400000000004 0.0 0.0
57697 10532852 1.2589827731436782 0.0024200069239107003 0.35814000000000007 0.0 0.0
57698 10532852 1.2154815340619682 0.00518184332990039 0.35814000000000007 0.0 0.0
57699 10532852 1.189741759243129 0.005225955958762981 0.35661600000000004 0.0 0.0
57700 10532852 1.1640019844242895 0.005270068587625573 0.3550920000000001 0.0 0.0
57701 10532852 1.1382622096054502 0.0053141812164881645 0.35356800000000005 0.0 0.0
57702 10532852 1.1125224347866107 0.0053582938453507565 0.3520440000000001 0.0 0.0
57703 10532852 1.0867826599677715 0.005402406474213348 0.35052000000000005 0.0 0.0
57704 10532852 1.0610174577392995 0.005369622887400093 0.35052000000000005 0.0 0.0
57705 10532852 1.0352522555108274 0.005336839300586839 0.35052000000000005 0.0 0.0
57706 10532852 1.0094870532823554 0.005304055713773584 0.35052000000000005 0.0 0.0
57707 10532852 0.9837218510538833 0.005271272126960329 0.35052000000000005 0.0 0.0
57708 10532852 0.9579566488254112 0.005238488540147075 0.35052000000000005 0.0 0.0
57709 10532852 0.9321914465969392 0.00520570495333382 0.35052000000000005 0.0 0.0
57710 10532852 0.9093763699708708 0.0045988432240323075 0.35306000000000004 0.0 0.0
57711 10532852 0.8865612933448024 0.003991981494730794 0.3556000000000001 0.0 0.0
57712 10532852 0.863746216718734 0.0033851197654292814 0.35814000000000007 0.0 0.0
57713 10532852 0.8522725115394689 0.0017014529136104989 0.35814000000000007 0.0 0.0
57714 10532852 0.840798806360204 1.778606179171638e-05 0.35814000000000007 0.0 0.0
57715 10532852 0.8225398946181377 0.0018946096366588144 0.35433000000000003 0.0 0.0
57716 10532852 0.8042809828760713 0.0037714332115259125 0.35052000000000005 0.0 0.0
57717 10532852 0.7877858403629785 0.0032320640132326717 0.35052000000000005 0.0 0.0
57718 10532852 0.7712906978498857 0.002692694814939431 0.35052000000000005 0.0 0.0
57719 10532852 0.7547955553367929 0.00215332561664619 0.35052000000000005 0.0 0.0
57720 10532852 0.7383004128237001 0.0016139564183529492 0.35052000000000005 0.0 0.0
57721 10532852 0.7222354928775434 0.001372201692885766 0.35052000000000005 0.0 0.0
57722 10532852 0.7093472282355093 0.0016112702713357574 0.35052000000000005 0.0 0.0
