1507 10495695 -4.001777925645469 0.057988483066889834 0.44958000000000004 -2.445003484775232 0.7988559315902781
1508 10495695 -3.9339360629396056 0.053537295326873874 0.44196 -2.445003484775232 0.7988559315902781
1509 10495695 -3.8420254091910566 0.05476119592366921 0.44196 -2.445003484775232 0.7988559315902781
1510 10495695 -3.8105041756506504 0.05063434688529997 0.43434000000000006 -2.445003484775232 0.7988559315902781
1511 10495695 -3.777079888999221 0.05014966877273261 0.43434000000000006 -2.445003484775232 0.7988559315902781
1512 10495695 -3.7436556023477916 0.04966499066016525 0.43434000000000006 -2.445003484775232 0.7988559315902781
1513 10495695 -3.6702372623125106 0.047597092351470444 0.43434000000000006 -2.445003484775232 0.7988559315902781
1514 10495695 -3.572399538263827 0.047935472732160006 0.42672000000000004 -2.445003484775232 0.7988559315902781
1515 10495695 -3.5140416432357426 0.044372590093887915 0.42672000000000004 -2.445003484775232 0.7988559315902781
1516 10495695 -3.4248082293787787 0.04285554837579894 0.41910000000000003 -2.445003484775232 0.7988559315902781
1517 10495695 -3.3629802161857105 0.04446768570234569 0.41148 -2.445003484775232 0.7988559315902781
1518 10495695 -3.2978923045095927 0.03975517143593352 0.41148 -2.445003484775232 0.7988559315902781
1519 10495695 -3.234348175957785 0.03846968441267115 0.40386 -2.445003484775232 0.7988559315902781
1520 10495695 -3.170717074115707 0.033650870298408936 0.40386 -2.445003484775232 0.7988559315902781
1521 10495695 -3.1105178897521304 0.035447596057579384 0.40386 -2.445003484775232 0.7988559315902781
1522 10495695 -3.0571613330753165 0.031538754943749886 0.39624000000000004 -2.445003484775232 0.7988559315902781
1523 10495695 -2.9688007644663266 0.03007899297766778 0.39624000000000004 -2.445003484775232 0.7988559315902781
1524 10495695 -2.9378899091957202 0.028843118564498255 0.39243000000000006 -2.445003484775232 0.7988559315902781
1525 10495695 -2.906979053925114 0.02760724415132873 0.38862 -2.445003484775232 0.7988559315902781
1526 10495695 -2.8367287649418866 0.024831458319267558 0.38862 -2.445003484775232 0.7988559315902781
1527 10495695 -2.7754181107899827 0.02650073042682441 0.381 -2.445003484775232 0.7988559315902781
1528 10495695 -2.6854189794495484 0.024624857212827672 0.37338 -2.445003484775232 0.7988559315902781
1529 10495695 -2.6156719689965406 0.023301066563603395 0.37338 -2.445003484775232 0.7988559315902781
1530 10495695 -2.589597892808907 0.01991024599433952 0.36576 -2.445003484775232 0.7988559315902781
1531 10495695 -2.5225326423514307 0.020165882307091904 0.36576 -2.445003484775232 0.7988559315902781
1532 10495695 -2.4641328599056114 0.01946025571977253 0.36195 -2.445003484775232 0.7988559315902781
1533 10495695 -2.405733077459792 0.018754629132453154 0.35814000000000007 -2.445003484775232 0.7988559315902781
1534 10495695 -2.318004223789793 0.01809324100693485 0.35814000000000007 -2.445003484775232 0.7988559315902781
1535 10495695 -2.2561788355246817 0.01971501569582232 0.35052000000000005 -2.445003484775232 0.7988559315902781
1536 10495695 -2.2054248604856452 0.017364719262443734 0.35052000000000005 -2.445003484775232 0.7988559315902781
1537 10495695 -2.1453427398714195 0.019090334054091967 0.34290000000000004 -2.445003484775232 0.7988559315902781
1538 10495695 -2.096461100967009 0.01916448920449612 0.34290000000000004 -2.445003484775232 0.7988559315902781
1539 10495695 -2.0475794620625987 0.019238644354900275 0.34290000000000004 -2.445003484775232 0.7988559315902781
1540 10495695 -1.9969639377727815 0.016467659188012046 0.33528 -2.445003484775232 0.7988559315902781
1541 10495695 -1.9354603241943555 0.018197226336851807 0.33528 -2.445003484775232 0.7988559315902781
1542 10495695 -1.8790700789838486 0.02113257430394741 0.32766 -2.445003484775232 0.7988559315902781
1543 10495695 -1.8152099294494388 0.01811966614703228 0.32766 -2.445003484775232 0.7988559315902781
1544 10495695 -1.7473115702470625 0.01659055248501426 0.32004000000000005 -2.445003484775232 0.7988559315902781
1545 10495695 -1.6845816099837265 0.018271466979879553 0.32004000000000005 -2.445003484775232 0.7988559315902781
1546 10495695 -1.6310415157874483 0.016298895736403057 0.31242000000000003 -2.445003484775232 0.7988559315902781
1547 10495695 -1.5761019218944836 0.014803670658500495 0.31242000000000003 -2.445003484775232 0.7988559315902781
1548 10495695 -1.5123301375341252 0.015327347657032225 0.3048 -2.445003484775232 0.7988559315902781
1549 10495695 -1.4496183380303622 0.011524704801297053 0.3048 -2.445003484775232 0.7988559315902781
1550 10495695 -1.383325674029489 0.010523956806811924 0.29718 -2.445003484775232 0.7988559315902781
1551 10495695 -1.342862458147248 0.0106687580710019 0.29718 -2.445003484775232 0.7988559315902781
1552 10495695 -1.3023992422650068 0.010813559335191875 0.29718 -2.445003484775232 0.7988559315902781
1553 10495695 -1.2401105633642262 0.008436228567979404 0.28956 -2.445003484775232 0.7988559315902781
1554 10495695 -1.183136967231359 0.011536295600286767 0.28956 -2.445003484775232 0.7988559315902781
1555 10495695 -1.118096078329349 0.009428297395817159 0.28194 -2.445003484775232 0.7988559315902781
1556 10495695 -1.0684224736182875 0.0065041481978661275 0.28194 -2.445003484775232 0.7988559315902781
1557 10495695 -1.004339527256973 0.009617468169016513 0.27432 -2.445003484775232 0.7988559315902781
1558 10495695 -0.9576687660526868 0.00837695385025436 0.27432 -2.445003484775232 0.7988559315902781
1559 10495695 -0.8839310475427233 0.011138339620064913 0.2667 -2.445003484775232 0.7988559315902781
1560 10495695 -0.825655424737122 0.010076529732632705 0.2667 -2.445003484775232 0.7988559315902781
1561 10495695 -0.7746621763670216 0.008475330097040074 0.25908000000000003 -2.445003484775232 0.7988559315902781
1562 10495695 -0.6913303014590446 0.00798480822932321 0.25908000000000003 -2.445003484775232 0.7988559315902781
1563 10495695 -0.6246598292543901 0.008152212240355533 0.25146 -2.445003484775232 0.7988559315902781
1564 10495695 -0.5924023538839295 0.008471716058884277 0.25146 -2.445003484775232 0.7988559315902781
1565 10495695 -0.5601448785134688 0.00879121987741302 0.25146 -2.445003484775232 0.7988559315902781
1566 10495695 -0.5015738544147337 0.005649117222550543 0.24384 -2.445003484775232 0.7988559315902781
1567 10495695 -0.41515822163373595 0.005088092967443364 0.24384 -2.445003484775232 0.7988559315902781
1568 10495695 -0.36498572901977155 0.009132223213564689 0.23621999999999999 -2.445003484775232 0.7988559315902781
1569 10495695 -0.3064608082703415 0.006123516959120251 0.23621999999999999 -2.445003484775232 0.7988559315902781
1570 10495695 -0.24188807846594207 0.00803142377544716 0.23621999999999999 -2.445003484775232 0.7988559315902781
1571 10495695 -0.15997245039120167 0.0032194554772607964 0.22860000000000003 -2.445003484775232 0.7988559315902781
1572 10495695 -0.1040904487543799 0.0068009358921790886 0.22860000000000003 -2.445003484775232 0.7988559315902781
1573 10495695 -0.0726833527591157 0.005881739725960927 0.22479000000000002 -2.445003484775232 0.7988559315902781
1574 10495695 -0.04127625676385149 0.004962543559742766 0.22098 -2.445003484775232 0.7988559315902781
1575 10495695 0.018265008859512155 0.004253054222856781 0.22098 -2.445003484775232 0.7988559315902781
1576 10495695 0.0778062744828758 0.0035435648859707958 0.22098 -2.445003484775232 0.7988559315902781
1577 10495695 0.15767306949495274 0.0036105462275236866 0.21336000000000002 -2.445003484775232 0.7988559315902781
1578 10495695 0.20161328432936415 0.0028606817206282137 0.20955000000000001 -2.445003484775232 0.7988559315902781
1579 10495695 0.24555349916377556 0.0021108172137327408 0.20574 -2.445003484775232 0.7988559315902781
1580 10495695 0.33354084703908804 0.005016672366518898 0.20574 -2.445003484775232 0.7988559315902781
1581 10495695 0.33387738051061155 0.005015933836764016 0.20575664482306685 -2.445003484775232 0.7988559315902781
1582 10495695 0.3342139139821351 0.005015195307009134 0.2057732896461337 -2.445003484775232 0.7988559315902781
1583 10495695 0.33455044745365864 0.005014456777254252 0.20578993446920052 -2.445003484775232 0.7988559315902781
1584 10495695 0.33488698092518215 0.00501371824749937 0.20580657929226737 -2.445003484775232 0.7988559315902781
1585 10495695 0.3352235143967057 0.005012979717744488 0.2058232241153342 -2.445003484775232 0.7988559315902781
1586 10495695 0.33556004786822924 0.005012241187989606 0.20583986893840106 -2.445003484775232 0.7988559315902781
1587 10495695 0.33589658133975275 0.005011502658234724 0.2058565137614679 -2.445003484775232 0.7988559315902781
1588 10495695 0.33623311481127627 0.005010764128479841 0.20587315858453473 -2.445003484775232 0.7988559315902781
1589 10495695 0.33656964828279984 0.00501002559872496 0.20588980340760157 -2.445003484775232 0.7988559315902781
1590 10495695 0.33690618175432335 0.005009287068970077 0.20590644823066842 -2.445003484775232 0.7988559315902781
1591 10495695 0.33724271522584687 0.005008548539215196 0.20592309305373527 -2.445003484775232 0.7988559315902781
1592 10495695 0.33757924869737044 0.005007810009460313 0.20593973787680211 -2.445003484775232 0.7988559315902781
1593 10495695 0.33791578216889395 0.005007071479705432 0.20595638269986893 -2.445003484775232 0.7988559315902781
1594 10495695 0.33825231564041747 0.005006332949950549 0.20597302752293578 -2.445003484775232 0.7988559315902781
1595 10495695 0.33858884911194104 0.005005594420195668 0.20598967234600263 -2.445003484775232 0.7988559315902781
1596 10495695 0.33892538258346455 0.005004855890440785 0.20600631716906947 -2.445003484775232 0.7988559315902781
1597 10495695 0.33926191605498807 0.005004117360685903 0.20602296199213632 -2.445003484775232 0.7988559315902781
1598 10495695 0.3395984495265116 0.005003378830931021 0.20603960681520314 -2.445003484775232 0.7988559315902781
1599 10495695 0.33993498299803515 0.005002640301176139 0.20605625163827 -2.445003484775232 0.7988559315902781
1600 10495695 0.34027151646955867 0.005001901771421257 0.20607289646133684 -2.445003484775232 0.7988559315902781
1601 10495695 0.3406080499410822 0.005001163241666375 0.20608954128440368 -2.445003484775232 0.7988559315902781
1602 10495695 0.34094458341260575 0.005000424711911493 0.20610618610747053 -2.445003484775232 0.7988559315902781
1603 10495695 0.34128111688412927 0.004999686182156611 0.20612283093053735 -2.445003484775232 0.7988559315902781
1604 10495695 0.3416176503556528 0.004998947652401728 0.2061394757536042 -2.445003484775232 0.7988559315902781
1605 10495695 0.34195418382717635 0.004998209122646847 0.20615612057667104 -2.445003484775232 0.7988559315902781
1606 10495695 0.34229071729869986 0.004997470592891964 0.2061727653997379 -2.445003484775232 0.7988559315902781
1607 10495695 0.3426272507702234 0.004996732063137083 0.20618941022280474 -2.445003484775232 0.7988559315902781
1608 10495695 0.3429637842417469 0.0049959935333822 0.20620605504587156 -2.445003484775232 0.7988559315902781
1609 10495695 0.34330031771327046 0.004995255003627319 0.2062226998689384 -2.445003484775232 0.7988559315902781
1610 10495695 0.343636851184794 0.004994516473872436 0.20623934469200525 -2.445003484775232 0.7988559315902781
1611 10495695 0.3439733846563175 0.004993777944117554 0.2062559895150721 -2.445003484775232 0.7988559315902781
1612 10495695 0.34430991812784106 0.004993039414362672 0.20627263433813894 -2.445003484775232 0.7988559315902781
1613 10495695 0.3446464515993646 0.00499230088460779 0.20628927916120576 -2.445003484775232 0.7988559315902781
1614 10495695 0.3449829850708881 0.004991562354852908 0.2063059239842726 -2.445003484775232 0.7988559315902781
1615 10495695 0.34531951854241166 0.004990823825098026 0.20632256880733946 -2.445003484775232 0.7988559315902781
1616 10495695 0.3456560520139352 0.004990085295343144 0.2063392136304063 -2.445003484775232 0.7988559315902781
1617 10495695 0.3459925854854587 0.004989346765588262 0.20635585845347315 -2.445003484775232 0.7988559315902781
1618 10495695 0.3463291189569822 0.00498860823583338 0.20637250327653997 -2.445003484775232 0.7988559315902781
1619 10495695 0.3466656524285058 0.0049878697060784976 0.20638914809960682 -2.445003484775232 0.7988559315902781
1620 10495695 0.3470021859000293 0.004987131176323615 0.20640579292267366 -2.445003484775232 0.7988559315902781
1621 10495695 0.3473387193715528 0.0049863926465687335 0.2064224377457405 -2.445003484775232 0.7988559315902781
1622 10495695 0.3476752528430764 0.004985654116813851 0.20643908256880736 -2.445003484775232 0.7988559315902781
1623 10495695 0.3480117863145999 0.0049849155870589695 0.20645572739187418 -2.445003484775232 0.7988559315902781
1624 10495695 0.3483483197861234 0.004984177057304087 0.20647237221494102 -2.445003484775232 0.7988559315902781
1625 10495695 0.348684853257647 0.0049834385275492055 0.20648901703800787 -2.445003484775232 0.7988559315902781
1626 10495695 0.3490213867291705 0.004982699997794323 0.20650566186107472 -2.445003484775232 0.7988559315902781
1627 10495695 0.349357920200694 0.0049819614680394406 0.20652230668414157 -2.445003484775232 0.7988559315902781
1628 10495695 0.3496944536722175 0.004981222938284559 0.20653895150720838 -2.445003484775232 0.7988559315902781
1629 10495695 0.3500309871437411 0.0049804844085296765 0.20655559633027523 -2.445003484775232 0.7988559315902781
1630 10495695 0.3503675206152646 0.004979745878774795 0.20657224115334208 -2.445003484775232 0.7988559315902781
1631 10495695 0.3507040540867881 0.0049790073490199125 0.20658888597640893 -2.445003484775232 0.7988559315902781
1632 10495695 0.3510405875583117 0.004978268819265031 0.20660553079947577 -2.445003484775232 0.7988559315902781
1633 10495695 0.3513771210298352 0.0049775302895101485 0.2066221756225426 -2.445003484775232 0.7988559315902781
1634 10495695 0.3517136545013587 0.004976791759755267 0.20663882044560944 -2.445003484775232 0.7988559315902781
1635 10495695 0.3520501879728823 0.0049760532300003844 0.20665546526867629 -2.445003484775232 0.7988559315902781
1636 10495695 0.3523867214444058 0.004975314700245502 0.20667211009174313 -2.445003484775232 0.7988559315902781
1637 10495695 0.3527232549159293 0.00497457617049062 0.20668875491480998 -1.8153108089675558 0.9690319315923273
1638 10495695 0.3530597883874529 0.004973837640735738 0.2067053997378768 -1.8153108089675558 0.9690319315923273
1639 10495695 0.3533963218589764 0.004973099110980856 0.20672204456094365 -1.8153108089675558 0.9690319315923273
1640 10495695 0.3537328553304999 0.004972360581225974 0.2067386893840105 -1.8153108089675558 0.9690319315923273
