3870 10495695 1.18294779113854 0.0007394813476783862 0.25146 -2.445003484775232 0.7988559315902781
3871 10495695 1.2647755053840664 0.005200686520368189 0.2667 -2.445003484775232 0.7988559315902781
3872 10495695 1.2983151820152865 0.005926856931117358 0.27432 -2.445003484775232 0.7988559315902781
3873 10495695 1.3767915562032043 0.006927821291272632 0.28956 -2.445003484775232 0.7988559315902781
3874 10495695 1.5001477864374146 0.009391732677614506 0.31242000000000003 -2.445003484775232 0.7988559315902781
3875 10495695 1.5762506769175881 0.011286774575965594 0.32766 -2.445003484775232 0.7988559315902781
3876 10495695 1.6478709617233451 0.014412987186466247 0.35052000000000005 -2.445003484775232 0.7988559315902781
3877 10495695 1.6917475863335798 0.016204021074342725 0.36195 -2.445003484775232 0.7988559315902781
3878 10495695 1.7356242109438147 0.017995054962219204 0.37338 -2.445003484775232 0.7988559315902781
3879 10495695 1.8482906200386462 0.018465163104673596 0.39624000000000004 -2.445003484775232 0.7988559315902781
3880 10495695 1.9058516126731262 0.020285951261714417 0.40767000000000003 -2.445003484775232 0.7988559315902781
3881 10495695 1.9634126053076064 0.02210673941875524 0.41910000000000003 -2.445003484775232 0.7988559315902781
3882 10495695 2.0415669651198796 0.0248549819319219 0.44196 -2.445003484775232 0.7988559315902781
3883 10495695 2.126303291141802 0.028725639384411278 0.45720000000000005 -2.445003484775232 0.7988559315902781
3884 10495695 2.2522311255636662 0.041809894226129435 0.48006 -2.445003484775232 0.7988559315902781
3885 10495695 2.300785378894196 0.05317463804872338 0.48768 -2.445003484775232 0.7988559315902781
3886 10495695 2.41706602759042 0.07887373162657399 0.51054 -2.445003484775232 0.7988559315902781
3887 10495695 2.4823203733098738 0.09638131795492036 0.520065 -2.445003484775232 0.7988559315902781
3888 10495695 2.5475747190293276 0.11388890428326673 0.52959 -2.445003484775232 0.7988559315902781
3889 10495695 2.614281793045722 0.1361214339835503 0.5353049999999999 -2.445003484775232 0.7988559315902781
3890 10495695 2.6809888670621165 0.1583539636838339 0.54102 -2.445003484775232 0.7988559315902781
3891 10495695 2.7681496472784364 0.19414847954774136 0.55626 -2.445003484775232 0.7988559315902781
3892 10495695 2.846482997837048 0.23282548238177156 0.56388 -2.445003484775232 0.7988559315902781
3893 10495695 2.9202742321549806 0.2698317379733254 0.57912 -2.445003484775232 0.7988559315902781
3894 10495695 2.991913629331047 0.31384903707207534 0.58674 -2.445003484775232 0.7988559315902781
3895 10495695 3.0850670390922463 0.36801601087525493 0.59436 -2.445003484775232 0.7988559315902781
3896 10495695 3.164416099274872 0.423418852860335 0.6019800000000001 -2.445003484775232 0.7988559315902781
3897 10495695 3.284828425450292 0.5121451675823769 0.61722 -2.445003484775232 0.7988559315902781
3898 10495695 3.3242039833039705 0.5402951723333385 0.61722 -2.445003484775232 0.7988559315902781
3899 10495695 3.4476846254804103 0.6465951052326394 0.63246 -2.445003484775232 0.7988559315902781
3900 10495695 3.5267063386944146 0.7186946962419982 0.6400800000000001 -2.445003484775232 0.7988559315902781
3901 10495695 3.582140606750973 0.7744292775916437 0.6438900000000001 -2.445003484775232 0.7988559315902781
3902 10495695 3.637574874807531 0.8301638589412893 0.6477 -2.445003484775232 0.7988559315902781
3903 10495695 3.7028474133906464 0.9006772849600241 0.65532 -2.445003484775232 0.7988559315902781
3904 10495695 3.777417774211256 0.9931547849910034 0.6629400000000001 -2.445003484775232 0.7988559315902781
3905 10495695 3.848256192647672 1.0769212891148812 0.6629400000000001 -2.445003484775232 0.7988559315902781
3906 10495695 3.9202499545129497 1.1778330921747353 0.67056 -2.445003484775232 0.7988559315902781
3907 10495695 3.9675247655850283 1.2546881541425319 0.6781800000000001 -2.445003484775232 0.7988559315902781
3908 10495695 4.056462195970778 1.3993663043642839 0.6858000000000001 -2.445003484775232 0.7988559315902781
3909 10495695 4.115543878905923 1.4977171414314248 0.69342 -2.445003484775232 0.7988559315902781
3910 10495695 4.15885370394387 1.5798380666129903 0.69342 -2.445003484775232 0.7988559315902781
3911 10495695 4.185972933975735 1.6346515628457692 0.7010400000000001 -2.445003484775232 0.7988559315902781
3912 10495695 4.275997472342611 1.8408866246768407 0.7086600000000001 -2.445003484775232 0.7988559315902781
3913 10495695 4.31398672371612 1.940980991322103 0.7086600000000001 -2.445003484775232 0.7988559315902781
3914 10495695 4.358910256724991 2.0786458987356045 0.7162800000000001 -2.445003484775232 0.7988559315902781
3915 10495695 4.389399009502079 2.172076471175878 0.7162800000000001 -2.445003484775232 0.7988559315902781
3916 10495695 4.406107706980261 2.242319070471463 0.7239000000000001 -2.445003484775232 0.7988559315902781
3917 10495695 4.450702753956014 2.44153514512735 0.7239000000000001 -2.445003484775232 0.7988559315902781
3918 10495695 4.458868339938508 2.4951162169943446 0.7239000000000001 -2.445003484775232 0.7988559315902781
3919 10495695 4.467033925921004 2.5486972888613386 0.7239000000000001 -2.445003484775232 0.7988559315902781
3920 10495695 4.493402117138422 2.721971463739728 0.73152 -2.445003484775232 0.7988559315902781
3921 10495695 4.500547229327776 2.8537421400160072 0.73152 -2.445003484775232 0.7988559315902781
3922 10495695 4.500785770531521 2.973048348036355 0.73152 -2.445003484775232 0.7988559315902781
3923 10495695 4.4978903931827805 3.100152771056981 0.73914 -2.445003484775232 0.7988559315902781
3924 10495695 4.492676880607029 3.2038333691937533 0.73914 -2.445003484775232 0.7988559315902781
3925 10495695 4.482280295640764 3.335138669216402 0.73914 -2.445003484775232 0.7988559315902781
3926 10495695 4.4649158738839665 3.4478085440404964 0.73914 -2.445003484775232 0.7988559315902781
3927 10495695 4.459289469117863 3.513776484302646 0.74676 -2.445003484775232 0.7988559315902781
