13481 11322591 0.7897944232122044 0.15921165043740426 0.21336000000000002 -1.3594866381677748 2.1835770929012974
13482 11322591 0.7874835731599945 0.15213928151034584 0.21336000000000002 -1.3594866381677748 2.1835770929012974
13483 11322591 0.7884077523448734 0.14681374192228824 0.21336000000000002 -1.3594866381677748 2.1835770929012974
13484 11322591 0.7892974446878119 0.14138264441068069 0.21336000000000002 -1.3594866381677748 2.1835770929012974
13485 11322591 0.7870210897629192 0.13441583185800127 0.21336000000000002 -1.3594866381677748 2.1835770929012974
13486 11322591 0.7907769861015 0.12851553460238557 0.21336000000000002 -1.3594866381677748 2.1835770929012974
13487 11322591 0.7885006363021828 0.12154872051781385 0.21336000000000002 -1.3594866381677748 2.1835770929012974
13488 11322591 0.7870520500782469 0.11711529341364019 0.21336000000000002 -1.3594866381677748 2.1835770929012974
13489 11322591 0.7868472228796397 0.11227547846888157 0.21336000000000002 -1.3594866381677748 2.1835770929012974
13490 11322591 0.7866423956810324 0.10743566352412295 0.21336000000000002 -1.3594866381677748 2.1835770929012974
13491 11322591 0.7874631280504157 0.10179344790357764 0.21336000000000002 -1.3594866381677748 2.1835770929012974
13492 11322591 0.7842522326075676 0.10093597441061596 0.21336000000000002 -1.3594866381677748 2.1835770929012974
13493 11322591 0.7810413371647195 0.10007850091765426 0.21336000000000002 -1.3594866381677748 2.1835770929012974
13494 11322591 0.7778304417218712 0.09922102742469258 0.21336000000000002 -1.3594866381677748 2.1835770929012974
13495 11322591 0.7746195462790231 0.0983635539317309 0.21336000000000002 -1.3594866381677748 2.1835770929012974
13496 11322591 0.7714086508361749 0.0975060804387692 0.21336000000000002 -1.3594866381677748 2.1835770929012974
13497 11322591 0.7681977553933268 0.09664860694580751 0.21336000000000002 -1.3594866381677748 2.1835770929012974
13498 11322591 0.7649868599504785 0.09579113345284582 0.21336000000000002 -1.3594866381677748 2.1835770929012974
13499 11322591 0.7617759645076304 0.09493365995988413 0.21336000000000002 -1.3594866381677748 2.1835770929012974
13500 11322591 0.7585650690647823 0.09407618646692245 0.21336000000000002 -1.3594866381677748 2.1835770929012974
13501 11322591 0.7553541736219341 0.09321871297396075 0.21336000000000002 -1.3594866381677748 2.1835770929012974
13502 11322591 0.7521432781790859 0.09236123948099907 0.21336000000000002 -1.3594866381677748 2.1835770929012974
13503 11322591 0.7489323827362377 0.09150376598803739 0.21336000000000002 -1.3594866381677748 2.1835770929012974
13504 11322591 0.7457214872933896 0.09064629249507569 0.21336000000000002 -1.3594866381677748 2.1835770929012974
13505 11322591 0.7425105918505415 0.08978881900211401 0.21336000000000002 -1.3594866381677748 2.1835770929012974
13506 11322591 0.7392996964076932 0.08893134550915233 0.21336000000000002 -1.3594866381677748 2.1835770929012974
13507 11322591 0.7360888009648451 0.08807387201619063 0.21336000000000002 -1.3594866381677748 2.1835770929012974
13508 11322591 0.7328779055219969 0.08721639852322895 0.21336000000000002 -1.3594866381677748 2.1835770929012974
13509 11322591 0.7296670100791488 0.08635892503026726 0.21336000000000002 -1.3594866381677748 2.1835770929012974
13510 11322591 0.7264561146363007 0.08550145153730557 0.21336000000000002 -1.3594866381677748 2.1835770929012974
13511 11322591 0.7232452191934524 0.08464397804434388 0.21336000000000002 -1.3594866381677748 2.1835770929012974
13512 11322591 0.7200343237506043 0.0837865045513822 0.21336000000000002 -1.3594866381677748 2.1835770929012974
13513 11322591 0.7168234283077561 0.0829290310584205 0.21336000000000002 -1.3594866381677748 2.1835770929012974
13514 11322591 0.7136125328649079 0.08207155756545882 0.21336000000000002 -1.3594866381677748 2.1835770929012974
13515 11322591 0.7104016374220598 0.08121408407249714 0.21336000000000002 -1.3594866381677748 2.1835770929012974
13516 11322591 0.7071907419792116 0.08035661057953544 0.21336000000000002 -1.3594866381677748 2.1835770929012974
13517 11322591 0.7017208411294183 0.07992418850562283 0.21336000000000002 -1.3594866381677748 2.1835770929012974
13518 11322591 0.6961129737823774 0.07906954091093693 0.21336000000000002 -1.3594866381677748 2.1835770929012974
13519 11322591 0.6888911189749078 0.08142930783467646 0.21336000000000002 -1.3594866381677748 2.1835770929012974
13520 11322591 0.683191744646251 0.08083822686988784 0.21336000000000002 -1.3594866381677748 2.1835770929012974
13521 11322591 0.6774923703175941 0.08024714590509921 0.21336000000000002 -1.3594866381677748 2.1835770929012974
13522 11322591 0.6718042527745617 0.07941873725435394 0.21336000000000002 -1.3594866381677748 2.1835770929012974
13523 11322591 0.6660021112777861 0.07932855662657336 0.21336000000000002 -1.3594866381677748 2.1835770929012974
13524 11322591 0.6603252490894336 0.07826282258086192 0.21336000000000002 -1.3594866381677748 2.1835770929012974
13525 11322591 0.6516547379784927 0.07618922236659065 0.21336000000000002 -1.3594866381677748 2.1835770929012974
13526 11322591 0.6443911490346872 0.07672264405950041 0.21336000000000002 -1.3594866381677748 2.1835770929012974
13527 11322591 0.6371275600908816 0.07725606575241019 0.21336000000000002 -1.3594866381677748 2.1835770929012974
13528 11322591 0.6298639711470759 0.07778948744531997 0.21336000000000002 -1.3594866381677748 2.1835770929012974
13529 11322591 0.6226003822032704 0.07832290913822973 0.21336000000000002 -1.3594866381677748 2.1835770929012974
13530 11322591 0.6152433141428411 0.07687161558915771 0.21336000000000002 -1.3594866381677748 2.1835770929012974
13531 11322591 0.6078862460824117 0.0754203220400857 0.21336000000000002 -1.3594866381677748 2.1835770929012974
13532 11322591 0.5998365676761952 0.07524681139137003 0.21336000000000002 -1.3594866381677748 2.1835770929012974
13533 11322591 0.5943321435994475 0.07470891477350408 0.21336000000000002 -1.3594866381677748 2.1835770929012974
13534 11322591 0.5855617148024087 0.07640653480258949 0.21336000000000002 -1.3594866381677748 2.1835770929012974
13535 11322591 0.5767912860053699 0.07810415483167489 0.21336000000000002 -1.3594866381677748 2.1835770929012974
13536 11322591 0.5709658859465432 0.07767116017630694 0.21336000000000002 -1.3594866381677748 2.1835770929012974
13537 11322591 0.5619968657593211 0.0752278833126483 0.21336000000000002 -1.3594866381677748 2.1835770929012974
13538 11322591 0.5537986663093595 0.07568709350650475 0.21336000000000002 -1.3594866381677748 2.1835770929012974
13539 11322591 0.5417622371922602 0.07962028583412599 0.21336000000000002 -1.3594866381677748 2.1835770929012974
13540 11322591 0.5338160203292747 0.07976352481731042 0.21336000000000002 -1.3594866381677748 2.1835770929012974
13541 11322591 0.5258698034662891 0.07990676380049484 0.21336000000000002 -1.3594866381677748 2.1835770929012974
13542 11322591 0.5212204376952707 0.07383222767668002 0.21336000000000002 -1.3594866381677748 2.1835770929012974
13543 11322591 0.5066296730859098 0.08081992032187366 0.21336000000000002 -1.3594866381677748 2.1835770929012974
13544 11322591 0.4963451517099192 0.08196096296034984 0.21336000000000002 -1.3594866381677748 2.1835770929012974
13545 11322591 0.4875365743728053 0.07946533603929837 0.21336000000000002 -1.3594866381677748 2.1835770929012974
13546 11322591 0.4827220045038571 0.0810386558201294 0.21336000000000002 -1.3594866381677748 2.1835770929012974
13547 11322591 0.47457516514017994 0.08124751648257976 0.21336000000000002 -1.3594866381677748 2.1835770929012974
13548 11322591 0.46642832577650284 0.08145637714503012 0.21336000000000002 -1.3594866381677748 2.1835770929012974
13549 11322591 0.4581068875331706 0.0809045151205398 0.21336000000000002 -1.3594866381677748 2.1835770929012974
13550 11322591 0.44978544928983827 0.08035265309604947 0.21336000000000002 -1.3594866381677748 2.1835770929012974
13551 11322591 0.441464011046506 0.07980079107155914 0.21336000000000002 -1.3594866381677748 2.1835770929012974
13552 11322591 0.4370597044130107 0.07855301135179169 0.21336000000000002 -1.3594866381677748 2.1835770929012974
13553 11322591 0.43265539777951534 0.07730523163202421 0.21336000000000002 -1.3594866381677748 2.1835770929012974
13554 11322591 0.41161610248584085 0.07950754852346142 0.21336000000000002 -1.3594866381677748 2.1835770929012974
13555 11322591 0.39917846593050155 0.08357209883239475 0.21336000000000002 -1.3594866381677748 2.1835770929012974
13556 11322591 0.39126670865069196 0.08382104921590686 0.21336000000000002 -1.3594866381677748 2.1835770929012974
13557 11322591 0.38485180239413236 0.08457389034390198 0.21336000000000002 -1.3594866381677748 2.1835770929012974
13558 11322591 0.37843689613757275 0.0853267314718971 0.21336000000000002 -1.3594866381677748 2.1835770929012974
13559 11322591 0.37273743597735864 0.0847358992206743 0.21336000000000002 -1.3594866381677748 2.1835770929012974
13560 11322591 0.3670379758171446 0.08414506696945151 0.21336000000000002 -1.3594866381677748 2.1835770929012974
13561 11322591 0.36233353837901244 0.08413228121546243 0.21336000000000002 -1.3594866381677748 2.1835770929012974
13562 11322591 0.35762910094088035 0.08411949546147336 0.21336000000000002 -1.3594866381677748 2.1835770929012974
13563 11322591 0.3529246635027482 0.08410670970748428 0.21336000000000002 -1.3594866381677748 2.1835770929012974
13564 11322591 0.34822022606461606 0.08409392395349521 0.21336000000000002 -1.3594866381677748 2.1835770929012974
13565 11322591 0.34351578862648396 0.08408113819950613 0.21336000000000002 -1.3594866381677748 2.1835770929012974
13566 11322591 0.3388113511883518 0.08406835244551707 0.21336000000000002 -1.3594866381677748 2.1835770929012974
13567 11322591 0.33410691375021967 0.08405556669152799 0.21336000000000002 -1.3594866381677748 2.1835770929012974
13568 11322591 0.3294024763120875 0.08404278093753892 0.21336000000000002 -1.3594866381677748 2.1835770929012974
13569 11322591 0.32469803887395543 0.08402999518354984 0.21336000000000002 -1.3594866381677748 2.1835770929012974
13570 11322591 0.3199936014358233 0.08401720942956077 0.21336000000000002 -1.3594866381677748 2.1835770929012974
13571 11322591 0.31528916399769114 0.08400442367557169 0.21336000000000002 -1.3594866381677748 2.1835770929012974
13572 11322591 0.31058472655955904 0.08399163792158262 0.21336000000000002 -1.3594866381677748 2.1835770929012974
13573 11322591 0.3058802891214269 0.08397885216759354 0.21336000000000002 -1.3594866381677748 2.1835770929012974
13574 11322591 0.30117585168329475 0.08396606641360446 0.21336000000000002 -1.3594866381677748 2.1835770929012974
13575 11322591 0.29647141424516266 0.0839532806596154 0.21336000000000002 -1.3594866381677748 2.1835770929012974
13576 11322591 0.2917669768070305 0.08394049490562631 0.21336000000000002 -1.3594866381677748 2.1835770929012974
13577 11322591 0.28706253936889836 0.08392770915163725 0.21336000000000002 -0.5306722116665513 2.5168630959519693
13578 11322591 0.28235810193076627 0.08391492339764817 0.21336000000000002 -0.5306722116665513 2.5168630959519693
13579 11322591 0.2776536644926341 0.0839021376436591 0.21336000000000002 -0.5306722116665513 2.5168630959519693
13580 11322591 0.272949227054502 0.08388935188967002 0.21336000000000002 -0.5306722116665513 2.5168630959519693
13581 11322591 0.2682447896163699 0.08387656613568095 0.21336000000000002 -0.5306722116665513 2.5168630959519693
13582 11322591 0.26354035217823774 0.08386378038169187 0.21336000000000002 -0.5306722116665513 2.5168630959519693
13583 11322591 0.2588359147401056 0.0838509946277028 0.21336000000000002 -0.5306722116665513 2.5168630959519693
13584 11322591 0.2541314773019735 0.08383820887371372 0.21336000000000002 -0.5306722116665513 2.5168630959519693
13585 11322591 0.24942703986384135 0.08382542311972466 0.21336000000000002 -0.5306722116665513 2.5168630959519693
13586 11322591 0.2447226024257092 0.08381263736573558 0.21336000000000002 -0.5306722116665513 2.5168630959519693
13587 11322591 0.23598286488036502 0.08152843126329015 0.21336000000000002 -0.5306722116665513 2.5168630959519693
13588 11322591 0.23014738449393524 0.082695659739216 0.21336000000000002 -0.5306722116665513 2.5168630959519693
13589 11322591 0.22431190410750546 0.08386288821514185 0.21336000000000002 -0.5306722116665513 2.5168630959519693
13590 11322591 0.21847642372107567 0.08503011669106769 0.21336000000000002 -0.5306722116665513 2.5168630959519693
13591 11322591 0.21366185765635437 0.08660362049327394 0.21336000000000002 -0.5306722116665513 2.5168630959519693
13592 11322591 0.2077328712252473 0.08585425779897654 0.21336000000000002 -0.5306722116665513 2.5168630959519693
13593 11322591 0.19952258691394475 0.08573365150543111 0.21336000000000002 -0.5306722116665513 2.5168630959519693
13594 11322591 0.19369708964071652 0.08530096607020995 0.21336000000000002 -0.5306722116665513 2.5168630959519693
13595 11322591 0.188192560725088 0.08476338598535589 0.21336000000000002 -0.5306722116665513 2.5168630959519693
13596 11322591 0.18268803180945947 0.08422580590050183 0.21336000000000002 -0.5306722116665513 2.5168630959519693
13597 11322591 0.17627309342281944 0.08497883609486316 0.21336000000000002 -0.5306722116665513 2.5168630959519693
13598 11322591 0.1698581550361794 0.0857318662892245 0.21336000000000002 -0.5306722116665513 2.5168630959519693
13599 11322591 0.166657409024223 0.08409086820357542 0.21336000000000002 -0.5306722116665513 2.5168630959519693
13600 11322591 0.15878008780957764 0.08444563298905025 0.21336000000000002 -0.5306722116665513 2.5168630959519693
13601 11322591 0.15277084015377385 0.08372254170585144 0.21336000000000002 -0.5306722116665513 2.5168630959519693
13602 11322591 0.14653712530275 0.08412429466130984 0.21336000000000002 -0.5306722116665513 2.5168630959519693
13603 11322591 0.1403034104517262 0.08452604761676825 0.21336000000000002 -0.5306722116665513 2.5168630959519693
13604 11322591 0.13406969560070237 0.08492780057222665 0.21336000000000002 -0.5306722116665513 2.5168630959519693
13605 11322591 0.1277052230191659 0.08447660602028807 0.21336000000000002 -0.5306722116665513 2.5168630959519693
13606 11322591 0.12134075043762944 0.08402541146834948 0.21336000000000002 -0.5306722116665513 2.5168630959519693
13607 11322591 0.11497627785609299 0.0835742169164109 0.21336000000000002 -0.5306722116665513 2.5168630959519693
13608 11322591 0.10763623663111627 0.08217622443732135 0.21336000000000002 -0.5306722116665513 2.5168630959519693
13609 11322591 0.10029619540613954 0.0807782319582318 0.21336000000000002 -0.5306722116665513 2.5168630959519693
13610 11322591 0.09460789854697205 0.07995028412290037 0.21336000000000002 -0.5306722116665513 2.5168630959519693
13611 11322591 0.09002958820654738 0.0827902062993323 0.21336000000000002 -0.5306722116665513 2.5168630959519693
13612 11322591 0.08545127786612272 0.08563012847576423 0.21336000000000002 -0.5306722116665513 2.5168630959519693
13613 11322591 0.0853045053767262 0.0853360483824338 0.21336000000000002 -0.5306722116665513 2.5168630959519693
13614 11322591 0.08515773288732968 0.08504196828910338 0.21336000000000002 -0.5306722116665513 2.5168630959519693
13615 11322591 0.08501096039793316 0.08474788819577293 0.21336000000000002 -0.5306722116665513 2.5168630959519693
13616 11322591 0.08486418790853663 0.0844538081024425 0.21336000000000002 -0.5306722116665513 2.5168630959519693
13617 11322591 0.0847174154191401 0.08415972800911208 0.21336000000000002 -0.5306722116665513 2.5168630959519693
13618 11322591 0.08457064292974359 0.08386564791578165 0.21336000000000002 -0.5306722116665513 2.5168630959519693
13619 11322591 0.08442387044034706 0.0835715678224512 0.21336000000000002 -0.5306722116665513 2.5168630959519693
13620 11322591 0.08427709795095054 0.08327748772912077 0.21336000000000002 -0.5306722116665513 2.5168630959519693
13621 11322591 0.08413032546155402 0.08298340763579035 0.21336000000000002 -0.5306722116665513 2.5168630959519693
13622 11322591 0.0839835529721575 0.08268932754245992 0.21336000000000002 -0.5306722116665513 2.5168630959519693
13622 10802465 0.6621948417843017 -0.00027210979388223033 0.19812000000000002 -0.5306722116665513 2.5168630959519693
13623 10802465 0.7383004128237001 0.0016139564183529492 0.19812000000000002 -0.5306722116665513 2.5168630959519693
13623 11322591 0.08383678048276097 0.08239524744912949 0.21336000000000002 -0.5306722116665513 2.5168630959519693
13624 10802465 0.8057144832571362 0.0016920162818044148 0.19964400000000002 -0.5306722116665513 2.5168630959519693
13624 11322591 0.08369000799336444 0.08210116735579905 0.21336000000000002 -0.5306722116665513 2.5168630959519693
13625 10802465 0.8731285536905724 0.0017700761452558804 0.201168 -0.5306722116665513 2.5168630959519693
13625 11322591 0.08354323550396793 0.08180708726246862 0.21336000000000002 -0.5306722116665513 2.5168630959519693
13626 10802465 0.9405426241240085 0.0018481360087073463 0.202692 -0.5306722116665513 2.5168630959519693
13626 11322591 0.0833964630145714 0.08151300716913819 0.21336000000000002 -0.5306722116665513 2.5168630959519693
13627 11322591 0.08324969052517488 0.08121892707580776 0.21336000000000002 -0.5306722116665513 2.5168630959519693
13627 10802465 1.0079566945574445 0.0019261958721588119 0.204216 -0.5306722116665513 2.5168630959519693
13628 11322591 0.08310291803577835 0.08092484698247732 0.21336000000000002 -0.5306722116665513 2.5168630959519693
13628 10802465 1.0753707649908808 0.0020042557356102775 0.20574 -0.5306722116665513 2.5168630959519693
13629 10802465 1.148047767627163 0.005364861520300412 0.21336000000000002 -0.5306722116665513 2.5168630959519693
13629 11322591 0.08295614554638184 0.08063076688914689 0.21336000000000002 -0.5306722116665513 2.5168630959519693
13630 10802465 1.2265903040110389 0.002487485321428007 0.22098 -0.5306722116665513 2.5168630959519693
13630 11322591 0.08280937305698531 0.08033668679581646 0.21336000000000002 -0.5306722116665513 2.5168630959519693
13631 11322591 0.08266260056758878 0.08004260670248603 0.21336000000000002 -0.5306722116665513 2.5168630959519693
13631 10802465 1.2965910454528402 0.0006488459228010668 0.22860000000000003 -0.5306722116665513 2.5168630959519693
13632 11322591 0.08251582807819227 0.0797485266091556 0.21336000000000002 -0.5306722116665513 2.5168630959519693
13632 10802465 1.3778647226798129 0.0009697115119446098 0.24384 -0.5306722116665513 2.5168630959519693
13633 10802465 1.4631622457410938 0.0005611905057239241 0.25908000000000003 -0.5306722116665513 2.5168630959519693
13633 11322591 0.08236905558879574 0.07945444651582516 0.21336000000000002 -0.5306722116665513 2.5168630959519693
13634 11322591 0.08222228309939922 0.07916036642249473 0.21336000000000002 -0.5306722116665513 2.5168630959519693
13634 10802465 1.5300257547749712 0.001764953744953137 0.26670000000000005 -0.5306722116665513 2.5168630959519693
13635 10802465 1.5968892638088488 0.00296871698418235 0.27432 -0.5306722116665513 2.5168630959519693
13635 11322591 0.08207551061000269 0.0788662863291643 0.21336000000000002 -0.5306722116665513 2.5168630959519693
13636 11322591 0.08192873812060618 0.07857220623583387 0.21336000000000002 -0.5306722116665513 2.5168630959519693
13636 10802465 1.6553707863826346 0.00434101637427536 0.28575 -0.5306722116665513 2.5168630959519693
13637 10802465 1.7138523089564202 0.005713315764368371 0.29718 -0.5306722116665513 2.5168630959519693
13637 11322591 0.08178196563120965 0.07827812614250343 0.21336000000000002 -0.5306722116665513 2.5168630959519693
13638 10802465 1.7972109754867045 0.005357573748579814 0.3048 -0.5306722116665513 2.5168630959519693
13638 11322591 0.08163519314181313 0.077984046049173 0.21336000000000002 -0.5306722116665513 2.5168630959519693
13639 10802465 1.9216184297692782 0.005615667960826437 0.31242000000000003 -0.5306722116665513 2.5168630959519693
13639 11322591 0.0814884206524166 0.07768996595584257 0.21336000000000002 -0.5306722116665513 2.5168630959519693
13640 11322591 0.08134164816302009 0.07739588586251214 0.21336000000000002 -0.5306722116665513 2.5168630959519693
13640 10802465 2.0024657204246736 0.0057318167176927115 0.32766 -0.5306722116665513 2.5168630959519693
13641 10802465 2.0889987639232546 0.004225751602523337 0.34290000000000004 -0.5306722116665513 2.5168630959519693
13641 11322591 0.08119487567362356 0.07710180576918171 0.21336000000000002 -0.5306722116665513 2.5168630959519693
13642 11322591 0.08104810318422703 0.07680772567585128 0.21336000000000002 -0.5306722116665513 2.5168630959519693
13642 10802465 2.1719471488168507 0.009148104535417617 0.35052000000000005 -0.5306722116665513 2.5168630959519693
13643 10802465 2.269361639831593 0.008880448938339086 0.35814000000000007 -0.5306722116665513 2.5168630959519693
13643 11322591 0.08090133069483052 0.07651364558252084 0.21336000000000002 -0.5306722116665513 2.5168630959519693
13644 10802465 2.357350064754475 0.007486252451968961 0.36576 -0.5306722116665513 2.5168630959519693
13644 11322591 0.080754558205434 0.07621956548919041 0.21336000000000002 -0.5306722116665513 2.5168630959519693
13645 11322591 0.08060778571603747 0.07592548539585998 0.21336000000000002 -0.5306722116665513 2.5168630959519693
13645 10802465 2.453526313714118 0.008326126534015238 0.381 -0.5306722116665513 2.5168630959519693
13646 11322591 0.08046101322664094 0.07563140530252954 0.21336000000000002 -0.5306722116665513 2.5168630959519693
13646 10802465 2.5448380875141137 0.005148083884174509 0.38862 -0.5306722116665513 2.5168630959519693
13647 11322591 0.08031424073724443 0.07533732520919911 0.21336000000000002 -0.5306722116665513 2.5168630959519693
13647 10802465 2.6305670187070564 0.003910609704312201 0.39624000000000004 -0.5306722116665513 2.5168630959519693
13648 10802465 2.716778185909845 0.004152103815073277 0.41148 -0.5306722116665513 2.5168630959519693
13648 11322591 0.0801674682478479 0.07504324511586868 0.21336000000000002 -0.5306722116665513 2.5168630959519693
13649 11322591 0.08002069575845137 0.07474916502253826 0.21336000000000002 -0.5306722116665513 2.5168630959519693
13649 10802465 2.8132237839574685 -0.0023341698370488995 0.42672000000000004 -0.5306722116665513 2.5168630959519693
13650 10802465 2.920632568242744 -0.005155317774107632 0.43434000000000006 -0.5306722116665513 2.5168630959519693
13650 11322591 0.07987392326905486 0.07445508492920783 0.21336000000000002 -0.5306722116665513 2.5168630959519693
13651 11322591 0.07972715077965833 0.0741610048358774 0.21336000000000002 -0.5306722116665513 2.5168630959519693
13651 10802465 2.9711935244132737 -0.00939399497189572 0.44196 -0.5306722116665513 2.5168630959519693
13652 11322591 0.07958037829026181 0.07386692474254695 0.21336000000000002 -0.5306722116665513 2.5168630959519693
13652 10802465 3.0217544805838035 -0.013632672169683807 0.44958000000000004 -0.5306722116665513 2.5168630959519693
13653 11322591 0.07943360580086528 0.07357284464921653 0.21336000000000002 -0.5306722116665513 2.5168630959519693
13653 10802465 3.1046112426290406 -0.022571667284713853 0.46482000000000007 -0.5306722116665513 2.5168630959519693
13654 10802465 3.228463216297218 -0.04138572254991338 0.48006 -0.5306722116665513 2.5168630959519693
13654 11322591 0.07928683331146877 0.0732787645558861 0.21336000000000002 -0.5306722116665513 2.5168630959519693
13655 10802465 3.3198329928689043 -0.06069372280964383 0.4953 -0.5306722116665513 2.5168630959519693
13655 11322591 0.07914006082207224 0.07298468446255567 0.21336000000000002 -0.5306722116665513 2.5168630959519693
13656 11322591 0.07899328833267572 0.07269060436922523 0.21336000000000002 -0.5306722116665513 2.5168630959519693
13656 10802465 3.4193162950273166 -0.08778824140818711 0.50292 -0.5306722116665513 2.5168630959519693
13657 10802465 3.50955952495075 -0.11326757658799994 0.5181600000000001 -0.5306722116665513 2.5168630959519693
13657 11322591 0.0788465158432792 0.0723965242758948 0.21336000000000002 -0.5306722116665513 2.5168630959519693
13658 10802465 3.6037875740129515 -0.14939107650166641 0.5334 -0.5306722116665513 2.5168630959519693
13658 11322591 0.07869974335388268 0.07210244418256437 0.21336000000000002 -0.5306722116665513 2.5168630959519693
13659 11322591 0.07855297086448615 0.07180836408923394 0.21336000000000002 -0.5306722116665513 2.5168630959519693
13659 10802465 3.722246421057155 -0.20159675245152195 0.5448299999999999 -0.5306722116665513 2.5168630959519693
13660 11322591 0.07840619837508962 0.07151428399590351 0.21336000000000002 -0.5306722116665513 2.5168630959519693
13660 10802465 3.771857352448798 -0.2264290191045198 0.546735 -0.5306722116665513 2.5168630959519693
13661 10802465 3.8214682838404412 -0.2512612857575176 0.54864 -0.5306722116665513 2.5168630959519693
13661 11322591 0.07825942588569311 0.07122020390257307 0.21336000000000002 -0.5306722116665513 2.5168630959519693
13662 11322591 0.07811265339629658 0.07092612380924264 0.21336000000000002 -0.5306722116665513 2.5168630959519693
13662 10802465 3.956560285974425 -0.3406622108113495 0.5715 -0.5306722116665513 2.5168630959519693
13663 11322591 0.07796588090690006 0.07063204371591221 0.21336000000000002 -0.5306722116665513 2.5168630959519693
13663 10802465 4.033631950726946 -0.3929079979206719 0.58674 -0.5306722116665513 2.5168630959519693
13664 11322591 0.07781910841750353 0.07033796362258178 0.21336000000000002 -0.5306722116665513 2.5168630959519693
13664 10802465 4.102686441606252 -0.4534004310472899 0.58674 -0.5306722116665513 2.5168630959519693
13665 10802465 4.181850743171995 -0.5237313216377463 0.6019800000000001 -0.5306722116665513 2.5168630959519693
13665 11322591 0.07767233592810702 0.07004388352925134 0.21336000000000002 -0.5306722116665513 2.5168630959519693
13666 11322591 0.07752556343871049 0.06974980343592091 0.21336000000000002 -0.5306722116665513 2.5168630959519693
13666 10802465 4.2423418630240395 -0.585983608075403 0.61722 -0.5306722116665513 2.5168630959519693
13667 10802465 4.287831244354193 -0.6335291788051812 0.6248400000000001 -0.5306722116665513 2.5168630959519693
13667 11322591 0.07737879094931396 0.06945572334259048 0.21336000000000002 -0.5306722116665513 2.5168630959519693
13668 11322591 0.07723201845991745 0.06916164324926005 0.21336000000000002 -0.5306722116665513 2.5168630959519693
13668 10802465 4.333320625684346 -0.6810747495349595 0.63246 -0.5306722116665513 2.5168630959519693
13669 11322591 0.07708524597052092 0.06886756315592962 0.21336000000000002 -0.5306722116665513 2.5168630959519693
13669 10802465 4.397775386389686 -0.7600364997797554 0.6400800000000001 -0.5306722116665513 2.5168630959519693
13670 10802465 4.475291702749427 -0.8708241388200741 0.6629400000000001 -0.5306722116665513 2.5168630959519693
13670 11322591 0.0769384734811244 0.06857348306259918 0.21336000000000002 -0.5306722116665513 2.5168630959519693
13671 11322591 0.07679170099172787 0.06827940296926875 0.21336000000000002 -0.5306722116665513 2.5168630959519693
13671 10802465 4.525004009176232 -0.951165891872903 0.67056 -0.5306722116665513 2.5168630959519693
13672 10802465 4.570683736612399 -1.0248185555986862 0.6858000000000001 -0.5306722116665513 2.5168630959519693
13672 11322591 0.07664492850233136 0.06798532287593832 0.21336000000000002 -0.5306722116665513 2.5168630959519693
13673 10802465 4.61271863490447 -1.0973986659647315 0.7010400000000001 -0.5306722116665513 2.5168630959519693
13674 10802465 4.655920736547565 -1.181105047145877 0.7086600000000001 -0.5306722116665513 2.5168630959519693
13675 10802465 4.698328863150228 -1.278685350681596 0.7162800000000001 -0.5306722116665513 2.5168630959519693
13676 10802465 4.736212007587404 -1.3667297140205263 0.73152 -0.5306722116665513 2.5168630959519693
13677 10802465 4.767421694214892 -1.4589047409377862 0.73914 -0.5306722116665513 2.5168630959519693
13678 10802465 4.792982117499242 -1.541177544470009 0.75438 -0.5306722116665513 2.5168630959519693
13679 10802465 4.816706012970791 -1.6345315753203227 0.762 -0.5306722116665513 2.5168630959519693
13680 10802465 4.831475156060316 -1.706334849479894 0.76962 -0.5306722116665513 2.5168630959519693
13681 10802465 4.846244299149841 -1.7781381236394653 0.77724 -0.5306722116665513 2.5168630959519693
13682 10802465 4.868019497253781 -1.9319442244420115 0.7924800000000001 -0.5306722116665513 2.5168630959519693
13683 10802465 4.877710175791439 -2.0874159431938923 0.8153400000000001 -0.5306722116665513 2.5168630959519693
13684 10802465 4.877288326310249 -2.15952127190645 0.8229600000000001 -0.5306722116665513 2.5168630959519693
13685 10802465 4.8768664768290595 -2.2316266006190077 0.8305800000000001 -0.5306722116665513 2.5168630959519693
13686 10802465 4.873095157185428 -2.3412431442348955 0.84582 -0.5306722116665513 2.5168630959519693
13687 10802465 4.864450532206656 -2.4521907020547835 0.86106 -0.5306722116665513 2.5168630959519693
13688 10802465 4.851760985930843 -2.54967181707376 0.8686800000000001 -0.5306722116665513 2.5168630959519693
13689 10802465 4.839071439655029 -2.647152932092736 0.8763000000000001 -0.5306722116665513 2.5168630959519693
13690 10802465 4.820102890058862 -2.738926928124225 0.8890000000000001 -0.5306722116665513 2.5168630959519693
13691 10802465 4.801134340462695 -2.830700924155713 0.9017000000000001 -0.5306722116665513 2.5168630959519693
13692 10802465 4.782165790866527 -2.922474920187202 0.9144000000000001 -0.5306722116665513 2.5168630959519693
13693 10802465 4.759421118940197 -3.0113046168387654 0.9296400000000001 -0.5306722116665513 2.5168630959519693
