14935 10509969 0.22846084366814934 0.006879142104825653 0.21336000000000002 -1.9032812934348848 3.0570079300618165
14936 10509969 0.2583564550195425 0.008674967973593684 0.22098 -1.9032812934348848 3.0570079300618165
14937 10509969 0.2743181620482812 0.008599023878310505 0.22098 -1.9032812934348848 3.0570079300618165
14938 10509969 0.29027986907701986 0.008523079783027326 0.22098 -1.9032812934348848 3.0570079300618165
14939 10509969 0.32324715377970104 0.008847987654324013 0.22098 -1.9032812934348848 3.0570079300618165
14940 10509969 0.3584656415707196 0.013344166022947551 0.22098 -1.9032812934348848 3.0570079300618165
14941 10509969 0.3913293352314035 0.013352721442994264 0.22860000000000003 -1.9032812934348848 3.0570079300618165
14942 10509969 0.42568002242087244 0.01573785964730231 0.22860000000000003 -1.9032812934348848 3.0570079300618165
14943 10509969 0.4600307096103414 0.018122997851610353 0.22860000000000003 -1.9032812934348848 3.0570079300618165
14944 10509969 0.504500149550277 0.019947232448210367 0.23621999999999999 -1.9032812934348848 3.0570079300618165
14945 10509969 0.5377648538863702 0.019825356176238734 0.24384 -1.9032812934348848 3.0570079300618165
14946 10509969 0.5636759583279599 0.022340244659399537 0.24765 -1.9032812934348848 3.0570079300618165
14947 10509969 0.5895870627695496 0.02485513314256034 0.25146 -1.9032812934348848 3.0570079300618165
14948 10509969 0.6412598847976385 0.029700391997031936 0.25146 -1.9032812934348848 3.0570079300618165
14949 10509969 0.6625173951383347 0.027894769560847257 0.25908000000000003 -1.9032812934348848 3.0570079300618165
14950 10509969 0.7077436864686361 0.030407700401689598 0.26416 -1.9032812934348848 3.0570079300618165
14951 10509969 0.7529699777989375 0.03292063124253194 0.26924000000000003 -1.9032812934348848 3.0570079300618165
14952 10509969 0.7981962691292388 0.03543356208337428 0.27432 -1.9032812934348848 3.0570079300618165
14953 10509969 0.8392285595771765 0.041420189966953166 0.27432 -1.9032812934348848 3.0570079300618165
14954 10509969 0.8550427210572619 0.04361331574510696 0.27432 -1.9032812934348848 3.0570079300618165
14955 10509969 0.8928451980725609 0.04623978031469117 0.280416 -1.9032812934348848 3.0570079300618165
14956 10509969 0.93064767508786 0.048866244884275385 0.286512 -1.9032812934348848 3.0570079300618165
14957 10509969 0.968450152103159 0.05149270945385959 0.29260800000000003 -1.9032812934348848 3.0570079300618165
14958 10509969 1.0062526291184581 0.05411917402344381 0.298704 -1.9032812934348848 3.0570079300618165
14959 10509969 1.044055106133757 0.05674563859302802 0.3048 -1.9032812934348848 3.0570079300618165
14960 10509969 1.094579318038602 0.060800748208278604 0.32004000000000005 -1.9032812934348848 3.0570079300618165
14961 10509969 1.1131818695390487 0.06582182529643618 0.32004000000000005 -1.9032812934348848 3.0570079300618165
14962 10509969 1.1458862398580183 0.06874783107678337 0.32385 -1.9032812934348848 3.0570079300618165
14963 10509969 1.1785906101769879 0.07167383685713055 0.32766 -1.9032812934348848 3.0570079300618165
14964 10509969 1.2212015592718897 0.07434280449816845 0.33528 -1.9032812934348848 3.0570079300618165
14965 10509969 1.250280598144996 0.0750071436192697 0.34290000000000004 -1.9032812934348848 3.0570079300618165
14966 10509969 1.2842934787647764 0.07990108785037359 0.34290000000000004 -1.9032812934348848 3.0570079300618165
14967 10509969 1.329449400761082 0.08220655696355304 0.35052000000000005 -1.9032812934348848 3.0570079300618165
14968 10509969 1.3566256630465896 0.08384332084917018 0.35814000000000007 -1.9032812934348848 3.0570079300618165
14969 10509969 1.392266372643265 0.08855643120370063 0.35814000000000007 -1.9032812934348848 3.0570079300618165
14970 10509969 1.4227888904570603 0.0879321068266373 0.37338 -1.9032812934348848 3.0570079300618165
14971 10509969 1.461719409892585 0.09157090135623203 0.37338 -1.9032812934348848 3.0570079300618165
14972 10509969 1.5005119186478109 0.09478766419837051 0.37338 -1.9032812934348848 3.0570079300618165
14973 10509969 1.533226573125001 0.09706925975925879 0.381 -1.9032812934348848 3.0570079300618165
14974 10509969 1.5850113376327086 0.10200070606105419 0.38862 -1.9032812934348848 3.0570079300618165
14975 10509969 1.618239900928459 0.10177832258574315 0.39624000000000004 -1.9032812934348848 3.0570079300618165
14976 10509969 1.6579611311548155 0.10539342979229155 0.39624000000000004 -1.9032812934348848 3.0570079300618165
14977 10509969 1.691269834028903 0.1051451792479598 0.40386 -1.9032812934348848 3.0570079300618165
14978 10509969 1.7137783747353008 0.10608808019972728 0.40767 -1.9032812934348848 3.0570079300618165
14979 10509969 1.7362869154416987 0.10703098115149476 0.41148 -1.9032812934348848 3.0570079300618165
14980 10509969 1.7760994276492437 0.11038320747914057 0.41148 -1.9032812934348848 3.0570079300618165
14981 10509969 1.8324799028947727 0.11334797523772525 0.41148 -1.9032812934348848 3.0570079300618165
14982 10509969 1.8697327340868735 0.11321422015010821 0.41910000000000003 -1.9032812934348848 3.0570079300618165
14983 10509969 1.91032361107041 0.11514468354156751 0.41910000000000003 -1.9032812934348848 3.0570079300618165
14984 10509969 1.9491918748568724 0.11343234231096541 0.42672000000000004 -1.9032812934348848 3.0570079300618165
14985 10509969 2.0051712784743376 0.11734706250932112 0.43434000000000006 -1.9032812934348848 3.0570079300618165
14986 10509969 2.03876600376831 0.11689005974821157 0.44196 -1.9032812934348848 3.0570079300618165
14987 10509969 2.088527956813482 0.11699470919975266 0.44196 -1.9032812934348848 3.0570079300618165
14988 10509969 2.126639331395145 0.11541361046102852 0.44958000000000004 -1.9032812934348848 3.0570079300618165
14989 10509969 2.170298694495572 0.1117873915636595 0.44958000000000004 -1.9032812934348848 3.0570079300618165
14990 10509969 2.210243697882036 0.10902385362330672 0.44958000000000004 -1.9032812934348848 3.0570079300618165
14991 10509969 2.2521382205769234 0.10679214749372593 0.45720000000000005 -1.9032812934348848 3.0570079300618165
14992 10509969 2.273262619584006 0.10485924191187979 0.46101000000000003 -1.9032812934348848 3.0570079300618165
14993 10509969 2.294387018591089 0.10292633633003365 0.46482000000000007 -1.9032812934348848 3.0570079300618165
14994 10509969 2.3316585213138334 0.09741501086962576 0.46482000000000007 -1.9032812934348848 3.0570079300618165
14995 10509969 2.39219075940698 0.0869957672979533 0.47243999999999997 -1.9032812934348848 3.0570079300618165
14996 10509969 2.428349624406178 0.08079687024651491 0.47243999999999997 -1.9032812934348848 3.0570079300618165
14997 10509969 2.483377972594623 0.06983909866356428 0.48006 -1.9032812934348848 3.0570079300618165
14998 10509969 2.525050471798477 0.06149005821456041 0.48768 -1.9032812934348848 3.0570079300618165
14999 10509969 2.5499258301162637 0.053368492056858424 0.48768 -1.9032812934348848 3.0570079300618165
15000 10509969 2.609571819038586 0.037516408510074345 0.4953 -1.9032812934348848 3.0570079300618165
15001 10509969 2.653705689296091 0.023107768534982837 0.4953 -1.9032812934348848 3.0570079300618165
15002 10509969 2.691902653666454 0.012273080337324133 0.51054 -1.9032812934348848 3.0570079300618165
15003 10509969 2.7472708129685266 -0.005802521675543876 0.51054 -1.9032812934348848 3.0570079300618165
15004 10509969 2.766488717592466 -0.012894016982310297 0.5143500000000001 -1.9032812934348848 3.0570079300618165
15005 10509969 2.7857066222164057 -0.019985512289076718 0.5181600000000001 -1.9032812934348848 3.0570079300618165
15006 10509969 2.82462498464922 -0.03269035359931524 0.5181600000000001 -1.9032812934348848 3.0570079300618165
15007 10509969 2.863732909908888 -0.05433491554865902 0.52578 -1.9032812934348848 3.0570079300618165
15008 10509969 2.917378570958708 -0.07768754492564264 0.52578 -1.9032812934348848 3.0570079300618165
15009 10509969 2.9458728733641513 -0.09376422961101596 0.5334 -1.9032812934348848 3.0570079300618165
15010 10509969 2.9932715996874695 -0.11449292439679595 0.5334 -1.9032812934348848 3.0570079300618165
15011 10509969 3.029421513776126 -0.1370398533674719 0.54102 -1.9032812934348848 3.0570079300618165
15012 10509969 3.0581894880499156 -0.1563593205225505 0.54864 -1.9032812934348848 3.0570079300618165
15013 10509969 3.111385840821722 -0.18517064328857571 0.55626 -1.9032812934348848 3.0570079300618165
15014 10509969 3.1268101745908607 -0.20048483587964946 0.55626 -1.9032812934348848 3.0570079300618165
15015 10509969 3.167027474314608 -0.2296150849623024 0.56388 -1.9032812934348848 3.0570079300618165
15016 10509969 3.193898315123542 -0.24930745910215574 0.56388 -1.9032812934348848 3.0570079300618165
15017 10509969 3.2207691559324756 -0.26899983324200905 0.56388 -1.9032812934348848 3.0570079300618165
15018 10509969 3.237640991324535 -0.2798798822352351 0.5715 -1.9032812934348848 3.0570079300618165
15019 10509969 3.274511343242499 -0.30838417653882577 0.57912 -1.9032812934348848 3.0570079300618165
15020 10509969 3.3109496976537356 -0.34147803823463035 0.58293 -1.9032812934348848 3.0570079300618165
15021 10509969 3.3473880520649724 -0.37457189993043494 0.58674 -1.9032812934348848 3.0570079300618165
15022 10509969 3.373957286728581 -0.4028090750554415 0.59055 -1.9032812934348848 3.0570079300618165
15023 10509969 3.40052652139219 -0.43104625018044807 0.59436 -1.9032812934348848 3.0570079300618165
15024 10509969 3.447797939784458 -0.48210091721176773 0.6019800000000001 -1.9032812934348848 3.0570079300618165
15025 10509969 3.470864646697869 -0.5110051683839368 0.6019800000000001 -1.9032812934348848 3.0570079300618165
15026 10509969 3.4839329866663187 -0.5286448290256335 0.60579 -1.9032812934348848 3.0570079300618165
15027 10509969 3.497001326634768 -0.5462844896673301 0.6096 -1.9032812934348848 3.0570079300618165
15028 10509969 3.526850123747801 -0.5881483502455773 0.6096 -1.9032812934348848 3.0570079300618165
15029 10509969 3.5486538834315864 -0.6220133804003056 0.61722 -1.9032812934348848 3.0570079300618165
15030 10509969 3.574871705884968 -0.6573186249617607 0.61722 -1.9032812934348848 3.0570079300618165
15031 10509969 3.5967883701231607 -0.696009494062268 0.61722 -1.9032812934348848 3.0570079300618165
15032 10509969 3.6164601740252413 -0.7298792910932501 0.6248400000000001 -1.9032812934348848 3.0570079300618165
15033 10509969 3.6341005505328416 -0.7683426503764451 0.6248400000000001 -1.9032812934348848 3.0570079300618165
15034 10509969 3.6530054969874364 -0.8002098102341298 0.6248400000000001 -1.9032812934348848 3.0570079300618165
15035 10509969 3.676722170546971 -0.8418236704146791 0.63246 -1.9032812934348848 3.0570079300618165
15036 10509969 3.6958409127818745 -0.8839229206978918 0.63246 -1.9032812934348848 3.0570079300618165
15037 10509969 3.7144262924572047 -0.9140500788759008 0.6400800000000001 -1.9032812934348848 3.0570079300618165
15038 10509969 3.732517560196184 -0.9606614142502476 0.6438900000000001 -1.9032812934348848 3.0570079300618165
15039 10509969 3.7506088279351637 -1.0072727496245946 0.6477 -1.9032812934348848 3.0570079300618165
15040 10509969 3.760163613357869 -1.0269772992117567 0.6477 -1.9032812934348848 3.0570079300618165
15041 10509969 3.787498828232267 -1.0847226193159913 0.6477 -1.9032812934348848 3.0570079300618165
15042 10509969 3.8061027326448666 -1.128405244158371 0.65532 -1.9032812934348848 3.0570079300618165
15043 10509969 3.8186703357743794 -1.156568361390224 0.65913 -1.9032812934348848 3.0570079300618165
15044 10509969 3.831237938903892 -1.184731478622077 0.6629400000000001 -1.9032812934348848 3.0570079300618165
15045 10509969 3.8479172087764417 -1.226150476083236 0.6629400000000001 -1.9032812934348848 3.0570079300618165
15046 10509969 3.8645964786489913 -1.267569473544395 0.6629400000000001 -1.9032812934348848 3.0570079300618165
15047 10509969 3.8790510512985703 -1.310365089701227 0.67056 -1.9032812934348848 3.0570079300618165
15048 10509969 3.90240329949859 -1.3558296852558855 0.67056 -1.9032812934348848 3.0570079300618165
15049 10509969 3.9223944688806793 -1.406154808666345 0.6743700000000001 -1.9032812934348848 3.0570079300618165
15050 10509969 3.9423856382627687 -1.4564799320768043 0.6781800000000001 -1.9032812934348848 3.0570079300618165
15051 10509969 3.950633271675663 -1.4801961043585508 0.6858000000000001 -1.9032812934348848 3.0570079300618165
15052 10509969 3.9678536560385287 -1.5213235341862814 0.6896100000000001 -1.9032812934348848 3.0570079300618165
15053 10509969 3.9850740404013942 -1.562450964014012 0.69342 -1.9032812934348848 3.0570079300618165
15054 10509969 4.005959286326208 -1.6182066880011303 0.7010400000000001 -1.9032812934348848 3.0570079300618165
15055 10509969 4.026429495235272 -1.6657085649369776 0.7048500000000001 -1.9032812934348848 3.0570079300618165
15056 10509969 4.046899704144335 -1.713210441872825 0.7086600000000001 -1.9032812934348848 3.0570079300618165
15057 10509969 4.060014509780313 -1.7424268865379595 0.7124700000000002 -1.9032812934348848 3.0570079300618165
15058 10509969 4.073129315416291 -1.7716433312030941 0.7162800000000001 -1.9032812934348848 3.0570079300618165
15059 10509969 4.096772800419917 -1.832561425277278 0.7239000000000001 -1.9032812934348848 3.0570079300618165
15060 10509969 4.114917902046283 -1.8760336292884798 0.73152 -1.9032812934348848 3.0570079300618165
15061 10509969 4.1232874695577255 -1.9001977363853002 0.73533 -1.9032812934348848 3.0570079300618165
15062 10509969 4.131657037069169 -1.9243618434821206 0.73914 -1.9032812934348848 3.0570079300618165
15063 10509969 4.155215951164474 -1.985543757830358 0.74676 -1.9032812934348848 3.0570079300618165
15064 10509969 4.170144945736535 -2.030711496894477 0.74676 -1.9032812934348848 3.0570079300618165
15065 10509969 4.17986314242385 -2.052920704283249 0.75057 -1.9032812934348848 3.0570079300618165
15066 10509969 4.1895813391111645 -2.075129911672021 0.75438 -1.9032812934348848 3.0570079300618165
15067 10509969 4.215431639083025 -2.149440052027856 0.762 -1.9032812934348848 3.0570079300618165
15068 10509969 4.225800371620327 -2.184359555052849 0.762 -1.9032812934348848 3.0570079300618165
15069 10509969 4.243873327579841 -2.2283328276073795 0.76962 -1.9032812934348848 3.0570079300618165
15070 10509969 4.254964466689338 -2.2651230676005665 0.76962 -1.9032812934348848 3.0570079300618165
15071 10509969 4.264202954855195 -2.283087273216289 0.76962 -1.9032812934348848 3.0570079300618165
15072 10509969 4.292786144308546 -2.353381911171779 0.77724 -1.9032812934348848 3.0570079300618165
15073 10509969 4.2975982028508914 -2.371304074478745 0.77724 -1.9032812934348848 3.0570079300618165
15074 10509969 4.3179270682567195 -2.4342341615550924 0.78486 -1.9032812934348848 3.0570079300618165
15075 10509969 4.3325401151759175 -2.4711212849875692 0.7924800000000001 -1.9032812934348848 3.0570079300618165
15076 10509969 4.344682946478872 -2.5042825684486933 0.7943850000000001 -1.9032812934348848 3.0570079300618165
15077 10509969 4.356825777781826 -2.537443851909818 0.79629 -0.5306722116665513 2.5168630959519693
15078 10509969 4.3715644697479465 -2.5798030851951594 0.8020050000000001 -0.5306722116665513 2.5168630959519693
15079 10509969 4.386303161714066 -2.6221623184805005 0.80772 -0.5306722116665513 2.5168630959519693
15080 10509969 4.40287798367983 -2.66120718719915 0.80772 -0.5306722116665513 2.5168630959519693
15081 10509969 4.412974018821802 -2.696971191795163 0.8153400000000001 -0.5306722116665513 2.5168630959519693
15082 10509969 4.428655051359525 -2.7346731667892716 0.8153400000000001 -0.5306722116665513 2.5168630959519693
15083 10509969 4.442247989170004 -2.777417549881062 0.8153400000000001 -0.5306722116665513 2.5168630959519693
15084 10509969 4.46030091847534 -2.828274005918332 0.8305800000000001 -0.5306722116665513 2.5168630959519693
15085 10509969 4.478459117704526 -2.8706379380749865 0.8305800000000001 -0.5306722116665513 2.5168630959519693
15086 10509969 4.491984102982206 -2.9135934320736054 0.8305800000000001 -0.5306722116665513 2.5168630959519693
15087 10509969 4.5073339463947875 -2.95095326213282 0.8382000000000001 -0.5306722116665513 2.5168630959519693
15088 10509969 4.521903221247224 -2.993431441162556 0.8382000000000001 -0.5306722116665513 2.5168630959519693
15089 10509969 4.535888969242238 -3.029528664315985 0.84582 -0.5306722116665513 2.5168630959519693
15090 10509969 4.547507621713963 -3.059948214270007 0.84582 -0.5306722116665513 2.5168630959519693
15091 10509969 4.5591262741856875 -3.090367764224029 0.84582 -0.5306722116665513 2.5168630959519693
15092 10509969 4.57160961688679 -3.1297125907220695 0.8534400000000001 -0.5306722116665513 2.5168630959519693
15093 10509969 4.5893442710631165 -3.1804641678332133 0.8534400000000001 -0.5306722116665513 2.5168630959519693
15094 10509969 4.587738184856041 -3.18105124329487 0.8533651582393599 -0.5306722116665513 2.5168630959519693
15095 10509969 4.5861320986489655 -3.1816383187565274 0.8532903164787197 -0.5306722116665513 2.5168630959519693
15096 10509969 4.58452601244189 -3.182225394218184 0.8532154747180793 -0.5306722116665513 2.5168630959519693
15097 10509969 4.582919926234814 -3.1828124696798414 0.8531406329574391 -0.5306722116665513 2.5168630959519693
15098 10509969 4.581313840027739 -3.1833995451414983 0.8530657911967989 -0.5306722116665513 2.5168630959519693
15099 10509969 4.579707753820663 -3.183986620603155 0.8529909494361587 -0.5306722116665513 2.5168630959519693
15100 10509969 4.578101667613588 -3.1845736960648123 0.8529161076755185 -0.5306722116665513 2.5168630959519693
15101 10509969 4.576495581406512 -3.185160771526469 0.8528412659148782 -0.5306722116665513 2.5168630959519693
15102 10509969 4.574889495199436 -3.1857478469881264 0.852766424154238 -0.5306722116665513 2.5168630959519693
15103 10509969 4.573283408992361 -3.1863349224497832 0.8526915823935978 -0.5306722116665513 2.5168630959519693
15104 10509969 4.571677322785285 -3.18692199791144 0.8526167406329576 -0.5306722116665513 2.5168630959519693
15105 10509969 4.570071236578209 -3.1875090733730973 0.8525418988723172 -0.5306722116665513 2.5168630959519693
15106 10509969 4.568465150371134 -3.188096148834754 0.852467057111677 -0.5306722116665513 2.5168630959519693
15107 10509969 4.566859064164058 -3.1886832242964114 0.8523922153510368 -0.5306722116665513 2.5168630959519693
15108 10509969 4.565252977956983 -3.189270299758068 0.8523173735903966 -0.5306722116665513 2.5168630959519693
15109 10509969 4.563646891749907 -3.189857375219725 0.8522425318297564 -0.5306722116665513 2.5168630959519693
15110 10509969 4.562040805542831 -3.1904444506813823 0.8521676900691161 -0.5306722116665513 2.5168630959519693
15111 10509969 4.560434719335756 -3.191031526143039 0.8520928483084759 -0.5306722116665513 2.5168630959519693
15112 10509969 4.55882863312868 -3.1916186016046963 0.8520180065478357 -0.5306722116665513 2.5168630959519693
15113 10509969 4.557222546921604 -3.192205677066353 0.8519431647871955 -0.5306722116665513 2.5168630959519693
15114 10509969 4.555616460714529 -3.19279275252801 0.8518683230265552 -0.5306722116665513 2.5168630959519693
15115 10509969 4.554010374507453 -3.1933798279896672 0.8517934812659149 -0.5306722116665513 2.5168630959519693
15116 10509969 4.552404288300378 -3.193966903451324 0.8517186395052747 -0.5306722116665513 2.5168630959519693
15117 10509969 4.550798202093302 -3.1945539789129813 0.8516437977446345 -0.5306722116665513 2.5168630959519693
15118 10509969 4.5491921158862265 -3.195141054374638 0.8515689559839943 -0.5306722116665513 2.5168630959519693
15119 10509969 4.5475860296791515 -3.195728129836295 0.8514941142233541 -0.5306722116665513 2.5168630959519693
15120 10509969 4.545979943472076 -3.196315205297952 0.8514192724627138 -0.5306722116665513 2.5168630959519693
15121 10509969 4.544373857265 -3.196902280759609 0.8513444307020736 -0.5306722116665513 2.5168630959519693
15122 10509969 4.542767771057925 -3.197489356221266 0.8512695889414333 -0.5306722116665513 2.5168630959519693
15123 10509969 4.541161684850849 -3.198076431682923 0.8511947471807931 -0.5306722116665513 2.5168630959519693
15124 10509969 4.539555598643774 -3.19866350714458 0.8511199054201529 -0.5306722116665513 2.5168630959519693
15125 10509969 4.537949512436698 -3.199250582606237 0.8510450636595126 -0.5306722116665513 2.5168630959519693
15126 10509969 4.536343426229622 -3.199837658067894 0.8509702218988724 -0.5306722116665513 2.5168630959519693
15127 10509969 4.534737340022547 -3.200424733529551 0.8508953801382322 -0.5306722116665513 2.5168630959519693
15128 10509969 4.533131253815471 -3.201011808991208 0.850820538377592 -0.5306722116665513 2.5168630959519693
15129 10509969 4.531525167608395 -3.201598884452865 0.8507456966169517 -0.5306722116665513 2.5168630959519693
15130 10509969 4.52991908140132 -3.202185959914522 0.8506708548563114 -0.5306722116665513 2.5168630959519693
15131 10509969 4.528312995194244 -3.202773035376179 0.8505960130956712 -0.5306722116665513 2.5168630959519693
15132 10509969 4.526706908987168 -3.203360110837836 0.850521171335031 -0.5306722116665513 2.5168630959519693
15133 10509969 4.525100822780093 -3.203947186299493 0.8504463295743908 -0.5306722116665513 2.5168630959519693
15134 10509969 4.523494736573017 -3.20453426176115 0.8503714878137505 -0.5306722116665513 2.5168630959519693
15135 10509969 4.521888650365942 -3.205121337222807 0.8502966460531103 -0.5306722116665513 2.5168630959519693
15136 10509969 4.520282564158866 -3.205708412684464 0.8502218042924701 -0.5306722116665513 2.5168630959519693
15137 10509969 4.51867647795179 -3.2062954881461208 0.8501469625318299 -0.5306722116665513 2.5168630959519693
15138 10509969 4.517070391744715 -3.206882563607778 0.8500721207711897 -0.5306722116665513 2.5168630959519693
15139 10509969 4.515464305537639 -3.207469639069435 0.8499972790105493 -0.5306722116665513 2.5168630959519693
15140 10509969 4.513858219330563 -3.208056714531092 0.8499224372499091 -0.5306722116665513 2.5168630959519693
15141 10509969 4.512252133123488 -3.208643789992749 0.8498475954892689 -0.5306722116665513 2.5168630959519693
15142 10509969 4.5106460469164125 -3.2092308654544057 0.8497727537286287 -0.5306722116665513 2.5168630959519693
15143 10509969 4.509039960709337 -3.209817940916063 0.8496979119679885 -0.5306722116665513 2.5168630959519693
15144 10509969 4.5074338745022615 -3.21040501637772 0.8496230702073482 -0.5306722116665513 2.5168630959519693
15145 10509969 4.505827788295186 -3.210992091839377 0.849548228446708 -0.5306722116665513 2.5168630959519693
15146 10509969 4.504221702088111 -3.211579167301034 0.8494733866860678 -0.5306722116665513 2.5168630959519693
15147 10509969 4.502615615881035 -3.2121662427626907 0.8493985449254275 -0.5306722116665513 2.5168630959519693
15148 10509969 4.501009529673959 -3.212753318224348 0.8493237031647873 -0.5306722116665513 2.5168630959519693
15149 10509969 4.499403443466884 -3.2133403936860048 0.849248861404147 -0.5306722116665513 2.5168630959519693
15150 10509969 4.497797357259808 -3.213927469147662 0.8491740196435068 -0.5306722116665513 2.5168630959519693
15151 10509969 4.496191271052733 -3.214514544609319 0.8490991778828666 -0.5306722116665513 2.5168630959519693
15152 10509969 4.494585184845657 -3.2151016200709757 0.8490243361222264 -0.5306722116665513 2.5168630959519693
15153 10509969 4.492979098638581 -3.215688695532633 0.8489494943615861 -0.5306722116665513 2.5168630959519693
