15273 10598808 2.5841171700509054 4.655522900862088 1.2496800000000001 -0.5306722116665513 2.5168630959519693
15274 10598808 2.5697347871953227 4.609869359490827 1.2496800000000001 -0.5306722116665513 2.5168630959519693
15275 10598808 2.5503880636767 4.550650213707499 1.2496800000000001 -0.5306722116665513 2.5168630959519693
15276 10598808 2.533594967218331 4.500877542010568 1.2496800000000001 -0.5306722116665513 2.5168630959519693
15277 10598808 2.521937829080984 4.464380761803018 1.2496800000000001 -0.5306722116665513 2.5168630959519693
15278 10598808 2.5102806909436373 4.4278839815954685 1.2496800000000001 -0.5306722116665513 2.5168630959519693
15279 10598808 2.4926927656297915 4.374048410431201 1.2496800000000001 -0.5306722116665513 2.5168630959519693
15280 10598808 2.472037215168667 4.312453045429967 1.2496800000000001 -0.5306722116665513 2.5168630959519693
15281 10598808 2.4525164322436073 4.251071094227412 1.2496800000000001 -0.5306722116665513 2.5168630959519693
15282 10598808 2.435654351029229 4.201087334074368 1.2496800000000001 -0.5306722116665513 2.5168630959519693
15283 10598808 2.417168162771631 4.142872188571583 1.2496800000000001 -0.5306722116665513 2.5168630959519693
15284 10598808 2.39147600986145 4.064230069254077 1.2496800000000001 -0.5306722116665513 2.5168630959519693
15285 10598808 2.3802680247278154 4.02992310764472 1.2496800000000001 -0.5306722116665513 2.5168630959519693
15286 10598808 2.362542166447053 3.9756653323233917 1.2496800000000001 -0.5306722116665513 2.5168630959519693
15287 10598808 2.3425418379198195 3.916075654058177 1.2496800000000001 -0.5306722116665513 2.5168630959519693
15288 10598808 2.3239867058131285 3.8576494097639666 1.2496800000000001 -0.5306722116665513 2.5168630959519693
15289 10598808 2.291645934236051 3.777674628106921 1.2496800000000001 -0.5306722116665513 2.5168630959519693
15290 10598808 2.2727130239200175 3.7197222967552954 1.2496800000000001 -0.5306722116665513 2.5168630959519693
15291 10598808 2.2553319930793645 3.666520161373006 1.2496800000000001 -0.5306722116665513 2.5168630959519693
15292 10598808 2.2379854499190595 3.613423590434534 1.2496800000000001 -0.5306722116665513 2.5168630959519693
15293 10598808 2.2285189973047133 3.5844474326042177 1.2496800000000001 -0.5306722116665513 2.5168630959519693
15294 10598808 2.219052544690367 3.5554712747739012 1.2496800000000001 -0.5306722116665513 2.5168630959519693
15295 10598808 2.203715058061439 3.505807281069048 1.2496800000000001 -0.5306722116665513 2.5168630959519693
15296 10598808 2.1842904938620684 3.449067037483997 1.2496800000000001 -0.5306722116665513 2.5168630959519693
15297 10598808 2.159115599718586 3.372008424908286 1.2496800000000001 -0.5306722116665513 2.5168630959519693
15298 10598808 2.1441919725296 3.3236111560947346 1.2496800000000001 -0.5306722116665513 2.5168630959519693
15299 10598808 2.127491798833354 3.275210154216113 1.2496800000000001 -0.5306722116665513 2.5168630959519693
15300 10598808 2.1089471411389127 3.215729119474896 1.2496800000000001 -0.5306722116665513 2.5168630959519693
15301 10598808 2.088074134730377 3.1545554065927313 1.2496800000000001 -0.5306722116665513 2.5168630959519693
15302 10598808 2.070658633820888 3.101247761086508 1.2496800000000001 -0.5306722116665513 2.5168630959519693
15303 10598808 2.05324313443011 3.04794012026466 1.2496800000000001 -0.5306722116665513 2.5168630959519693
15304 10598808 2.0350778571716557 2.9896202556535716 1.2496800000000001 -0.5306722116665513 2.5168630959519693
15305 10598808 2.0173864780928703 2.935468145316757 1.2496800000000001 -0.5306722116665513 2.5168630959519693
15306 10598808 1.999764072808964 2.881527159120285 1.2496800000000001 -0.5306722116665513 2.5168630959519693
15307 10598808 1.9873352421180457 2.828810104553291 1.2496800000000001 -0.5306722116665513 2.5168630959519693
15308 10598808 1.9691940506942822 2.7716506563103924 1.2496800000000001 -0.5306722116665513 2.5168630959519693
15309 10598808 1.9495040525834304 2.713011160370715 1.2496800000000001 -0.5306722116665513 2.5168630959519693
15310 10598808 1.936933130650535 2.6737171371469453 1.2496800000000001 -0.5306722116665513 2.5168630959519693
15311 10598808 1.9243622087176397 2.6344231139231753 1.2496800000000001 -0.5306722116665513 2.5168630959519693
15312 10598808 1.9067053629471313 2.580376582672659 1.2496800000000001 -0.5306722116665513 2.5168630959519693
15313 10598808 1.8889450606707379 2.526013377386243 1.2496800000000001 -0.5306722116665513 2.5168630959519693
15314 10598808 1.872151879694201 2.4762409175961664 1.2496800000000001 -0.5306722116665513 2.5168630959519693
15315 10598808 1.8547709229884288 2.423038878435336 1.2496800000000001 -0.5306722116665513 2.5168630959519693
15316 10598808 1.835905565407866 2.3636627078769457 1.2496800000000001 -0.5306722116665513 2.5168630959519693
15317 10598808 1.8151449865720013 2.300115838665584 1.2496800000000001 -0.5306722116665513 2.5168630959519693
15318 10598808 1.7916270235570522 2.229759287336062 1.2496800000000001 -0.5306722116665513 2.5168630959519693
15319 10598808 1.7821433702599085 2.2007304081362786 1.2496800000000001 -0.5306722116665513 2.5168630959519693
15320 10598808 1.7568996116781563 2.123460816455287 1.2496800000000001 -0.5306722116665513 2.5168630959519693
15321 10598808 1.7395186650014356 2.07025880823353 1.2496800000000001 -0.5306722116665513 2.5168630959519693
15322 10598808 1.7284831440866142 2.036479757814908 1.2496800000000001 -0.5306722116665513 2.5168630959519693
15323 10598808 1.7027895990153348 1.9562028314219908 1.2496800000000001 -0.5306722116665513 2.5168630959519693
15324 10598808 1.6858584502790404 1.906008193237236 1.2496800000000001 -0.5306722116665513 2.5168630959519693
15325 10598808 1.6684775097835713 1.85280620408428 1.2496800000000001 -0.5306722116665513 2.5168630959519693
15326 10598808 1.6497846391632958 1.7939578738932804 1.2496800000000001 -0.5306722116665513 2.5168630959519693
15327 10598808 1.6401982669094224 1.7654298803106208 1.2496800000000001 -0.5306722116665513 2.5168630959519693
15328 10598808 1.6306118946555492 1.736901886727961 1.2496800000000001 -0.5306722116665513 2.5168630959519693
15329 10598808 1.6049880831864343 1.6576536563509556 1.2496800000000001 -0.5306722116665513 2.5168630959519693
15330 10598808 1.5833973502121879 1.5758027574584978 1.2496800000000001 -0.5306722116665513 2.5168630959519693
15331 10598808 1.5748557402674623 1.5489779078669412 1.2496800000000001 -0.5306722116665513 2.5168630959519693
15332 10598808 1.566314130322737 1.5221530582753846 1.2496800000000001 -0.5306722116665513 2.5168630959519693
15333 10598808 1.5487390211085434 1.4697154956415541 1.2496800000000001 -0.5306722116665513 2.5168630959519693
15334 10598808 1.5265645908159478 1.4018407697033242 1.2496800000000001 -0.5306722116665513 2.5168630959519693
15335 10598808 1.5072360400166156 1.3239238997953562 1.2496800000000001 -0.5306722116665513 2.5168630959519693
15336 10598808 1.4891204481009046 1.2695600644511735 1.2496800000000001 -0.5306722116665513 2.5168630959519693
15337 10598808 1.4718085736384714 1.2165692247284676 1.2496800000000001 -0.5306722116665513 2.5168630959519693
15338 10598808 1.4526450174407413 1.15682330183887 1.2496800000000001 -0.5306722116665513 2.5168630959519693
15339 10598808 1.4418607519660231 1.10859265444889 1.2496800000000001 -0.5306722116665513 2.5168630959519693
15340 10598808 1.422156733770374 1.0469204462143546 1.2496800000000001 -0.5306722116665513 2.5168630959519693
15341 10598808 1.4045345334078299 0.9929795781433733 1.2496800000000001 -0.5306722116665513 2.5168630959519693
15342 10598808 1.3836361921340519 0.9290105705591941 1.2496800000000001 -0.5306722116665513 2.5168630959519693
15343 10598808 1.3628884550235396 0.8668615800931471 1.2496800000000001 -0.5306722116665513 2.5168630959519693
15344 10598808 1.3456455995800334 0.8140818823474312 1.2496800000000001 -0.5306722116665513 2.5168630959519693
15345 10598808 1.3307351201964777 0.7670824528011336 1.2496800000000001 -0.5306722116665513 2.5168630959519693
15346 10598808 1.3192507869824706 0.7244545322580316 1.2496800000000001 -0.5306722116665513 2.5168630959519693
15347 10598808 1.3077664537684632 0.6818266117149296 1.2496800000000001 -0.5306722116665513 2.5168630959519693
15348 10598808 1.287317627680033 0.6341832020050345 1.2496800000000001 -0.5306722116665513 2.5168630959519693
15349 10598808 1.269695439206307 0.5802423706316975 1.2496800000000001 -0.5306722116665513 2.5168630959519693
15350 10598808 1.2600739318688128 0.550791312083121 1.2496800000000001 -0.5306722116665513 2.5168630959519693
15351 10598808 1.2311404412710567 0.46222702634889734 1.2496800000000001 -0.5306722116665513 2.5168630959519693
15352 10598808 1.2151045990612745 0.4131419391100324 1.2496800000000001 -0.5306722116665513 2.5168630959519693
15353 10598808 1.1958960757842365 0.35434539897719164 1.2496800000000001 -0.5306722116665513 2.5168630959519693
15354 10598808 1.179769406201558 0.3063414245857107 1.2496800000000001 -0.5306722116665513 2.5168630959519693
15355 10598808 1.160871254027437 0.24849492954229263 1.2496800000000001 -0.5306722116665513 2.5168630959519693
15356 10598808 1.1372140806497217 0.17608125921585843 1.2496800000000001 -0.5306722116665513 2.5168630959519693
15357 10598808 1.1172342609426897 0.11356465404330028 1.2496800000000001 -0.5306722116665513 2.5168630959519693
15358 10598808 1.099474144821442 0.05920163191403549 1.2496800000000001 -0.5306722116665513 2.5168630959519693
15359 10598808 1.0898652566318796 0.031148385240582166 1.2496800000000001 -0.5306722116665513 2.5168630959519693
15360 10598808 1.06740248281484 -0.03896847337817927 1.2496800000000001 -0.5306722116665513 2.5168630959519693
15361 10598808 1.0573217308614828 -0.06914565644238592 1.2496800000000001 -0.5306722116665513 2.5168630959519693
15362 10598808 1.0472409789081258 -0.09932283950659257 1.2496800000000001 -0.5306722116665513 2.5168630959519693
15363 10598808 1.0208468535760036 -0.18147343666327956 1.2496800000000001 -0.5306722116665513 2.5168630959519693
15364 10598808 1.001679131533336 -0.23946546111210104 1.2496800000000001 -0.5306722116665513 2.5168630959519693
15365 10598808 0.9825114094906686 -0.29745748556092255 1.2496800000000001 -0.5306722116665513 2.5168630959519693
15366 10598808 0.9651306442882888 -0.3506593187679654 1.2496800000000001 -0.5306722116665513 2.5168630959519693
15367 10598808 0.9525992676759822 -0.4053285898320761 1.2496800000000001 -0.5306722116665513 2.5168630959519693
15368 10598808 0.9336322058690054 -0.4633861484787225 1.2496800000000001 -0.5306722116665513 2.5168630959519693
15369 10598808 0.9152262439232013 -0.5224447868262595 1.2496800000000001 -0.5306722116665513 2.5168630959519693
15370 10598808 0.8942152086331138 -0.584040293493584 1.2496800000000001 -0.5306722116665513 2.5168630959519693
15371 10598808 0.87680000235667 -0.637347672754555 1.2496800000000001 -0.5306722116665513 2.5168630959519693
15372 10598808 0.8562810978981895 -0.7001553710244868 1.2496800000000001 -0.5306722116665513 2.5168630959519693
15373 10598808 0.8389348660241258 -0.7532516218002104 1.2496800000000001 -0.5306722116665513 2.5168630959519693
15374 10598808 0.8136569602425365 -0.8306264679906156 1.2496800000000001 -0.5306722116665513 2.5168630959519693
15375 10598808 0.7948717108627738 -0.8908462347681989 1.2496800000000001 -0.5306722116665513 2.5168630959519693
15376 10598808 0.7893084983930874 -0.9146719265617291 1.2496800000000001 -0.5306722116665513 2.5168630959519693
15377 10598808 0.7837452859234009 -0.9384976183552592 1.2496800000000001 -2.1751786210684396 3.4937233486420762
15378 10598808 0.7583953091329125 -1.0201714291650612 1.2496800000000001 -2.1751786210684396 3.4937233486420762
15379 10598808 0.7422906075349494 -1.0694675387399395 1.2496800000000001 -2.1751786210684396 3.4937233486420762
15380 10598808 0.7229787615047357 -1.128580641299875 1.2496800000000001 -2.1751786210684396 3.4937233486420762
15381 10598808 0.7016698927144722 -1.1897283044970104 1.2496800000000001 -2.1751786210684396 3.4937233486420762
15382 10598808 0.6842892255347917 -1.242930083506461 1.2496800000000001 -2.1751786210684396 3.4937233486420762
15383 10598808 0.6701125925391066 -1.2904027300921335 1.2496800000000001 -2.1751786210684396 3.4937233486420762
15384 10598808 0.6613015659311714 -1.3173730734283795 1.2496800000000001 -2.1751786210684396 3.4937233486420762
15385 10598808 0.6524905393232363 -1.3443434167646255 1.2496800000000001 -2.1751786210684396 3.4937233486420762
15386 10598808 0.6235572694073918 -1.4329074692185158 1.2496800000000001 -2.1751786210684396 3.4937233486420762
15387 10598808 0.6042109494276077 -1.4921260954104185 1.2496800000000001 -2.1751786210684396 3.4937233486420762
15388 10598808 0.5881407456629607 -1.5413166076007168 1.2496800000000001 -2.1751786210684396 3.4937233486420762
15389 10598808 0.5634162348597522 -1.6149584898762823 1.2496800000000001 -2.1751786210684396 3.4937233486420762
15390 10598808 0.5441396460231491 -1.6729440036246186 1.2496800000000001 -2.1751786210684396 3.4937233486420762
15391 10598808 0.5248630571865459 -1.730929517372955 1.2496800000000001 -2.1751786210684396 3.4937233486420762
15392 10598808 0.511584659234353 -1.7736136741031139 1.2496800000000001 -2.1751786210684396 3.4937233486420762
15393 10598808 0.49830626128216016 -1.8162978308332727 1.2496800000000001 -2.1751786210684396 3.4937233486420762
15394 10598808 0.47423545428045644 -1.8899779992289278 1.2496800000000001 -2.1751786210684396 3.4937233486420762
15395 10598808 0.4554094298276062 -1.9435252976777073 1.2496800000000001 -2.1751786210684396 3.4937233486420762
15396 10598808 0.4380287840537618 -1.9967270105900827 1.2496800000000001 -2.1751786210684396 3.4937233486420762
15397 10598808 0.41964508180493676 -2.0570778322134724 1.2496800000000001 -2.1751786210684396 3.4937233486420762
15398 10598808 0.4020230506628576 -2.111018450723252 1.2496800000000001 -2.1751786210684396 3.4937233486420762
15399 10598808 0.3811968417536491 -2.1706881345265776 1.2496800000000001 -2.1751786210684396 3.4937233486420762
15400 10598808 0.3634683969457255 -2.229033329291211 1.2496800000000001 -2.1751786210684396 3.4937233486420762
15401 10598808 0.3389045640540328 -2.286547341655147 1.2496800000000001 -2.1751786210684396 3.4937233486420762
15402 10598808 0.3292897335296605 -2.322776279489494 1.2496800000000001 -2.1751786210684396 3.4937233486420762
15403 10598808 0.3196749030052882 -2.3590052173238414 1.2496800000000001 -2.1751786210684396 3.4937233486420762
15404 10598808 0.2891765505818966 -2.438763226451871 1.2496800000000001 -2.1751786210684396 3.4937233486420762
15405 10598808 0.2722919877476482 -2.5040431100812084 1.2496800000000001 -2.1751786210684396 3.4937233486420762
15406 10598808 0.26598116363698365 -2.5233603813912824 1.2496800000000001 -2.1751786210684396 3.4937233486420762
15407 10598808 0.2359788878029021 -2.6151965808454967 1.2496800000000001 -2.1751786210684396 3.4937233486420762
15408 10598808 0.22059553658301334 -2.6663637569646776 1.2496800000000001 -2.1751786210684396 3.4937233486420762
15409 10598808 0.20283558159014237 -2.7207265566263064 1.2496800000000001 -2.1751786210684396 3.4937233486420762
15410 10598808 0.18521356955484602 -2.7746671161349847 1.2496800000000001 -2.1751786210684396 3.4937233486420762
15411 10598808 0.16335270769689902 -2.837503461285776 1.2496800000000001 -2.1751786210684396 3.4937233486420762
15412 10598808 0.13810942620260325 -2.914772500368287 1.2496800000000001 -2.1751786210684396 3.4937233486420762
15413 10598808 0.1312109429431304 -2.937928232149975 1.2496800000000001 -2.1751786210684396 3.4937233486420762
15414 10598808 0.12431245968365756 -2.9610839639316637 1.2496800000000001 -2.1751786210684396 3.4937233486420762
15415 10598808 0.10337986278200739 -3.0251581447113693 1.2496800000000001 -2.1751786210684396 3.4937233486420762
15416 10598808 0.08406807845764441 -3.0842710567252754 1.2496800000000001 -2.1751786210684396 3.4937233486420762
15417 10598808 0.06637710623979176 -3.1384227014279658 1.2496800000000001 -2.1751786210684396 3.4937233486420762
15418 10598808 0.04878959155127771 -3.1922576650555006 1.2496800000000001 -2.1751786210684396 3.4937233486420762
15419 10598808 0.02758389379378179 -3.253088327485237 1.2496800000000001 -2.1751786210684396 3.4937233486420762
15420 10598808 0.011890301055228258 -3.305205514396734 1.2496800000000001 -2.1751786210684396 3.4937233486420762
15421 10598808 -0.011740389255576633 -3.389777149233126 1.2496800000000001 -2.1751786210684396 3.4937233486420762
15422 10598808 -0.02656047618481061 -3.439492719982516 1.2496800000000001 -2.1751786210684396 3.4937233486420762
15423 10598808 -0.04657049500163579 -3.4963914582297106 1.2496800000000001 -2.1751786210684396 3.4937233486420762
15424 10598808 -0.06839106088995572 -3.567535444462829 1.2496800000000001 -2.1751786210684396 3.4937233486420762
15425 10598808 -0.08246108608338787 -3.6280102646941255 1.2496800000000001 -2.1751786210684396 3.4937233486420762
15426 10598808 -0.10008299526936926 -3.6819507689345152 1.2496800000000001 -2.1751786210684396 3.4937233486420762
15427 10598808 -0.11035203040035607 -3.710664345104531 1.2496800000000001 -2.1751786210684396 3.4937233486420762
15428 10598808 -0.12062106553134289 -3.7393779212745466 1.2496800000000001 -2.1751786210684396 3.4937233486420762
15429 10598808 -0.14670690406373943 -3.8246661308051957 1.2496800000000001 -2.1751786210684396 3.4937233486420762
15430 10598808 -0.1631519094129683 -3.8858837555898895 1.2496800000000001 -2.1751786210684396 3.4937233486420762
15431 10598808 -0.18053239105743257 -3.9390853342482504 1.2496800000000001 -2.1751786210684396 3.4937233486420762
15432 10598808 -0.1946473413352725 -3.9986108347301648 1.2496800000000001 -2.1751786210684396 3.4937233486420762
15433 10598808 -0.209249495695901 -4.048748018497424 1.2496800000000001 -2.1751786210684396 3.4937233486420762
15434 10598808 -0.2293737390694146 -4.1049084329770364 1.2496800000000001 -2.1751786210684396 3.4937233486420762
15435 10598808 -0.2446655658518364 -4.157156789509019 1.2496800000000001 -2.1751786210684396 3.4937233486420762
15436 10598808 -0.2613409863311429 -4.211260416518506 1.2496800000000001 -2.1751786210684396 3.4937233486420762
15437 10598808 -0.27801640681044937 -4.265364043527994 1.2496800000000001 -2.1751786210684396 3.4937233486420762
15438 10598808 -0.2913948901282798 -4.312775905078167 1.2496800000000001 -2.1751786210684396 3.4937233486420762
15439 10598808 -0.3047733734461102 -4.360187766628341 1.2496800000000001 -2.1751786210684396 3.4937233486420762
15440 10598808 -0.3304301204743221 -4.438723411688061 1.2496800000000001 -2.1751786210684396 3.4937233486420762
15441 10598808 -0.34015485437518245 -4.4684909519158955 1.2496800000000001 -2.1751786210684396 3.4937233486420762
15442 10598808 -0.36898420458240033 -4.556737977488006 1.2496800000000001 -2.1751786210684396 3.4937233486420762
15443 10598808 -0.3897501472392826 -4.630095548353647 1.2496800000000001 -2.1751786210684396 3.4937233486420762
15444 10598808 -0.399267957006302 -4.659229731437289 1.2496800000000001 -2.1751786210684396 3.4937233486420762
15445 10598808 -0.4182346055556363 -4.717286976166502 1.2496800000000001 -2.1751786210684396 3.4937233486420762
