15510 11080625 -0.6574132485014623 -4.269975213714614 0.57912 -2.1751786210684396 3.4937233486420762
15511 11080625 -0.6331640894398047 -4.225677070437239 0.5715 -2.1751786210684396 3.4937233486420762
15512 11080625 -0.609919349947379 -4.173573842445394 0.5715 -2.1751786210684396 3.4937233486420762
15513 11080625 -0.5772701221304446 -4.1090055302372726 0.5715 -2.1751786210684396 3.4937233486420762
15514 11080625 -0.5536654858191932 -4.050360771808306 0.5715 -2.1751786210684396 3.4937233486420762
15515 11080625 -0.5425020127786551 -4.032512278574044 0.5715 -2.1751786210684396 3.4937233486420762
15516 11080625 -0.503127740524594 -3.9473601257322373 0.56388 -2.1751786210684396 3.4937233486420762
15517 11080625 -0.49897176714754277 -3.9346404767490064 0.56388 -2.1751786210684396 3.4937233486420762
15518 11080625 -0.49481579377049156 -3.9219208277657756 0.56388 -2.1751786210684396 3.4937233486420762
15519 11080625 -0.46298610488995956 -3.84680394160426 0.5588000000000001 -2.1751786210684396 3.4937233486420762
15520 11080625 -0.4311564160094276 -3.7716870554427437 0.55372 -2.1751786210684396 3.4937233486420762
15521 11080625 -0.3993267271288956 -3.696570169281228 0.54864 -2.1751786210684396 3.4937233486420762
15522 11080625 -0.3902215982718604 -3.66870301711564 0.54864 -2.1751786210684396 3.4937233486420762
15523 11080625 -0.3526184708088915 -3.5886965444086583 0.54864 -2.1751786210684396 3.4937233486420762
15524 11080625 -0.3217747164126439 -3.5119723743230584 0.54102 -2.1751786210684396 3.4937233486420762
15525 11080625 -0.2991959419523169 -3.4591841163890726 0.54864 -2.1751786210684396 3.4937233486420762
15526 11080625 -0.287895064323461 -3.440913149567032 0.54864 -2.1751786210684396 3.4937233486420762
15527 11080625 -0.26789734236805784 -3.3878656997921173 0.5448299999999999 -2.1751786210684396 3.4937233486420762
15528 11080625 -0.24789962041265468 -3.334818250017203 0.54102 -2.1751786210684396 3.4937233486420762
15529 11080625 -0.2245872389480701 -3.282503305024353 0.54102 -2.1751786210684396 3.4937233486420762
15530 11080625 -0.19401321970241148 -3.2134014554646666 0.5448299999999999 -2.1751786210684396 3.4937233486420762
15531 11080625 -0.180616036449797 -3.182730868242136 0.5429249999999999 -2.1751786210684396 3.4937233486420762
15532 11080625 -0.16721885319718255 -3.152060281019605 0.54102 -2.1751786210684396 3.4937233486420762
15533 11080625 -0.1446988271820211 -3.100537852116501 0.54102 -2.1751786210684396 3.4937233486420762
15534 11080625 -0.12249998999244571 -3.0489104737753827 0.54864 -2.1751786210684396 3.4937233486420762
15535 11080625 -0.09085145330576283 -2.968360217784304 0.54102 -2.1751786210684396 3.4937233486420762
15536 11080625 -0.07496410525673058 -2.936049856391756 0.54102 -2.1751786210684396 3.4937233486420762
15537 11080625 -0.05592082812581793 -2.890907253659621 0.54102 -2.1751786210684396 3.4937233486420762
15538 11080625 -0.03687755099490527 -2.845764650927487 0.54102 -2.1751786210684396 3.4937233486420762
15539 11080625 -0.01783427386399261 -2.8006220481953523 0.54102 -2.1751786210684396 3.4937233486420762
15540 11080625 0.0124956378095612 -2.734711453338179 0.5334 -2.1751786210684396 3.4937233486420762
15541 11080625 0.03436578607562413 -2.692789993579427 0.5334 -2.1751786210684396 3.4937233486420762
15542 11080625 0.0740766769217453 -2.613121373795054 0.5334 -2.1751786210684396 3.4937233486420762
15543 11080625 0.114563888341218 -2.5381457343351204 0.52578 -2.1751786210684396 3.4937233486420762
15544 11080625 0.12967647040943897 -2.5136431427523247 0.52578 -2.1751786210684396 3.4937233486420762
15545 11080625 0.14478905247765994 -2.489140551169529 0.52578 -2.1751786210684396 3.4937233486420762
15546 11080625 0.18692511473660822 -2.417273686224719 0.5181600000000001 -2.1751786210684396 3.4937233486420762
15547 11080625 0.21497598458202383 -2.376553636642414 0.5181600000000001 -2.1751786210684396 3.4937233486420762
15548 11080625 0.2525955100933477 -2.3318333294584614 0.52578 -2.1751786210684396 3.4937233486420762
15549 11080625 0.2832402017720086 -2.288339021579946 0.52578 -2.1751786210684396 3.4937233486420762
15550 11080625 0.31516129704631424 -2.2558927724935516 0.52578 -2.1751786210684396 3.4937233486420762
15551 11080625 0.34936777056769996 -2.2191696045788456 0.52578 -2.1751786210684396 3.4937233486420762
15552 11080625 0.40720493596551055 -2.1617778360928916 0.52578 -2.1751786210684396 3.4937233486420762
15553 11080625 0.44657172931701367 -2.1255720431920833 0.52578 -2.1751786210684396 3.4937233486420762
15554 11080625 0.47593200940566127 -2.0999408883523936 0.52959 -2.1751786210684396 3.4937233486420762
15555 11080625 0.5052922894943088 -2.0743097335127034 0.5334 -2.1751786210684396 3.4937233486420762
15556 11080625 0.544106718283258 -2.0435307703444243 0.5334 -2.1751786210684396 3.4937233486420762
15557 11080625 0.5829211470722071 -2.0127518071761457 0.5334 -2.1751786210684396 3.4937233486420762
15558 11080625 0.6266859702717702 -1.983472983157707 0.52578 -2.1751786210684396 3.4937233486420762
15559 11080625 0.6478455834124964 -1.9690062854693726 0.52578 -2.1751786210684396 3.4937233486420762
15560 11080625 0.7205890352949911 -1.9285155080471503 0.52578 -2.1751786210684396 3.4937233486420762
15561 11080625 0.769949480990634 -1.8997789480900684 0.52578 -2.1751786210684396 3.4937233486420762
15562 11080625 0.814920915940597 -1.881758173311826 0.5181600000000001 -2.1751786210684396 3.4937233486420762
15563 11080625 0.8615126866881881 -1.8587757717965259 0.5181600000000001 -2.1751786210684396 3.4937233486420762
15564 11080625 0.9068284183010492 -1.8396988294067307 0.5181600000000001 -2.1751786210684396 3.4937233486420762
15565 11080625 0.952410113128435 -1.81708704966019 0.5181600000000001 -2.1751786210684396 3.4937233486420762
15566 11080625 0.9955683884994616 -1.799174204796212 0.5181600000000001 -2.1751786210684396 3.4937233486420762
15567 11080625 1.0524017093997586 -1.7747463653882627 0.5181600000000001 -2.1751786210684396 3.4937233486420762
15568 11080625 1.1011434505554103 -1.7587735462027683 0.5181600000000001 -2.1751786210684396 3.4937233486420762
15569 11080625 1.1423605898219114 -1.7440812212604504 0.5181600000000001 -2.1751786210684396 3.4937233486420762
15570 11080625 1.2115330346458368 -1.7199441911981197 0.5181600000000001 -2.1751786210684396 3.4937233486420762
15571 11080625 1.2551354863767956 -1.7047453896906595 0.5181600000000001 -2.1751786210684396 3.4937233486420762
15572 11080625 1.3024298297323766 -1.6907521120033646 0.5181600000000001 -2.1751786210684396 3.4937233486420762
15573 11080625 1.3507231785552305 -1.6745147850073896 0.5181600000000001 -2.1751786210684396 3.4937233486420762
15574 11080625 1.3979120545321289 -1.6632902971224877 0.51054 -2.1751786210684396 3.4937233486420762
15575 11080625 1.446755453382292 -1.6469984761650356 0.51054 -2.1751786210684396 3.4937233486420762
15576 11080625 1.4813650930908375 -1.63689325386868 0.50673 -2.1751786210684396 3.4937233486420762
15577 11080625 1.5159747327993829 -1.6267880315723242 0.50292 -2.1751786210684396 3.4937233486420762
15578 11080625 1.5546736774406906 -1.615039033454698 0.50292 -2.1751786210684396 3.4937233486420762
15579 11080625 1.5933726220819984 -1.603290035337072 0.50292 -2.1751786210684396 3.4937233486420762
15580 11080625 1.6463340890253475 -1.58390278485121 0.51054 -2.1751786210684396 3.4937233486420762
15581 11080625 1.6915103786201042 -1.561155382607646 0.50292 -2.1751786210684396 3.4937233486420762
15582 11080625 1.7419280411690194 -1.5373155891344374 0.50292 -2.1751786210684396 3.4937233486420762
15583 11080625 1.790582645541928 -1.5079934642746677 0.50292 -2.1751786210684396 3.4937233486420762
15584 11080625 1.8584995813410172 -1.4659190944781584 0.51054 -2.1751786210684396 3.4937233486420762
15585 11080625 1.887464350697123 -1.4433096384477573 0.50673 -2.1751786210684396 3.4937233486420762
15586 11080625 1.9164291200532289 -1.4207001824173562 0.50292 -2.1751786210684396 3.4937233486420762
15587 11080625 1.9586528071622147 -1.3849553379398802 0.50292 -2.1751786210684396 3.4937233486420762
15588 11080625 1.9980095007852248 -1.3487415666783267 0.50292 -2.1751786210684396 3.4937233486420762
15589 11080625 2.030827043777032 -1.3162336022556298 0.51054 -2.1751786210684396 3.4937233486420762
15590 11080625 2.0668842444678663 -1.2738023664259746 0.51054 -2.1751786210684396 3.4937233486420762
15591 11080625 2.1032513826738395 -1.2304208895327309 0.51054 -2.1751786210684396 3.4937233486420762
15592 11080625 2.1319322820668463 -1.191538966272564 0.51054 -2.1751786210684396 3.4937233486420762
15593 11080625 2.1626110528661147 -1.1481692838308042 0.51054 -2.1751786210684396 3.4937233486420762
15594 11080625 2.193163583607009 -1.1046415283692617 0.51054 -2.1751786210684396 3.4937233486420762
15595 11080625 2.217216868065434 -1.0608901233025767 0.50673 -2.1751786210684396 3.4937233486420762
15596 11080625 2.2412701525238585 -1.0171387182358915 0.50292 -2.1751786210684396 3.4937233486420762
15597 11080625 2.264315728116191 -0.9706927184189094 0.50292 -2.1751786210684396 3.4937233486420762
15598 11080625 2.287361303708524 -0.9242467186019272 0.50292 -2.1751786210684396 3.4937233486420762
15599 11080625 2.3027629050035077 -0.8842124722232358 0.50292 -2.1751786210684396 3.4937233486420762
15600 11080625 2.3181645062984915 -0.8441782258445446 0.50292 -2.1751786210684396 3.4937233486420762
15601 11080625 2.34215223523482 -0.7707043678663427 0.51054 -2.1751786210684396 3.4937233486420762
15602 11080625 2.358606926051678 -0.7148638240793828 0.51054 -2.1751786210684396 3.4937233486420762
15603 11080625 2.3711129845365617 -0.6656777543371902 0.50292 -2.1751786210684396 3.4937233486420762
15604 11080625 2.3822897954260935 -0.6151231593545929 0.51054 -2.1751786210684396 3.4937233486420762
15605 11080625 2.390714516366775 -0.5648382297523845 0.51054 -2.1751786210684396 3.4937233486420762
15606 11080625 2.4032113726759694 -0.4939209430541035 0.51054 -2.1751786210684396 3.4937233486420762
15607 11080625 2.4092978029202436 -0.4426389301848792 0.51054 -2.1751786210684396 3.4937233486420762
15608 11080625 2.415578816403739 -0.3921213376830279 0.51054 -2.1751786210684396 3.4937233486420762
15609 11080625 2.4215400068964668 -0.33986385105436523 0.5181600000000001 -2.1751786210684396 3.4937233486420762
15610 11080625 2.4236984016627185 -0.28157520844540107 0.5181600000000001 -2.1751786210684396 3.4937233486420762
15611 11080625 2.422254565946494 -0.2533593917499794 0.5181600000000001 -2.1751786210684396 3.4937233486420762
15612 11080625 2.4208107302302695 -0.2251435750545577 0.5181600000000001 -2.1751786210684396 3.4937233486420762
15613 11080625 2.421556501380653 -0.17118319172506727 0.51054 -2.1751786210684396 3.4937233486420762
15614 11080625 2.4223714306509905 -0.11701170987513418 0.51054 -2.1751786210684396 3.4937233486420762
15615 11080625 2.4216010938786527 -0.06769626649449786 0.51054 -2.1751786210684396 3.4937233486420762
15616 11080625 2.4191292306753835 0.009043152344165223 0.5181600000000001 -2.1751786210684396 3.4937233486420762
15617 11080625 2.4135448378866213 0.05993052763574222 0.51054 -2.1751786210684396 3.4937233486420762
15618 11080625 2.4083905926248503 0.11920533140479209 0.51054 -2.1751786210684396 3.4937233486420762
15619 11080625 2.4038245458600533 0.16613894038221774 0.51054 -2.1751786210684396 3.4937233486420762
15620 11080625 2.3950921920314325 0.24001646244978406 0.51054 -2.1751786210684396 3.4937233486420762
15621 11080625 2.382375548651554 0.288092911113246 0.51054 -2.1751786210684396 3.4937233486420762
15622 11080625 2.3686116310924232 0.34655794163839637 0.51054 -2.1751786210684396 3.4937233486420762
15623 11080625 2.3651529724769054 0.36859806200030265 0.51054 -2.1751786210684396 3.4937233486420762
15624 11080625 2.3383025933279993 0.45224729108192574 0.51054 -2.1751786210684396 3.4937233486420762
15625 11080625 2.3236129740938907 0.49699657656194607 0.50292 -2.1751786210684396 3.4937233486420762
15626 11080625 2.306679359106875 0.5457497171825155 0.51054 -2.1751786210684396 3.4937233486420762
15627 11080625 2.283900703666819 0.5969958066746824 0.51054 -2.1751786210684396 3.4937233486420762
15628 11080625 2.2676603168713223 0.6519480317587301 0.5181600000000001 -2.1751786210684396 3.4937233486420762
15629 11080625 2.2465437397222576 0.701483518517889 0.51054 -2.1751786210684396 3.4937233486420762
15630 11080625 2.2294393446114986 0.7497089418336478 0.51054 -2.1751786210684396 3.4937233486420762
15631 11080625 2.2121190263316306 0.799990985683897 0.51054 -2.1751786210684396 3.4937233486420762
15632 11080625 2.1972533944506374 0.8360370974521292 0.51054 -2.1751786210684396 3.4937233486420762
15633 11080625 2.182387762569644 0.8720832092203613 0.51054 -2.1751786210684396 3.4937233486420762
15634 11080625 2.1613419707442025 0.921829987099832 0.51054 -2.1751786210684396 3.4937233486420762
15635 11080625 2.1394942767167686 0.9718388389375929 0.51054 -2.1751786210684396 3.4937233486420762
15636 11080625 2.1061702168732443 1.0356427385117253 0.51054 -2.1751786210684396 3.4937233486420762
15637 11080625 2.0812206185748936 1.0761511048816106 0.51054 -2.1751786210684396 3.4937233486420762
15638 11080625 2.053322121125164 1.11306670516972 0.51054 -2.1751786210684396 3.4937233486420762
15639 11080625 2.018378852659313 1.1569563569174868 0.51054 -2.1751786210684396 3.4937233486420762
15640 11080625 1.974021946088042 1.2127996066665705 0.51054 -2.1751786210684396 3.4937233486420762
15641 11080625 1.932081134339957 1.2502138159910339 0.51054 -2.1751786210684396 3.4937233486420762
15642 11080625 1.8855683523095685 1.2899395578146355 0.51054 -2.1751786210684396 3.4937233486420762
15643 11080625 1.8413526266489284 1.3203872583088576 0.51054 -2.1751786210684396 3.4937233486420762
15644 11080625 1.8032902032555502 1.346839312853429 0.51054 -2.1751786210684396 3.4937233486420762
15645 11080625 1.731139575847742 1.3809222872559395 0.50292 -2.1751786210684396 3.4937233486420762
15646 11080625 1.6826410935387779 1.4026065512724306 0.50292 -2.1751786210684396 3.4937233486420762
15647 11080625 1.6583630932870763 1.4132246259628527 0.50292 -2.1751786210684396 3.4937233486420762
15648 11080625 1.6340850930353747 1.4238427006532748 0.50292 -2.1751786210684396 3.4937233486420762
15649 11080625 1.5839429552086834 1.4402234407709942 0.50292 -2.1751786210684396 3.4937233486420762
15650 11080625 1.5275171009405724 1.4550358520368318 0.50292 -2.1751786210684396 3.4937233486420762
15651 11080625 1.45066430253418 1.4725503170732217 0.50292 -2.1751786210684396 3.4937233486420762
15652 11080625 1.3990162910863573 1.4840504492786022 0.50292 -2.1751786210684396 3.4937233486420762
15653 11080625 1.3688510250603736 1.4939060673428086 0.4953 -2.1751786210684396 3.4937233486420762
15654 11080625 1.290954795688469 1.5109454843577885 0.50292 -2.1751786210684396 3.4937233486420762
15655 11080625 1.2341589552490668 1.521909138068851 0.4953 -2.1751786210684396 3.4937233486420762
15656 11080625 1.1835398114865692 1.5300372198560719 0.4953 -2.1751786210684396 3.4937233486420762
15657 11080625 1.158696548400584 1.5300937089137032 0.4953 -2.1751786210684396 3.4937233486420762
15658 11080625 1.0840963870835976 1.5409180180145032 0.4953 -2.1751786210684396 3.4937233486420762
15659 11080625 1.057281889929228 1.5417358506876742 0.49911000000000005 -2.1751786210684396 3.4937233486420762
15660 11080625 1.0304673927748584 1.542553683360845 0.50292 -2.1751786210684396 3.4937233486420762
15661 11080625 0.9623631151996308 1.5488031631161283 0.50292 -2.1751786210684396 3.4937233486420762
15662 11080625 0.9071126854541789 1.5454785958447208 0.51054 -2.1751786210684396 3.4937233486420762
15663 11080625 0.8646588765505607 1.5446317692134373 0.51054 -2.1751786210684396 3.4937233486420762
15664 11080625 0.7933501232195797 1.5451538746926576 0.51054 -2.1751786210684396 3.4937233486420762
15665 11080625 0.7367707068046341 1.5431994486835003 0.51054 -2.1751786210684396 3.4937233486420762
15666 11080625 0.6850375994550608 1.538142748454969 0.51054 -2.1751786210684396 3.4937233486420762
15667 11080625 0.6396133844283844 1.5366323010913605 0.51054 -2.1751786210684396 3.4937233486420762
15668 11080625 0.58871675516928 1.531419652657449 0.5181600000000001 -2.1751786210684396 3.4937233486420762
15669 11080625 0.5433613225864684 1.5301209298606937 0.5181600000000001 -2.1751786210684396 3.4937233486420762
15670 11080625 0.4991859186059846 1.5280862829878337 0.5181600000000001 -2.1751786210684396 3.4937233486420762
15671 11080625 0.445046987788703 1.5254530768672336 0.5181600000000001 -2.1751786210684396 3.4937233486420762
15672 11080625 0.4109341742683229 1.5202467322170838 0.52578 -2.1751786210684396 3.4937233486420762
15673 11080625 0.36041389287887404 1.5137441641463982 0.5181600000000001 -2.1751786210684396 3.4937233486420762
15674 11080625 0.3178813844974256 1.509946882749737 0.520065 -2.1751786210684396 3.4937233486420762
15675 11080625 0.27534887611597714 1.5061496013530757 0.52197 -2.1751786210684396 3.4937233486420762
15676 11080625 0.2416885268542841 1.5009713335231987 0.520065 -2.1751786210684396 3.4937233486420762
15677 11080625 0.20802817759259107 1.4957930656933216 0.5181600000000001 -1.3594866381677748 2.1835770929012974
15678 11080625 0.1693729808440264 1.4889180632202386 0.5181600000000001 -1.3594866381677748 2.1835770929012974
15679 11080625 0.12371293349942292 1.4823469528075235 0.51054 -1.3594866381677748 2.1835770929012974
15680 11080625 0.06516468698570432 1.4743813371585335 0.51054 -1.3594866381677748 2.1835770929012974
15681 11080625 0.0242144126717998 1.4659205967626012 0.50292 -1.3594866381677748 2.1835770929012974
15682 11080625 -0.014484433501404936 1.4616310156356886 0.50292 -1.3594866381677748 2.1835770929012974
15683 11080625 -0.07129066665425332 1.4535641717961314 0.4953 -1.3594866381677748 2.1835770929012974
15684 11080625 -0.11053330069852674 1.444896289790585 0.4953 -1.3594866381677748 2.1835770929012974
15685 11080625 -0.14026945648406808 1.4381444355508857 0.48768 -1.3594866381677748 2.1835770929012974
15686 11080625 -0.18043525176373887 1.434802542141867 0.48768 -1.3594866381677748 2.1835770929012974
15687 11080625 -0.22223206615573932 1.4314976760339144 0.48387 -1.3594866381677748 2.1835770929012974
15688 11080625 -0.26402888054773976 1.428192809925962 0.48006 -1.3594866381677748 2.1835770929012974
15689 11080625 -0.3267704383347807 1.419088925745428 0.48006 -1.3594866381677748 2.1835770929012974
15690 11080625 -0.3533127758197544 1.418712610789292 0.48006 -1.3594866381677748 2.1835770929012974
15691 11080625 -0.3798551133047281 1.418336295833156 0.48006 -1.3594866381677748 2.1835770929012974
15692 11080625 -0.4196288076752379 1.4175545796610827 0.48006 -1.3594866381677748 2.1835770929012974
15693 11080625 -0.4644623521570015 1.4135204400974573 0.47243999999999997 -1.3594866381677748 2.1835770929012974
15694 11080625 -0.5084937365649547 1.4092242489828621 0.46482000000000007 -1.3594866381677748 2.1835770929012974
15695 11080625 -0.552533690660864 1.4076183205667936 0.46482000000000007 -1.3594866381677748 2.1835770929012974
15696 11080625 -0.5992996371140775 1.4085397374850288 0.45720000000000005 -1.3594866381677748 2.1835770929012974
15697 11080625 -0.6607099362076221 1.4067727052384682 0.44958000000000004 -1.3594866381677748 2.1835770929012974
15698 11080625 -0.7003376592466044 1.4037247655912701 0.44196 -1.3594866381677748 2.1835770929012974
15699 11080625 -0.7453183405540611 1.401960188654347 0.44196 -1.3594866381677748 2.1835770929012974
15700 11080625 -0.7904549390910001 1.3942881629083717 0.43434000000000006 -1.3594866381677748 2.1835770929012974
15701 11080625 -0.8279569623093359 1.3855216770347194 0.44196 -1.3594866381677748 2.1835770929012974
15702 11080625 -0.8728009836332622 1.3733145692553477 0.43434000000000006 -1.3594866381677748 2.1835770929012974
15703 11080625 -0.8916128188448655 1.3660304466325064 0.43434000000000006 -1.3594866381677748 2.1835770929012974
15704 11080625 -0.9104246540564689 1.358746324009665 0.43434000000000006 -1.3594866381677748 2.1835770929012974
15705 11080625 -0.9539798953023801 1.3409772516314042 0.43434000000000006 -1.3594866381677748 2.1835770929012974
15706 11080625 -0.9879769598249841 1.3198486796443023 0.43434000000000006 -1.3594866381677748 2.1835770929012974
15707 11080625 -1.0197708772688079 1.2905220234729222 0.43434000000000006 -1.3594866381677748 2.1835770929012974
15708 11080625 -1.0511162178122404 1.2625676184175996 0.42672000000000004 -1.3594866381677748 2.1835770929012974
15709 11080625 -1.074869668819599 1.2361027824978674 0.42672000000000004 -1.3594866381677748 2.1835770929012974
15710 11080625 -1.0923905309007316 1.2056132973753457 0.42672000000000004 -1.3594866381677748 2.1835770929012974
15711 11080625 -1.1169179341205056 1.1645631793444313 0.41910000000000003 -1.3594866381677748 2.1835770929012974
15712 11080625 -1.1212527686368399 1.144249020597914 0.41910000000000003 -1.3594866381677748 2.1835770929012974
15713 11080625 -1.1371934477097023 1.112074357242427 0.41148 -1.3594866381677748 2.1835770929012974
15714 11080625 -1.1496977193274682 1.0572775456400552 0.40386 -1.3594866381677748 2.1835770929012974
15715 11080625 -1.1536220602386742 1.0349597240163764 0.40386 -1.3594866381677748 2.1835770929012974
15716 11080625 -1.1543496876667343 0.9808679601003071 0.39624000000000004 -1.3594866381677748 2.1835770929012974
15717 11080625 -1.1536201674219688 0.9491532222298719 0.394716 -1.3594866381677748 2.1835770929012974
15718 11080625 -1.1528906471772034 0.9174384843594366 0.39319200000000004 -1.3594866381677748 2.1835770929012974
15719 11080625 -1.152161126932438 0.8857237464890014 0.391668 -1.3594866381677748 2.1835770929012974
15720 11080625 -1.1514316066876726 0.8540090086185662 0.39014400000000005 -1.3594866381677748 2.1835770929012974
15721 11080625 -1.1507020864429072 0.822294270748131 0.38862 -1.3594866381677748 2.1835770929012974
15722 11080625 -1.1491701166141672 0.7780959183526731 0.381 -1.3594866381677748 2.1835770929012974
15723 11080625 -1.1483573698868226 0.7466344487314697 0.37338 -1.3594866381677748 2.1835770929012974
15724 11080625 -1.1493235175871346 0.6934387944539276 0.37338 -1.3594866381677748 2.1835770929012974
15725 11080625 -1.1523636088986364 0.6515536574657004 0.36576 -1.3594866381677748 2.1835770929012974
15726 11080625 -1.1489670081471075 0.6130548396561465 0.36576 -1.3594866381677748 2.1835770929012974
15727 11080625 -1.1499030666175079 0.5759730009516421 0.35814000000000007 -1.3594866381677748 2.1835770929012974
15728 11080625 -1.1445974044735998 0.5422244260588268 0.35052000000000005 -1.3594866381677748 2.1835770929012974
15729 11080625 -1.1409203356880526 0.49779212168370934 0.35052000000000005 -1.3594866381677748 2.1835770929012974
15730 11080625 -1.1336374849261166 0.46818734167492815 0.34290000000000004 -1.3594866381677748 2.1835770929012974
15731 11080625 -1.11922955245991 0.42153104193520385 0.33528 -1.3594866381677748 2.1835770929012974
15732 11080625 -1.1108167255162922 0.397281842364404 0.33528 -1.3594866381677748 2.1835770929012974
15733 11080625 -1.091178356622429 0.36200097424239985 0.32766 -1.3594866381677748 2.1835770929012974
15734 11080625 -1.0742230725468536 0.3266629509040354 0.32766 -1.3594866381677748 2.1835770929012974
15735 11080625 -1.0522640093094728 0.2949463770125528 0.32766 -1.3594866381677748 2.1835770929012974
15736 11080625 -1.0334771784635617 0.2668376780456114 0.32004000000000005 -1.3594866381677748 2.1835770929012974
15737 11080625 -1.0008939984932028 0.22931052810595234 0.31242000000000003 -1.3594866381677748 2.1835770929012974
15738 11080625 -0.9832130732729714 0.21207898626922939 0.30861000000000005 -1.3594866381677748 2.1835770929012974
15739 11080625 -0.9655321480527399 0.19484744443250643 0.3048 -1.3594866381677748 2.1835770929012974
15740 11080625 -0.9377799932412607 0.16427495013535784 0.3048 -1.3594866381677748 2.1835770929012974
15741 11080625 -0.9271415442286484 0.1506316107204874 0.29718 -1.3594866381677748 2.1835770929012974
15742 11080625 -0.8868203245407011 0.12073977968427249 0.29718 -1.3594866381677748 2.1835770929012974
15743 11080625 -0.8685992432586853 0.10964113231593794 0.28956 -1.3594866381677748 2.1835770929012974
15744 11080625 -0.8291594372295878 0.08085580440664766 0.28194 -1.3594866381677748 2.1835770929012974
15745 11080625 -0.7995902822081844 0.06534591522294972 0.28194 -1.3594866381677748 2.1835770929012974
15746 11080625 -0.7667077748084534 0.04910335121462325 0.27432 -1.3594866381677748 2.1835770929012974
15747 11080625 -0.7344724348587957 0.03903112238916076 0.2667 -1.3594866381677748 2.1835770929012974
15748 11080625 -0.7065253010360768 0.029426409160823036 0.2667 -1.3594866381677748 2.1835770929012974
15749 11080625 -0.6546476504699321 0.018306923391986057 0.25908000000000003 -1.3594866381677748 2.1835770929012974
15750 11080625 -0.6237368271211583 0.01369213888746798 0.25146 -1.3594866381677748 2.1835770929012974
15751 11080625 -0.5917258754779016 0.008367320361352765 0.25146 -1.3594866381677748 2.1835770929012974
15752 11080625 -0.5734879455228227 0.007779136678960352 0.25146 -1.3594866381677748 2.1835770929012974
15753 11080625 -0.5552500155677438 0.00719095299656794 0.25146 -1.3594866381677748 2.1835770929012974
15754 11080625 -0.5082565375186061 0.008301154738312805 0.24384 -1.3594866381677748 2.1835770929012974
15755 11080625 -0.4691102793467692 0.005784856314683923 0.24384 -1.3594866381677748 2.1835770929012974
15756 11080625 -0.4362800329998098 0.005684028871308672 0.23621999999999999 -1.3594866381677748 2.1835770929012974
15757 11080625 -0.39680640393008204 0.009603716508352761 0.23621999999999999 -1.3594866381677748 2.1835770929012974
15758 11080625 -0.35815217484483886 0.008300324802086229 0.23621999999999999 -1.3594866381677748 2.1835770929012974
15759 11080625 -0.32249187964093684 0.005989679011716792 0.22860000000000003 -1.3594866381677748 2.1835770929012974
15760 11080625 -0.2899137808477088 0.006205559195046867 0.22860000000000003 -1.3594866381677748 2.1835770929012974
15761 11080625 -0.25278510147481237 0.004583563887078618 0.22860000000000003 -1.3594866381677748 2.1835770929012974
15762 11080625 -0.22744421583041885 0.0033099875641777465 0.22098 -1.3594866381677748 2.1835770929012974
15763 11080625 -0.19374281465571186 0.0031590878108827825 0.21336000000000002 -1.3594866381677748 2.1835770929012974
15764 11080625 -0.13912685204968955 0.0017799121462867273 0.21336000000000002 -1.3594866381677748 2.1835770929012974
15765 11080625 -0.1224711931952302 0.0016515755490904283 0.21336000000000002 -1.3594866381677748 2.1835770929012974
15766 11080625 -0.10581553434077084 0.0015232389518941292 0.21336000000000002 -1.3594866381677748 2.1835770929012974
15767 11080625 -0.07252673906137341 0.0017413951883289702 0.20574 -1.3594866381677748 2.1835770929012974
15768 11080625 -0.044477087776021995 0.003321637022019347 0.20574 -1.3594866381677748 2.1835770929012974
15769 11080625 0.0013117812213545577 0.004828631186598292 0.20574 -1.3594866381677748 2.1835770929012974
15770 11080625 0.034175951871148746 0.004835534145033793 0.19812000000000002 -1.3594866381677748 2.1835770929012974
15771 11080625 0.06232895906048119 0.006732860675529528 0.19812000000000002 -1.3594866381677748 2.1835770929012974
15772 11080625 0.0778062744828758 0.0035435648859707958 0.19812000000000002 -1.3594866381677748 2.1835770929012974
15773 11080625 0.1240104113211824 0.007953132762876097 0.19812000000000002 -1.3594866381677748 2.1835770929012974
15774 11080625 0.14579625099575189 0.006674386074072947 0.19812000000000002 -1.3594866381677748 2.1835770929012974
15775 11080625 0.1722932070234614 0.003505505571986367 0.19812000000000002 -1.3594866381677748 2.1835770929012974
15776 11080625 0.18909191437081507 0.003272651775728802 0.19812000000000002 -1.3594866381677748 2.1835770929012974
15777 11080625 0.2143109592909781 0.007064037469361795 0.19812000000000002 -1.3594866381677748 2.1835770929012974
15778 11080625 0.23473332299940602 0.00704904160137465 0.19812000000000002 -1.3594866381677748 2.1835770929012974
15779 11080625 0.25515568670783395 0.007034045733387506 0.19812000000000002 -1.3594866381677748 2.1835770929012974
15780 11080625 0.2755780504162619 0.007019049865400362 0.19812000000000002 -1.3594866381677748 2.1835770929012974
15781 11080625 0.2960004141246898 0.007004053997413218 0.19812000000000002 -1.3594866381677748 2.1835770929012974
15782 11080625 0.2950848162298189 0.00705845866680332 0.19750851851851853 -1.3594866381677748 2.1835770929012974
15783 11080625 0.294169218334948 0.007112863336193423 0.19689703703703706 -1.3594866381677748 2.1835770929012974
15784 11080625 0.2932536204400771 0.007167268005583526 0.19628555555555557 -1.3594866381677748 2.1835770929012974
15785 11080625 0.2923380225452062 0.007221672674973628 0.19567407407407408 -1.3594866381677748 2.1835770929012974
15786 11080625 0.2914224246503353 0.007276077344363731 0.19506259259259262 -1.3594866381677748 2.1835770929012974
15787 11080625 0.2905068267554644 0.007330482013753833 0.19445111111111113 -1.3594866381677748 2.1835770929012974
15788 11080625 0.2895912288605935 0.007384886683143936 0.19383962962962964 -1.3594866381677748 2.1835770929012974
15789 11080625 0.2886756309657226 0.007439291352534038 0.19322814814814818 -1.3594866381677748 2.1835770929012974
15790 11080625 0.2877600330708517 0.007493696021924141 0.19261666666666669 -1.3594866381677748 2.1835770929012974
15791 11080625 0.2868444351759808 0.007548100691314244 0.1920051851851852 -1.3594866381677748 2.1835770929012974
15792 11080625 0.2859288372811099 0.0076025053607043465 0.19139370370370373 -1.3594866381677748 2.1835770929012974
15793 11080625 0.285013239386239 0.007656910030094449 0.19078222222222224 -1.3594866381677748 2.1835770929012974
15794 11080625 0.28409764149136807 0.007711314699484551 0.19017074074074075 -1.3594866381677748 2.1835770929012974
15795 11080625 0.2831820435964972 0.007765719368874654 0.1895592592592593 -1.3594866381677748 2.1835770929012974
15796 11080625 0.2822664457016263 0.007820124038264757 0.1889477777777778 -1.3594866381677748 2.1835770929012974
15797 11080625 0.2813508478067554 0.007874528707654859 0.1883362962962963 -1.3594866381677748 2.1835770929012974
15798 11080625 0.2804352499118845 0.007928933377044962 0.18772481481481484 -1.3594866381677748 2.1835770929012974
15799 11080625 0.27951965201701356 0.007983338046435064 0.18711333333333335 -1.3594866381677748 2.1835770929012974
15800 11080625 0.2786040541221427 0.008037742715825167 0.18650185185185186 -1.3594866381677748 2.1835770929012974
15801 11080625 0.2776884562272718 0.00809214738521527 0.1858903703703704 -1.3594866381677748 2.1835770929012974
15802 11080625 0.2767728583324009 0.008146552054605372 0.1852788888888889 -1.3594866381677748 2.1835770929012974
15803 11080625 0.27585726043753 0.008200956723995475 0.18466740740740742 -1.3594866381677748 2.1835770929012974
15804 11080625 0.27494166254265906 0.008255361393385577 0.18405592592592596 -1.3594866381677748 2.1835770929012974
15805 11080625 0.27402606464778817 0.00830976606277568 0.18344444444444447 -1.3594866381677748 2.1835770929012974
15806 11080625 0.2731104667529173 0.008364170732165783 0.18283296296296297 -1.3594866381677748 2.1835770929012974
15807 11080625 0.2721948688580464 0.008418575401555885 0.18222148148148148 -1.3594866381677748 2.1835770929012974
15808 11080625 0.2712792709631755 0.008472980070945988 0.18161000000000002 -1.3594866381677748 2.1835770929012974
15809 11080625 0.27036367306830456 0.00852738474033609 0.18099851851851853 -1.3594866381677748 2.1835770929012974
15810 11080625 0.26944807517343367 0.008581789409726193 0.18038703703703707 -1.3594866381677748 2.1835770929012974
15811 11080625 0.2685324772785628 0.008636194079116297 0.17977555555555558 -1.3594866381677748 2.1835770929012974
15812 11080625 0.2676168793836919 0.008690598748506398 0.1791640740740741 -1.3594866381677748 2.1835770929012974
15813 11080625 0.266701281488821 0.008745003417896502 0.1785525925925926 -1.3594866381677748 2.1835770929012974
15814 11080625 0.26578568359395005 0.008799408087286603 0.17794111111111113 -1.3594866381677748 2.1835770929012974
15815 11080625 0.26487008569907916 0.008853812756676707 0.17732962962962964 -1.3594866381677748 2.1835770929012974
15816 11080625 0.26395448780420827 0.008908217426066808 0.17671814814814818 -1.3594866381677748 2.1835770929012974
15817 11080625 0.2630388899093374 0.008962622095456911 0.1761066666666667 -1.3594866381677748 2.1835770929012974
15818 11080625 0.2621232920144665 0.009017026764847013 0.1754951851851852 -1.3594866381677748 2.1835770929012974
15819 11080625 0.26120769411959555 0.009071431434237116 0.1748837037037037 -1.3594866381677748 2.1835770929012974
15820 11080625 0.26029209622472466 0.00912583610362722 0.17427222222222225 -1.3594866381677748 2.1835770929012974
15821 11080625 0.25937649832985377 0.009180240773017321 0.17366074074074075 -1.3594866381677748 2.1835770929012974
15822 11080625 0.2584609004349829 0.009234645442407425 0.1730492592592593 -1.3594866381677748 2.1835770929012974
15823 11080625 0.257545302540112 0.009289050111797526 0.1724377777777778 -1.3594866381677748 2.1835770929012974
15824 11080625 0.25662970464524104 0.00934345478118763 0.1718262962962963 -1.3594866381677748 2.1835770929012974
15825 11080625 0.25571410675037015 0.009397859450577733 0.17121481481481482 -1.3594866381677748 2.1835770929012974
15826 11080625 0.25479850885549926 0.009452264119967834 0.17060333333333336 -1.3594866381677748 2.1835770929012974
15827 11080625 0.25388291096062837 0.009506668789357938 0.16999185185185187 -1.3594866381677748 2.1835770929012974
15828 11080625 0.2529673130657575 0.00956107345874804 0.16938037037037038 -1.3594866381677748 2.1835770929012974
15829 11080625 0.25205171517088654 0.009615478128138143 0.1687688888888889 -1.3594866381677748 2.1835770929012974
15830 11080625 0.25113611727601565 0.009669882797528246 0.16815740740740742 -1.3594866381677748 2.1835770929012974
15831 11080625 0.25022051938114476 0.009724287466918348 0.16754592592592593 -1.3594866381677748 2.1835770929012974
15832 11080625 0.24930492148627384 0.009778692136308451 0.16693444444444447 -1.3594866381677748 2.1835770929012974
15833 11080625 0.24838932359140295 0.009833096805698553 0.16632296296296298 -1.3594866381677748 2.1835770929012974
15834 11080625 0.24747372569653203 0.009887501475088656 0.16571148148148152 -1.3594866381677748 2.1835770929012974
15835 11080625 0.24655812780166114 0.00994190614447876 0.16510000000000002 -1.3594866381677748 2.1835770929012974
15836 11080625 0.24564252990679025 0.00999631081386886 0.16448851851851853 -1.3594866381677748 2.1835770929012974
15837 11080625 0.24472693201191933 0.010050715483258962 0.16387703703703704 -1.3594866381677748 2.1835770929012974
15838 11080625 0.24381133411704844 0.010105120152649066 0.16326555555555558 -1.3594866381677748 2.1835770929012974
15839 11080625 0.24289573622217753 0.010159524822039169 0.1626540740740741 -1.3594866381677748 2.1835770929012974
15840 11080625 0.24198013832730664 0.01021392949142927 0.1620425925925926 -1.3594866381677748 2.1835770929012974
15841 11080625 0.24106454043243575 0.010268334160819374 0.16143111111111114 -1.3594866381677748 2.1835770929012974
