17375 10520887 3.016102489619869 2.926203763330608 0.48768 -0.42453776933324094 2.0134904767615756
17376 10520887 3.0045458520768182 2.908482520385345 0.48768 -0.42453776933324094 2.0134904767615756
17377 10520887 2.957523681843953 2.846034919705608 0.48768 -0.42453776933324094 2.0134904767615756
17378 10520887 2.92889523152988 2.8086552694648796 0.48768 -0.42453776933324094 2.0134904767615756
17379 10520887 2.900266781215807 2.7712756192241508 0.48768 -0.42453776933324094 2.0134904767615756
17380 10520887 2.8853440844242852 2.744607006995949 0.48768 -0.42453776933324094 2.0134904767615756
17381 10520887 2.8380012695883297 2.683899872261151 0.48768 -0.42453776933324094 2.0134904767615756
17382 10520887 2.8203432475555905 2.662446976618668 0.48768 -0.42453776933324094 2.0134904767615756
17383 10520887 2.782535635055953 2.6146306397365326 0.48768 -0.42453776933324094 2.0134904767615756
17384 10520887 2.744499033496772 2.567473264320561 0.48768 -0.42453776933324094 2.0134904767615756
17385 10520887 2.715724735395291 2.5214966726716184 0.48768 -0.42453776933324094 2.0134904767615756
17386 10520887 2.6758065491124796 2.4590660892078895 0.48768 -0.42453776933324094 2.0134904767615756
17387 10520887 2.6600809996230597 2.4326597910280485 0.48768 -0.42453776933324094 2.0134904767615756
17388 10520887 2.6309740754857147 2.387025559422961 0.48768 -0.42453776933324094 2.0134904767615756
17389 10520887 2.58614797010891 2.3231605843600387 0.48768 -0.42453776933324094 2.0134904767615756
17390 10520887 2.5632128812936203 2.2839219855028627 0.48768 -0.42453776933324094 2.0134904767615756
17391 10520887 2.5384876467349953 2.2424643107530353 0.48768 -0.42453776933324094 2.0134904767615756
17392 10520887 2.508292768940933 2.198937863210947 0.48768 -0.42453776933324094 2.0134904767615756
17393 10520887 2.474089207501626 2.1458561727300443 0.5181600000000001 -0.42453776933324094 2.0134904767615756
17394 10520887 2.4590386662357995 2.125596365280237 0.50292 -0.42453776933324094 2.0134904767615756
17395 10520887 2.443988124969973 2.10533655783043 0.48768 -0.42453776933324094 2.0134904767615756
17396 10520887 2.416744131215852 2.0545380382152154 0.5181600000000001 -0.42453776933324094 2.0134904767615756
17397 10520887 2.3763568306306597 1.9961162521514553 0.48768 -0.42453776933324094 2.0134904767615756
17398 10520887 2.3494387620458337 1.9517534186336813 0.48768 -0.42453776933324094 2.0134904767615756
17399 10520887 2.3202736553901637 1.907306747026608 0.48768 -0.42453776933324094 2.0134904767615756
17400 10520887 2.2976271207597208 1.8719460885445052 0.48768 -0.42453776933324094 2.0134904767615756
17401 10520887 2.266722714908634 1.831689061350304 0.48768 -0.42453776933324094 2.0134904767615756
17402 10520887 2.235613727075006 1.7799334099495008 0.48768 -0.42453776933324094 2.0134904767615756
17403 10520887 2.1997668181213017 1.738136538875929 0.48768 -0.42453776933324094 2.0134904767615756
17404 10520887 2.166464299968073 1.6959759812653883 0.48768 -0.42453776933324094 2.0134904767615756
17405 10520887 2.138326605757265 1.6614744023009478 0.48768 -0.42453776933324094 2.0134904767615756
17406 10520887 2.1066281792324473 1.6187900085089908 0.48768 -0.42453776933324094 2.0134904767615756
17407 10520887 2.071651557827942 1.5769427588022213 0.48768 -0.42453776933324094 2.0134904767615756
17408 10520887 2.0316105296539426 1.5386189399684493 0.48768 -0.42453776933324094 2.0134904767615756
17409 10520887 1.9815583342208856 1.4832378822989554 0.48768 -0.42453776933324094 2.0134904767615756
17410 10520887 1.934496232329838 1.4397309133449387 0.48768 -0.42453776933324094 2.0134904767615756
17411 10520887 1.8974871259316357 1.4090620572768766 0.48768 -0.42453776933324094 2.0134904767615756
17412 10520887 1.8527519886535482 1.3797487514297668 0.48768 -0.42453776933324094 2.0134904767615756
17413 10520887 1.8167474205002887 1.344546304162246 0.48768 -0.42453776933324094 2.0134904767615756
17414 10520887 1.790068351799328 1.3291953336686033 0.48768 -0.42453776933324094 2.0134904767615756
17415 10520887 1.7633892830983675 1.3138443631749603 0.48768 -0.42453776933324094 2.0134904767615756
17416 10520887 1.6958979227207103 1.2730395814837454 0.48768 -0.42453776933324094 2.0134904767615756
17417 10520887 1.6486855202277102 1.2443026005105058 0.48768 -0.42453776933324094 2.0134904767615756
17418 10520887 1.5999610768539427 1.2174616576381174 0.48768 -0.42453776933324094 2.0134904767615756
17419 10520887 1.5512179882561161 1.1960009806661243 0.45720000000000005 -0.42453776933324094 2.0134904767615756
17420 10520887 1.5027941151971327 1.1728006870876506 0.45720000000000005 -0.42453776933324094 2.0134904767615756
17421 10520887 1.4512895211876016 1.1537613629221901 0.45720000000000005 -0.42453776933324094 2.0134904767615756
17422 10520887 1.394531575453708 1.1322328499261578 0.45720000000000005 -0.42453776933324094 2.0134904767615756
17423 10520887 1.3408608297313611 1.1147195678234096 0.45720000000000005 -0.42453776933324094 2.0134904767615756
17424 10520887 1.2838770690344066 1.0979385200843728 0.45720000000000005 -0.42453776933324094 2.0134904767615756
17425 10520887 1.2209064898171973 1.0791417453157548 0.45720000000000005 -0.42453776933324094 2.0134904767615756
17426 10520887 1.1329529146247097 1.0599798213149727 0.45720000000000005 -0.42453776933324094 2.0134904767615756
17427 10520887 1.106922839721896 1.0550497498321239 0.45720000000000005 -0.42453776933324094 2.0134904767615756
17428 10520887 1.0808927648190825 1.050119678349275 0.45720000000000005 -0.42453776933324094 2.0134904767615756
17429 10520887 1.0214045859165017 1.0419859922129395 0.45720000000000005 -0.42453776933324094 2.0134904767615756
17430 10520887 0.961716727296517 1.0288943676812667 0.45720000000000005 -0.42453776933324094 2.0134904767615756
17431 10520887 0.8991927197008265 1.0239732499476724 0.45720000000000005 -0.42453776933324094 2.0134904767615756
17432 10520887 0.8144358407968726 1.0173220273876105 0.45720000000000005 -0.42453776933324094 2.0134904767615756
17433 10520887 0.7657743614888638 1.014063864706528 0.45720000000000005 -0.42453776933324094 2.0134904767615756
17434 10520887 0.7076453564089367 1.013899924328521 0.45720000000000005 -0.42453776933324094 2.0134904767615756
17435 10520887 0.6580239339011383 1.0142273419816596 0.45720000000000005 -0.42453776933324094 2.0134904767615756
17436 10520887 0.6028295651812642 1.013806116086553 0.45720000000000005 -0.42453776933324094 2.0134904767615756
17437 10520887 0.5395339845023435 1.0184863318939672 0.45720000000000005 -0.42453776933324094 2.0134904767615756
17438 10520887 0.47663552061149744 1.0189482391252644 0.45720000000000005 -0.42453776933324094 2.0134904767615756
17439 10520887 0.42094896499922263 1.019740646717779 0.45720000000000005 -0.42453776933324094 2.0134904767615756
17440 10520887 0.36658212175882177 1.021854579033066 0.45720000000000005 -0.42453776933324094 2.0134904767615756
17441 10520887 0.2800709748992365 1.0288674940025484 0.45720000000000005 -0.42453776933324094 2.0134904767615756
17442 10520887 0.25437133875829493 1.0290310629806418 0.45720000000000005 -0.42453776933324094 2.0134904767615756
17443 10520887 0.22867170261735337 1.0291946319587353 0.45720000000000005 -0.42453776933324094 2.0134904767615756
17444 10520887 0.1756331915590108 1.0299410987114324 0.45720000000000005 -0.42453776933324094 2.0134904767615756
17445 10520887 0.11648655440019873 1.033736037797712 0.45720000000000005 -0.42453776933324094 2.0134904767615756
17446 10520887 0.06575130260553508 1.0333798802401877 0.45720000000000005 -0.42453776933324094 2.0134904767615756
17447 10520887 0.00911496446478699 1.036705573369744 0.45720000000000005 -0.42453776933324094 2.0134904767615756
17448 10520887 -0.06096227999616599 1.0369482788538664 0.45720000000000005 -0.42453776933324094 2.0134904767615756
17449 10520887 -0.11082652908240143 1.0365422073778106 0.45720000000000005 -0.42453776933324094 2.0134904767615756
17450 10520887 -0.17101750421040873 1.0398629673565654 0.45720000000000005 -0.42453776933324094 2.0134904767615756
17451 10520887 -0.225809742325896 1.041769706564808 0.45720000000000005 -0.42453776933324094 2.0134904767615756
17452 10520887 -0.28571447895656266 1.0448809690898606 0.45720000000000005 -0.42453776933324094 2.0134904767615756
17453 10520887 -0.3145203815962738 1.0409796664936357 0.45720000000000005 -0.42453776933324094 2.0134904767615756
17454 10520887 -0.40582975585353154 1.0441948327154835 0.45720000000000005 -0.42453776933324094 2.0134904767615756
17455 10520887 -0.4614229532562033 1.048000825548533 0.45720000000000005 -0.42453776933324094 2.0134904767615756
17456 10520887 -0.5118831604702716 1.0484932072595883 0.45720000000000005 -0.42453776933324094 2.0134904767615756
17457 10520887 -0.5669072496704417 1.048608837564047 0.42672000000000004 -0.42453776933324094 2.0134904767615756
17458 10520887 -0.6032320881175114 1.0475176809796833 0.42672000000000004 -0.42453776933324094 2.0134904767615756
17459 10520887 -0.6395569265645811 1.04642652439532 0.42672000000000004 -0.42453776933324094 2.0134904767615756
17460 10520887 -0.6611679978368197 1.048235502841652 0.42672000000000004 -0.42453776933324094 2.0134904767615756
17461 10520887 -0.7341976247760955 1.0448931061123818 0.42672000000000004 -0.42453776933324094 2.0134904767615756
17462 10520887 -0.786705062319706 1.0402148955632247 0.42672000000000004 -0.42453776933324094 2.0134904767615756
17463 10520887 -0.8361462207411956 1.040025622201336 0.42672000000000004 -0.42453776933324094 2.0134904767615756
17464 10520887 -0.8774783826436348 1.0320440224522582 0.42672000000000004 -0.42453776933324094 2.0134904767615756
17465 10520887 -0.9573695638968056 1.0251056607925715 0.42672000000000004 -0.42453776933324094 2.0134904767615756
17466 10520887 -1.005528349221945 1.0136321706067175 0.42672000000000004 -0.42453776933324094 2.0134904767615756
17467 10520887 -1.0529969593359576 1.0042699697205757 0.39624000000000004 -0.42453776933324094 2.0134904767615756
17468 10520887 -1.0938138954601695 0.9962377261841832 0.39624000000000004 -0.42453776933324094 2.0134904767615756
17469 10520887 -1.137884214961477 0.9809742072927803 0.39624000000000004 -0.42453776933324094 2.0134904767615756
17470 10520887 -1.1897355935980747 0.9598434176358218 0.39624000000000004 -0.42453776933324094 2.0134904767615756
17471 10520887 -1.2341534946048622 0.9418898834106058 0.39624000000000004 -0.42453776933324094 2.0134904767615756
17472 10520887 -1.2659092669042198 0.9221903517514658 0.39624000000000004 -0.42453776933324094 2.0134904767615756
17473 10520887 -1.2976650392035773 0.9024908200923258 0.39624000000000004 -0.42453776933324094 2.0134904767615756
17474 10520887 -1.3325447770148504 0.8786723289758387 0.39624000000000004 -0.42453776933324094 2.0134904767615756
17475 10520887 -1.3674245148261235 0.8548538378593515 0.39624000000000004 -0.42453776933324094 2.0134904767615756
17476 10520887 -1.3966161944146636 0.8171990148738811 0.39624000000000004 -0.42453776933324094 2.0134904767615756
17477 10520887 -1.4288940661399139 0.7880313874316743 0.39624000000000004 -3.238923059552079 2.539071146049634
17478 10520887 -1.450166812325101 0.756666229675093 0.39624000000000004 -3.238923059552079 2.539071146049634
17479 10520887 -1.4734710880761483 0.7139311483927469 0.36576 -3.238923059552079 2.539071146049634
17480 10520887 -1.4918826935095348 0.6780081525540884 0.36576 -3.238923059552079 2.539071146049634
17481 10520887 -1.511964593777294 0.6356211523805148 0.36576 -3.238923059552079 2.539071146049634
17482 10520887 -1.5210019550113951 0.5851816851557935 0.36576 -3.238923059552079 2.539071146049634
17483 10520887 -1.5337596901122106 0.5499798291503876 0.36576 -3.238923059552079 2.539071146049634
17484 10520887 -1.5409273692401284 0.49004904731001464 0.36576 -3.238923059552079 2.539071146049634
17485 10520887 -1.5449677288957988 0.4668343967553227 0.36576 -3.238923059552079 2.539071146049634
17486 10520887 -1.5454045041881124 0.3965233288274965 0.36576 -3.238923059552079 2.539071146049634
17487 10520887 -1.5430938745899636 0.35171928467485025 0.36576 -3.238923059552079 2.539071146049634
17488 10520887 -1.5392967188226863 0.31308887594999124 0.36576 -3.238923059552079 2.539071146049634
17489 10520887 -1.5365760618505386 0.29560790164845346 0.36576 -3.238923059552079 2.539071146049634
17490 10520887 -1.533855404878391 0.2781269273469157 0.36576 -3.238923059552079 2.539071146049634
17491 10520887 -1.510303624441926 0.21597692694037782 0.33528 -3.238923059552079 2.539071146049634
17492 10520887 -1.4911144403345513 0.17932272715453698 0.33528 -3.238923059552079 2.539071146049634
17493 10520887 -1.466435851235812 0.13935437382412671 0.33528 -3.238923059552079 2.539071146049634
17494 10520887 -1.4403845797326704 0.10629804844517074 0.33528 -3.238923059552079 2.539071146049634
17495 10520887 -1.4100962152097634 0.0780485477040431 0.33528 -3.238923059552079 2.539071146049634
17496 10520887 -1.3753206885652511 0.052654727048859956 0.33528 -3.238923059552079 2.539071146049634
17497 10520887 -1.3237023377332628 0.024440147464151546 0.33528 -3.238923059552079 2.539071146049634
17498 10520887 -1.2830991049669602 0.011161501599491669 0.3048 -3.238923059552079 2.539071146049634
17499 10520887 -1.2579025939501076 0.002921511051321185 0.3048 -3.238923059552079 2.539071146049634
17500 10520887 -1.1880382861446652 -0.0034516765030525864 0.3048 -3.238923059552079 2.539071146049634
17501 10520887 -1.1509102290525284 -0.006713506898703897 0.3048 -3.238923059552079 2.539071146049634
17502 10520887 -1.1048879294496003 -0.0034198895317814337 0.3048 -3.238923059552079 2.539071146049634
17503 10520887 -1.0579649872061176 -0.004977120995446033 0.3048 -3.238923059552079 2.539071146049634
17504 10520887 -1.0250779015239315 -0.0008344381714623095 0.28956000000000004 -3.238923059552079 2.539071146049634
17505 10520887 -0.9921908158417452 0.0033082446525214138 0.27432 -3.238923059552079 2.539071146049634
17506 10520887 -0.9506625491621807 0.008072233872673501 0.27432 -3.238923059552079 2.539071146049634
17507 10520887 -0.9007303926999903 0.011373734012726205 0.27432 -3.238923059552079 2.539071146049634
17508 10520887 -0.8513160456660334 0.013092325261495924 0.27432 -3.238923059552079 2.539071146049634
17509 10520887 -0.8024539895176821 0.013122446956424866 0.27432 -3.238923059552079 2.539071146049634
17510 10520887 -0.756240905787225 0.013201131773273672 0.27432 -3.238923059552079 2.539071146049634
17511 10520887 -0.705016613918003 0.013394192722932546 0.27432 -3.238923059552079 2.539071146049634
17512 10520887 -0.6636175275086653 0.015865301083793193 0.27432 -3.238923059552079 2.539071146049634
17513 10520887 -0.6222184410993277 0.01833640944465384 0.27432 -3.238923059552079 2.539071146049634
17514 10520887 -0.5830205697013806 0.021410649250801467 0.27432 -3.238923059552079 2.539071146049634
17515 10520887 -0.5194912013852258 0.022839508444279205 0.24384 -3.238923059552079 2.539071146049634
17516 10520887 -0.496846383799179 0.020109763402843345 0.24384 -3.238923059552079 2.539071146049634
17517 10520887 -0.4267035657353657 0.018676322507075988 0.24384 -3.238923059552079 2.539071146049634
17518 10520887 -0.38864474075951816 0.01826840216882622 0.24384 -3.238923059552079 2.539071146049634
17519 10520887 -0.3454591995628582 0.01887190047836071 0.21336000000000002 -3.238923059552079 2.539071146049634
17520 10520887 -0.3033209035859994 0.015728843114506036 0.21336000000000002 -3.238923059552079 2.539071146049634
17521 10520887 -0.2714851101443496 0.013266706270957024 0.21336000000000002 -3.238923059552079 2.539071146049634
17522 10520887 -0.23964931670269984 0.010804569427408012 0.21336000000000002 -3.238923059552079 2.539071146049634
17523 10520887 -0.21861835036981714 0.011290349519052584 0.21336000000000002 -3.238923059552079 2.539071146049634
17524 10520887 -0.17583979799947036 0.0063030833057409474 0.21336000000000002 -3.238923059552079 2.539071146049634
17525 10520887 -0.12701345743274173 0.006232301515546407 0.21336000000000002 -3.238923059552079 2.539071146049634
17526 10520887 -0.07652170390889224 0.003105771099366328 0.21336000000000002 -3.238923059552079 2.539071146049634
17527 10520887 -0.026029950385042744 -2.0759316813750983e-05 0.21336000000000002 -3.238923059552079 2.539071146049634
17528 10520887 0.010941026282649036 0.0016813364140826625 0.18288 -3.238923059552079 2.539071146049634
17529 10520887 0.0500777509981325 0.0018579327632163023 0.18288 -3.238923059552079 2.539071146049634
17530 10520887 0.11037035146953045 0.0015459287608541594 0.18288 -3.238923059552079 2.539071146049634
17531 10520887 0.15542549353372537 0.0035272889357869652 0.18288 -3.238923059552079 2.539071146049634
17532 10520887 0.183956317629538 0.004951077382885027 0.18288 -3.238923059552079 2.539071146049634
17533 10520887 0.21746970778542185 0.00042387548902694805 0.18288 -3.238923059552079 2.539071146049634
17534 10520887 0.23636259112599883 0.0018433284181154502 0.18288 -3.238923059552079 2.539071146049634
17535 10520887 0.2552554744665758 0.0032627813472039524 0.18288 -3.238923059552079 2.539071146049634
17536 10520887 0.30782994343588194 0.002437301563715258 0.18288 -3.238923059552079 2.539071146049634
17537 10520887 0.36040441240518806 0.0016118217802265633 0.18288 -3.238923059552079 2.539071146049634
17538 10520887 0.3686203489381189 0.0016139537191064701 0.18288 -3.238923059552079 2.539071146049634
17539 10520887 0.37683628547104975 0.001616085657986377 0.18288 -3.238923059552079 2.539071146049634
17540 10520887 0.4406610652495189 0.002605753006364425 0.18288 -3.238923059552079 2.539071146049634
17541 10520887 0.46914935027517346 0.003086685053688654 0.18288 -3.238923059552079 2.539071146049634
17542 10520887 0.497637635300828 0.003567617101012882 0.18288 -3.238923059552079 2.539071146049634
17543 10520887 0.5261259203264825 0.00404854914833711 0.18288 -3.238923059552079 2.539071146049634
17544 10520887 0.554614205352137 0.004529481195661339 0.18288 -3.238923059552079 2.539071146049634
17545 10520887 0.5831024903777916 0.0050104132429855675 0.18288 -3.238923059552079 2.539071146049634
17546 10520887 0.6148875634514901 0.004437757436484474 0.18288 -3.238923059552079 2.539071146049634
17547 10520887 0.649769743812341 0.005189786191418869 0.18288 -3.238923059552079 2.539071146049634
17548 10520887 0.6623835125345576 0.005741284504405968 0.18288 -3.238923059552079 2.539071146049634
17549 10520887 0.6749972812567742 0.006292782817393067 0.18288 -3.238923059552079 2.539071146049634
17550 10520887 0.701023701852733 0.003045866312280099 0.18288 -3.238923059552079 2.539071146049634
17551 10520887 0.7319717196979894 0.002630381304478527 0.18288 -3.238923059552079 2.539071146049634
17552 10520887 0.7538152208589053 0.0022107638914081115 0.18288 -3.238923059552079 2.539071146049634
17553 10520887 0.7756587220198211 0.0017911464783376962 0.18288 -3.238923059552079 2.539071146049634
17554 10520887 0.7925260444595162 0.0017708370697614717 0.18288 -3.238923059552079 2.539071146049634
17555 10520887 0.7990651428131874 0.005475628432864116 0.18288 -3.238923059552079 2.539071146049634
17556 10520887 0.81933186155442 0.004987302457076757 0.18288 -3.238923059552079 2.539071146049634
17557 10520887 0.8395985802956525 0.004498976481289399 0.18288 -3.238923059552079 2.539071146049634
17558 10520887 0.8598652990368849 0.0040106505055020406 0.18288 -3.238923059552079 2.539071146049634
17559 10520887 0.8801320177781174 0.003522324529714682 0.18288 -3.238923059552079 2.539071146049634
17560 10520887 0.8963284613816279 0.0034877946960129233 0.18288 -3.238923059552079 2.539071146049634
17561 10520887 0.9125249049851384 0.0034532648623111645 0.18288 -3.238923059552079 2.539071146049634
17562 10520887 0.9401031310955257 0.004957359991612037 0.18288 -3.238923059552079 2.539071146049634
17563 10520887 0.9561679058752192 0.005199607385100877 0.18288 -3.238923059552079 2.539071146049634
17564 10520887 0.9634541979817921 0.004396243919199926 0.18288 -3.238923059552079 2.539071146049634
17565 10520887 0.970740490088365 0.0035928804532989744 0.18288 -3.238923059552079 2.539071146049634
17566 10520887 0.989065373357514 0.005316489764431581 0.18288 -3.238923059552079 2.539071146049634
17567 10520887 0.9986946177540218 0.0021705461220037914 0.18288 -3.238923059552079 2.539071146049634
17568 10520887 1.0101967393938276 0.00366990351045772 0.18288 -3.238923059552079 2.539071146049634
17569 10520887 1.0251817961681273 0.0016948748060361118 0.18288 -3.238923059552079 2.539071146049634
17570 10520887 1.0314885842565324 0.001970948846770973 0.18288 -3.238923059552079 2.539071146049634
17571 10520887 1.042048960097658 0.00167515834873469 0.18288 -3.238923059552079 2.539071146049634
17572 10520887 1.0539198018257103 0.005390630392337392 0.18288 -3.238923059552079 2.539071146049634
17573 10520887 1.0590195711934833 0.0019721594371635287 0.18288 -3.238923059552079 2.539071146049634
17574 10520887 1.0654377857480377 0.005307738362799561 0.18288 -3.238923059552079 2.539071146049634
17575 10520887 1.071856000302592 0.008643317288435592 0.18288 -3.238923059552079 2.539071146049634
17576 10520887 1.0764779860316762 0.009878737326058366 0.18288 -3.238923059552079 2.539071146049634
17577 10520887 1.0810999717607603 0.01111415736368114 0.18288 -3.238923059552079 2.539071146049634
17578 10520887 1.0857219574898447 0.012349577401303914 0.18288 -3.238923059552079 2.539071146049634
17579 10520887 1.0903439432189288 0.013584997438926688 0.18288 -3.238923059552079 2.539071146049634
17580 10520887 1.0962873122766477 0.018185564490305575 0.18288 -3.238923059552079 2.539071146049634
17581 10520887 1.0986979579739602 0.021486914871359786 0.18288 -3.238923059552079 2.539071146049634
17582 10520887 1.1002498055912908 0.026237083690100402 0.18288 -3.238923059552079 2.539071146049634
17583 10520887 1.099992944242751 0.026231936404567727 0.18288 -3.238923059552079 2.539071146049634
17584 10520887 1.099736082894211 0.026226789119035053 0.18288 -3.238923059552079 2.539071146049634
17585 10520887 1.0994792215456715 0.026221641833502375 0.18288 -3.238923059552079 2.539071146049634
17586 10520887 1.0992223601971316 0.0262164945479697 0.18288 -3.238923059552079 2.539071146049634
17587 10520887 1.0989654988485917 0.026211347262437026 0.18288 -3.238923059552079 2.539071146049634
17588 10520887 1.0987086375000519 0.026206199976904352 0.18288 -3.238923059552079 2.539071146049634
17589 10520887 1.098451776151512 0.026201052691371674 0.18288 -3.238923059552079 2.539071146049634
17590 10520887 1.0981949148029722 0.026195905405839 0.18288 -3.238923059552079 2.539071146049634
17591 10520887 1.0979380534544325 0.026190758120306325 0.18288 -3.238923059552079 2.539071146049634
17592 10520887 1.0976811921058927 0.02618561083477365 0.18288 -3.238923059552079 2.539071146049634
17593 10520887 1.0974243307573528 0.026180463549240973 0.18288 -3.238923059552079 2.539071146049634
17594 10520887 1.097167469408813 0.0261753162637083 0.18288 -3.238923059552079 2.539071146049634
17595 10520887 1.096910608060273 0.026170168978175624 0.18288 -3.238923059552079 2.539071146049634
17596 10520887 1.0966537467117334 0.02616502169264295 0.18288 -3.238923059552079 2.539071146049634
17597 10520887 1.0963968853631936 0.026159874407110272 0.18288 -3.238923059552079 2.539071146049634
17598 10520887 1.0961400240146537 0.026154727121577598 0.18288 -3.238923059552079 2.539071146049634
17599 10520887 1.0958831626661139 0.026149579836044923 0.18288 -3.238923059552079 2.539071146049634
17600 10520887 1.095626301317574 0.02614443255051225 0.18288 -3.238923059552079 2.539071146049634
17601 10520887 1.0953694399690344 0.026139285264979575 0.18288 -3.238923059552079 2.539071146049634
17602 10520887 1.0951125786204945 0.026134137979446897 0.18288 -3.238923059552079 2.539071146049634
17603 10520887 1.0948557172719546 0.026128990693914222 0.18288 -3.238923059552079 2.539071146049634
17604 10520887 1.0945988559234148 0.026123843408381548 0.18288 -3.238923059552079 2.539071146049634
17605 10520887 1.094341994574875 0.026118696122848874 0.18288 -3.238923059552079 2.539071146049634
17606 10520887 1.094085133226335 0.026113548837316196 0.18288 -3.238923059552079 2.539071146049634
17607 10520887 1.0938282718777954 0.02610840155178352 0.18288 -3.238923059552079 2.539071146049634
17608 10520887 1.0935714105292555 0.026103254266250847 0.18288 -3.238923059552079 2.539071146049634
17609 10520887 1.0933145491807157 0.026098106980718173 0.18288 -3.238923059552079 2.539071146049634
17610 10520887 1.0930576878321758 0.026092959695185495 0.18288 -3.238923059552079 2.539071146049634
17611 10520887 1.092800826483636 0.02608781240965282 0.18288 -3.238923059552079 2.539071146049634
17612 10520887 1.0925439651350963 0.026082665124120146 0.18288 -3.238923059552079 2.539071146049634
17613 10520887 1.0922871037865565 0.026077517838587472 0.18288 -3.238923059552079 2.539071146049634
17614 10520887 1.0920302424380166 0.026072370553054794 0.18288 -3.238923059552079 2.539071146049634
17615 10520887 1.0917733810894767 0.02606722326752212 0.18288 -3.238923059552079 2.539071146049634
17616 10520887 1.0915165197409369 0.026062075981989445 0.18288 -3.238923059552079 2.539071146049634
17617 10520887 1.091259658392397 0.02605692869645677 0.18288 -3.238923059552079 2.539071146049634
17618 10520887 1.0910027970438574 0.026051781410924096 0.18288 -3.238923059552079 2.539071146049634
17619 10520887 1.0907459356953175 0.02604663412539142 0.18288 -3.238923059552079 2.539071146049634
17620 10520887 1.0904890743467777 0.026041486839858744 0.18288 -3.238923059552079 2.539071146049634
17621 10520887 1.0902322129982378 0.02603633955432607 0.18288 -3.238923059552079 2.539071146049634
17622 10520887 1.089975351649698 0.026031192268793395 0.18288 -3.238923059552079 2.539071146049634
17623 10520887 1.0897184903011583 0.026026044983260718 0.18288 -3.238923059552079 2.539071146049634
17624 10520887 1.0894616289526184 0.026020897697728043 0.18288 -3.238923059552079 2.539071146049634
17625 10520887 1.0892047676040786 0.02601575041219537 0.18288 -3.238923059552079 2.539071146049634
17626 10520887 1.0889479062555387 0.026010603126662694 0.18288 -3.238923059552079 2.539071146049634
17627 10520887 1.0886910449069989 0.026005455841130017 0.18288 -3.238923059552079 2.539071146049634
17628 10520887 1.088434183558459 0.026000308555597342 0.18288 -3.238923059552079 2.539071146049634
17629 10520887 1.0881773222099194 0.025995161270064668 0.18288 -3.238923059552079 2.539071146049634
17630 10520887 1.0879204608613795 0.025990013984531993 0.18288 -3.238923059552079 2.539071146049634
17631 10520887 1.0876635995128396 0.025984866698999316 0.18288 -3.238923059552079 2.539071146049634
17632 10520887 1.0874067381642998 0.02597971941346664 0.18288 -3.238923059552079 2.539071146049634
17633 10520887 1.08714987681576 0.025974572127933967 0.18288 -3.238923059552079 2.539071146049634
17634 10520887 1.0868930154672203 0.025969424842401292 0.18288 -3.238923059552079 2.539071146049634
17635 10520887 1.0866361541186804 0.025964277556868615 0.18288 -3.238923059552079 2.539071146049634
17636 10520887 1.0863792927701406 0.02595913027133594 0.18288 -3.238923059552079 2.539071146049634
17637 10520887 1.0861224314216007 0.025953982985803266 0.18288 -3.238923059552079 2.539071146049634
17638 10520887 1.0858655700730608 0.02594883570027059 0.18288 -3.238923059552079 2.539071146049634
17639 10520887 1.0856087087245212 0.025943688414737917 0.18288 -3.238923059552079 2.539071146049634
17640 10520887 1.0853518473759813 0.02593854112920524 0.18288 -3.238923059552079 2.539071146049634
17641 10520887 1.0850949860274415 0.025933393843672565 0.18288 -3.238923059552079 2.539071146049634
17642 10520887 1.0848381246789016 0.02592824655813989 0.18288 -3.238923059552079 2.539071146049634
