18405 10926744 -1.3071858328800314 0.06226862002828242 0.36576 -2.7488114629787064 3.0629300369738885
18406 10926744 -1.2705414818512095 0.050284674041463875 0.36576 -2.7488114629787064 3.0629300369738885
18407 10926744 -1.2338971308223876 0.03830072805464532 0.36576 -2.7488114629787064 3.0629300369738885
18408 10926744 -1.1922652646079415 0.03251424344717865 0.36576 -2.7488114629787064 3.0629300369738885
18409 10926744 -1.1739256701071912 0.03019724557541484 0.36576 -2.7488114629787064 3.0629300369738885
18410 10926744 -1.1555860756064409 0.027880247703651023 0.36576 -2.7488114629787064 3.0629300369738885
18411 10926744 -1.0795770679279364 0.020199611914893806 0.33528 -2.7488114629787064 3.0629300369738885
18412 10926744 -1.0430808345252618 0.016093357842191652 0.33528 -2.7488114629787064 3.0629300369738885
18413 10926744 -1.014244872272312 0.014638251051378115 0.33528 -2.7488114629787064 3.0629300369738885
18414 10926744 -0.9854089100193623 0.013183144260564578 0.33528 -2.7488114629787064 3.0629300369738885
18415 10926744 -0.9269173889213427 0.015496584654422912 0.33528 -2.7488114629787064 3.0629300369738885
18416 10926744 -0.9090222496092736 0.015895949341919596 0.33528 -2.7488114629787064 3.0629300369738885
18417 10926744 -0.8911271102972045 0.01629531402941628 0.33528 -2.7488114629787064 3.0629300369738885
18418 10926744 -0.8345772244034093 0.015388982703500836 0.32004 -2.7488114629787064 3.0629300369738885
18419 10926744 -0.7780273385096141 0.014482651377585393 0.3048 -2.7488114629787064 3.0629300369738885
18420 10926744 -0.739467638430743 0.01560344281739684 0.3048 -2.7488114629787064 3.0629300369738885
18421 10926744 -0.7009079383518719 0.016724234257208287 0.3048 -2.7488114629787064 3.0629300369738885
18422 10926744 -0.6634095929230011 0.01731605452150617 0.3048 -2.7488114629787064 3.0629300369738885
18423 10926744 -0.6252814144524712 0.01711796816938202 0.3048 -2.7488114629787064 3.0629300369738885
18424 10926744 -0.5876127331563813 0.01619413405339218 0.3048 -2.7488114629787064 3.0629300369738885
18425 10926744 -0.5499440518602914 0.015270299937402337 0.3048 -2.7488114629787064 3.0629300369738885
18426 10926744 -0.5169628425021067 0.016989097865138386 0.3048 -2.7488114629787064 3.0629300369738885
18427 10926744 -0.4817706232201625 0.01664171173015161 0.28956000000000004 -2.7488114629787064 3.0629300369738885
18428 10926744 -0.44657840393821835 0.016294325595164832 0.27432 -2.7488114629787064 3.0629300369738885
18429 10926744 -0.41188015989508453 0.015115585147837701 0.27432 -2.7488114629787064 3.0629300369738885
18430 10926744 -0.3767462284719456 0.013911408172596756 0.27432 -2.7488114629787064 3.0629300369738885
18431 10926744 -0.3445588796944121 0.013203294223350065 0.27432 -2.7488114629787064 3.0629300369738885
18432 10926744 -0.31294332502739375 0.01414269775238125 0.27432 -2.7488114629787064 3.0629300369738885
18433 10926744 -0.2813277703603754 0.015082101281412436 0.27432 -2.7488114629787064 3.0629300369738885
18434 10926744 -0.25025794692269476 0.015031826868878412 0.25908 -2.7488114629787064 3.0629300369738885
18435 10926744 -0.21918812348501415 0.014981552456344388 0.24384 -2.7488114629787064 3.0629300369738885
18436 10926744 -0.18700095781422976 0.014274153186246391 0.24384 -2.7488114629787064 3.0629300369738885
18437 10926744 -0.15487199887680186 0.012709746885442408 0.24384 -2.7488114629787064 3.0629300369738885
18438 10926744 -0.12274303993937397 0.011145340584638425 0.24384 -2.7488114629787064 3.0629300369738885
18439 10926744 -0.09019815336583614 0.012891709935736045 0.24384 -2.7488114629787064 3.0629300369738885
18440 10926744 -0.06453182036316384 0.012388611388206136 0.24384 -2.7488114629787064 3.0629300369738885
18441 10926744 -0.03886548736049152 0.01188551284067623 0.24384 -2.7488114629787064 3.0629300369738885
18442 10926744 -0.01319915435781921 0.01138241429314632 0.24384 -2.7488114629787064 3.0629300369738885
18443 10926744 0.024737399651101805 0.009585410907557393 0.22860000000000003 -2.7488114629787064 3.0629300369738885
18444 10926744 0.06267395366002282 0.007788407521968466 0.21336000000000002 -2.7488114629787064 3.0629300369738885
18445 10926744 0.09230349879201116 0.006866697145268205 0.21336000000000002 -2.7488114629787064 3.0629300369738885
18446 10926744 0.1219330439239995 0.005944986768567945 0.21336000000000002 -2.7488114629787064 3.0629300369738885
18447 10926744 0.15440708904935763 0.005846240876306752 0.21336000000000002 -2.7488114629787064 3.0629300369738885
18448 10926744 0.18692608760362517 0.004798300027827246 0.21336000000000002 -2.7488114629787064 3.0629300369738885
18449 10926744 0.21596755652585403 0.0066979282308052834 0.21336000000000002 -2.7488114629787064 3.0629300369738885
18450 10926744 0.2450090254480829 0.008597556433783321 0.21336000000000002 -2.7488114629787064 3.0629300369738885
18451 10926744 0.268921605170708 0.007033054798493366 0.21336000000000002 -2.7488114629787064 3.0629300369738885
18452 10926744 0.2928341848933331 0.00546855316320341 0.21336000000000002 -2.7488114629787064 3.0629300369738885
18453 10926744 0.3181565675232797 0.00957697318499881 0.21336000000000002 -2.7488114629787064 3.0629300369738885
18454 10926744 0.3440661388384643 0.010047157503380033 0.21336000000000002 -2.7488114629787064 3.0629300369738885
18455 10926744 0.36997571015364894 0.010517341821761256 0.21336000000000002 -2.7488114629787064 3.0629300369738885
18456 10926744 0.39061943961922296 0.010274613703326088 0.21336000000000002 -2.7488114629787064 3.0629300369738885
18457 10926744 0.41126316908479704 0.010031885584890923 0.21336000000000002 -2.7488114629787064 3.0629300369738885
18458 10926744 0.43190689855037107 0.009789157466455756 0.21336000000000002 -2.7488114629787064 3.0629300369738885
18459 10926744 0.4518371231089533 0.010986930848644536 0.21336000000000002 -2.7488114629787064 3.0629300369738885
18460 10926744 0.4625701673437247 0.01121806751039501 0.21336000000000002 -2.7488114629787064 3.0629300369738885
18461 10926744 0.47330321157849614 0.011449204172145483 0.21336000000000002 -2.7488114629787064 3.0629300369738885
18462 10926744 0.504354918360673 0.011349454764820424 0.21336000000000002 -2.7488114629787064 3.0629300369738885
18463 10926744 0.53540662514285 0.011249705357495365 0.21336000000000002 -2.7488114629787064 3.0629300369738885
18464 10926744 0.5569162356090733 0.009127767772047948 0.21336000000000002 -2.7488114629787064 3.0629300369738885
18465 10926744 0.5828255611068256 0.00959882319968363 0.21336000000000002 -2.7488114629787064 3.0629300369738885
18466 10926744 0.6087348866045779 0.010069878627319312 0.21336000000000002 -2.7488114629787064 3.0629300369738885
18467 10926744 0.6090983902032573 0.010068442589707119 0.2133888363292337 -2.7488114629787064 3.0629300369738885
18468 10926744 0.6094618938019367 0.010067006552094925 0.2134176726584674 -2.7488114629787064 3.0629300369738885
18469 10926744 0.6098253974006161 0.010065570514482734 0.21344650898770107 -2.7488114629787064 3.0629300369738885
18470 10926744 0.6101889009992956 0.01006413447687054 0.21347534531693474 -2.7488114629787064 3.0629300369738885
18471 10926744 0.610552404597975 0.010062698439258347 0.2135041816461684 -2.7488114629787064 3.0629300369738885
18472 10926744 0.6109159081966545 0.010061262401646153 0.2135330179754021 -2.7488114629787064 3.0629300369738885
18473 10926744 0.611279411795334 0.01005982636403396 0.21356185430463578 -2.7488114629787064 3.0629300369738885
18474 10926744 0.6116429153940134 0.010058390326421767 0.21359069063386946 -2.7488114629787064 3.0629300369738885
18475 10926744 0.6120064189926928 0.010056954288809575 0.21361952696310316 -2.7488114629787064 3.0629300369738885
18476 10926744 0.6123699225913722 0.010055518251197382 0.21364836329233683 -2.7488114629787064 3.0629300369738885
18477 10926744 0.6127334261900517 0.010054082213585188 0.2136771996215705 -2.7488114629787064 3.0629300369738885
18478 10926744 0.6130969297887311 0.010052646175972995 0.21370603595080417 -2.7488114629787064 3.0629300369738885
18479 10926744 0.6134604333874105 0.010051210138360802 0.21373487228003787 -2.7488114629787064 3.0629300369738885
18480 10926744 0.61382393698609 0.010049774100748608 0.21376370860927155 -2.7488114629787064 3.0629300369738885
18481 10926744 0.6141874405847694 0.010048338063136417 0.21379254493850522 -2.7488114629787064 3.0629300369738885
18482 10926744 0.6145509441834488 0.010046902025524223 0.21382138126773892 -2.7488114629787064 3.0629300369738885
18483 10926744 0.6149144477821283 0.01004546598791203 0.2138502175969726 -2.7488114629787064 3.0629300369738885
18484 10926744 0.6152779513808078 0.010044029950299837 0.21387905392620626 -2.7488114629787064 3.0629300369738885
18485 10926744 0.6156414549794872 0.010042593912687643 0.21390789025543994 -2.7488114629787064 3.0629300369738885
18486 10926744 0.6160049585781666 0.01004115787507545 0.21393672658467364 -2.7488114629787064 3.0629300369738885
18487 10926744 0.616368462176846 0.010039721837463258 0.2139655629139073 -2.7488114629787064 3.0629300369738885
18488 10926744 0.6167319657755255 0.010038285799851065 0.21399439924314098 -2.7488114629787064 3.0629300369738885
18489 10926744 0.6170954693742049 0.010036849762238871 0.21402323557237465 -2.7488114629787064 3.0629300369738885
18490 10926744 0.6174589729728843 0.010035413724626678 0.21405207190160835 -2.7488114629787064 3.0629300369738885
18491 10926744 0.6178224765715638 0.010033977687014485 0.21408090823084203 -2.7488114629787064 3.0629300369738885
18492 10926744 0.6181859801702432 0.010032541649402291 0.2141097445600757 -2.7488114629787064 3.0629300369738885
18493 10926744 0.6185494837689226 0.0100311056117901 0.2141385808893094 -2.7488114629787064 3.0629300369738885
18494 10926744 0.6189129873676021 0.010029669574177906 0.21416741721854307 -2.7488114629787064 3.0629300369738885
18495 10926744 0.6192764909662816 0.010028233536565713 0.21419625354777674 -2.7488114629787064 3.0629300369738885
18496 10926744 0.619639994564961 0.01002679749895352 0.21422508987701042 -2.7488114629787064 3.0629300369738885
18497 10926744 0.6200034981636404 0.010025361461341326 0.21425392620624412 -2.7488114629787064 3.0629300369738885
18498 10926744 0.6203670017623198 0.010023925423729133 0.2142827625354778 -2.7488114629787064 3.0629300369738885
18499 10926744 0.6207305053609993 0.010022489386116941 0.21431159886471146 -2.7488114629787064 3.0629300369738885
18500 10926744 0.6210940089596787 0.010021053348504748 0.21434043519394516 -2.7488114629787064 3.0629300369738885
18501 10926744 0.6214575125583581 0.010019617310892555 0.21436927152317883 -2.7488114629787064 3.0629300369738885
18502 10926744 0.6218210161570376 0.010018181273280361 0.2143981078524125 -2.7488114629787064 3.0629300369738885
18503 10926744 0.622184519755717 0.010016745235668168 0.21442694418164618 -2.7488114629787064 3.0629300369738885
18504 10926744 0.6225480233543964 0.010015309198055976 0.21445578051087988 -2.7488114629787064 3.0629300369738885
18505 10926744 0.622911526953076 0.010013873160443783 0.21448461684011355 -2.7488114629787064 3.0629300369738885
18506 10926744 0.6232750305517554 0.01001243712283159 0.21451345316934722 -2.7488114629787064 3.0629300369738885
18507 10926744 0.6236385341504348 0.010011001085219396 0.21454228949858092 -2.7488114629787064 3.0629300369738885
18508 10926744 0.6240020377491142 0.010009565047607203 0.2145711258278146 -2.7488114629787064 3.0629300369738885
18509 10926744 0.6243655413477937 0.01000812900999501 0.21459996215704827 -2.7488114629787064 3.0629300369738885
18510 10926744 0.6247290449464731 0.010006692972382818 0.21462879848628194 -2.7488114629787064 3.0629300369738885
18511 10926744 0.6250925485451525 0.010005256934770624 0.21465763481551564 -2.7488114629787064 3.0629300369738885
18512 10926744 0.6254560521438319 0.010003820897158431 0.2146864711447493 -2.7488114629787064 3.0629300369738885
18513 10926744 0.6258195557425114 0.010002384859546238 0.21471530747398299 -2.7488114629787064 3.0629300369738885
18514 10926744 0.6261830593411908 0.010000948821934044 0.21474414380321669 -2.7488114629787064 3.0629300369738885
18515 10926744 0.6265465629398703 0.00999951278432185 0.21477298013245036 -2.7488114629787064 3.0629300369738885
18516 10926744 0.6269100665385497 0.00999807674670966 0.21480181646168403 -2.7488114629787064 3.0629300369738885
18517 10926744 0.6272735701372292 0.009996640709097466 0.2148306527909177 -2.7488114629787064 3.0629300369738885
18518 10926744 0.6276370737359086 0.009995204671485272 0.2148594891201514 -2.7488114629787064 3.0629300369738885
18519 10926744 0.628000577334588 0.009993768633873079 0.21488832544938508 -2.7488114629787064 3.0629300369738885
18520 10926744 0.6283640809332675 0.009992332596260886 0.21491716177861875 -2.7488114629787064 3.0629300369738885
18521 10926744 0.6287275845319469 0.009990896558648692 0.21494599810785242 -2.7488114629787064 3.0629300369738885
18522 10926744 0.6290910881306263 0.0099894605210365 0.21497483443708612 -2.7488114629787064 3.0629300369738885
18523 10926744 0.6294545917293057 0.009988024483424307 0.2150036707663198 -2.7488114629787064 3.0629300369738885
18524 10926744 0.6298180953279852 0.009986588445812114 0.21503250709555347 -2.7488114629787064 3.0629300369738885
18525 10926744 0.6301815989266646 0.00998515240819992 0.21506134342478717 -2.7488114629787064 3.0629300369738885
18526 10926744 0.6305451025253441 0.009983716370587727 0.21509017975402084 -2.7488114629787064 3.0629300369738885
