20084 10561439 0.030860522732470475 0.08232643736646014 0.21336000000000002 -1.3594866381677748 2.1835770929012974
20085 10561439 0.029926488194335743 0.0828653860639602 0.21336000000000002 -1.3594866381677748 2.1835770929012974
20086 10561439 0.02899245365620101 0.08340433476146025 0.21336000000000002 -1.3594866381677748 2.1835770929012974
20087 10561439 0.02805841911806628 0.0839432834589603 0.21336000000000002 -1.3594866381677748 2.1835770929012974
20088 10561439 0.02917367322181152 0.08365826961265585 0.21336000000000002 -1.3594866381677748 2.1835770929012974
20089 10561439 0.030288927325556766 0.08337325576635139 0.21336000000000002 -1.3594866381677748 2.1835770929012974
20090 10561439 0.03140418142930201 0.08308824192004695 0.21336000000000002 -1.3594866381677748 2.1835770929012974
20091 10561439 0.03251943553304725 0.08280322807374249 0.21336000000000002 -1.3594866381677748 2.1835770929012974
20092 10561439 0.03363468963679249 0.08251821422743805 0.21336000000000002 -1.3594866381677748 2.1835770929012974
20093 10561439 0.034749943740537734 0.08223320038113359 0.21336000000000002 -1.3594866381677748 2.1835770929012974
20094 10561439 0.03586519784428298 0.08194818653482915 0.21336000000000002 -1.3594866381677748 2.1835770929012974
20095 10561439 0.036980451948028216 0.08166317268852469 0.21336000000000002 -1.3594866381677748 2.1835770929012974
20096 10561439 0.03809570605177346 0.08137815884222024 0.21336000000000002 -1.3594866381677748 2.1835770929012974
20097 10561439 0.0392109601555187 0.0810931449959158 0.21336000000000002 -1.3594866381677748 2.1835770929012974
20098 10561439 0.04032621425926394 0.08080813114961134 0.21336000000000002 -1.3594866381677748 2.1835770929012974
20099 10561439 0.04144146836300919 0.0805231173033069 0.21336000000000002 -1.3594866381677748 2.1835770929012974
20100 10561439 0.04255672246675443 0.08023810345700244 0.21336000000000002 -1.3594866381677748 2.1835770929012974
20101 10561439 0.04367197657049967 0.079953089610698 0.21336000000000002 -1.3594866381677748 2.1835770929012974
20102 10561439 0.044787230674244914 0.07966807576439354 0.21336000000000002 -1.3594866381677748 2.1835770929012974
20103 10561439 0.04590248477799015 0.0793830619180891 0.21336000000000002 -1.3594866381677748 2.1835770929012974
20104 10561439 0.047017738881735396 0.07909804807178465 0.21336000000000002 -1.3594866381677748 2.1835770929012974
20105 10561439 0.04813299298548064 0.0788130342254802 0.21336000000000002 -1.3594866381677748 2.1835770929012974
20106 10561439 0.049248247089225886 0.07852802037917575 0.21336000000000002 -1.3594866381677748 2.1835770929012974
20107 10561439 0.05036350119297112 0.07824300653287129 0.21336000000000002 -1.3594866381677748 2.1835770929012974
20108 10561439 0.05147875529671637 0.07795799268656685 0.21336000000000002 -1.3594866381677748 2.1835770929012974
20109 10561439 0.052594009400461605 0.07767297884026239 0.21336000000000002 -1.3594866381677748 2.1835770929012974
20110 10561439 0.05370926350420685 0.07738796499395795 0.21336000000000002 -1.3594866381677748 2.1835770929012974
20111 10561439 0.054824517607952095 0.0771029511476535 0.21336000000000002 -1.3594866381677748 2.1835770929012974
20112 10561439 0.05593977171169734 0.07681793730134905 0.21336000000000002 -1.3594866381677748 2.1835770929012974
20113 10561439 0.05705502581544258 0.0765329234550446 0.21336000000000002 -1.3594866381677748 2.1835770929012974
20114 10561439 0.058170279919187814 0.07624790960874014 0.21336000000000002 -1.3594866381677748 2.1835770929012974
20115 10561439 0.05928553402293306 0.0759628957624357 0.21336000000000002 -1.3594866381677748 2.1835770929012974
20116 10561439 0.060400788126678304 0.07567788191613124 0.21336000000000002 -1.3594866381677748 2.1835770929012974
20117 10561439 0.06151604223042355 0.0753928680698268 0.21336000000000002 -1.3594866381677748 2.1835770929012974
20118 10561439 0.06263129633416878 0.07510785422352234 0.21336000000000002 -1.3594866381677748 2.1835770929012974
20119 10561439 0.06374655043791402 0.0748228403772179 0.21336000000000002 -1.3594866381677748 2.1835770929012974
20120 10561439 0.06486180454165927 0.07453782653091345 0.21336000000000002 -1.3594866381677748 2.1835770929012974
20121 10561439 0.06597705864540451 0.074252812684609 0.21336000000000002 -1.3594866381677748 2.1835770929012974
20122 10561439 0.06709231274914976 0.07396779883830455 0.21336000000000002 -1.3594866381677748 2.1835770929012974
20123 10561439 0.068207566852895 0.0736827849920001 0.21336000000000002 -1.3594866381677748 2.1835770929012974
20124 10561439 0.06932282095664025 0.07339777114569565 0.21336000000000002 -1.3594866381677748 2.1835770929012974
20125 10561439 0.07043807506038549 0.07311275729939119 0.21336000000000002 -1.3594866381677748 2.1835770929012974
20126 10561439 0.07155332916413074 0.07282774345308675 0.21336000000000002 -1.3594866381677748 2.1835770929012974
20127 10561439 0.07266858326787597 0.07254272960678229 0.21336000000000002 -1.3594866381677748 2.1835770929012974
20128 10561439 0.07378383737162121 0.07225771576047785 0.21336000000000002 -1.3594866381677748 2.1835770929012974
20129 10561439 0.07489909147536646 0.0719727019141734 0.21336000000000002 -1.3594866381677748 2.1835770929012974
20130 10561439 0.07601434557911169 0.07168768806786895 0.21336000000000002 -1.3594866381677748 2.1835770929012974
20131 10561439 0.07712959968285693 0.0714026742215645 0.21336000000000002 -1.3594866381677748 2.1835770929012974
20132 10561439 0.07824485378660218 0.07111766037526004 0.21336000000000002 -1.3594866381677748 2.1835770929012974
20133 10561439 0.07936010789034742 0.0708326465289556 0.21336000000000002 -1.3594866381677748 2.1835770929012974
20134 10561439 0.08047536199409266 0.07054763268265116 0.21336000000000002 -1.3594866381677748 2.1835770929012974
20135 10561439 0.08159061609783791 0.0702626188363467 0.21336000000000002 -1.3594866381677748 2.1835770929012974
20136 10561439 0.08270587020158315 0.06997760499004224 0.21336000000000002 -1.3594866381677748 2.1835770929012974
20137 10561439 0.0838211243053284 0.0696925911437378 0.21336000000000002 -1.3594866381677748 2.1835770929012974
20138 10561439 0.08493637840907363 0.06940757729743335 0.21336000000000002 -1.3594866381677748 2.1835770929012974
20139 10561439 0.08605163251281887 0.0691225634511289 0.21336000000000002 -1.3594866381677748 2.1835770929012974
20140 10561439 0.08716688661656412 0.06883754960482445 0.21336000000000002 -1.3594866381677748 2.1835770929012974
20141 10561439 0.08828214072030935 0.06855253575852 0.21336000000000002 -1.3594866381677748 2.1835770929012974
20142 10561439 0.0893973948240546 0.06826752191221555 0.21336000000000002 -1.3594866381677748 2.1835770929012974
20143 10561439 0.09051264892779984 0.06798250806591111 0.21336000000000002 -1.3594866381677748 2.1835770929012974
20144 10561439 0.09162790303154508 0.06769749421960665 0.21336000000000002 -1.3594866381677748 2.1835770929012974
20145 10561439 0.09274315713529033 0.06741248037330219 0.21336000000000002 -1.3594866381677748 2.1835770929012974
20146 10561439 0.09385841123903557 0.06712746652699775 0.21336000000000002 -1.3594866381677748 2.1835770929012974
20147 10561439 0.09497366534278082 0.0668424526806933 0.21336000000000002 -1.3594866381677748 2.1835770929012974
