21347 10520887 0.1621825024414263 0.006809933686201863 0.18288 -0.9780013939100929 0.31954237263611124
21348 10520887 0.1790614531256043 0.0065508302770796445 0.18288 -0.9780013939100929 0.31954237263611124
21349 10520887 0.18863633582512157 0.00663437173875657 0.18288 -0.9780013939100929 0.31954237263611124
21350 10520887 0.19821121852463885 0.006717913200433495 0.18288 -0.9780013939100929 0.31954237263611124
21351 10520887 0.2282838367720907 0.007696440587013589 0.18288 -0.9780013939100929 0.31954237263611124
21352 10520887 0.2583564550195425 0.008674967973593684 0.18288 -0.9780013939100929 0.31954237263611124
21353 10520887 0.2837404279005381 0.004818750517724124 0.18288 -0.9780013939100929 0.31954237263611124
21354 10520887 0.33354079896419464 0.005016847019603893 0.19812000000000002 -0.9780013939100929 0.31954237263611124
21355 10520887 0.3833411700278512 0.0052149435214836615 0.21336000000000002 -0.9780013939100929 0.31954237263611124
21356 10520887 0.4194146113523687 0.0041747045232257834 0.21336000000000002 -0.9780013939100929 0.31954237263611124
21357 10520887 0.43576619911395625 0.004205327404858877 0.21336000000000002 -0.9780013939100929 0.31954237263611124
21358 10520887 0.4895207859630958 0.0026447690203522806 0.21336000000000002 -0.9780013939100929 0.31954237263611124
21359 10520887 0.5059525766967664 0.00264933171686145 0.21336000000000002 -0.9780013939100929 0.31954237263611124
21360 10520887 0.535190281726063 -1.1758834217060615e-05 0.21336000000000002 -0.9780013939100929 0.31954237263611124
21361 10520887 0.5644279867553595 -0.002672849385295571 0.21336000000000002 -0.9780013939100929 0.31954237263611124
21362 10520887 0.5936656917846561 -0.005333939936374082 0.21336000000000002 -0.9780013939100929 0.31954237263611124
21363 10520887 0.6229033968139527 -0.007995030487452592 0.21336000000000002 -0.9780013939100929 0.31954237263611124
21364 10520887 0.6596009294716974 -0.009705274150429433 0.22860000000000003 -0.9780013939100929 0.31954237263611124
21365 10520887 0.6962984621294421 -0.011415517813406273 0.24384 -0.9780013939100929 0.31954237263611124
21366 10520887 0.7343715180397635 -0.011316092190524882 0.24384 -0.9780013939100929 0.31954237263611124
21367 10520887 0.772444573950085 -0.011216666567643493 0.24384 -0.9780013939100929 0.31954237263611124
21368 10520887 0.8105176298604064 -0.011117240944762102 0.24384 -0.9780013939100929 0.31954237263611124
21369 10520887 0.8447108601762933 -0.011112399814415407 0.24892 -0.9780013939100929 0.31954237263611124
21370 10520887 0.87890409049218 -0.011107558684068713 0.254 -0.9780013939100929 0.31954237263611124
21371 10520887 0.9130973208080668 -0.011102717553722018 0.25908 -0.9780013939100929 0.31954237263611124
21372 10520887 0.9472905511239537 -0.011097876423375322 0.26416 -0.9780013939100929 0.31954237263611124
21373 10520887 0.9814837814398405 -0.011093035293028628 0.26924000000000003 -0.9780013939100929 0.31954237263611124
21374 10520887 1.0156770117557272 -0.011088194162681933 0.27432 -0.9780013939100929 0.31954237263611124
21375 10520887 1.057674036728697 -0.012113347651486714 0.27432 -0.9780013939100929 0.31954237263611124
21376 10520887 1.0996710617016667 -0.013138501140291492 0.27432 -0.9780013939100929 0.31954237263611124
21377 10520887 1.1416680866746365 -0.014163654629096273 0.27432 0.36214911544938283 2.5465782646875845
21378 10520887 1.1806181723285847 -0.01590640829451681 0.27432 0.36214911544938283 2.5465782646875845
21379 10520887 1.1989992865805505 -0.015368924128016728 0.27432 0.36214911544938283 2.5465782646875845
21380 10520887 1.2403231743084537 -0.01664048361120103 0.28448 0.36214911544938283 2.5465782646875845
21381 10520887 1.281647062036357 -0.017912043094385325 0.29464 0.36214911544938283 2.5465782646875845
21382 10520887 1.32297094976426 -0.019183602577569625 0.3048 0.36214911544938283 2.5465782646875845
21383 10520887 1.3585009756202449 -0.024598041023040085 0.3048 0.36214911544938283 2.5465782646875845
21384 10520887 1.401027335170177 -0.02762468387199213 0.3048 0.36214911544938283 2.5465782646875845
21385 10520887 1.4485093828102533 -0.027713691870266566 0.3048 0.36214911544938283 2.5465782646875845
21386 10520887 1.4709476562237118 -0.02943538410044752 0.3048 0.36214911544938283 2.5465782646875845
21387 10520887 1.5231031953263963 -0.03560657774358625 0.3048 0.36214911544938283 2.5465782646875845
21388 10520887 1.5518048372018933 -0.03364948760662939 0.3048 0.36214911544938283 2.5465782646875845
21389 10520887 1.5950300063343892 -0.03725374742471399 0.3048 0.36214911544938283 2.5465782646875845
21390 10520887 1.6127964967015491 -0.03791638448186367 0.3048 0.36214911544938283 2.5465782646875845
21391 10520887 1.6305629870687093 -0.03857902153901335 0.3048 0.36214911544938283 2.5465782646875845
21392 10520887 1.6777890086058806 -0.04325588896215718 0.33528 0.36214911544938283 2.5465782646875845
21393 10520887 1.7150759992519942 -0.04491999111071007 0.33528 0.36214911544938283 2.5465782646875845
21394 10520887 1.7688517104276635 -0.04612795112012161 0.33528 0.36214911544938283 2.5465782646875845
21395 10520887 1.8080080004763612 -0.047233879959406755 0.33528 0.36214911544938283 2.5465782646875845
21396 10520887 1.8456877414788633 -0.044703204087036125 0.33528 0.36214911544938283 2.5465782646875845
21397 10520887 1.869525612011768 -0.045128463070820996 0.33528 0.36214911544938283 2.5465782646875845
21398 10520887 1.9138382288239335 -0.05083834260675149 0.33528 0.36214911544938283 2.5465782646875845
21399 10520887 1.9489792148866802 -0.05472099808564648 0.33528 0.36214911544938283 2.5465782646875845
21400 10520887 1.9886755726701553 -0.05389958554881624 0.33528 0.36214911544938283 2.5465782646875845
21401 10520887 2.0419670618506265 -0.058218477071743324 0.36576 0.36214911544938283 2.5465782646875845
21402 10520887 2.074114611368003 -0.06310896423363824 0.36576 0.36214911544938283 2.5465782646875845
21403 10520887 2.134205903311761 -0.06672715007412106 0.36576 0.36214911544938283 2.5465782646875845
21404 10520887 2.1775091036441805 -0.0728067282525067 0.36576 0.36214911544938283 2.5465782646875845
21405 10520887 2.1976640354447987 -0.07635067775491144 0.39624000000000004 0.36214911544938283 2.5465782646875845
21406 10520887 2.219380301743951 -0.07701658297663692 0.39624000000000004 0.36214911544938283 2.5465782646875845
21407 10520887 2.2410965680431034 -0.0776824881983624 0.39624000000000004 0.36214911544938283 2.5465782646875845
21408 10520887 2.276900855168348 -0.08388290670653048 0.39624000000000004 0.36214911544938283 2.5465782646875845
21409 10520887 2.335387026936351 -0.08697535151688349 0.39624000000000004 0.36214911544938283 2.5465782646875845
21410 10520887 2.3709069461671195 -0.08969469441884684 0.39624000000000004 0.36214911544938283 2.5465782646875845
21411 10520887 2.408721082085628 -0.09082655431960493 0.39624000000000004 0.36214911544938283 2.5465782646875845
21412 10520887 2.447199754924685 -0.09264247076337964 0.42672000000000004 0.36214911544938283 2.5465782646875845
21413 10520887 2.47844133543836 -0.09758581752405385 0.42672000000000004 0.36214911544938283 2.5465782646875845
21414 10520887 2.5213113196789765 -0.09955007119558282 0.42672000000000004 0.36214911544938283 2.5465782646875845
21415 10520887 2.5638021379248594 -0.10267529166565667 0.42672000000000004 0.36214911544938283 2.5465782646875845
21416 10520887 2.5933158720338145 -0.10203085922909924 0.42672000000000004 0.36214911544938283 2.5465782646875845
21417 10520887 2.6498530718595066 -0.10401729432066023 0.42672000000000004 0.36214911544938283 2.5465782646875845
21418 10520887 2.686440089823267 -0.10509760839091467 0.45720000000000005 0.36214911544938283 2.5465782646875845
21419 10520887 2.7264348509073364 -0.10226707854342329 0.45720000000000005 0.36214911544938283 2.5465782646875845
21420 10520887 2.7609846974200862 -0.097074768116619 0.45720000000000005 0.36214911544938283 2.5465782646875845
21421 10520887 2.7909831477964966 -0.09086379657396007 0.45720000000000005 0.36214911544938283 2.5465782646875845
21422 10520887 2.825352185801637 -0.08105634438045642 0.45720000000000005 0.36214911544938283 2.5465782646875845
21423 10520887 2.8528931324672526 -0.07135610828740405 0.45720000000000005 0.36214911544938283 2.5465782646875845
21424 10520887 2.8804340791328684 -0.061655872194351674 0.45720000000000005 0.36214911544938283 2.5465782646875845
21425 10520887 2.9122512271875065 -0.04307155210065475 0.45720000000000005 0.36214911544938283 2.5465782646875845
21426 10520887 2.9335503701139993 -0.030866344194769774 0.45720000000000005 0.36214911544938283 2.5465782646875845
21427 10520887 2.9742087631158842 0.009363547291720148 0.45720000000000005 0.36214911544938283 2.5465782646875845
21428 10520887 3.0009203287253534 0.04223084500389482 0.45720000000000005 0.36214911544938283 2.5465782646875845
21429 10520887 3.027137014617492 0.07222249521317589 0.45720000000000005 0.36214911544938283 2.5465782646875845
21430 10520887 3.0449994602540302 0.10926337227612945 0.45720000000000005 0.36214911544938283 2.5465782646875845
21431 10520887 3.068860298067918 0.1497198085299641 0.48768 0.36214911544938283 2.5465782646875845
21432 10520887 3.080713353334004 0.1844000831019222 0.48768 0.36214911544938283 2.5465782646875845
21433 10520887 3.1036544464424685 0.239992413563438 0.48768 0.36214911544938283 2.5465782646875845
21434 10520887 3.1063511514832394 0.2629426595215032 0.48768 0.36214911544938283 2.5465782646875845
21435 10520887 3.1239953602786654 0.3186285741465763 0.48768 0.36214911544938283 2.5465782646875845
21436 10520887 3.1366419671916326 0.35737202893173536 0.48768 0.36214911544938283 2.5465782646875845
21437 10520887 3.1380402697267638 0.394296793760356 0.48768 0.36214911544938283 2.5465782646875845
21438 10520887 3.1442031227711853 0.4137208980518923 0.50292 0.36214911544938283 2.5465782646875845
21439 10520887 3.150365975815607 0.4331450023434287 0.5181600000000001 0.36214911544938283 2.5465782646875845
21440 10520887 3.1594952307270896 0.494297174673204 0.5181600000000001 0.36214911544938283 2.5465782646875845
21441 10520887 3.1621924808743715 0.536288341104946 0.5181600000000001 0.36214911544938283 2.5465782646875845
21442 10520887 3.166072295054665 0.5808139186423523 0.5181600000000001 0.36214911544938283 2.5465782646875845
21443 10520887 3.1713893358369614 0.613422346432102 0.5181600000000001 0.36214911544938283 2.5465782646875845
21444 10520887 3.179694676787954 0.6579051369849243 0.5181600000000001 0.36214911544938283 2.5465782646875845
21445 10520887 3.1819196522238373 0.6957283109276708 0.5181600000000001 0.36214911544938283 2.5465782646875845
21446 10520887 3.1877203382392754 0.7314497493502273 0.5181600000000001 0.36214911544938283 2.5465782646875845
21447 10520887 3.190601270194448 0.7729137747875534 0.5181600000000001 0.36214911544938283 2.5465782646875845
21448 10520887 3.198114326941562 0.8149684450406159 0.5181600000000001 0.36214911544938283 2.5465782646875845
21449 10520887 3.201384268293433 0.8549037120191005 0.54864 0.36214911544938283 2.5465782646875845
21450 10520887 3.207632159195968 0.8903623844873222 0.54864 0.36214911544938283 2.5465782646875845
21451 10520887 3.212562524411296 0.9625812012134216 0.54864 0.36214911544938283 2.5465782646875845
21452 10520887 3.2189484396940307 0.9984621077889031 0.54864 0.36214911544938283 2.5465782646875845
21453 10520887 3.2259631065832113 1.031509392242723 0.54864 0.36214911544938283 2.5465782646875845
21454 10520887 3.232977773472392 1.064556676696543 0.54864 0.36214911544938283 2.5465782646875845
21455 10520887 3.237627566189317 1.1012379745702667 0.54864 0.36214911544938283 2.5465782646875845
21456 10520887 3.242277358906242 1.1379192724439904 0.54864 0.36214911544938283 2.5465782646875845
21457 10520887 3.259720270890946 1.1995118480402447 0.54864 0.36214911544938283 2.5465782646875845
21458 10520887 3.2662842178022213 1.24409595897223 0.54864 0.36214911544938283 2.5465782646875845
21459 10520887 3.275142070199415 1.2902675962362344 0.54864 0.36214911544938283 2.5465782646875845
21460 10520887 3.2875526605997356 1.334812205368401 0.54864 0.36214911544938283 2.5465782646875845
21461 10520887 3.2991838302574488 1.3965497574454107 0.54864 0.36214911544938283 2.5465782646875845
21462 10520887 3.305748118200821 1.4411337971115896 0.54864 0.36214911544938283 2.5465782646875845
21463 10520887 3.3112689933545374 1.4852407452231897 0.54864 0.36214911544938283 2.5465782646875845
21464 10520887 3.319432447039949 1.5211255485286246 0.54864 0.36214911544938283 2.5465782646875845
21465 10520887 3.3275959007253606 1.5570103518340594 0.54864 0.36214911544938283 2.5465782646875845
21466 10520887 3.331280870496805 1.5982121319242137 0.54864 0.36214911544938283 2.5465782646875845
21467 10520887 3.343229684241323 1.637533918979084 0.57912 0.36214911544938283 2.5465782646875845
21468 10520887 3.348982557991147 1.6850697017485314 0.57912 0.36214911544938283 2.5465782646875845
21469 10520887 3.3531214697940293 1.7358191866478505 0.57912 0.36214911544938283 2.5465782646875845
21470 10520887 3.360965446865573 1.7734437623763977 0.57912 0.36214911544938283 2.5465782646875845
21471 10520887 3.362391619843435 1.8131634616173675 0.57912 0.36214911544938283 2.5465782646875845
21472 10520887 3.366550061686647 1.8585330090631087 0.57912 0.36214911544938283 2.5465782646875845
21473 10520887 3.3697781187152627 1.901052224336156 0.57912 0.36214911544938283 2.5465782646875845
21474 10520887 3.37030945200779 1.9554327109839431 0.57912 0.36214911544938283 2.5465782646875845
21475 10520887 3.3750304288464896 2.0014364009291197 0.57912 0.36214911544938283 2.5465782646875845
21476 10520887 3.376375071195171 2.0545000780347986 0.57912 0.36214911544938283 2.5465782646875845
21477 10520887 3.3786885558798456 2.09965431907979 0.57912 0.36214911544938283 2.5465782646875845
21478 10520887 3.3770007326770477 2.1434280617179424 0.6096 0.36214911544938283 2.5465782646875845
21479 10520887 3.3813419691489024 2.186635354091973 0.6096 0.36214911544938283 2.5465782646875845
21480 10520887 3.385732164815667 2.265339459222145 0.6096 0.36214911544938283 2.5465782646875845
21481 10520887 3.386107997985344 2.3089068520700993 0.6096 0.36214911544938283 2.5465782646875845
21482 10520887 3.3892996871253573 2.3314621810300498 0.6096 0.36214911544938283 2.5465782646875845
21483 10520887 3.3924913762653706 2.3540175099900007 0.6096 0.36214911544938283 2.5465782646875845
21484 10520887 3.3986787401196414 2.397439895828062 0.6400800000000001 0.36214911544938283 2.5465782646875845
21485 10520887 3.406451586599627 2.445718324260317 0.6400800000000001 0.36214911544938283 2.5465782646875845
21486 10520887 3.4171668767797945 2.4894147419917094 0.6400800000000001 0.36214911544938283 2.5465782646875845
21487 10520887 3.4236018680734173 2.5417513514027354 0.6400800000000001 0.36214911544938283 2.5465782646875845
21488 10520887 3.436197289964496 2.5857685069056022 0.6400800000000001 0.36214911544938283 2.5465782646875845
21489 10520887 3.4588254154846876 2.649640297009918 0.6400800000000001 0.36214911544938283 2.5465782646875845
21490 10520887 3.4652704292031693 2.6693812314138827 0.6400800000000001 0.36214911544938283 2.5465782646875845
21491 10520887 3.4861095667049122 2.7168983854507385 0.6400800000000001 0.36214911544938283 2.5465782646875845
21492 10520887 3.515326897819648 2.7792030542865716 0.6400800000000001 0.36214911544938283 2.5465782646875845
21493 10520887 3.532681692164555 2.82692323749657 0.67056 0.36214911544938283 2.5465782646875845
21494 10520887 3.5613004695320445 2.8710828204150585 0.67056 0.36214911544938283 2.5465782646875845
21495 10520887 3.5867608481754365 2.906928082440944 0.67056 0.36214911544938283 2.5465782646875845
21496 10520887 3.625718753869429 2.967805076890626 0.67056 0.36214911544938283 2.5465782646875845
21497 10520887 3.6361646805791317 2.9889266681569224 0.67056 0.36214911544938283 2.5465782646875845
21498 10583396 0.880269970234471 0.003944562385131446 0.21336000000000002 0.36214911544938283 2.5465782646875845
21498 10520887 3.6539562483550365 3.0162362960645166 0.6858000000000001 0.36214911544938283 2.5465782646875845
21499 10520887 3.6717478161309414 3.0435459239721108 0.7010400000000001 0.36214911544938283 2.5465782646875845
21499 10583396 0.9398962056473666 0.004324008285726738 0.21336000000000002 0.36214911544938283 2.5465782646875845
21500 10520887 3.696007598763382 3.083871890832762 0.7010400000000001 0.36214911544938283 2.5465782646875845
21500 10583396 1.0021365315235529 0.0045508291435923665 0.21336000000000002 0.36214911544938283 2.5465782646875845
21501 10583396 1.0290812726854326 0.0027574223080302773 0.21336000000000002 0.36214911544938283 2.5465782646875845
21501 10520887 3.7187320281315133 3.1249327522190993 0.7010400000000001 0.36214911544938283 2.5465782646875845
21502 10583396 1.0643873093120433 0.003723301499777426 0.21336000000000002 0.36214911544938283 2.5465782646875845
21502 10520887 3.733962007411331 3.1525530093949476 0.73152 0.36214911544938283 2.5465782646875845
21503 10583396 1.1295161164310699 0.0030074859587909675 0.22098 0.36214911544938283 2.5465782646875845
21503 10520887 3.759659518742577 3.21495558044868 0.73152 0.36214911544938283 2.5465782646875845
21504 10520887 3.762886568800867 3.238433904538891 0.73152 0.36214911544938283 2.5465782646875845
21504 10583396 1.1672293177798814 0.003187437282148417 0.22098 0.36214911544938283 2.5465782646875845
21505 10583396 1.215387391185724 0.002175150453800692 0.22098 0.36214911544938283 2.5465782646875845
21505 10520887 3.7755003309423323 3.2770714631167714 0.73152 0.36214911544938283 2.5465782646875845
21506 10520887 3.778138588953751 3.339525707653013 0.73152 0.36214911544938283 2.5465782646875845
21506 10583396 1.2723748012024254 0.0015499921101258252 0.22098 0.36214911544938283 2.5465782646875845
21507 10583396 1.3115434412072589 0.0010216510436293347 0.22479000000000002 0.36214911544938283 2.5465782646875845
21507 10520887 3.7821366530475116 3.3816769248411656 0.73152 0.36214911544938283 2.5465782646875845
21508 10583396 1.3507120812120923 0.0004933099771328442 0.22860000000000003 0.36214911544938283 2.5465782646875845
21508 10520887 3.777283839812813 3.4048726353096512 0.73152 0.36214911544938283 2.5465782646875845
21509 10583396 1.4088264570094606 0.00440763477436186 0.22860000000000003 0.36214911544938283 2.5465782646875845
21509 10520887 3.767978034380284 3.4785859736636104 0.73152 0.36214911544938283 2.5465782646875845
21510 10520887 3.7630839411562675 3.521771247341528 0.73152 0.36214911544938283 2.5465782646875845
21510 10583396 1.4580981394343369 0.0057200456424443685 0.23621999999999999 0.36214911544938283 2.5465782646875845
21511 10520887 3.758745491842544 3.5499391786805097 0.73152 0.36214911544938283 2.5465782646875845
21511 10583396 1.5282142660012696 0.005598159442015235 0.24384 0.36214911544938283 2.5465782646875845
21512 10520887 3.75440704252882 3.578107110019491 0.73152 0.36214911544938283 2.5465782646875845
21512 10583396 1.5559860784789412 0.006340225892633278 0.24384 0.36214911544938283 2.5465782646875845
21513 10583396 1.593744412694202 0.006390671468646414 0.25146 0.36214911544938283 2.5465782646875845
21513 10520887 3.737588804258592 3.6570771708388037 0.73152 0.36214911544938283 2.5465782646875845
21514 10520887 3.726801073624319 3.7096633196182833 0.73152 0.36214911544938283 2.5465782646875845
21514 10583396 1.6642613941967102 0.006139082331066414 0.25908000000000003 0.36214911544938283 2.5465782646875845
21515 10520887 3.7163802296275215 3.762012966351851 0.73152 0.36214911544938283 2.5465782646875845
21515 10583396 1.7135325518252982 0.00745326479755945 0.25908000000000003 0.36214911544938283 2.5465782646875845
21516 10520887 3.711194608539534 3.811368407814844 0.73152 0.36214911544938283 2.5465782646875845
21516 10583396 1.7520836171453305 0.009932479966712315 0.2667 0.36214911544938283 2.5465782646875845
21517 10520887 3.698177588159929 3.8693554988889893 0.73152 0.36214911544938283 2.5465782646875845
21517 10583396 1.7995395396621516 0.014527092839003872 0.27051000000000003 0.36214911544938283 2.5465782646875845
21518 10583396 1.846995462178973 0.019121705711295428 0.27432 0.36214911544938283 2.5465782646875845
21518 10520887 3.6898972286749148 3.9173851455163438 0.73152 0.36214911544938283 2.5465782646875845
21519 10583396 1.8936579539880032 0.02876553239312274 0.28956 0.36214911544938283 2.5465782646875845
21519 10520887 3.6826696241650474 3.9632020155256558 0.73152 0.36214911544938283 2.5465782646875845
21520 10583396 1.9391854763630225 0.039014012666897344 0.29337 0.36214911544938283 2.5465782646875845
21520 10520887 3.6734154756842097 4.010965663822511 0.73152 0.36214911544938283 2.5465782646875845
21521 10583396 1.9847129987380416 0.04926249294067195 0.29718 0.36214911544938283 2.5465782646875845
21521 10520887 3.6666387992182914 4.088060081565614 0.73152 0.36214911544938283 2.5465782646875845
21522 10583396 2.0409065187199413 0.06362157493137047 0.3048 0.36214911544938283 2.5465782646875845
21522 10520887 3.660790852598492 4.138099516358566 0.73152 0.36214911544938283 2.5465782646875845
21523 10520887 3.651851398338689 4.1909007753421745 0.73152 0.36214911544938283 2.5465782646875845
21523 10583396 2.0701503251905566 0.07159487629307773 0.31242000000000003 0.36214911544938283 2.5465782646875845
21524 10520887 3.6458787996061437 4.241915622338242 0.73152 0.36214911544938283 2.5465782646875845
21524 10583396 2.1326402560687923 0.08892167218244648 0.32004000000000005 0.36214911544938283 2.5465782646875845
21525 10583396 2.160175539556337 0.09710270994204598 0.32766 0.36214911544938283 2.5465782646875845
21525 10520887 3.6448035216882886 4.242483143682472 0.7314098313253011 0.36214911544938283 2.5465782646875845
21526 10583396 2.2080325163162637 0.11149819578008482 0.32766 0.36214911544938283 2.5465782646875845
21526 10520887 3.6437282437704335 4.243050665026703 0.7312996626506023 0.36214911544938283 2.5465782646875845
21527 10583396 2.261840755611031 0.12698795867669174 0.33528 0.36214911544938283 2.5465782646875845
21527 10520887 3.642652965852578 4.2436181863709335 0.7311894939759036 0.36214911544938283 2.5465782646875845
21528 10583396 2.328482305506859 0.14751639324057844 0.33528 0.36214911544938283 2.5465782646875845
21528 10520887 3.641577687934723 4.244185707715164 0.7310793253012048 0.36214911544938283 2.5465782646875845
21529 10520887 3.6405024100168677 4.244753229059395 0.730969156626506 0.36214911544938283 2.5465782646875845
21529 10583396 2.3648837077547813 0.1610972238763773 0.34290000000000004 0.36214911544938283 2.5465782646875845
21530 10583396 2.4035295122475526 0.17067441142133058 0.35052000000000005 0.36214911544938283 2.5465782646875845
21530 10520887 3.6394271320990126 4.245320750403625 0.7308589879518071 0.36214911544938283 2.5465782646875845
21531 10520887 3.6383518541811575 4.245888271747855 0.7307488192771083 0.36214911544938283 2.5465782646875845
21531 10583396 2.434638336200911 0.183004758785296 0.35052000000000005 0.36214911544938283 2.5465782646875845
21532 10520887 3.6372765762633024 4.246455793092086 0.7306386506024096 0.36214911544938283 2.5465782646875845
21532 10583396 2.4657471601542698 0.19533510614926144 0.35052000000000005 0.36214911544938283 2.5465782646875845
21533 10583396 2.5391787830083485 0.22170850305491838 0.36576 0.36214911544938283 2.5465782646875845
21533 10520887 3.636201298345447 4.2470233144363165 0.7305284819277108 0.36214911544938283 2.5465782646875845
21534 10520887 3.6351260204275917 4.247590835780547 0.730418313253012 0.36214911544938283 2.5465782646875845
21534 10583396 2.5783841905585083 0.23776243334110092 0.36576 0.36214911544938283 2.5465782646875845
21535 10583396 2.617589598108668 0.25381636362728344 0.36576 0.36214911544938283 2.5465782646875845
21535 10520887 3.6340507425097366 4.248158357124778 0.7303081445783132 0.36214911544938283 2.5465782646875845
21536 10583396 2.6642946672217667 0.2724453036911554 0.37719 0.36214911544938283 2.5465782646875845
21536 10520887 3.6329754645918815 4.248725878469008 0.7301979759036145 0.36214911544938283 2.5465782646875845
21537 10520887 3.6319001866740264 4.249293399813238 0.7300878072289156 0.36214911544938283 2.5465782646875845
21537 10583396 2.7109997363348657 0.29107424375502733 0.38862 0.36214911544938283 2.5465782646875845
21538 10520887 3.6308249087561713 4.249860921157469 0.7299776385542168 0.36214911544938283 2.5465782646875845
21538 10583396 2.763856755626536 0.31155006679948494 0.39624000000000004 0.36214911544938283 2.5465782646875845
21539 10583396 2.79632565267175 0.32805175409425025 0.40386 0.36214911544938283 2.5465782646875845
21539 10520887 3.6297496308383157 4.2504284425017 0.729867469879518 0.36214911544938283 2.5465782646875845
21540 10520887 3.6286743529204606 4.25099596384593 0.7297573012048192 0.36214911544938283 2.5465782646875845
21540 10583396 2.837635773196897 0.347157645336614 0.40386 0.36214911544938283 2.5465782646875845
21541 10583396 2.886366871966815 0.37131739240214545 0.41148 0.36214911544938283 2.5465782646875845
21541 10520887 3.6275990750026055 4.251563485190161 0.7296471325301205 0.36214911544938283 2.5465782646875845
21542 10583396 2.9181829751511077 0.38990166799436093 0.41529000000000005 0.36214911544938283 2.5465782646875845
21542 10520887 3.6265237970847504 4.252131006534391 0.7295369638554217 0.36214911544938283 2.5465782646875845
21543 10583396 2.9499990783354004 0.4084859435865764 0.41910000000000003 0.36214911544938283 2.5465782646875845
21543 10520887 3.6254485191668953 4.252698527878621 0.7294267951807228 0.36214911544938283 2.5465782646875845
21544 10520887 3.62437324124904 4.2532660492228525 0.729316626506024 0.36214911544938283 2.5465782646875845
21544 10583396 2.992723723864283 0.43600882300299054 0.42291 0.36214911544938283 2.5465782646875845
21545 10520887 3.6232979633311846 4.253833570567083 0.7292064578313252 0.36214911544938283 2.5465782646875845
21545 10583396 3.0354483693931655 0.46353170241940467 0.42672000000000004 0.36214911544938283 2.5465782646875845
21546 10520887 3.6222226854133295 4.254401091911313 0.7290962891566265 0.36214911544938283 2.5465782646875845
21546 10583396 3.0926796982217946 0.4974169345329341 0.43434000000000006 0.36214911544938283 2.5465782646875845
21547 10520887 3.6211474074954744 4.254968613255544 0.7289861204819277 0.36214911544938283 2.5465782646875845
21547 10583396 3.1301953505347244 0.5198652399212252 0.44196 0.36214911544938283 2.5465782646875845
21548 10583396 3.1693917784638854 0.5447439008867354 0.44577 0.36214911544938283 2.5465782646875845
21548 10520887 3.6200721295776193 4.255536134599774 0.7288759518072289 0.36214911544938283 2.5465782646875845
21549 10520887 3.618996851659764 4.256103655944004 0.72876578313253 0.36214911544938283 2.5465782646875845
21549 10583396 3.2085882063930464 0.5696225618522457 0.44958000000000004 0.36214911544938283 2.5465782646875845
21550 10520887 3.617921573741909 4.2566711772882355 0.7286556144578312 0.36214911544938283 2.5465782646875845
21550 10583396 3.2367700643870654 0.5906789101905847 0.44958000000000004 0.36214911544938283 2.5465782646875845
21551 10520887 3.6168462958240535 4.257238698632466 0.7285454457831325 0.36214911544938283 2.5465782646875845
21551 10583396 3.275904458604529 0.6180896396784421 0.45720000000000005 0.36214911544938283 2.5465782646875845
21552 10583396 3.2969630984859553 0.6336445470791382 0.45720000000000005 0.36214911544938283 2.5465782646875845
21552 10520887 3.6157710179061984 4.257806219976696 0.7284352771084337 0.36214911544938283 2.5465782646875845
21553 10583396 3.3500671589280797 0.6712144881823722 0.46482000000000007 0.36214911544938283 2.5465782646875845
21553 10520887 3.6146957399883433 4.258373741320927 0.7283251084337349 0.36214911544938283 2.5465782646875845
21554 10520887 3.613620462070488 4.258941262665157 0.7282149397590361 0.36214911544938283 2.5465782646875845
21554 10583396 3.376564896344245 0.69527396619408 0.46482000000000007 0.36214911544938283 2.5465782646875845
21555 10520887 3.612545184152633 4.2595087840093875 0.7281047710843374 0.36214911544938283 2.5465782646875845
21555 10583396 3.4097421592945754 0.7221180090053853 0.46863 0.36214911544938283 2.5465782646875845
21556 10520887 3.611469906234778 4.260076305353619 0.7279946024096385 0.36214911544938283 2.5465782646875845
21556 10583396 3.4429194222449055 0.7489620518166905 0.47243999999999997 0.36214911544938283 2.5465782646875845
21557 10583396 3.477046310855921 0.782797257093528 0.47624999999999995 0.36214911544938283 2.5465782646875845
21557 10520887 3.6103946283169224 4.260643826697849 0.7278844337349397 0.36214911544938283 2.5465782646875845
21558 10520887 3.6093193503990673 4.261211348042079 0.7277742650602409 0.36214911544938283 2.5465782646875845
21558 10583396 3.5111731994669366 0.8166324623703655 0.48006 0.36214911544938283 2.5465782646875845
21559 10583396 3.535925120899949 0.846226689367705 0.48387 0.36214911544938283 2.5465782646875845
21559 10520887 3.608244072481212 4.26177886938631 0.7276640963855421 0.36214911544938283 2.5465782646875845
21560 10583396 3.5606770423329612 0.8758209163650444 0.48768 0.36214911544938283 2.5465782646875845
21560 10520887 3.607168794563357 4.26234639073054 0.7275539277108434 0.36214911544938283 2.5465782646875845
21561 10520887 3.606093516645502 4.2629139120747706 0.7274437590361446 0.36214911544938283 2.5465782646875845
21561 10583396 3.5975104717485236 0.9315518858274784 0.48768 0.36214911544938283 2.5465782646875845
21562 10583396 3.628082540131947 0.9844202503342179 0.48768 0.36214911544938283 2.5465782646875845
21562 10520887 3.605018238727647 4.263481433419002 0.7273335903614457 0.36214911544938283 2.5465782646875845
21563 10520887 3.6039429608097913 4.264048954763232 0.7272234216867469 0.36214911544938283 2.5465782646875845
21563 10583396 3.6511293550033495 1.029465000665706 0.4953 0.36214911544938283 2.5465782646875845
21564 10520887 3.602867682891936 4.264616476107462 0.7271132530120481 0.36214911544938283 2.5465782646875845
21564 10583396 3.6716086640856345 1.0753477370290299 0.4953 0.36214911544938283 2.5465782646875845
21565 10520887 3.601792404974081 4.265183997451693 0.7270030843373494 0.36214911544938283 2.5465782646875845
21565 10583396 3.691287828007994 1.1189606477686815 0.49784 0.36214911544938283 2.5465782646875845
21566 10583396 3.7109669919303534 1.1625735585083332 0.50038 0.36214911544938283 2.5465782646875845
21566 10520887 3.600717127056226 4.265751518795923 0.7268929156626506 0.36214911544938283 2.5465782646875845
21567 10520887 3.599641849138371 4.266319040140154 0.7267827469879518 0.36214911544938283 2.5465782646875845
21567 10583396 3.730646155852713 1.206186469247985 0.50292 0.36214911544938283 2.5465782646875845
21568 10520887 3.5985665712205153 4.266886561484385 0.7266725783132529 0.36214911544938283 2.5465782646875845
21568 10583396 3.7539623461857765 1.2613062446069074 0.50292 0.36214911544938283 2.5465782646875845
21569 10520887 3.59749129330266 4.267454082828615 0.7265624096385541 0.36214911544938283 2.5465782646875845
21569 10583396 3.7743989368212656 1.3035233012399772 0.51054 0.36214911544938283 2.5465782646875845
21570 10583396 3.7948355274567547 1.3457403578730471 0.5181600000000001 0.36214911544938283 2.5465782646875845
21570 10520887 3.596416015384805 4.268021604172845 0.7264522409638554 0.36214911544938283 2.5465782646875845
21571 10583396 3.8288051482091765 1.407662897257184 0.5181600000000001 0.36214911544938283 2.5465782646875845
21571 10520887 3.59534073746695 4.268589125517076 0.7263420722891566 0.36214911544938283 2.5465782646875845
21572 10520887 3.594265459549095 4.2691566468613065 0.7262319036144578 0.36214911544938283 2.5465782646875845
21572 10583396 3.843018757637055 1.4342135458816019 0.52197 0.36214911544938283 2.5465782646875845
21573 10520887 3.5931901816312397 4.269724168205537 0.726121734939759 0.36214911544938283 2.5465782646875845
21573 10583396 3.8572323670649338 1.4607641945060197 0.52578 0.36214911544938283 2.5465782646875845
21574 10520887 3.592114903713384 4.270291689549768 0.7260115662650602 0.36214911544938283 2.5465782646875845
21574 10583396 3.895579575247745 1.5211412837907705 0.5334 0.36214911544938283 2.5465782646875845
21575 10583396 3.9337024265302745 1.5713119696903142 0.54102 0.36214911544938283 2.5465782646875845
21575 10520887 3.591039625795529 4.270859210893998 0.7259013975903614 0.36214911544938283 2.5465782646875845
21576 10520887 3.589964347877674 4.271426732238228 0.7257912289156626 0.36214911544938283 2.5465782646875845
21576 10583396 3.9584424761266224 1.6131175578855597 0.54864 0.36214911544938283 2.5465782646875845
21577 10583396 3.9976796700731967 1.6680645042278368 0.55626 0.36214911544938283 2.5465782646875845
21577 10520887 3.588889069959819 4.271994253582459 0.7256810602409638 0.36214911544938283 2.5465782646875845
21578 10583396 4.013823357207455 1.6930508162158042 0.56388 0.36214911544938283 2.5465782646875845
21578 10520887 3.5878137920419637 4.2725617749266895 0.725570891566265 0.36214911544938283 2.5465782646875845
21579 10520887 3.5867385141241086 4.27312929627092 0.7254607228915663 0.36214911544938283 2.5465782646875845
21579 10583396 4.035703372929393 1.726094272877778 0.5715 0.36214911544938283 2.5465782646875845
21580 10583396 4.064248538185517 1.7680015172838701 0.57531 0.36214911544938283 2.5465782646875845
21580 10520887 3.585663236206253 4.273696817615151 0.7253505542168674 0.36214911544938283 2.5465782646875845
21581 10583396 4.092793703441641 1.8099087616899623 0.57912 0.36214911544938283 2.5465782646875845
21581 10520887 3.584587958288398 4.274264338959381 0.7252403855421686 0.36214911544938283 2.5465782646875845
21582 10520887 3.583512680370543 4.274831860303611 0.7251302168674698 0.36214911544938283 2.5465782646875845
21582 10583396 4.118501855518241 1.8429879481100562 0.58674 0.36214911544938283 2.5465782646875845
21583 10520887 3.5824374024526877 4.275399381647842 0.725020048192771 0.36214911544938283 2.5465782646875845
21583 10583396 4.144210007594841 1.8760671345301498 0.59436 0.36214911544938283 2.5465782646875845
21584 10520887 3.5813621245348326 4.275966902992073 0.7249098795180723 0.36214911544938283 2.5465782646875845
21584 10583396 4.172235080142338 1.9118946729751023 0.59436 0.36214911544938283 2.5465782646875845
21585 10583396 4.202345753197421 1.9470416304787344 0.6019800000000001 0.36214911544938283 2.5465782646875845
21586 10583396 4.234442031881905 1.9869141152696246 0.6096 0.36214911544938283 2.5465782646875845
21587 10583396 4.266538310566389 2.0267866000605146 0.61722 0.36214911544938283 2.5465782646875845
21588 10583396 4.293362726484848 2.059209694685012 0.62103 0.36214911544938283 2.5465782646875845
21589 10583396 4.320187142403308 2.0916327893095095 0.6248400000000001 0.36214911544938283 2.5465782646875845
21590 10583396 4.366204122552163 2.141798030439948 0.6248400000000001 0.36214911544938283 2.5465782646875845
21591 10583396 4.394856798609622 2.1752016409173995 0.6248400000000001 0.36214911544938283 2.5465782646875845
21592 10583396 4.42350947466708 2.2086052513948515 0.6248400000000001 0.36214911544938283 2.5465782646875845
21593 10583396 4.448070924914376 2.2342325631266142 0.6248400000000001 0.36214911544938283 2.5465782646875845
21594 10583396 4.472632375161672 2.2598598748583765 0.6248400000000001 0.36214911544938283 2.5465782646875845
21595 10583396 4.528290321704447 2.3148228205425965 0.6248400000000001 0.36214911544938283 2.5465782646875845
21596 10583396 4.5663318422979025 2.3525222536765615 0.63246 0.36214911544938283 2.5465782646875845
21597 10583396 4.604373362891357 2.3902216868105266 0.6400800000000001 0.36214911544938283 2.5465782646875845
21598 10583396 4.640209668445319 2.4211648552948444 0.6477 0.36214911544938283 2.5465782646875845
21599 10583396 4.676045973999281 2.452108023779162 0.65532 0.36214911544938283 2.5465782646875845
21600 10583396 4.7102874867567275 2.480885010964256 0.6629400000000001 0.36214911544938283 2.5465782646875845
21601 10583396 4.7489414621289825 2.5102667177384186 0.6686550000000001 0.36214911544938283 2.5465782646875845
21602 10583396 4.7875954375012375 2.539648424512581 0.6743700000000001 0.36214911544938283 2.5465782646875845
21603 10583396 4.8262494128734925 2.569030131286744 0.680085 0.36214911544938283 2.5465782646875845
21604 10583396 4.8649033882457475 2.5984118380609065 0.6858000000000001 0.36214911544938283 2.5465782646875845
21605 10583396 4.890083707300882 2.617646892818277 0.6858000000000001 0.36214911544938283 2.5465782646875845
21606 10583396 4.915264026356015 2.6368819475756475 0.6858000000000001 0.36214911544938283 2.5465782646875845
21607 10583396 4.960921820847424 2.669644315944269 0.69342 0.36214911544938283 2.5465782646875845
21608 10583396 5.014904445876202 2.7099701663834894 0.7010400000000001 0.36214911544938283 2.5465782646875845
21609 10583396 5.057051968503816 2.738504819608711 0.7010400000000001 0.36214911544938283 2.5465782646875845
21610 10583396 5.057316005170508 2.7375962495963315 0.7009621680395388 0.36214911544938283 2.5465782646875845
21611 10583396 5.057580041837199 2.736687679583952 0.7008843360790775 0.36214911544938283 2.5465782646875845
21612 10583396 5.057844078503891 2.7357791095715727 0.7008065041186162 0.36214911544938283 2.5465782646875845
21613 10583396 5.058108115170582 2.7348705395591932 0.7007286721581549 0.36214911544938283 2.5465782646875845
21614 10583396 5.058372151837274 2.733961969546814 0.7006508401976936 0.36214911544938283 2.5465782646875845
21615 10583396 5.058636188503966 2.7330533995344344 0.7005730082372323 0.36214911544938283 2.5465782646875845
21616 10583396 5.058900225170658 2.732144829522055 0.7004951762767712 0.36214911544938283 2.5465782646875845
21617 10583396 5.059164261837349 2.7312362595096755 0.7004173443163099 0.36214911544938283 2.5465782646875845
21618 10583396 5.059428298504041 2.730327689497296 0.7003395123558486 0.36214911544938283 2.5465782646875845
21619 10583396 5.059692335170732 2.7294191194849167 0.7002616803953873 0.36214911544938283 2.5465782646875845
21620 10583396 5.059956371837424 2.7285105494725372 0.700183848434926 0.36214911544938283 2.5465782646875845
21621 10583396 5.060220408504115 2.727601979460158 0.7001060164744647 0.36214911544938283 2.5465782646875845
21622 10583396 5.060484445170807 2.7266934094477784 0.7000281845140034 0.36214911544938283 2.5465782646875845
21623 10583396 5.060748481837498 2.725784839435399 0.6999503525535421 0.36214911544938283 2.5465782646875845
21624 10583396 5.06101251850419 2.7248762694230195 0.6998725205930808 0.36214911544938283 2.5465782646875845
21625 10583396 5.061276555170882 2.72396769941064 0.6997946886326195 0.36214911544938283 2.5465782646875845
21626 10583396 5.0615405918375735 2.7230591293982607 0.6997168566721582 0.36214911544938283 2.5465782646875845
21627 10583396 5.061804628504265 2.7221505593858812 0.6996390247116969 0.36214911544938283 2.5465782646875845
21628 10583396 5.0620686651709565 2.721241989373502 0.6995611927512357 0.36214911544938283 2.5465782646875845
21629 10583396 5.062332701837648 2.7203334193611224 0.6994833607907744 0.36214911544938283 2.5465782646875845
21630 10583396 5.0625967385043396 2.7194248493487434 0.6994055288303132 0.36214911544938283 2.5465782646875845
21631 10583396 5.062860775171031 2.718516279336364 0.6993276968698519 0.36214911544938283 2.5465782646875845
21632 10583396 5.063124811837723 2.7176077093239845 0.6992498649093906 0.36214911544938283 2.5465782646875845
21633 10583396 5.063388848504414 2.716699139311605 0.6991720329489293 0.36214911544938283 2.5465782646875845
21634 10583396 5.063652885171106 2.7157905692992257 0.699094200988468 0.36214911544938283 2.5465782646875845
21635 10583396 5.063916921837797 2.7148819992868463 0.6990163690280067 0.36214911544938283 2.5465782646875845
21636 10583396 5.0641809585044895 2.713973429274467 0.6989385370675454 0.36214911544938283 2.5465782646875845
21637 10583396 5.064444995171181 2.7130648592620874 0.6988607051070841 0.36214911544938283 2.5465782646875845
21638 10583396 5.0647090318378725 2.712156289249708 0.6987828731466228 0.36214911544938283 2.5465782646875845
21639 10583396 5.064973068504564 2.7112477192373285 0.6987050411861615 0.36214911544938283 2.5465782646875845
21640 10583396 5.0652371051712555 2.710339149224949 0.6986272092257003 0.36214911544938283 2.5465782646875845
21641 10583396 5.065501141837947 2.7094305792125697 0.698549377265239 0.36214911544938283 2.5465782646875845
21642 10583396 5.0657651785046385 2.7085220092001903 0.6984715453047777 0.36214911544938283 2.5465782646875845
21643 10583396 5.06602921517133 2.707613439187811 0.6983937133443164 0.36214911544938283 2.5465782646875845
21644 10583396 5.0662932518380215 2.7067048691754314 0.6983158813838551 0.36214911544938283 2.5465782646875845
21645 10583396 5.066557288504713 2.705796299163052 0.6982380494233938 0.36214911544938283 2.5465782646875845
21646 10583396 5.066821325171405 2.7048877291506725 0.6981602174629326 0.36214911544938283 2.5465782646875845
21647 10583396 5.067085361838097 2.703979159138293 0.6980823855024713 0.36214911544938283 2.5465782646875845
21648 10583396 5.067349398504788 2.7030705891259137 0.69800455354201 0.36214911544938283 2.5465782646875845
21649 10583396 5.06761343517148 2.7021620191135343 0.6979267215815487 0.36214911544938283 2.5465782646875845
21650 10583396 5.067877471838171 2.701253449101155 0.6978488896210874 0.36214911544938283 2.5465782646875845
21651 10583396 5.068141508504863 2.7003448790887754 0.6977710576606261 0.36214911544938283 2.5465782646875845
21652 10583396 5.068405545171554 2.699436309076396 0.6976932257001649 0.36214911544938283 2.5465782646875845
21653 10583396 5.068669581838246 2.6985277390640166 0.6976153937397036 0.36214911544938283 2.5465782646875845
21654 10583396 5.068933618504937 2.697619169051637 0.6975375617792423 0.36214911544938283 2.5465782646875845
21655 10583396 5.069197655171629 2.6967105990392577 0.697459729818781 0.36214911544938283 2.5465782646875845
21656 10583396 5.06946169183832 2.6958020290268783 0.6973818978583197 0.36214911544938283 2.5465782646875845
21657 10583396 5.069725728505013 2.694893459014499 0.6973040658978584 0.36214911544938283 2.5465782646875845
21658 10583396 5.069989765171704 2.6939848890021194 0.6972262339373971 0.36214911544938283 2.5465782646875845
21659 10583396 5.070253801838396 2.69307631898974 0.6971484019769358 0.36214911544938283 2.5465782646875845
21660 10583396 5.070517838505087 2.6921677489773606 0.6970705700164745 0.36214911544938283 2.5465782646875845
21661 10583396 5.070781875171779 2.691259178964981 0.6969927380560133 0.36214911544938283 2.5465782646875845
21662 10583396 5.07104591183847 2.6903506089526017 0.696914906095552 0.36214911544938283 2.5465782646875845
21663 10583396 5.071309948505162 2.6894420389402223 0.6968370741350907 0.36214911544938283 2.5465782646875845
21664 10583396 5.071573985171853 2.688533468927843 0.6967592421746295 0.36214911544938283 2.5465782646875845
21665 10583396 5.071838021838545 2.6876248989154634 0.6966814102141682 0.36214911544938283 2.5465782646875845
21666 10583396 5.072102058505236 2.686716328903084 0.6966035782537069 0.36214911544938283 2.5465782646875845
21667 10583396 5.072366095171929 2.6858077588907046 0.6965257462932456 0.36214911544938283 2.5465782646875845
21668 10583396 5.07263013183862 2.684899188878325 0.6964479143327843 0.36214911544938283 2.5465782646875845
21669 10583396 5.072894168505312 2.6839906188659457 0.696370082372323 0.36214911544938283 2.5465782646875845
