23914 10926744 0.6993962365780986 0.07688686991427503 0.24384 -2.0372626117500676 0.28971929235950594
23915 10926744 0.6906430693142189 0.07863712732641773 0.24384 -2.0372626117500676 0.28971929235950594
23916 10926744 0.6844643716696206 0.08065604608243108 0.24384 -2.0372626117500676 0.28971929235950594
23917 10926744 0.6782856740250224 0.08267496483844444 0.24384 -2.0372626117500676 0.28971929235950594
23918 10926744 0.6738011994419254 0.08145325922665118 0.24384 -2.0372626117500676 0.28971929235950594
23919 10926744 0.6693167248588284 0.08023155361485793 0.24384 -2.0372626117500676 0.28971929235950594
23920 10926744 0.6652521330860013 0.0805666539808771 0.24384 -2.0372626117500676 0.28971929235950594
23921 10926744 0.6611875413131743 0.08090175434689628 0.24384 -2.0372626117500676 0.28971929235950594
23922 10926744 0.6524480493094542 0.07861703875895804 0.24384 -2.0372626117500676 0.28971929235950594
23923 10926744 0.6420255948330396 0.07933564072527388 0.24384 -2.0372626117500676 0.28971929235950594
23924 10926744 0.634010423159103 0.0792676486555453 0.24384 -2.0372626117500676 0.28971929235950594
23925 10926744 0.6309132963088337 0.07794311525952252 0.21336000000000002 -2.0372626117500676 0.28971929235950594
23926 10926744 0.6232376129000264 0.07710218418637692 0.22352000000000002 -2.0372626117500676 0.28971929235950594
23927 10926744 0.615561929491219 0.0762612531132313 0.23368 -2.0372626117500676 0.28971929235950594
23928 10926744 0.6078862460824117 0.0754203220400857 0.24384 -2.0372626117500676 0.28971929235950594
23929 10926744 0.6039612930737005 0.07156243117477878 0.24384 -2.0372626117500676 0.28971929235950594
23930 10926744 0.591235004863687 0.07338439838231851 0.21336000000000002 -2.0372626117500676 0.28971929235950594
23931 10926744 0.5857305773514454 0.07284650836944234 0.24384 -2.0372626117500676 0.28971929235950594
23932 10926744 0.5763111299312079 0.07323745252804204 0.24384 -2.0372626117500676 0.28971929235950594
23933 10926744 0.5668916825109704 0.07362839668664173 0.24384 -2.0372626117500676 0.28971929235950594
23934 10926744 0.5546546461954364 0.07762713026969359 0.24384 -2.0372626117500676 0.28971929235950594
23935 10926744 0.5424176098799023 0.08162586385274546 0.24384 -2.0372626117500676 0.28971929235950594
23936 10926744 0.5404896076707113 0.07980249296571387 0.24384 -2.0372626117500676 0.28971929235950594
23937 10926744 0.5385616054615203 0.07797912207868228 0.24384 -2.0372626117500676 0.28971929235950594
23938 10926744 0.5207342626311271 0.08158494371848068 0.24384 -2.0372626117500676 0.28971929235950594
23939 10926744 0.51055031249157 0.07977239772947209 0.22860000000000003 -2.0372626117500676 0.28971929235950594
23940 10926744 0.5003663623520129 0.07795985174046349 0.21336000000000002 -2.0372626117500676 0.28971929235950594
23941 10926744 0.49133025086571663 0.07748572561438295 0.22352000000000002 -2.0372626117500676 0.28971929235950594
23942 10926744 0.4822941393794203 0.07701159948830241 0.23368 -2.0372626117500676 0.28971929235950594
23943 10926744 0.473258027893124 0.07653747336222187 0.24384 -2.0372626117500676 0.28971929235950594
23944 10926744 0.46177890780257874 0.07538187878307019 0.24384 -2.0372626117500676 0.28971929235950594
23945 10926744 0.45415583491835426 0.07787299784975504 0.21336000000000002 -2.0372626117500676 0.28971929235950594
23946 10926744 0.4430606686962004 0.07653355222262397 0.22860000000000003 -2.0372626117500676 0.28971929235950594
23947 10926744 0.4319655024740465 0.07519410659549289 0.24384 -2.0372626117500676 0.28971929235950594
23947 11289096 0.49409307603572566 0.1919316576378187 0.21336000000000002 -2.0372626117500676 0.28971929235950594
23948 11289096 0.49329970374738374 0.18950386092293353 0.21336000000000002 -2.0372626117500676 0.28971929235950594
23948 10926744 0.4216464597775515 0.07622970137856819 0.21336000000000002 -2.0372626117500676 0.28971929235950594
23949 11289096 0.4925063314590419 0.18707606420804837 0.21336000000000002 -2.0372626117500676 0.28971929235950594
23949 10926744 0.4140233878096491 0.07872086390534999 0.21336000000000002 -2.0372626117500676 0.28971929235950594
23950 11289096 0.4990599617705361 0.18131273778640777 0.21336000000000002 -2.0372626117500676 0.28971929235950594
23950 10926744 0.4054029674616312 0.0772542439522164 0.21336000000000002 -2.0372626117500676 0.28971929235950594
23951 11289096 0.49599731852572804 0.18009382166260196 0.21336000000000002 -2.0372626117500676 0.28971929235950594
23951 10926744 0.39678254711361327 0.07578762399908283 0.21336000000000002 -2.0372626117500676 0.28971929235950594
23952 10926744 0.38816212676559536 0.07432100404594924 0.21336000000000002 -2.0372626117500676 0.28971929235950594
23952 11289096 0.49437608320540954 0.17513267073641056 0.21336000000000002 -2.0372626117500676 0.28971929235950594
23953 11289096 0.49927083048626747 0.1735331370894553 0.21336000000000002 -2.0372626117500676 0.28971929235950594
23953 10926744 0.3798536578298247 0.07335607706939411 0.21336000000000002 -2.0372626117500676 0.28971929235950594
23954 10926744 0.37154518889405413 0.07239115009283897 0.21336000000000002 -2.0372626117500676 0.28971929235950594
23954 11289096 0.4977530815129739 0.168888654352023 0.21336000000000002 -2.0372626117500676 0.28971929235950594
23955 11289096 0.4995844529962068 0.16525264449419147 0.21336000000000002 -2.0372626117500676 0.28971929235950594
23955 10926744 0.3632089549470272 0.07242835670445166 0.21336000000000002 -2.0372626117500676 0.28971929235950594
23956 11289096 0.4978753984797666 0.16464285164802522 0.21336000000000002 -2.0372626117500676 0.28971929235950594
23956 10926744 0.3519704960381055 0.0711942688614772 0.21336000000000002 -2.0372626117500676 0.28971929235950594
23957 10926744 0.3331846397750371 0.08002061702755964 0.21336000000000002 -2.0372626117500676 0.28971929235950594
23957 11289096 0.4961663439633264 0.164033058801859 0.21336000000000002 -2.0372626117500676 0.28971929235950594
23958 10926744 0.32401472592908004 0.07959041024468394 0.21336000000000002 -2.0372626117500676 0.28971929235950594
23958 11289096 0.502777738747329 0.1587181825545385 0.21336000000000002 -2.0372626117500676 0.28971929235950594
23959 10926744 0.3148448120831229 0.07916020346180824 0.21336000000000002 -2.0372626117500676 0.28971929235950594
23959 11289096 0.49859855512692886 0.15272367132970255 0.21336000000000002 -2.0372626117500676 0.28971929235950594
23960 10926744 0.30567489823716587 0.07872999667893255 0.21336000000000002 -2.0372626117500676 0.28971929235950594
23960 11289096 0.4977361998594235 0.1500847600885098 0.21336000000000002 -2.0372626117500676 0.28971929235950594
23961 10926744 0.29720028758181677 0.07793628233462442 0.21336000000000002 -2.0372626117500676 0.28971929235950594
23961 11289096 0.4968738445919182 0.14744584884731704 0.21336000000000002 -2.0372626117500676 0.28971929235950594
23962 11289096 0.4977172504945244 0.14173770693106558 0.21336000000000002 -2.0372626117500676 0.28971929235950594
23962 10926744 0.28872567692646767 0.0771425679903163 0.21336000000000002 -2.0372626117500676 0.28971929235950594
23963 10926744 0.2823433722794825 0.07595715395057526 0.21336000000000002 -2.0372626117500676 0.28971929235950594
23963 11289096 0.4985606563971306 0.13602956501481409 0.21336000000000002 -2.0372626117500676 0.28971929235950594
23964 10926744 0.27596106763249734 0.07477173991083422 0.21336000000000002 -2.0372626117500676 0.28971929235950594
23964 11289096 0.499693104694926 0.13297244198595123 0.21336000000000002 -2.0372626117500676 0.28971929235950594
23965 11289096 0.49817536396734974 0.12832795686371054 0.21336000000000002 -2.0372626117500676 0.28971929235950594
23965 10926744 0.2599968616556886 0.07823663461983976 0.21336000000000002 -2.0372626117500676 0.28971929235950594
23966 10926744 0.24403265567887977 0.08170152932884531 0.21336000000000002 -2.0372626117500676 0.28971929235950594
23966 11289096 0.5013686818497627 0.12179349201857673 0.21336000000000002 -2.0372626117500676 0.28971929235950594
23967 11289096 0.499307225162415 0.11820289819726906 0.21336000000000002 -2.0372626117500676 0.28971929235950594
23967 10926744 0.2425492701819758 0.07716264707420167 0.21336000000000002 -2.0372626117500676 0.28971929235950594
23968 11289096 0.49724576847506735 0.11461230437596139 0.21336000000000002 -2.0372626117500676 0.28971929235950594
23968 10926744 0.232968103260218 0.07638015397627033 0.21336000000000002 -2.0372626117500676 0.28971929235950594
23969 11289096 0.5029752853470821 0.11040342815425673 0.21336000000000002 -2.0372626117500676 0.28971929235950594
23969 10926744 0.22338693633846018 0.075597660878339 0.21336000000000002 -2.0372626117500676 0.28971929235950594
23970 10926744 0.2154751240200059 0.07584680714784345 0.21336000000000002 -2.0372626117500676 0.28971929235950594
23970 11289096 0.5014230570610059 0.10565338458126891 0.21336000000000002 -2.0372626117500676 0.28971929235950594
23971 10926744 0.20483505209511466 0.07698761822894754 0.21336000000000002 -2.0372626117500676 0.28971929235950594
23971 11289096 0.5005080860076012 0.10828895129164724 0.21336000000000002 -2.0372626117500676 0.28971929235950594
23972 11289096 0.4997319713265618 0.10591392969261651 0.21336000000000002 -2.0372626117500676 0.28971929235950594
23972 10926744 0.19563833656214147 0.07656631877127697 0.21336000000000002 -2.0372626117500676 0.28971929235950594
23973 10926744 0.18644162102916828 0.07614501931360639 0.21336000000000002 -2.0372626117500676 0.28971929235950594
23973 11289096 0.4989558566455223 0.10353890809358578 0.21336000000000002 -2.0372626117500676 0.28971929235950594
23974 10926744 0.1772449054961951 0.07572371985593582 0.21336000000000002 -2.0372626117500676 0.28971929235950594
23974 11289096 0.4982841065617596 0.09604774102468573 0.21336000000000002 -2.0372626117500676 0.28971929235950594
23975 11289096 0.49699876481962646 0.09483216822260698 0.21336000000000002 -2.0372626117500676 0.28971929235950594
23975 10926744 0.16929858142443238 0.07586736697621016 0.21336000000000002 -2.0372626117500676 0.28971929235950594
23976 10926744 0.16135225735266967 0.0760110140964845 0.21336000000000002 -2.0372626117500676 0.28971929235950594
23976 11289096 0.4953477849576175 0.09249769725340333 0.21336000000000002 -2.0372626117500676 0.28971929235950594
23977 11289096 0.49369680509560854 0.09016322628419968 0.21336000000000002 -2.0372626117500676 0.28971929235950594
23977 10926744 0.15377264244943648 0.07591800282263103 0.21336000000000002 -2.0372626117500676 0.28971929235950594
23978 10926744 0.14619302754620328 0.07582499154877757 0.21336000000000002 -2.0372626117500676 0.28971929235950594
23978 11289096 0.4920458252335995 0.08782875531499604 0.21336000000000002 -2.0372626117500676 0.28971929235950594
23979 10926744 0.13861341264297009 0.07573198027492412 0.21336000000000002 -2.0372626117500676 0.28971929235950594
23979 11289096 0.49039484537159056 0.08549428434579238 0.21336000000000002 -2.0372626117500676 0.28971929235950594
23980 11289096 0.4887438655095816 0.08315981337658873 0.21336000000000002 -2.0372626117500676 0.28971929235950594
23980 10926744 0.1310337977397369 0.07563896900107064 0.21336000000000002 -2.0372626117500676 0.28971929235950594
23981 10926744 0.1234388501784524 0.07142298837319477 0.21336000000000002 -2.0372626117500676 0.28971929235950594
23981 11289096 0.4824111998904404 0.08226178533565508 0.21336000000000002 -2.0372626117500676 0.28971929235950594
23982 10926744 0.11584390261716788 0.0672070077453189 0.21336000000000002 -2.0372626117500676 0.28971929235950594
23982 11289096 0.47607853427129915 0.08136375729472141 0.21336000000000002 -2.0372626117500676 0.28971929235950594
23983 11289096 0.46974586865215795 0.08046572925378775 0.21336000000000002 -2.0372626117500676 0.28971929235950594
23983 10926744 0.10824895505588339 0.06299102711744303 0.21336000000000002 -2.0372626117500676 0.28971929235950594
23984 11289096 0.4634132030330167 0.07956770121285409 0.21336000000000002 -2.0372626117500676 0.28971929235950594
23984 10926744 0.09460789854697205 0.07995028412290037 0.21336000000000002 -2.0372626117500676 0.28971929235950594
23985 10926744 0.08778712069525535 0.07592915176118795 0.21336000000000002 -2.0372626117500676 0.28971929235950594
23985 11289096 0.4570805374138755 0.07866967317192043 0.21336000000000002 -2.0372626117500676 0.28971929235950594
23986 10926744 0.08096634284353865 0.07190801939947553 0.21336000000000002 -2.0372626117500676 0.28971929235950594
23986 11289096 0.45432830730398616 0.0784007795882904 0.21336000000000002 -2.0372626117500676 0.28971929235950594
23987 11289096 0.4467063726294442 0.07841757516709222 0.21336000000000002 -2.0372626117500676 0.28971929235950594
23987 10926744 0.07374448311099442 0.07426842481781873 0.21336000000000002 -2.0372626117500676 0.28971929235950594
23988 10926744 0.0665226233784502 0.07662883023616193 0.21336000000000002 -2.0372626117500676 0.28971929235950594
23988 11289096 0.43908443795490215 0.07843437074589403 0.21336000000000002 -2.0372626117500676 0.28971929235950594
23989 11289096 0.4314625032803602 0.07845116632469586 0.21336000000000002 -2.0372626117500676 0.28971929235950594
23989 10926744 0.059300763645905974 0.07898923565450514 0.21336000000000002 -2.0372626117500676 0.28971929235950594
23990 10926744 0.051067938730470885 0.07934347281613396 0.21336000000000002 -2.0372626117500676 0.28971929235950594
23990 11289096 0.42384056860581815 0.07846796190349767 0.21336000000000002 -2.0372626117500676 0.28971929235950594
23991 11289096 0.41621863393127617 0.07848475748229948 0.21336000000000002 -2.0372626117500676 0.28971929235950594
23991 10926744 0.0470718895898774 0.07948125562494907 0.21336000000000002 -2.0372626117500676 0.28971929235950594
23992 11289096 0.40859669925673414 0.07850155306110129 0.21336000000000002 -2.0372626117500676 0.28971929235950594
23992 10926744 0.04307584044928392 0.07961903843376417 0.21336000000000002 -2.0372626117500676 0.28971929235950594
23993 11289096 0.40097476458219217 0.07851834863990312 0.21336000000000002 -2.0372626117500676 0.28971929235950594
23993 10926744 0.036376551209063024 0.07678495508774758 0.21336000000000002 -2.0372626117500676 0.28971929235950594
23994 11289096 0.3933528299076502 0.07853514421870493 0.21336000000000002 -2.0372626117500676 0.28971929235950594
23994 10926744 0.029633831177915293 0.07653535081627455 0.21336000000000002 -2.0372626117500676 0.28971929235950594
23995 10926744 0.022891111146767562 0.07628574654480152 0.21336000000000002 -2.0372626117500676 0.28971929235950594
23995 11289096 0.38573089523310816 0.07855193979750674 0.21336000000000002 -2.0372626117500676 0.28971929235950594
23996 11289096 0.3781089605585662 0.07856873537630855 0.21336000000000002 -2.0372626117500676 0.28971929235950594
23996 10926744 0.017214029670334474 0.07522052425124509 0.21336000000000002 -2.0372626117500676 0.28971929235950594
23997 10926744 0.017377908027886642 0.07482642643065031 0.21336000000000002 -2.0372626117500676 0.28971929235950594
23997 11289096 0.37048702588402416 0.07858553095511038 0.21336000000000002 -2.0372626117500676 0.28971929235950594
23998 11289096 0.3628650912094822 0.07860232653391219 0.21336000000000002 -2.0372626117500676 0.28971929235950594
23998 10926744 0.017541786385438806 0.07443232861005551 0.21336000000000002 -2.0372626117500676 0.28971929235950594
23999 10926744 0.017705664742990974 0.07403823078946073 0.21336000000000002 -2.0372626117500676 0.28971929235950594
23999 11289096 0.3552431565349402 0.078619122112714 0.21336000000000002 -2.0372626117500676 0.28971929235950594
24000 11289096 0.3476212218603982 0.07863591769151582 0.21336000000000002 -2.0372626117500676 0.28971929235950594
24000 10926744 0.01786954310054314 0.07364413296886595 0.21336000000000002 -2.0372626117500676 0.28971929235950594
24001 11289096 0.3399992871858562 0.07865271327031764 0.21336000000000002 -2.0372626117500676 0.28971929235950594
24001 10926744 0.018033421458095306 0.07325003514827115 0.21336000000000002 -2.0372626117500676 0.28971929235950594
24002 11289096 0.3323773525113142 0.07866950884911945 0.21336000000000002 -2.0372626117500676 0.28971929235950594
24002 10926744 0.018197299815647473 0.07285593732767637 0.21336000000000002 -2.0372626117500676 0.28971929235950594
24003 11289096 0.3247554178367722 0.07868630442792127 0.21336000000000002 -2.0372626117500676 0.28971929235950594
24003 10926744 0.018361178173199637 0.07246183950708159 0.21336000000000002 -2.0372626117500676 0.28971929235950594
24004 10926744 0.018525056530751805 0.0720677416864868 0.21336000000000002 -2.0372626117500676 0.28971929235950594
24004 11289096 0.315468039068948 0.07938492723872266 0.21336000000000002 -2.0372626117500676 0.28971929235950594
24005 11289096 0.3061806603011238 0.08008355004952407 0.21336000000000002 -2.0372626117500676 0.28971929235950594
24005 10926744 0.018688934888303973 0.071673643865892 0.21336000000000002 -2.0372626117500676 0.28971929235950594
24006 11289096 0.2968932815332995 0.08078217286032546 0.21336000000000002 -2.0372626117500676 0.28971929235950594
24006 10926744 0.018852813245856137 0.07127954604529722 0.21336000000000002 -2.0372626117500676 0.28971929235950594
24007 11289096 0.2876059027654753 0.08148079567112687 0.21336000000000002 -2.0372626117500676 0.28971929235950594
24007 10926744 0.019016691603408305 0.07088544822470244 0.21336000000000002 -2.0372626117500676 0.28971929235950594
24008 10926744 0.019180569960960472 0.07049135040410764 0.21336000000000002 -2.0372626117500676 0.28971929235950594
24008 11289096 0.2783185239976511 0.08217941848192827 0.21336000000000002 -2.0372626117500676 0.28971929235950594
24009 11289096 0.2690311452298269 0.08287804129272967 0.21336000000000002 -2.0372626117500676 0.28971929235950594
24009 10926744 0.019344448318512637 0.07009725258351286 0.21336000000000002 -2.0372626117500676 0.28971929235950594
24010 10926744 0.019508326676064804 0.06970315476291808 0.21336000000000002 -2.0372626117500676 0.28971929235950594
24010 11289096 0.2597437664620027 0.08357666410353107 0.21336000000000002 -2.0372626117500676 0.28971929235950594
24011 11289096 0.2524964063994831 0.08314131282444683 0.21336000000000002 -2.0372626117500676 0.28971929235950594
24011 10926744 0.01967220503361697 0.06930905694232328 0.21336000000000002 -2.0372626117500676 0.28971929235950594
24012 11289096 0.2452490463369636 0.08270596154536258 0.21336000000000002 -2.0372626117500676 0.28971929235950594
24012 10926744 0.019836083391169136 0.0689149591217285 0.21336000000000002 -2.0372626117500676 0.28971929235950594
24013 10926744 0.019999961748721304 0.06852086130113372 0.21336000000000002 -2.0372626117500676 0.28971929235950594
24013 11289096 0.23800168627444404 0.08227061026627834 0.21336000000000002 -2.0372626117500676 0.28971929235950594
24014 11289096 0.2307543262119245 0.0818352589871941 0.21336000000000002 -2.0372626117500676 0.28971929235950594
24014 10926744 0.020163840106273468 0.06812676348053892 0.21336000000000002 -2.0372626117500676 0.28971929235950594
24015 11289096 0.22325197398205673 0.08185502805174895 0.21336000000000002 -2.0372626117500676 0.28971929235950594
24015 10926744 0.020327718463825636 0.06773266565994414 0.21336000000000002 -2.0372626117500676 0.28971929235950594
24016 10926744 0.020491596821377803 0.06733856783934936 0.21336000000000002 -2.0372626117500676 0.28971929235950594
24016 11289096 0.21574962175218895 0.0818747971163038 0.21336000000000002 -2.0372626117500676 0.28971929235950594
24017 11289096 0.2082472695223212 0.08189456618085865 0.21336000000000002 -2.0372626117500676 0.28971929235950594
24017 10926744 0.020655475178929968 0.06694447001875456 0.21336000000000002 -2.0372626117500676 0.28971929235950594
24018 11289096 0.20074491729245342 0.0819143352454135 0.21336000000000002 -2.0372626117500676 0.28971929235950594
24018 10926744 0.020819353536482135 0.06655037219815978 0.21336000000000002 -2.0372626117500676 0.28971929235950594
24019 11289096 0.19324256506258566 0.08193410430996835 0.21336000000000002 -2.0372626117500676 0.28971929235950594
24019 10926744 0.020983231894034303 0.066156274377565 0.21336000000000002 -2.0372626117500676 0.28971929235950594
24020 11289096 0.18574021283271788 0.08195387337452321 0.21336000000000002 -2.0372626117500676 0.28971929235950594
24020 10926744 0.021147110251586467 0.06576217655697021 0.21336000000000002 -2.0372626117500676 0.28971929235950594
24021 10926744 0.021310988609138635 0.06536807873637542 0.21336000000000002 -2.0372626117500676 0.28971929235950594
24021 11289096 0.17823786060285013 0.08197364243907806 0.21336000000000002 -2.0372626117500676 0.28971929235950594
24022 10926744 0.0214748669666908 0.06497398091578063 0.21336000000000002 -2.0372626117500676 0.28971929235950594
24022 11289096 0.17073550837298235 0.08199341150363292 0.21336000000000002 -2.0372626117500676 0.28971929235950594
24023 10926744 0.021638745324242967 0.06457988309518585 0.21336000000000002 -2.0372626117500676 0.28971929235950594
24023 11289096 0.1632331561431146 0.08201318056818777 0.21336000000000002 -2.0372626117500676 0.28971929235950594
24024 10926744 0.021802623681795134 0.06418578527459105 0.21336000000000002 -2.0372626117500676 0.28971929235950594
24024 11289096 0.15573080391324684 0.08203294963274262 0.21336000000000002 -2.0372626117500676 0.28971929235950594
24025 11289096 0.14822845168337906 0.08205271869729747 0.21336000000000002 -2.0372626117500676 0.28971929235950594
24025 10926744 0.0219665020393473 0.06379168745399627 0.21336000000000002 -2.0372626117500676 0.28971929235950594
24026 11289096 0.14348914239060895 0.08195439454081739 0.21336000000000002 -2.0372626117500676 0.28971929235950594
24026 10926744 0.022130380396899466 0.06339758963340149 0.21336000000000002 -2.0372626117500676 0.28971929235950594
24027 10926744 0.02229425875445163 0.06300349181280669 0.21336000000000002 -2.0372626117500676 0.28971929235950594
24027 11289096 0.13874983309783884 0.08185607038433731 0.21336000000000002 -2.0372626117500676 0.28971929235950594
24028 10926744 0.022458137112003798 0.06260939399221191 0.21336000000000002 -2.0372626117500676 0.28971929235950594
24028 11289096 0.1340105238050687 0.08175774622785724 0.21336000000000002 -2.0372626117500676 0.28971929235950594
24029 11289096 0.1292712145122986 0.08165942207137716 0.21336000000000002 -2.0372626117500676 0.28971929235950594
24029 10926744 0.022622015469555966 0.06221529617161713 0.21336000000000002 -2.0372626117500676 0.28971929235950594
24030 10926744 0.022785893827108133 0.06182119835102234 0.21336000000000002 -2.0372626117500676 0.28971929235950594
24030 11289096 0.12453190521952848 0.08156109791489709 0.21336000000000002 -2.0372626117500676 0.28971929235950594
24031 10926744 0.022949772184660298 0.06142710053042755 0.21336000000000002 -2.0372626117500676 0.28971929235950594
24031 11289096 0.11979259592675837 0.08146277375841701 0.21336000000000002 -2.0372626117500676 0.28971929235950594
24032 11289096 0.11505328663398826 0.08136444960193694 0.21336000000000002 -2.0372626117500676 0.28971929235950594
24032 10926744 0.023113650542212465 0.061033002709832765 0.21336000000000002 -2.0372626117500676 0.28971929235950594
24033 11289096 0.11031397734121813 0.08126612544545686 0.21336000000000002 -2.0372626117500676 0.28971929235950594
24033 10926744 0.02327752889976463 0.060638904889237975 0.21336000000000002 -2.0372626117500676 0.28971929235950594
24034 10926744 0.023441407257316797 0.060244807068643186 0.21336000000000002 -2.0372626117500676 0.28971929235950594
24034 11289096 0.105574668048448 0.08116780128897678 0.21336000000000002 -2.0372626117500676 0.28971929235950594
24035 10926744 0.023605285614868965 0.0598507092480484 0.21336000000000002 -2.0372626117500676 0.28971929235950594
24035 11289096 0.1008353587556779 0.08106947713249671 0.21336000000000002 -2.0372626117500676 0.28971929235950594
24036 11289096 0.09609604946290778 0.08097115297601663 0.21336000000000002 -2.0372626117500676 0.28971929235950594
24036 10926744 0.02376916397242113 0.05945661142745362 0.21336000000000002 -2.0372626117500676 0.28971929235950594
24037 11289096 0.09135674017013767 0.08087282881953656 0.21336000000000002 -2.0372626117500676 0.28971929235950594
24037 10926744 0.023933042329973297 0.059062513606858824 0.21336000000000002 -2.0372626117500676 0.28971929235950594
24038 10926744 0.02409692068752546 0.05866841578626404 0.21336000000000002 -2.0372626117500676 0.28971929235950594
24038 11289096 0.08661743087736755 0.08077450466305648 0.21336000000000002 -2.0372626117500676 0.28971929235950594
24039 11289096 0.08187812158459744 0.0806761805065764 0.21336000000000002 -2.0372626117500676 0.28971929235950594
24039 10926744 0.02426079904507763 0.05827431796566926 0.21336000000000002 -2.0372626117500676 0.28971929235950594
24040 10926744 0.024424677402629796 0.05788022014507447 0.21336000000000002 -2.0372626117500676 0.28971929235950594
24040 11289096 0.07713881229182731 0.08057785635009633 0.21336000000000002 -2.0372626117500676 0.28971929235950594
24041 10926744 0.024588555760181964 0.05748612232447968 0.21336000000000002 -2.0372626117500676 0.28971929235950594
24041 11289096 0.0723995029990572 0.08047953219361625 0.21336000000000002 -2.0372626117500676 0.28971929235950594
24042 10926744 0.024752434117734128 0.0570920245038849 0.21336000000000002 -2.0372626117500676 0.28971929235950594
24042 11289096 0.06766019370628709 0.08038120803713618 0.21336000000000002 -2.0372626117500676 0.28971929235950594
24043 10926744 0.024916312475286296 0.05669792668329011 0.21336000000000002 -2.0372626117500676 0.28971929235950594
24043 11289096 0.06292088441351697 0.0802828838806561 0.21336000000000002 -2.0372626117500676 0.28971929235950594
24044 11289096 0.058181575120746856 0.08018455972417603 0.21336000000000002 -2.0372626117500676 0.28971929235950594
24044 10926744 0.02508019083283846 0.05630382886269532 0.21336000000000002 -2.0372626117500676 0.28971929235950594
24045 10926744 0.025244069190390628 0.055909731042100536 0.21336000000000002 -2.0372626117500676 0.28971929235950594
24045 11289096 0.05344226582797673 0.08008623556769595 0.21336000000000002 -2.0372626117500676 0.28971929235950594
24046 10926744 0.025407947547942795 0.055515633221505746 0.21336000000000002 -2.0372626117500676 0.28971929235950594
24046 11289096 0.053651051352480585 0.08018155811860321 0.21336000000000002 -2.0372626117500676 0.28971929235950594
24047 11289096 0.05385983687698444 0.08027688066951047 0.21336000000000002 -2.0372626117500676 0.28971929235950594
24047 10926744 0.025571825905494963 0.055121535400910956 0.21336000000000002 -2.0372626117500676 0.28971929235950594
24048 10926744 0.025735704263047127 0.054727437580316174 0.21336000000000002 -2.0372626117500676 0.28971929235950594
24048 11289096 0.054068622401488284 0.08037220322041772 0.21336000000000002 -2.0372626117500676 0.28971929235950594
24049 11289096 0.05427740792599214 0.08046752577132497 0.21336000000000002 -2.0372626117500676 0.28971929235950594
24049 10926744 0.02589958262059929 0.05433333975972139 0.21336000000000002 -2.0372626117500676 0.28971929235950594
24050 11289096 0.05448619345049599 0.08056284832223223 0.21336000000000002 -2.0372626117500676 0.28971929235950594
24050 10926744 0.02606346097815146 0.053939241939126595 0.21336000000000002 -2.0372626117500676 0.28971929235950594
24051 11289096 0.054275453839367896 0.08044418392737036 0.21336000000000002 -2.0372626117500676 0.28971929235950594
24051 10926744 0.026227339335703627 0.05354514411853181 0.21336000000000002 -2.0372626117500676 0.28971929235950594
24052 10926744 0.026391217693255795 0.05315104629793703 0.21336000000000002 -2.0372626117500676 0.28971929235950594
24052 11289096 0.054064714228239795 0.08032551953250848 0.21336000000000002 -2.0372626117500676 0.28971929235950594
24053 10926744 0.02655509605080796 0.05275694847734224 0.21336000000000002 -2.0372626117500676 0.28971929235950594
24053 11289096 0.0538539746171117 0.08020685513764661 0.21336000000000002 -2.0372626117500676 0.28971929235950594
24054 10926744 0.026718974408360123 0.05236285065674745 0.21336000000000002 -2.0372626117500676 0.28971929235950594
24054 11289096 0.0536432350059836 0.08008819074278474 0.21336000000000002 -2.0372626117500676 0.28971929235950594
24055 11289096 0.053432495394855506 0.07996952634792286 0.21336000000000002 -2.0372626117500676 0.28971929235950594
24055 10926744 0.02688285276591229 0.05196875283615267 0.21336000000000002 -2.0372626117500676 0.28971929235950594
24056 11289096 0.053221755783727405 0.07985086195306099 0.21336000000000002 -2.0372626117500676 0.28971929235950594
24056 10926744 0.02704673112346446 0.05157465501555788 0.21336000000000002 -2.0372626117500676 0.28971929235950594
24057 11289096 0.05301101617259931 0.07973219755819912 0.21336000000000002 -2.0372626117500676 0.28971929235950594
24058 11289096 0.05280027656147121 0.07961353316333725 0.21336000000000002 -2.0372626117500676 0.28971929235950594
24059 11289096 0.052589536950343116 0.07949486876847536 0.21336000000000002 -2.0372626117500676 0.28971929235950594
24060 11289096 0.05237879733921502 0.0793762043736135 0.21336000000000002 -2.0372626117500676 0.28971929235950594
24061 11289096 0.05216805772808692 0.07925753997875162 0.21336000000000002 -2.0372626117500676 0.28971929235950594
24062 11289096 0.05195731811695883 0.07913887558388974 0.21336000000000002 -2.0372626117500676 0.28971929235950594
24063 11289096 0.051746578505830726 0.07902021118902787 0.21336000000000002 -2.0372626117500676 0.28971929235950594
24064 11289096 0.05153583889470263 0.078901546794166 0.21336000000000002 -2.0372626117500676 0.28971929235950594
24065 11289096 0.05132509928357453 0.07878288239930412 0.21336000000000002 -2.0372626117500676 0.28971929235950594
24066 11289096 0.05111435967244644 0.07866421800444225 0.21336000000000002 -2.0372626117500676 0.28971929235950594
24067 11289096 0.05090362006131834 0.07854555360958038 0.21336000000000002 -2.0372626117500676 0.28971929235950594
24068 11289096 0.05069288045019024 0.07842688921471849 0.21336000000000002 -2.0372626117500676 0.28971929235950594
24069 11289096 0.05048214083906215 0.07830822481985662 0.21336000000000002 -2.0372626117500676 0.28971929235950594
24070 11289096 0.05027140122793405 0.07818956042499475 0.21336000000000002 -2.0372626117500676 0.28971929235950594
24071 11289096 0.05006066161680595 0.07807089603013288 0.21336000000000002 -2.0372626117500676 0.28971929235950594
24072 11289096 0.04984992200567785 0.077952231635271 0.21336000000000002 -2.0372626117500676 0.28971929235950594
24073 11289096 0.04963918239454976 0.07783356724040913 0.21336000000000002 -2.0372626117500676 0.28971929235950594
24074 11289096 0.049428442783421664 0.07771490284554726 0.21336000000000002 -2.0372626117500676 0.28971929235950594
24075 11289096 0.04921770317229356 0.07759623845068538 0.21336000000000002 -2.0372626117500676 0.28971929235950594
24076 11289096 0.04900696356116547 0.0774775740558235 0.21336000000000002 -2.0372626117500676 0.28971929235950594
24077 11289096 0.04879622395003737 0.07735890966096164 0.21336000000000002 -2.516863095951969 -0.5306722116665519
24078 11289096 0.048585484338909274 0.07724024526609975 0.21336000000000002 -2.516863095951969 -0.5306722116665519
24079 11289096 0.04837474472778117 0.07712158087123788 0.21336000000000002 -2.516863095951969 -0.5306722116665519
24080 11289096 0.04816400511665308 0.07700291647637601 0.21336000000000002 -2.516863095951969 -0.5306722116665519
24081 11289096 0.04795326550552498 0.07688425208151413 0.21336000000000002 -2.516863095951969 -0.5306722116665519
24082 11289096 0.047742525894396884 0.07676558768665226 0.21336000000000002 -2.516863095951969 -0.5306722116665519
24083 11289096 0.04753178628326879 0.07664692329179039 0.21336000000000002 -2.516863095951969 -0.5306722116665519
24084 11289096 0.04732104667214069 0.07652825889692852 0.21336000000000002 -2.516863095951969 -0.5306722116665519
24085 11289096 0.047110307061012595 0.07640959450206664 0.21336000000000002 -2.516863095951969 -0.5306722116665519
24086 11289096 0.046899567449884494 0.07629093010720477 0.21336000000000002 -2.516863095951969 -0.5306722116665519
24087 11289096 0.0466888278387564 0.0761722657123429 0.21336000000000002 -2.516863095951969 -0.5306722116665519
24088 11289096 0.046478088227628306 0.07605360131748101 0.21336000000000002 -2.516863095951969 -0.5306722116665519
24089 11289096 0.046267348616500205 0.07593493692261914 0.21336000000000002 -2.516863095951969 -0.5306722116665519
24090 11289096 0.046056609005372104 0.07581627252775727 0.21336000000000002 -2.516863095951969 -0.5306722116665519
24091 11289096 0.04584586939424401 0.07569760813289539 0.21336000000000002 -2.516863095951969 -0.5306722116665519
24092 11289096 0.045635129783115916 0.07557894373803352 0.21336000000000002 -2.516863095951969 -0.5306722116665519
24093 11289096 0.045424390171987815 0.07546027934317165 0.21336000000000002 -2.516863095951969 -0.5306722116665519
24094 11289096 0.04521365056085972 0.07534161494830977 0.21336000000000002 -2.516863095951969 -0.5306722116665519
24095 11289096 0.04500291094973162 0.0752229505534479 0.21336000000000002 -2.516863095951969 -0.5306722116665519
24096 11289096 0.044792171338603526 0.07510428615858603 0.21336000000000002 -2.516863095951969 -0.5306722116665519
24097 11289096 0.04458143172747543 0.07498562176372414 0.21336000000000002 -2.516863095951969 -0.5306722116665519
24098 11289096 0.04437069211634733 0.07486695736886227 0.21336000000000002 -2.516863095951969 -0.5306722116665519
24099 11289096 0.04415995250521923 0.0747482929740004 0.21336000000000002 -2.516863095951969 -0.5306722116665519
24100 11289096 0.043949212894091136 0.07462962857913853 0.21336000000000002 -2.516863095951969 -0.5306722116665519
24101 11289096 0.04373847328296304 0.07451096418427665 0.21336000000000002 -2.516863095951969 -0.5306722116665519
24102 11289096 0.04352773367183494 0.07439229978941478 0.21336000000000002 -2.516863095951969 -0.5306722116665519
24103 11289096 0.04331699406070685 0.07427363539455291 0.21336000000000002 -2.516863095951969 -0.5306722116665519
24104 11289096 0.043106254449578746 0.07415497099969103 0.21336000000000002 -2.516863095951969 -0.5306722116665519
24105 11289096 0.04289551483845065 0.07403630660482916 0.21336000000000002 -2.516863095951969 -0.5306722116665519
24106 11289096 0.04268477522732256 0.07391764220996729 0.21336000000000002 -2.516863095951969 -0.5306722116665519
24107 11289096 0.04247403561619446 0.0737989778151054 0.21336000000000002 -2.516863095951969 -0.5306722116665519
24108 11289096 0.042263296005066356 0.07368031342024353 0.21336000000000002 -2.516863095951969 -0.5306722116665519
24109 11289096 0.04205255639393826 0.07356164902538166 0.21336000000000002 -2.516863095951969 -0.5306722116665519
24110 11289096 0.04184181678281017 0.07344298463051979 0.21336000000000002 -2.516863095951969 -0.5306722116665519
