24173 10926744 0.06187980655574532 0.010793498840920152 0.21336000000000002 -2.516863095951969 -0.5306722116665519
24174 10926744 0.07770299251197488 0.0157276898552777 0.21336000000000002 -2.516863095951969 -0.5306722116665519
24175 10926744 0.11198283012688204 0.009197034711842939 0.21336000000000002 -2.516863095951969 -0.5306722116665519
24176 10926744 0.1309023963941217 0.008387715594604411 0.21336000000000002 -2.516863095951969 -0.5306722116665519
24177 10926744 0.15601871468234652 0.006429446816433579 0.21336000000000002 -2.516863095951969 -0.5306722116665519
24178 10926744 0.18113503297057132 0.004471178038262746 0.21336000000000002 -2.516863095951969 -0.5306722116665519
24179 10926744 0.20522616490097023 0.0037243109139370734 0.21336000000000002 -2.516863095951969 -0.5306722116665519
24180 10926744 0.22708245395182836 0.0042920505811725185 0.21336000000000002 -2.516863095951969 -0.5306722116665519
24181 10926744 0.2522309549742605 0.0062373341275615 0.21336000000000002 -2.516863095951969 -0.5306722116665519
24182 10926744 0.2811860928243547 0.007873339395896725 0.21336000000000002 -2.516863095951969 -0.5306722116665519
24183 10926744 0.3101412306744489 0.00950934466423195 0.21336000000000002 -2.516863095951969 -0.5306722116665519
24184 10926744 0.341097223284497 0.004766998234446429 0.21336000000000002 -2.516863095951969 -0.5306722116665519
24185 10926744 0.37311656071335153 0.0030069850366790385 0.22860000000000003 -2.516863095951969 -0.5306722116665519
24186 10926744 0.4051358981422061 0.001246971838911648 0.24384 -2.516863095951969 -0.5306722116665519
24187 10926744 0.4398676958358249 0.0001779561734286117 0.21336000000000002 -2.516863095951969 -0.5306722116665519
24188 10926744 0.4696468560585176 0.00026021326125102995 0.21336000000000002 -2.516863095951969 -0.5306722116665519
24189 10926744 0.5023035002546693 -0.0003640550222693967 0.24384 -2.516863095951969 -0.5306722116665519
24190 10926744 0.5377137911367984 0.0009158767571276483 0.24384 -2.516863095951969 -0.5306722116665519
24191 10926744 0.5737863255898762 -0.0009410466240341517 0.24384 -2.516863095951969 -0.5306722116665519
24192 10926744 0.609858860042954 -0.0027979700051959516 0.24384 -2.516863095951969 -0.5306722116665519
24193 10926744 0.6376226131968257 0.0006305264559261226 0.24384 -2.516863095951969 -0.5306722116665519
24194 10926744 0.6684651773153221 0.010763719277485428 0.24384 -2.516863095951969 -0.5306722116665519
24195 10926744 0.7023599618100953 0.0012464349266008562 0.24384 -2.516863095951969 -0.5306722116665519
24196 10926744 0.7362547463048686 -0.008270849424283716 0.24384 -2.516863095951969 -0.5306722116665519
24197 10926744 0.7701495307996419 -0.01778813377516829 0.24384 -2.516863095951969 -0.5306722116665519
24198 10926744 0.8017606426623962 -0.020522862058890978 0.24384 -2.516863095951969 -0.5306722116665519
24199 10926744 0.8166789086061699 -0.020256747998831176 0.25908 -2.516863095951969 -0.5306722116665519
24200 10926744 0.8315971745499436 -0.019990633938771374 0.27432 -2.516863095951969 -0.5306722116665519
24201 10926744 0.908321806808003 -0.017837815842564553 0.27432 -2.516863095951969 -0.5306722116665519
24202 10926744 0.9480769793373695 -0.003255466524370948 0.27432 -2.516863095951969 -0.5306722116665519
24203 10926744 0.9801326624156986 0.01874922789904941 0.27432 -2.516863095951969 -0.5306722116665519
24204 10926744 1.0127104262071838 0.02060620446085265 0.27432 -2.516863095951969 -0.5306722116665519
24205 10926744 1.054733143298651 0.03234529905767293 0.27432 -2.516863095951969 -0.5306722116665519
24206 10926744 1.0913832527863312 0.03661064645944105 0.27432 -2.516863095951969 -0.5306722116665519
24207 10926744 1.1280333622740113 0.04087599386120917 0.27432 -2.516863095951969 -0.5306722116665519
24208 10926744 1.1618854405734655 0.04500422928178213 0.3048 -2.516863095951969 -0.5306722116665519
24209 10926744 1.195586934327264 0.04024475672132556 0.3048 -2.516863095951969 -0.5306722116665519
24210 10926744 1.2292884280810623 0.03548528416086899 0.3048 -2.516863095951969 -0.5306722116665519
24211 10926744 1.2675496755957245 0.040334948926550984 0.32004 -2.516863095951969 -0.5306722116665519
24212 10926744 1.305810923110387 0.04518461369223298 0.33528 -2.516863095951969 -0.5306722116665519
24213 10926744 1.3388470218076085 0.04736047148421785 0.33528 -2.516863095951969 -0.5306722116665519
24214 10926744 1.3731081615710738 0.0399656841229883 0.33528 -2.516863095951969 -0.5306722116665519
24215 10926744 1.4073693013345392 0.032570896761758755 0.33528 -2.516863095951969 -0.5306722116665519
24216 10926744 1.4334141167820549 0.038900048861631537 0.33528 -2.516863095951969 -0.5306722116665519
24217 10926744 1.46689068448411 0.032638085022288627 0.33528 -2.516863095951969 -0.5306722116665519
24218 10926744 1.5044985676151008 0.030868023420758367 0.33528 -2.516863095951969 -0.5306722116665519
24219 10926744 1.539413870327914 0.03172997916541456 0.33528 -2.516863095951969 -0.5306722116665519
24220 10926744 1.5573071911459744 0.032135556348986696 0.35052 -2.516863095951969 -0.5306722116665519
24221 10926744 1.5752005119640349 0.03254113353255883 0.36576 -2.516863095951969 -0.5306722116665519
24222 10926744 1.648044386328114 0.03152929974307994 0.36576 -2.516863095951969 -0.5306722116665519
24223 10926744 1.6837979969595072 0.04964149623242134 0.36576 -2.516863095951969 -0.5306722116665519
24224 10926744 1.7221295604444753 0.050089386601330416 0.36576 -2.516863095951969 -0.5306722116665519
24225 10926744 1.7590487348980095 0.04784454841095248 0.36576 -2.516863095951969 -0.5306722116665519
24226 10926744 1.7945140199424618 0.048761635563315114 0.36576 -2.516863095951969 -0.5306722116665519
24227 10926744 1.8299590273552324 0.05342388215728633 0.36576 -2.516863095951969 -0.5306722116665519
24228 10926744 1.8654040347680028 0.05808612875125754 0.36576 -2.516863095951969 -0.5306722116665519
24229 10926744 1.903310891574818 0.0583231331056622 0.36576 -2.516863095951969 -0.5306722116665519
24230 10926744 1.9429865832198847 0.06288916567467293 0.36576 -2.516863095951969 -0.5306722116665519
24231 10926744 1.9795921524505897 0.06349317560431891 0.381 -2.516863095951969 -0.5306722116665519
24232 10926744 2.0161977216812947 0.0640971855339649 0.39624000000000004 -2.516863095951969 -0.5306722116665519
24233 10926744 2.05432188554793 0.06391348724222115 0.39624000000000004 -2.516863095951969 -0.5306722116665519
24234 10926744 2.0909005125568942 0.06715519667677003 0.39624000000000004 -2.516863095951969 -0.5306722116665519
24235 10926744 2.127902268545949 0.06897395474981441 0.39624000000000004 -2.516863095951969 -0.5306722116665519
24236 10926744 2.164904024535004 0.07079271282285879 0.39624000000000004 -2.516863095951969 -0.5306722116665519
24237 10926744 2.2021373750313957 0.07604070909361146 0.39624000000000004 -2.516863095951969 -0.5306722116665519
24238 10926744 2.2367864824107544 0.07500668658111234 0.42672000000000004 -2.516863095951969 -0.5306722116665519
24239 10926744 2.2748359452201714 0.07514058826016487 0.42672000000000004 -2.516863095951969 -0.5306722116665519
24240 10926744 2.3128854080295884 0.0752744899392174 0.42672000000000004 -2.516863095951969 -0.5306722116665519
24241 10926744 2.3489933829406384 0.07843740108365502 0.42672000000000004 -2.516863095951969 -0.5306722116665519
24242 10926744 2.382625061727744 0.08217537558241575 0.42672000000000004 -2.516863095951969 -0.5306722116665519
24243 10926744 2.42069151447712 0.08236284069792602 0.44196 -2.516863095951969 -0.5306722116665519
24244 10926744 2.4587579672264965 0.08255030581343628 0.45720000000000005 -2.516863095951969 -0.5306722116665519
24245 10926744 2.4908960570915855 0.08198681342219952 0.45720000000000005 -2.516863095951969 -0.5306722116665519
24246 10926744 2.526026253086888 0.08079700859147723 0.45720000000000005 -2.516863095951969 -0.5306722116665519
24247 10926744 2.5654173027561775 0.08177931140092282 0.45720000000000005 -2.516863095951969 -0.5306722116665519
24248 10926744 2.604808352425467 0.0827616142103684 0.45720000000000005 -2.516863095951969 -0.5306722116665519
24249 10926744 2.6412136112123408 0.08547832047099244 0.45720000000000005 -2.516863095951969 -0.5306722116665519
24250 10926744 2.681158181245675 0.08271744051751104 0.45720000000000005 -2.516863095951969 -0.5306722116665519
24251 10926744 2.721436558139926 0.0820673355254393 0.45720000000000005 -2.516863095951969 -0.5306722116665519
24252 10926744 2.721064344355207 0.0820569213743909 0.4571698771706904 -2.516863095951969 -0.5306722116665519
24253 10926744 2.7206921305704883 0.0820465072233425 0.4571397543413808 -2.516863095951969 -0.5306722116665519
24254 10926744 2.7203199167857695 0.0820360930722941 0.4571096315120712 -2.516863095951969 -0.5306722116665519
24255 10926744 2.7199477030010506 0.08202567892124571 0.4570795086827616 -2.516863095951969 -0.5306722116665519
24256 10926744 2.7195754892163317 0.08201526477019731 0.45704938585345195 -2.516863095951969 -0.5306722116665519
24257 10926744 2.719203275431613 0.08200485061914892 0.45701926302414236 -2.516863095951969 -0.5306722116665519
24258 10926744 2.7188310616468945 0.08199443646810052 0.4569891401948327 -2.516863095951969 -0.5306722116665519
24259 10926744 2.7184588478621756 0.08198402231705212 0.45695901736552313 -2.516863095951969 -0.5306722116665519
24260 10926744 2.7180866340774568 0.08197360816600373 0.4569288945362135 -2.516863095951969 -0.5306722116665519
24261 10926744 2.717714420292738 0.08196319401495533 0.4568987717069039 -2.516863095951969 -0.5306722116665519
24262 10926744 2.717342206508019 0.08195277986390694 0.45686864887759426 -2.516863095951969 -0.5306722116665519
24263 10926744 2.7169699927233 0.08194236571285854 0.4568385260482847 -2.516863095951969 -0.5306722116665519
24264 10926744 2.7165977789385813 0.08193195156181014 0.45680840321897503 -2.516863095951969 -0.5306722116665519
24265 10926744 2.7162255651538625 0.08192153741076175 0.45677828038966545 -2.516863095951969 -0.5306722116665519
24266 10926744 2.7158533513691436 0.08191112325971335 0.4567481575603558 -2.516863095951969 -0.5306722116665519
24267 10926744 2.7154811375844248 0.08190070910866495 0.4567180347310462 -2.516863095951969 -0.5306722116665519
24268 10926744 2.715108923799706 0.08189029495761656 0.4566879119017366 -2.516863095951969 -0.5306722116665519
24269 10926744 2.714736710014987 0.08187988080656816 0.456657789072427 -2.516863095951969 -0.5306722116665519
24270 10926744 2.714364496230268 0.08186946665551977 0.45662766624311735 -2.516863095951969 -0.5306722116665519
24271 10926744 2.71399228244555 0.08185905250447137 0.45659754341380776 -2.516863095951969 -0.5306722116665519
24272 10926744 2.713620068660831 0.08184863835342297 0.4565674205844981 -2.516863095951969 -0.5306722116665519
24273 10926744 2.713247854876112 0.08183822420237458 0.45653729775518853 -2.516863095951969 -0.5306722116665519
24274 10926744 2.7128756410913932 0.08182781005132618 0.4565071749258789 -2.516863095951969 -0.5306722116665519
24275 10926744 2.7125034273066744 0.08181739590027778 0.4564770520965693 -2.516863095951969 -0.5306722116665519
24276 10926744 2.7121312135219555 0.08180698174922939 0.45644692926725966 -2.516863095951969 -0.5306722116665519
24277 10926744 2.7117589997372367 0.08179656759818099 0.4564168064379501 -2.516863095951969 -0.5306722116665519
24278 10926744 2.711386785952518 0.0817861534471326 0.45638668360864043 -2.516863095951969 -0.5306722116665519
24279 10926744 2.711014572167799 0.0817757392960842 0.45635656077933084 -2.516863095951969 -0.5306722116665519
24280 10926744 2.71064235838308 0.0817653251450358 0.4563264379500212 -2.516863095951969 -0.5306722116665519
24281 10926744 2.7102701445983612 0.0817549109939874 0.4562963151207116 -2.516863095951969 -0.5306722116665519
24282 10926744 2.7098979308136424 0.08174449684293901 0.456266192291402 -2.516863095951969 -0.5306722116665519
24283 10926744 2.709525717028924 0.08173408269189061 0.4562360694620924 -2.516863095951969 -0.5306722116665519
24284 10926744 2.709153503244205 0.08172366854084222 0.45620594663278274 -2.516863095951969 -0.5306722116665519
24285 10926744 2.7087812894594863 0.08171325438979382 0.45617582380347316 -2.516863095951969 -0.5306722116665519
24286 10926744 2.7084090756747674 0.08170284023874543 0.4561457009741635 -2.516863095951969 -0.5306722116665519
24287 10926744 2.7080368618900486 0.08169242608769703 0.45611557814485393 -2.516863095951969 -0.5306722116665519
24288 10926744 2.7076646481053297 0.08168201193664863 0.4560854553155443 -2.516863095951969 -0.5306722116665519
24289 10926744 2.707292434320611 0.08167159778560024 0.4560553324862347 -2.516863095951969 -0.5306722116665519
24290 10926744 2.706920220535892 0.08166118363455185 0.45602520965692506 -2.516863095951969 -0.5306722116665519
24291 10926744 2.706548006751173 0.08165076948350346 0.45599508682761547 -2.516863095951969 -0.5306722116665519
24292 10926744 2.7061757929664543 0.08164035533245506 0.45596496399830583 -2.516863095951969 -0.5306722116665519
24293 10926744 2.7058035791817354 0.08162994118140666 0.45593484116899624 -2.516863095951969 -0.5306722116665519
24294 10926744 2.7054313653970166 0.08161952703035827 0.4559047183396866 -2.516863095951969 -0.5306722116665519
24295 10926744 2.7050591516122977 0.08160911287930987 0.455874595510377 -2.516863095951969 -0.5306722116665519
24296 10926744 2.7046869378275793 0.08159869872826148 0.45584447268106737 -2.516863095951969 -0.5306722116665519
24297 10926744 2.7043147240428604 0.08158828457721308 0.4558143498517578 -2.516863095951969 -0.5306722116665519
24298 10926744 2.7039425102581416 0.08157787042616468 0.45578422702244814 -2.516863095951969 -0.5306722116665519
24299 10926744 2.7035702964734227 0.08156745627511629 0.45575410419313855 -2.516863095951969 -0.5306722116665519
24300 10926744 2.703198082688704 0.08155704212406789 0.4557239813638289 -2.516863095951969 -0.5306722116665519
24301 10926744 2.702825868903985 0.0815466279730195 0.4556938585345193 -2.516863095951969 -0.5306722116665519
24302 10926744 2.702453655119266 0.0815362138219711 0.4556637357052097 -2.516863095951969 -0.5306722116665519
24303 10926744 2.7020814413345473 0.0815257996709227 0.4556336128759001 -2.516863095951969 -0.5306722116665519
24304 10926744 2.7017092275498285 0.0815153855198743 0.45560349004659045 -2.516863095951969 -0.5306722116665519
24305 10926744 2.7013370137651096 0.08150497136882591 0.45557336721728087 -2.516863095951969 -0.5306722116665519
24306 10926744 2.7009647999803907 0.08149455721777751 0.4555432443879712 -2.516863095951969 -0.5306722116665519
24307 10926744 2.700592586195672 0.08148414306672912 0.45551312155866164 -2.516863095951969 -0.5306722116665519
24308 10926744 2.700220372410953 0.08147372891568072 0.455482998729352 -2.516863095951969 -0.5306722116665519
24309 10926744 2.6998481586262346 0.08146331476463232 0.4554528759000424 -2.516863095951969 -0.5306722116665519
24310 10926744 2.6994759448415158 0.08145290061358393 0.45542275307073277 -2.516863095951969 -0.5306722116665519
24311 10926744 2.699103731056797 0.08144248646253553 0.4553926302414232 -2.516863095951969 -0.5306722116665519
