29723 10514849 0.3022455549702921 0.0023345133674887303 0.22860000000000003 -1.9091808221355453 -0.7677270387252508
29724 10514849 0.3346155540343002 0.0015110699496332647 0.21336000000000002 -1.9091808221355453 -0.7677270387252508
29725 10514849 0.3701408260010694 0.002869498499541795 0.21336000000000002 -1.9091808221355453 -0.7677270387252508
29726 10514849 0.40569414736605425 0.0036348550204045454 0.22860000000000003 -1.9091808221355453 -0.7677270387252508
29727 10514849 0.44124746873103904 0.004400211541267296 0.24384 -1.9091808221355453 -0.7677270387252508
29728 10514849 0.4767380751236774 0.005653616261536321 0.24384 -1.9091808221355453 -0.7677270387252508
29729 10514849 0.5148646855440768 0.005461656023451139 0.24384 -1.9091808221355453 -0.7677270387252508
29730 10514849 0.5526762283277594 0.005664999625983977 0.24384 -1.9091808221355453 -0.7677270387252508
29731 10514849 0.590487771111442 0.005868343228516815 0.24384 -1.9091808221355453 -0.7677270387252508
29732 10514849 0.6311939883228477 0.0054181697582536825 0.24384 -1.9091808221355453 -0.7677270387252508
29733 10514849 0.6741694932245077 0.00375940452796214 0.24384 -1.9091808221355453 -0.7677270387252508
29734 10514849 0.7147721240533857 0.002993038537364018 0.24384 -1.9091808221355453 -0.7677270387252508
29735 10514849 0.7579378816944973 0.002733040660212266 0.24384 -1.9091808221355453 -0.7677270387252508
29736 10514849 0.8011036393356087 0.002473042783060514 0.24384 -1.9091808221355453 -0.7677270387252508
29737 10514849 0.845535916688388 0.0017413125247510153 0.24384 -1.9091808221355453 -0.7677270387252508
29738 10514849 0.8899681940411672 0.0010095822664415166 0.24384 -1.9091808221355453 -0.7677270387252508
29739 10514849 0.9345919356026207 -0.003756409761338758 0.24384 -1.9091808221355453 -0.7677270387252508
29740 10514849 0.9838991069678138 -0.0023417281911623095 0.24384 -1.9091808221355453 -0.7677270387252508
29741 10514849 1.030109090388037 -0.002251261972787473 0.24384 -1.9091808221355453 -0.7677270387252508
29742 10514849 1.0763190738082604 -0.0021607957544126366 0.24384 -1.9091808221355453 -0.7677270387252508
29743 10514849 1.1272745912693274 -0.003853879455382875 0.27432 -1.9091808221355453 -0.7677270387252508
29744 10514849 1.1860759021582175 -0.0019177426777192766 0.27432 -1.9091808221355453 -0.7677270387252508
29745 10514849 1.2448772130471075 1.8394099944321618e-05 0.27432 -1.9091808221355453 -0.7677270387252508
29746 10514849 1.2989983033020134 -0.0001373296963409279 0.27432 -1.9091808221355453 -0.7677270387252508
29747 10514849 1.3531193935569195 -0.0002930534926261774 0.27432 -1.9091808221355453 -0.7677270387252508
29748 10514849 1.400018384092494 0.0019108791452773222 0.27432 -1.9091808221355453 -0.7677270387252508
29749 10514849 1.4542426437756162 0.0020728143939233723 0.27432 -1.9091808221355453 -0.7677270387252508
29750 10514849 1.5008624076742947 -0.0006547175434185731 0.27432 -1.9091808221355453 -0.7677270387252508
29751 10514849 1.5474821715729732 -0.0033822494807605186 0.27432 -1.9091808221355453 -0.7677270387252508
29752 10514849 1.5859533292808314 -0.0008777234621503982 0.3048 -1.9091808221355453 -0.7677270387252508
29753 10514849 1.6567204998882823 -0.003897669266586107 0.3048 -1.9091808221355453 -0.7677270387252508
29754 10514849 1.7274876704957332 -0.006917615071021815 0.3048 -1.9091808221355453 -0.7677270387252508
29755 10514849 1.770496142099707 -0.00846417236394878 0.3048 -1.9091808221355453 -0.7677270387252508
29756 10514849 1.823840535354901 -0.010991050356249976 0.3048 -1.9091808221355453 -0.7677270387252508
29757 10514849 1.8771849286100952 -0.013517928348551173 0.3048 -1.9091808221355453 -0.7677270387252508
29758 10514849 1.9266251681826507 -0.01576206777507659 0.32004 -1.9091808221355453 -0.7677270387252508
29759 10514849 1.9760654077552062 -0.01800620720160201 0.33528 -1.9091808221355453 -0.7677270387252508
29760 10514849 2.031472108572392 -0.022373287440857023 0.33528 -1.9091808221355453 -0.7677270387252508
29761 10514849 2.086878809389577 -0.026740367680112037 0.33528 -1.9091808221355453 -0.7677270387252508
29762 10514849 2.141512611034062 -0.029393988889139577 0.33528 -1.9091808221355453 -0.7677270387252508
29763 10514849 2.1961464126785466 -0.03204761009816712 0.33528 -1.9091808221355453 -0.7677270387252508
29764 10514849 2.2635077721472237 -0.0340669051525517 0.33528 -1.9091808221355453 -0.7677270387252508
29765 10514849 2.313094033016937 -0.03150818879147843 0.33528 -1.9091808221355453 -0.7677270387252508
29766 10514849 2.3626802938866502 -0.02894947243040516 0.33528 -1.9091808221355453 -0.7677270387252508
29767 10514849 2.425531427105244 -0.019214652432468143 0.33528 -1.9091808221355453 -0.7677270387252508
29768 10514849 2.479428167964785 0.0006286893900030455 0.35052 -1.9091808221355453 -0.7677270387252508
29769 10514849 2.5333249088243264 0.020472031212474234 0.36576 -1.9091808221355453 -0.7677270387252508
29770 10514849 2.576802111997737 0.0488383068362814 0.36576 -1.9091808221355453 -0.7677270387252508
29771 10514849 2.620279315171148 0.07720458246008857 0.36576 -1.9091808221355453 -0.7677270387252508
29772 10514849 2.6637565183445586 0.10557085808389574 0.36576 -1.9091808221355453 -0.7677270387252508
29773 10514849 2.7112642979265695 0.1504557775819276 0.39624000000000004 -1.9091808221355453 -0.7677270387252508
29774 10514849 2.7417481909293167 0.19396741968469514 0.40640000000000004 -1.9091808221355453 -0.7677270387252508
29775 10514849 2.7722320839320633 0.23747906178746264 0.41656000000000004 -1.9091808221355453 -0.7677270387252508
29776 10514849 2.8027159769348104 0.2809907038902302 0.42672000000000004 -1.9091808221355453 -0.7677270387252508
29777 10514849 2.82879966277305 0.35272910576486216 0.42672000000000004 -4.026980953523151 -0.849075538666483
29778 10514849 2.841901093274438 0.40101994350875303 0.42672000000000004 -4.026980953523151 -0.849075538666483
29779 10514849 2.8515442881628843 0.44687683684366 0.44196 -4.026980953523151 -0.849075538666483
29780 10514849 2.8611874830513306 0.4927337301785669 0.45720000000000005 -4.026980953523151 -0.849075538666483
29781 10514849 2.8663224656442097 0.5258690441328386 0.45720000000000005 -4.026980953523151 -0.849075538666483
29782 10514849 2.8825828610965045 0.6006976227476586 0.45720000000000005 -4.026980953523151 -0.849075538666483
29783 10514849 2.8931859478636937 0.6500377575382845 0.45720000000000005 -4.026980953523151 -0.849075538666483
29784 10514849 2.903789034630883 0.6993778923289103 0.45720000000000005 -4.026980953523151 -0.849075538666483
29785 10514849 2.9191654579886617 0.7546360447033174 0.45720000000000005 -4.026980953523151 -0.849075538666483
29786 10514849 2.932267301416467 0.8029267978258083 0.45720000000000005 -4.026980953523151 -0.849075538666483
29787 10514849 2.945369144844272 0.8512175509482992 0.45720000000000005 -4.026980953523151 -0.849075538666483
29788 10514849 2.95882667974164 0.9169148969920425 0.48768 -4.026980953523151 -0.849075538666483
29789 10514849 2.9722843490781594 0.9826122146415492 0.48768 -4.026980953523151 -0.849075538666483
29790 10514849 2.983712290318183 1.0303981137417448 0.48768 -4.026980953523151 -0.849075538666483
29791 10514849 2.9951402315582065 1.0781840128419404 0.48768 -4.026980953523151 -0.849075538666483
29792 10514849 3.004204290660719 1.1225362103155896 0.48768 -4.026980953523151 -0.849075538666483
29793 10514849 3.0178152541991317 1.1771442053722416 0.50292 -4.026980953523151 -0.849075538666483
29794 10514849 3.031426217737544 1.2317522004288939 0.5181600000000001 -4.026980953523151 -0.849075538666483
29795 10514849 3.0509101416694966 1.307748082598667 0.5181600000000001 -4.026980953523151 -0.849075538666483
29796 10514849 3.0646040667079646 1.3660087920042945 0.5181600000000001 -4.026980953523151 -0.849075538666483
29797 10514849 3.0813166828241134 1.413120783094226 0.5181600000000001 -4.026980953523151 -0.849075538666483
29798 10514849 3.0980292989402622 1.4602327741841574 0.5181600000000001 -4.026980953523151 -0.849075538666483
29799 10514849 3.1219077089425387 1.5252148912730439 0.54864 -4.026980953523151 -0.849075538666483
29800 10514849 3.136609857167764 1.5743266769111162 0.54864 -4.026980953523151 -0.849075538666483
29801 10514849 3.151312005392989 1.6234384625491884 0.54864 -4.026980953523151 -0.849075538666483
29802 10514849 3.1678148865986717 1.6658293937349056 0.54864 -4.026980953523151 -0.849075538666483
29803 10514849 3.1888241380005558 1.7342598458177776 0.54864 -4.026980953523151 -0.849075538666483
29804 10514849 3.20983338940244 1.8026902979006496 0.54864 -4.026980953523151 -0.849075538666483
29805 10514849 3.2249290146201024 1.84892841424683 0.54864 -4.026980953523151 -0.849075538666483
29806 10514849 3.240024639837765 1.8951665305930108 0.54864 -4.026980953523151 -0.849075538666483
29807 10514849 3.262354935836705 1.959485940680982 0.54864 -4.026980953523151 -0.849075538666483
29808 10514849 3.2846852318356454 2.023805350768953 0.54864 -4.026980953523151 -0.849075538666483
29809 10514849 3.306122383834428 2.089467732226926 0.54864 -4.026980953523151 -0.849075538666483
29810 10514849 3.3275595358332106 2.1551301136848995 0.54864 -4.026980953523151 -0.849075538666483
29811 10514849 3.3499557205438473 2.215573030206308 0.54864 -4.026980953523151 -0.849075538666483
29812 10514849 3.371524710039637 2.2734823693800648 0.54864 -4.026980953523151 -0.849075538666483
29813 10514849 3.3881488003225764 2.34071612156785 0.54864 -4.026980953523151 -0.849075538666483
29814 10514849 3.4109240205117746 2.402320320814233 0.54864 -4.026980953523151 -0.849075538666483
29815 10514849 3.4336992407009728 2.463924520060616 0.54864 -4.026980953523151 -0.849075538666483
29816 10514849 3.4588585626713977 2.540988156871058 0.54864 -4.026980953523151 -0.849075538666483
29817 10514849 3.4840620787487255 2.600514597566957 0.54864 -4.026980953523151 -0.849075538666483
29818 10514849 3.4992903442119383 2.6555876838842543 0.57912 -4.026980953523151 -0.849075538666483
29819 10514849 3.5167665537353425 2.70490368537395 0.57912 -4.026980953523151 -0.849075538666483
29820 10514849 3.5342427632587468 2.7542196868636455 0.57912 -4.026980953523151 -0.849075538666483
29821 10514849 3.5729749557938444 2.8647013902007594 0.57912 -4.026980953523151 -0.849075538666483
29822 10514849 3.588262590801869 2.9073139444097755 0.59436 -4.026980953523151 -0.849075538666483
29823 10514849 3.6035502258098937 2.949926498618792 0.6096 -4.026980953523151 -0.849075538666483
29824 10514849 3.6250702971855655 3.011765317131837 0.6096 -4.026980953523151 -0.849075538666483
29825 10514849 3.6465903685612373 3.073604135644881 0.6096 -4.026980953523151 -0.849075538666483
29826 10514849 3.672960199869217 3.145132643721191 0.6096 -4.026980953523151 -0.849075538666483
29827 10514849 3.6880149431485867 3.1830901008418864 0.6096 -4.026980953523151 -0.849075538666483
29828 10514849 3.7127949910225704 3.2589926628217176 0.6096 -4.026980953523151 -0.849075538666483
29829 10514849 3.737575038896554 3.334895224801549 0.6096 -4.026980953523151 -0.849075538666483
29830 10514849 3.7663529858195135 3.423043558394105 0.6096 -4.026980953523151 -0.849075538666483
29831 10514849 3.7745210984190907 3.4480629081174876 0.6096 -4.026980953523151 -0.849075538666483
29832 10514849 3.804257640992425 3.530991923719115 0.6096 -4.026980953523151 -0.849075538666483
29833 10514849 3.8231269997842423 3.588789809797621 0.6096 -4.026980953523151 -0.849075538666483
29834 10514849 3.8419963585760595 3.646587695876127 0.6096 -4.026980953523151 -0.849075538666483
29835 10514849 3.8616723911730104 3.7027788238543904 0.6096 -4.026980953523151 -0.849075538666483
29836 10514849 3.8813484237699614 3.758969951832654 0.6096 -4.026980953523151 -0.849075538666483
29837 10514849 3.9119119645387093 3.8444326736564887 0.6096 -4.026980953523151 -0.849075538666483
29838 10514849 3.9251808070483096 3.885075965155328 0.6096 -4.026980953523151 -0.849075538666483
29839 10514849 3.93844964955791 3.9257192566541677 0.6096 -4.026980953523151 -0.849075538666483
29840 10514849 3.9380569061405293 3.9253082133979493 0.6095616120906802 -4.026980953523151 -0.849075538666483
29841 10514849 3.9376641627231486 3.924897170141731 0.6095232241813602 -4.026980953523151 -0.849075538666483
29842 10514849 3.9372714193057683 3.9244861268855122 0.6094848362720403 -4.026980953523151 -0.849075538666483
29843 10514849 3.9368786758883876 3.924075083629294 0.6094464483627204 -4.026980953523151 -0.849075538666483
29844 10514849 3.936485932471007 3.9236640403730756 0.6094080604534006 -4.026980953523151 -0.849075538666483
29845 10514849 3.936093189053626 3.9232529971168573 0.6093696725440806 -4.026980953523151 -0.849075538666483
29846 10514849 3.935700445636246 3.922841953860639 0.6093312846347607 -4.026980953523151 -0.849075538666483
29847 10514849 3.935307702218865 3.92243091060442 0.6092928967254408 -4.026980953523151 -0.849075538666483
29848 10514849 3.9349149588014845 3.922019867348202 0.609254508816121 -4.026980953523151 -0.849075538666483
29849 10514849 3.9345222153841037 3.9216088240919835 0.609216120906801 -4.026980953523151 -0.849075538666483
29850 10514849 3.934129471966723 3.921197780835765 0.6091777329974811 -4.026980953523151 -0.849075538666483
29851 10514849 3.9337367285493428 3.920786737579547 0.6091393450881613 -4.026980953523151 -0.849075538666483
29852 10514849 3.933343985131962 3.920375694323328 0.6091009571788414 -4.026980953523151 -0.849075538666483
29853 10514849 3.9329512417145813 3.91996465106711 0.6090625692695214 -4.026980953523151 -0.849075538666483
29854 10514849 3.9325584982972006 3.9195536078108915 0.6090241813602015 -4.026980953523151 -0.849075538666483
29855 10514849 3.9321657548798203 3.919142564554673 0.6089857934508817 -4.026980953523151 -0.849075538666483
29856 10514849 3.9317730114624396 3.918731521298455 0.6089474055415618 -4.026980953523151 -0.849075538666483
29857 10514849 3.931380268045059 3.918320478042236 0.6089090176322418 -4.026980953523151 -0.849075538666483
29858 10514849 3.930987524627678 3.9179094347860177 0.6088706297229219 -4.026980953523151 -0.849075538666483
29859 10514849 3.930594781210298 3.9174983915297994 0.6088322418136021 -4.026980953523151 -0.849075538666483
29860 10514849 3.930202037792917 3.917087348273581 0.6087938539042822 -4.026980953523151 -0.849075538666483
29861 10514849 3.9298092943755365 3.9166763050173627 0.6087554659949622 -4.026980953523151 -0.849075538666483
29862 10514849 3.929416550958156 3.916265261761144 0.6087170780856423 -4.026980953523151 -0.849075538666483
29863 10514849 3.929023807540775 3.9158542185049257 0.6086786901763225 -4.026980953523151 -0.849075538666483
29864 10514849 3.928631064123395 3.9154431752487073 0.6086403022670025 -4.026980953523151 -0.849075538666483
29865 10514849 3.928238320706014 3.915032131992489 0.6086019143576826 -4.026980953523151 -0.849075538666483
29866 10514849 3.9278455772886334 3.9146210887362707 0.6085635264483628 -4.026980953523151 -0.849075538666483
29867 10514849 3.9274528338712527 3.914210045480052 0.6085251385390429 -4.026980953523151 -0.849075538666483
29868 10514849 3.9270600904538724 3.9137990022238336 0.6084867506297229 -4.026980953523151 -0.849075538666483
29869 10514849 3.9266673470364917 3.9133879589676153 0.608448362720403 -4.026980953523151 -0.849075538666483
29870 10514849 3.926274603619111 3.912976915711397 0.6084099748110832 -4.026980953523151 -0.849075538666483
29871 10514849 3.9258818602017302 3.9125658724551786 0.6083715869017633 -4.026980953523151 -0.849075538666483
29872 10514849 3.9254891167843495 3.91215482919896 0.6083331989924433 -4.026980953523151 -0.849075538666483
29873 10514849 3.9250963733669693 3.9117437859427415 0.6082948110831234 -4.026980953523151 -0.849075538666483
29874 10514849 3.9247036299495885 3.911332742686523 0.6082564231738036 -4.026980953523151 -0.849075538666483
29875 10514849 3.924310886532208 3.910921699430305 0.6082180352644837 -4.026980953523151 -0.849075538666483
29876 10514849 3.923918143114827 3.9105106561740866 0.6081796473551637 -4.026980953523151 -0.849075538666483
29877 10514849 3.923525399697447 3.910099612917868 0.6081412594458439 -4.026980953523151 -0.849075538666483
29878 10514849 3.923132656280066 3.9096885696616495 0.608102871536524 -4.026980953523151 -0.849075538666483
29879 10514849 3.9227399128626854 3.909277526405431 0.6080644836272041 -4.026980953523151 -0.849075538666483
29880 10514849 3.9223471694453047 3.908866483149213 0.6080260957178841 -4.026980953523151 -0.849075538666483
29881 10514849 3.921954426027924 3.9084554398929945 0.6079877078085643 -4.026980953523151 -0.849075538666483
29882 10514849 3.9215616826105437 3.9080443966367757 0.6079493198992444 -4.026980953523151 -0.849075538666483
29883 10514849 3.921168939193163 3.9076333533805574 0.6079109319899245 -4.026980953523151 -0.849075538666483
29884 10514849 3.9207761957757823 3.907222310124339 0.6078725440806045 -4.026980953523151 -0.849075538666483
29885 10514849 3.9203834523584016 3.9068112668681207 0.6078341561712847 -4.026980953523151 -0.849075538666483
29886 10514849 3.9199907089410213 3.9064002236119024 0.6077957682619648 -4.026980953523151 -0.849075538666483
29887 10514849 3.9195979655236406 3.905989180355684 0.6077573803526448 -4.026980953523151 -0.849075538666483
29888 10514849 3.91920522210626 3.9055781370994653 0.607718992443325 -4.026980953523151 -0.849075538666483
29889 10514849 3.918812478688879 3.905167093843247 0.6076806045340051 -4.026980953523151 -0.849075538666483
29890 10514849 3.918419735271499 3.9047560505870287 0.6076422166246852 -4.026980953523151 -0.849075538666483
29891 10514849 3.918026991854118 3.9043450073308104 0.6076038287153652 -4.026980953523151 -0.849075538666483
29892 10514849 3.9176342484367375 3.903933964074592 0.6075654408060454 -4.026980953523151 -0.849075538666483
29893 10514849 3.9172415050193568 3.9035229208183733 0.6075270528967255 -4.026980953523151 -0.849075538666483
29894 10514849 3.916848761601976 3.903111877562155 0.6074886649874056 -4.026980953523151 -0.849075538666483
29895 10514849 3.9164560181845958 3.9027008343059366 0.6074502770780856 -4.026980953523151 -0.849075538666483
29896 10514849 3.916063274767215 3.9022897910497183 0.6074118891687658 -4.026980953523151 -0.849075538666483
29897 10514849 3.9156705313498343 3.9018787477935 0.6073735012594459 -4.026980953523151 -0.849075538666483
29898 10514849 3.9152777879324536 3.901467704537281 0.607335113350126 -4.026980953523151 -0.849075538666483
29899 10514849 3.9148850445150734 3.901056661281063 0.607296725440806 -4.026980953523151 -0.849075538666483
