30003 11390060 -4.045640473503179 0.07760835464322477 0.39624000000000004 -4.026980953523151 -0.849075538666483
30004 11390060 -3.9716656652022095 0.0712655446158604 0.39624000000000004 -4.026980953523151 -0.849075538666483
30005 11390060 -3.940010044444978 0.06890536846837822 0.39624000000000004 -4.026980953523151 -0.849075538666483
30006 11390060 -3.9083544236877463 0.06654519232089603 0.39624000000000004 -4.026980953523151 -0.849075538666483
30007 11390060 -3.8572715969074034 0.05975276280272554 0.39624000000000004 -4.026980953523151 -0.849075538666483
30008 11390060 -3.807359940137979 0.060238239618928796 0.39624000000000004 -4.026980953523151 -0.849075538666483
30009 11390060 -3.753766240621151 0.052975042689375446 0.39624000000000004 -4.026980953523151 -0.849075538666483
30010 11390060 -3.70155110398718 0.05235654298174727 0.39624000000000004 -4.026980953523151 -0.849075538666483
30011 11390060 -3.6542888517070633 0.05289242450668716 0.39624000000000004 -4.026980953523151 -0.849075538666483
30012 11390060 -3.572399538263827 0.047935472732160006 0.39624000000000004 -4.026980953523151 -0.849075538666483
30013 11390060 -3.533879511670137 0.0461926165040952 0.39624000000000004 -4.026980953523151 -0.849075538666483
30014 11390060 -3.4835303216637143 0.039876642432547266 0.39624000000000004 -4.026980953523151 -0.849075538666483
30015 11390060 -3.4458646430684308 0.03823872956042759 0.39624000000000004 -4.026980953523151 -0.849075538666483
30016 11390060 -3.408198964473147 0.03660081668830792 0.39624000000000004 -4.026980953523151 -0.849075538666483
30017 11390060 -3.3580838019671697 0.026856899687110664 0.39624000000000004 -4.026980953523151 -0.849075538666483
30018 11390060 -3.3195639479648316 0.02511521005873138 0.39624000000000004 -4.026980953523151 -0.849075538666483
30019 11390060 -3.2593596657253263 0.021767897469593483 0.39624000000000004 -4.026980953523151 -0.849075538666483
30020 11390060 -3.1934268600274205 0.014209178511891712 0.39624000000000004 -4.026980953523151 -0.849075538666483
30021 11390060 -3.1445684199518045 0.016913241318699063 0.39624000000000004 -4.026980953523151 -0.849075538666483
30022 11390060 -3.095625087009749 0.014448599852074556 0.39624000000000004 -4.026980953523151 -0.849075538666483
30023 11390060 -3.046429925013861 0.011668166061345214 0.39624000000000004 -4.026980953523151 -0.849075538666483
30024 11390060 -2.9770108872799 0.013135935344365718 0.39624000000000004 -4.026980953523151 -0.849075538666483
30025 11390060 -2.924788970057728 0.009833098262872125 0.36576 -4.026980953523151 -0.849075538666483
30026 11390060 -2.896684005827865 0.011560453179782909 0.36576 -4.026980953523151 -0.849075538666483
30027 11390060 -2.868579041598002 0.013287808096693693 0.36576 -4.026980953523151 -0.849075538666483
30028 11390060 -2.8367820311277727 0.010009631665343605 0.39624000000000004 -4.026980953523151 -0.849075538666483
30029 11390060 -2.7687835487358674 0.013112569717467076 0.36576 -4.026980953523151 -0.849075538666483
30030 11390060 -2.7089011968931223 0.00987496980176003 0.36576 -4.026980953523151 -0.849075538666483
30031 11390060 -2.6629000620398617 0.011998046499345744 0.36576 -4.026980953523151 -0.849075538666483
30032 11390060 -2.6203688321608727 0.008947263708281111 0.36576 -4.026980953523151 -0.849075538666483
30033 11390060 -2.5755501914373946 0.010172510710730082 0.36576 -4.026980953523151 -0.849075538666483
30034 11390060 -2.514630135313027 0.011737978574486857 0.36576 -4.026980953523151 -0.849075538666483
30035 11390060 -2.4755952769367244 0.009948880817745115 0.36576 -4.026980953523151 -0.849075538666483
30036 11390060 -2.4297225632678296 0.010596380664526367 0.36576 -4.026980953523151 -0.849075538666483
30037 11390060 -2.374488989638044 0.01378983041883583 0.36576 -4.026980953523151 -0.849075538666483
30038 11390060 -2.3248542272733257 0.01507652431114001 0.36576 -4.026980953523151 -0.849075538666483
30039 11390060 -2.277045773997977 0.014040001342703973 0.36576 -4.026980953523151 -0.849075538666483
30040 11390060 -2.2069441885835337 0.012720760643368662 0.36576 -4.026980953523151 -0.849075538666483
30041 11390060 -2.1630751366012504 0.016479007870057377 0.36576 -4.026980953523151 -0.849075538666483
30042 11390060 -2.119199871679391 0.015912336602887905 0.33528 -4.026980953523151 -0.849075538666483
30043 11390060 -2.0923603696138304 0.015135501125665335 0.33528 -4.026980953523151 -0.849075538666483
30044 11390060 -2.06552086754827 0.014358665648442764 0.33528 -4.026980953523151 -0.849075538666483
30045 11390060 -2.0201323074837907 0.013531178365656177 0.33528 -4.026980953523151 -0.849075538666483
30046 11390060 -1.9778685219101326 0.017815578397097437 0.33528 -4.026980953523151 -0.849075538666483
30047 11390060 -1.9241897917185218 0.016262976464788553 0.33528 -4.026980953523151 -0.849075538666483
30048 11390060 -1.880658265186989 0.016277459644032016 0.33528 -4.026980953523151 -0.849075538666483
30049 11390060 -1.8424938279580838 0.016178381106686207 0.33528 -4.026980953523151 -0.849075538666483
30050 11390060 -1.797184941232547 0.01619613648604898 0.33528 -4.026980953523151 -0.849075538666483
30051 11390060 -1.7563156707483587 0.01486220250583467 0.33528 -4.026980953523151 -0.849075538666483
30052 11390060 -1.6927272540318732 0.015093867430867575 0.33528 -4.026980953523151 -0.849075538666483
30053 11390060 -1.653739177100553 0.013441086778628625 0.33528 -4.026980953523151 -0.849075538666483
30054 11390060 -1.6109806164063831 0.009737394910608071 0.33528 -4.026980953523151 -0.849075538666483
30055 11390060 -1.575254168969102 0.008976651814496223 0.33528 -4.026980953523151 -0.849075538666483
30056 11390060 -1.5395277215318208 0.008215908718384374 0.33528 -4.026980953523151 -0.849075538666483
30057 11390060 -1.5065580839904926 0.00853232098526499 0.33528 -4.026980953523151 -0.849075538666483
30058 11390060 -1.4601711372010049 0.009134162635021731 0.33528 -4.026980953523151 -0.849075538666483
30059 11390060 -1.3998491702820741 0.011604918379205492 0.3048 -4.026980953523151 -0.849075538666483
30060 11390060 -1.3560423361387526 0.01246700387818464 0.3048 -4.026980953523151 -0.849075538666483
30061 11390060 -1.3232455416429751 0.012256525147265468 0.3048 -4.026980953523151 -0.849075538666483
30062 11390060 -1.2695334717744362 0.010814426079056 0.3048 -4.026980953523151 -0.849075538666483
30063 11390060 -1.2273747983221155 0.014786636520042723 0.3048 -4.026980953523151 -0.849075538666483
30064 11390060 -1.19124763925847 0.0138966207885525 0.3048 -4.026980953523151 -0.849075538666483
30065 11390060 -1.1551204801948247 0.013006605057062276 0.3048 -4.026980953523151 -0.849075538666483
30066 11390060 -1.1221168392781788 0.013430350838898847 0.3048 -4.026980953523151 -0.849075538666483
30067 11390060 -1.0793442030703995 0.012762794806282035 0.3048 -4.026980953523151 -0.849075538666483
30068 11390060 -1.0239992091745833 0.01604604433134535 0.3048 -4.026980953523151 -0.849075538666483
30069 11390060 -0.965779411858549 0.01616977649744475 0.3048 -4.026980953523151 -0.849075538666483
30070 11390060 -0.9215056974294997 0.014661750795528866 0.3048 -4.026980953523151 -0.849075538666483
30071 11390060 -0.8773908193909292 0.01484160841446 0.3048 -4.026980953523151 -0.849075538666483
30072 11390060 -0.8352846583122673 0.013224968832008938 0.3048 -4.026980953523151 -0.849075538666483
30073 11390060 -0.8024539895176821 0.013122446956424866 0.3048 -4.026980953523151 -0.849075538666483
30074 11390060 -0.7610555209766685 0.014775302203603485 0.3048 -4.026980953523151 -0.849075538666483
30075 11390060 -0.7167147653422408 0.011844526141044504 0.3048 -4.026980953523151 -0.849075538666483
30076 11390060 -0.6563731110592752 0.013029350477474916 0.27432 -4.026980953523151 -0.849075538666483
30077 11390060 -0.6246598292543901 0.008152212240355533 0.27432 -3.423004878685325 1.1183983042263892
30078 11390060 -0.5797068230241202 0.00981225586582754 0.27432 -3.423004878685325 1.1183983042263892
30079 11390060 -0.5388865984370175 0.006981993023935956 0.27432 -3.423004878685325 1.1183983042263892
30080 11390060 -0.48992156598174397 0.00733092280449163 0.27432 -3.423004878685325 1.1183983042263892
30081 11390060 -0.44812646967559266 0.004766613047698182 0.27432 -3.423004878685325 1.1183983042263892
30082 11390060 -0.42857942377394376 0.006145884949388253 0.27432 -3.423004878685325 1.1183983042263892
30083 11390060 -0.40903237787229485 0.007525156851078324 0.27432 -3.423004878685325 1.1183983042263892
30084 11390060 -0.3699078942317795 0.0063016455459644904 0.27432 -3.423004878685325 1.1183983042263892
30085 11390060 -0.3337428447527824 0.004176442884386483 0.27432 -3.423004878685325 1.1183983042263892
30086 11390060 -0.2814865980773116 0.005086455472478685 0.27432 -3.423004878685325 1.1183983042263892
30087 11390060 -0.23707345866316776 0.006457608412017063 0.24384 -3.423004878685325 1.1183983042263892
30088 11390060 -0.1975223472895984 0.00789947911369529 0.24384 -3.423004878685325 1.1183983042263892
30089 11390060 -0.16400239263749805 0.009910980862425395 0.24384 -3.423004878685325 1.1183983042263892
30090 11390060 -0.12701345743274173 0.006232301515546407 0.24384 -3.423004878685325 1.1183983042263892
30091 11390060 -0.07575430070327016 0.008170584957149202 0.24384 -3.423004878685325 1.1183983042263892
30092 11390060 -0.05647914475532323 0.0073614326747214465 0.24384 -3.423004878685325 1.1183983042263892
30093 11390060 -0.0372039888073763 0.006552280392293691 0.24384 -3.423004878685325 1.1183983042263892
30094 11390060 -0.0020448965442638745 0.008145541388328126 0.24384 -3.423004878685325 1.1183983042263892
30095 11390060 0.034175951871148746 0.004835534145033793 0.24384 -3.423004878685325 1.1183983042263892
30096 11390060 0.066429573017873 0.0018877050520214322 0.24384 -3.423004878685325 1.1183983042263892
30097 11390060 0.11159953958087626 0.003948123570741369 0.24384 -3.423004878685325 1.1183983042263892
30098 11390060 0.13903520553000037 0.0031984594376596822 0.24384 -3.423004878685325 1.1183983042263892
30099 11390060 0.16647087147912448 0.0024487953045779958 0.24384 -3.423004878685325 1.1183983042263892
30100 11390060 0.1939065374282486 0.0016991311714963098 0.24384 -3.423004878685325 1.1183983042263892
30101 11390060 0.22687397188769176 0.002023592415419495 0.24384 -3.423004878685325 1.1183983042263892
30102 11390060 0.2568040982901796 0.003924967792177825 0.21336000000000002 -3.423004878685325 1.1183983042263892
30103 11390060 0.2837404279005381 0.004818750517724124 0.21336000000000002 -3.423004878685325 1.1183983042263892
30104 11390060 0.307419687059948 0.005258447390686362 0.21336000000000002 -3.423004878685325 1.1183983042263892
30105 11390060 0.3310989462193579 0.005698144263648601 0.21336000000000002 -3.423004878685325 1.1183983042263892
30106 11390060 0.3547782053787678 0.006137841136610839 0.21336000000000002 -3.423004878685325 1.1183983042263892
30107 11390060 0.3784574645381777 0.006577538009573077 0.21336000000000002 -3.423004878685325 1.1183983042263892
30108 11390060 0.4021367236975876 0.007017234882535315 0.21336000000000002 -3.423004878685325 1.1183983042263892
30109 11390060 0.4258159828569975 0.007456931755497553 0.21336000000000002 -3.423004878685325 1.1183983042263892
30110 11390060 0.4462876005661267 0.01139848799800007 0.21336000000000002 -3.423004878685325 1.1183983042263892
30111 11390060 0.45864512098033844 0.007360243224108554 0.21336000000000002 -3.423004878685325 1.1183983042263892
30112 11390060 0.4744427080356025 0.007688843438976374 0.21336000000000002 -3.423004878685325 1.1183983042263892
30113 11390060 0.4902402950908666 0.008017443653844195 0.21336000000000002 -3.423004878685325 1.1183983042263892
30114 11390060 0.5060378821461307 0.008346043868712016 0.21336000000000002 -3.423004878685325 1.1183983042263892
30115 11390060 0.5312356094274462 0.007998007545924661 0.22860000000000003 -3.423004878685325 1.1183983042263892
30116 11390060 0.5564333367087616 0.007649971223137306 0.24384 -3.423004878685325 1.1183983042263892
30117 11390060 0.5708772001281053 0.002930173005368089 0.24384 -3.423004878685325 1.1183983042263892
30118 11390060 0.5928823817897977 0.0036839652209262816 0.24384 -3.423004878685325 1.1183983042263892
30119 11390060 0.6148875634514901 0.004437757436484474 0.24384 -3.423004878685325 1.1183983042263892
30120 11390060 0.6211817765102782 0.003315678752143794 0.24384 -3.423004878685325 1.1183983042263892
30121 11390060 0.6473497533209214 0.0045786017797024015 0.24384 -3.423004878685325 1.1183983042263892
30122 11390060 0.660951099589442 0.00679345984871485 0.24384 -3.423004878685325 1.1183983042263892
30123 11390060 0.6798119022496854 0.004719594543100614 0.24384 -3.423004878685325 1.1183983042263892
30124 11390060 0.6909932402816238 0.006323315375165117 0.24384 -3.423004878685325 1.1183983042263892
30125 11390060 0.707470651557153 0.006196567189045529 0.24384 -3.423004878685325 1.1183983042263892
30126 11390060 0.7211824668254585 0.0035855099718146155 0.24384 -3.423004878685325 1.1183983042263892
30127 11390060 0.7379463494958043 0.003248397857861407 0.24384 -3.423004878685325 1.1183983042263892
30128 11390060 0.7548481831468706 0.003333556536119539 0.24384 -3.423004878685325 1.1183983042263892
30129 11390060 0.7689932047282988 0.004494763428862215 0.24384 -3.423004878685325 1.1183983042263892
30130 11390060 0.7831382263097268 0.005655970321604892 0.24384 -3.423004878685325 1.1183983042263892
30131 11390060 0.7942505223376134 0.007048735144406404 0.24384 -3.423004878685325 1.1183983042263892
30132 11390060 0.8047121009221976 0.005090916112939728 0.24384 -3.423004878685325 1.1183983042263892
30133 11390060 0.8151736795067817 0.003133097081473052 0.24384 -3.423004878685325 1.1183983042263892
30134 11390060 0.826354936963858 0.004737030444277174 0.24384 -3.423004878685325 1.1183983042263892
30135 11390060 0.840155711802843 0.005660357015493618 0.24384 -3.423004878685325 1.1183983042263892
30136 11390060 0.853956486641828 0.006583683586710062 0.24384 -3.423004878685325 1.1183983042263892
30137 11390060 0.8656540403725056 0.006325040416117905 0.24384 -3.423004878685325 1.1183983042263892
30138 11390060 0.8773515941031832 0.006066397245525749 0.24384 -3.423004878685325 1.1183983042263892
30139 11390060 0.8890491478338608 0.005807754074933592 0.24384 -3.423004878685325 1.1183983042263892
30140 11390060 0.9007467015645384 0.005549110904341435 0.24384 -3.423004878685325 1.1183983042263892
30141 11390060 0.912444255295216 0.0052904677337492784 0.24384 -3.423004878685325 1.1183983042263892
30142 11390060 0.9241418090258936 0.005031824563157122 0.24384 -3.423004878685325 1.1183983042263892
30143 11390060 0.937808505393162 0.003370524178557849 0.24384 -3.423004878685325 1.1183983042263892
30144 11390060 0.946538665623113 0.008345609199938153 0.24384 -3.423004878685325 1.1183983042263892
30145 11390060 0.9603088109615089 0.007001028085605682 0.24384 -3.423004878685325 1.1183983042263892
30146 11390060 0.9730006197160616 0.005074167951879649 0.24384 -3.423004878685325 1.1183983042263892
30147 11390060 0.9750710692047009 0.0059748831599383476 0.24384 -3.423004878685325 1.1183983042263892
30148 11390060 0.9771415186933402 0.006875598367997046 0.24384 -3.423004878685325 1.1183983042263892
30149 11390060 0.9938799950180102 0.0037435162966037994 0.24384 -3.423004878685325 1.1183983042263892
30150 11390060 1.0040046771566726 0.003473191233340389 0.24384 -3.423004878685325 1.1183983042263892
30151 11390060 1.0155525511210564 0.0048407822166589565 0.24384 -3.423004878685325 1.1183983042263892
30152 11390060 1.0266739613845306 0.003543896591800322 0.24384 -3.423004878685325 1.1183983042263892
30153 11390060 1.032419715021808 0.004821042687044613 0.24384 -3.423004878685325 1.1183983042263892
30154 11390060 1.037889575822065 0.005253720918609803 0.24384 -3.423004878685325 1.1183983042263892
30155 11390060 1.0475762196159288 0.005681488194365793 0.24384 -3.423004878685325 1.1183983042263892
30156 11390060 1.0572628634097925 0.006109255470121783 0.24384 -3.423004878685325 1.1183983042263892
30157 11390060 1.0638070497132825 0.005752877443265664 0.24384 -3.423004878685325 1.1183983042263892
30158 11390060 1.0703512360167724 0.005396499416409545 0.24384 -3.423004878685325 1.1183983042263892
30159 11390060 1.0769915943509554 0.006965539440184132 0.24384 -3.423004878685325 1.1183983042263892
30160 11390060 1.0819680394419464 0.006975316400699871 0.24384 -3.423004878685325 1.1183983042263892
30161 11390060 1.0886196642185646 0.008307033488199583 0.24384 -3.423004878685325 1.1183983042263892
30162 11390060 1.0947354638682392 0.013435396001854033 0.24384 -3.423004878685325 1.1183983042263892
30163 11390060 1.0971461103684912 0.01673674608915622 0.24384 -3.423004878685325 1.1183983042263892
30164 11390060 1.0971297279945789 0.016759407710356396 0.24384 -3.423004878685325 1.1183983042263892
30165 11390060 1.0971133456206665 0.01678206933155657 0.24384 -3.423004878685325 1.1183983042263892
30166 11390060 1.097096963246754 0.016804730952756745 0.24384 -3.423004878685325 1.1183983042263892
30167 11390060 1.0970805808728417 0.01682739257395692 0.24384 -3.423004878685325 1.1183983042263892
30168 11390060 1.0970641984989293 0.016850054195157095 0.24384 -3.423004878685325 1.1183983042263892
30169 11390060 1.097047816125017 0.01687271581635727 0.24384 -3.423004878685325 1.1183983042263892
30170 11390060 1.0970314337511045 0.01689537743755744 0.24384 -3.423004878685325 1.1183983042263892
30171 11390060 1.0970150513771921 0.016918039058757616 0.24384 -3.423004878685325 1.1183983042263892
30172 11390060 1.0969986690032798 0.01694070067995779 0.24384 -3.423004878685325 1.1183983042263892
30173 11390060 1.0969822866293675 0.016963362301157966 0.24384 -3.423004878685325 1.1183983042263892
30174 11390060 1.096965904255455 0.01698602392235814 0.24384 -3.423004878685325 1.1183983042263892
30175 11390060 1.0969495218815426 0.017008685543558315 0.24384 -3.423004878685325 1.1183983042263892
30176 11390060 1.0969331395076303 0.01703134716475849 0.24384 -3.423004878685325 1.1183983042263892
30177 11390060 1.096916757133718 0.017054008785958665 0.24384 -3.423004878685325 1.1183983042263892
30178 11390060 1.0969003747598054 0.01707667040715884 0.24384 -3.423004878685325 1.1183983042263892
30179 11390060 1.096883992385893 0.017099332028359015 0.24384 -3.423004878685325 1.1183983042263892
30180 11390060 1.0968676100119807 0.01712199364955919 0.24384 -3.423004878685325 1.1183983042263892
30181 11390060 1.0968512276380684 0.017144655270759365 0.24384 -3.423004878685325 1.1183983042263892
30182 11390060 1.0968348452641559 0.017167316891959536 0.24384 -3.423004878685325 1.1183983042263892
30183 11390060 1.0968184628902435 0.01718997851315971 0.24384 -3.423004878685325 1.1183983042263892
30184 11390060 1.0968020805163312 0.017212640134359886 0.24384 -3.423004878685325 1.1183983042263892
30185 11390060 1.0967856981424189 0.01723530175556006 0.24384 -3.423004878685325 1.1183983042263892
30186 11390060 1.0967693157685063 0.017257963376760235 0.24384 -3.423004878685325 1.1183983042263892
30187 11390060 1.096752933394594 0.01728062499796041 0.24384 -3.423004878685325 1.1183983042263892
30188 11390060 1.0967365510206817 0.017303286619160585 0.24384 -3.423004878685325 1.1183983042263892
30189 11390060 1.0967201686467694 0.01732594824036076 0.24384 -3.423004878685325 1.1183983042263892
30190 11390060 1.096703786272857 0.017348609861560935 0.24384 -3.423004878685325 1.1183983042263892
30191 11390060 1.0966874038989445 0.01737127148276111 0.24384 -3.423004878685325 1.1183983042263892
30192 11390060 1.0966710215250322 0.017393933103961284 0.24384 -3.423004878685325 1.1183983042263892
30193 11390060 1.0966546391511198 0.01741659472516146 0.24384 -3.423004878685325 1.1183983042263892
30194 11390060 1.0966382567772075 0.01743925634636163 0.24384 -3.423004878685325 1.1183983042263892
30195 11390060 1.096621874403295 0.017461917967561805 0.24384 -3.423004878685325 1.1183983042263892
30196 11390060 1.0966054920293826 0.01748457958876198 0.24384 -3.423004878685325 1.1183983042263892
30197 11390060 1.0965891096554703 0.017507241209962155 0.24384 -3.423004878685325 1.1183983042263892
30198 11390060 1.096572727281558 0.01752990283116233 0.24384 -3.423004878685325 1.1183983042263892
30199 11390060 1.0965563449076454 0.017552564452362505 0.24384 -3.423004878685325 1.1183983042263892
30200 11390060 1.096539962533733 0.01757522607356268 0.24384 -3.423004878685325 1.1183983042263892
30201 11390060 1.0965235801598208 0.017597887694762854 0.24384 -3.423004878685325 1.1183983042263892
30202 11390060 1.0965071977859084 0.01762054931596303 0.24384 -3.423004878685325 1.1183983042263892
30203 11390060 1.096490815411996 0.017643210937163204 0.24384 -3.423004878685325 1.1183983042263892
30204 11390060 1.0964744330380836 0.01766587255836338 0.24384 -3.423004878685325 1.1183983042263892
30205 11390060 1.0964580506641712 0.017688534179563554 0.24384 -3.423004878685325 1.1183983042263892
30206 11390060 1.096441668290259 0.017711195800763725 0.24384 -3.423004878685325 1.1183983042263892
30207 11390060 1.0964252859163464 0.0177338574219639 0.24384 -3.423004878685325 1.1183983042263892
30208 11390060 1.096408903542434 0.017756519043164075 0.24384 -3.423004878685325 1.1183983042263892
30209 11390060 1.0963925211685217 0.01777918066436425 0.24384 -3.423004878685325 1.1183983042263892
30210 11390060 1.0963761387946094 0.017801842285564425 0.24384 -3.423004878685325 1.1183983042263892
30211 11390060 1.0963597564206968 0.0178245039067646 0.24384 -3.423004878685325 1.1183983042263892
30212 11390060 1.0963433740467845 0.017847165527964774 0.24384 -3.423004878685325 1.1183983042263892
30213 11390060 1.0963269916728722 0.01786982714916495 0.24384 -3.423004878685325 1.1183983042263892
30214 11390060 1.0963106092989598 0.017892488770365124 0.24384 -3.423004878685325 1.1183983042263892
30215 11390060 1.0962942269250475 0.0179151503915653 0.24384 -3.423004878685325 1.1183983042263892
30216 11390060 1.096277844551135 0.017937812012765474 0.24384 -3.423004878685325 1.1183983042263892
30217 11390060 1.0962614621772226 0.01796047363396565 0.24384 -3.423004878685325 1.1183983042263892
30218 11390060 1.0962450798033103 0.017983135255165823 0.24384 -3.423004878685325 1.1183983042263892
30219 11390060 1.096228697429398 0.018005796876365995 0.24384 -3.423004878685325 1.1183983042263892
30220 11390060 1.0962123150554854 0.01802845849756617 0.24384 -3.423004878685325 1.1183983042263892
30221 11390060 1.0961959326815731 0.018051120118766344 0.24384 -3.423004878685325 1.1183983042263892
30222 11390060 1.0961795503076608 0.01807378173996652 0.24384 -3.423004878685325 1.1183983042263892
30223 11390060 1.0961631679337485 0.018096443361166694 0.24384 -3.423004878685325 1.1183983042263892
