32920 10561439 0.016214378682024053 0.07669101211833271 0.24384 -3.238923059552079 2.539071146049634
32921 10561439 0.019019869121578666 0.07621680608845027 0.24384 -3.238923059552079 2.539071146049634
32922 10561439 0.02182535956113328 0.07574260005856784 0.24384 -3.238923059552079 2.539071146049634
32923 10561439 0.02463085000068789 0.07526839402868542 0.24384 -3.238923059552079 2.539071146049634
32924 10561439 0.027436340440242506 0.07479418799880298 0.24384 -3.238923059552079 2.539071146049634
32925 10561439 0.030241830879797118 0.07431998196892055 0.24384 -3.238923059552079 2.539071146049634
32926 10561439 0.03304732131935173 0.07384577593903811 0.24384 -3.238923059552079 2.539071146049634
32927 10561439 0.03585281175890634 0.07337156990915568 0.24384 -3.238923059552079 2.539071146049634
32928 10561439 0.038658302198460955 0.07289736387927324 0.24384 -3.238923059552079 2.539071146049634
32929 10561439 0.04146379263801557 0.07242315784939082 0.24384 -3.238923059552079 2.539071146049634
32930 10561439 0.04426928307757018 0.07194895181950839 0.24384 -3.238923059552079 2.539071146049634
32931 10561439 0.047074773517124795 0.07147474578962595 0.24384 -3.238923059552079 2.539071146049634
32932 10561439 0.0498802639566794 0.07100053975974352 0.24384 -3.238923059552079 2.539071146049634
32933 10561439 0.05268575439623402 0.07052633372986108 0.24384 -3.238923059552079 2.539071146049634
32934 10561439 0.05549124483578863 0.07005212769997865 0.24384 -3.238923059552079 2.539071146049634
32935 10561439 0.058296735275343244 0.06957792167009622 0.24384 -3.238923059552079 2.539071146049634
32936 10561439 0.06110222571489786 0.06910371564021378 0.24384 -3.238923059552079 2.539071146049634
32937 10561439 0.06390771615445247 0.06862950961033136 0.24384 -3.238923059552079 2.539071146049634
32938 10561439 0.06671320659400709 0.06815530358044893 0.24384 -3.238923059552079 2.539071146049634
32939 10561439 0.0695186970335617 0.06768109755056649 0.24384 -3.238923059552079 2.539071146049634
32940 10561439 0.07232418747311631 0.06720689152068406 0.24384 -3.238923059552079 2.539071146049634
32941 10561439 0.07512967791267092 0.06673268549080162 0.24384 -3.238923059552079 2.539071146049634
32942 10561439 0.07793516835222553 0.06625847946091919 0.24384 -3.238923059552079 2.539071146049634
32943 10561439 0.08074065879178015 0.06578427343103677 0.24384 -3.238923059552079 2.539071146049634
32944 10561439 0.08354614923133476 0.06531006740115433 0.24384 -3.238923059552079 2.539071146049634
32945 10561439 0.08635163967088937 0.0648358613712719 0.24384 -3.238923059552079 2.539071146049634
32946 10561439 0.08915713011044399 0.06436165534138946 0.24384 -3.238923059552079 2.539071146049634
32947 10561439 0.0919626205499986 0.06388744931150703 0.24384 -3.238923059552079 2.539071146049634
32948 10561439 0.0947681109895532 0.06341324328162459 0.24384 -3.238923059552079 2.539071146049634
32949 10561439 0.09757360142910781 0.06293903725174216 0.24384 -3.238923059552079 2.539071146049634
32950 10561439 0.10037909186866244 0.06246483122185973 0.24384 -3.238923059552079 2.539071146049634
32951 10561439 0.10318458230821705 0.0619906251919773 0.24384 -3.238923059552079 2.539071146049634
32952 10561439 0.10599007274777165 0.06151641916209487 0.24384 -3.238923059552079 2.539071146049634
32953 10561439 0.10879556318732628 0.06104221313221243 0.24384 -3.238923059552079 2.539071146049634
32954 10561439 0.11160105362688089 0.06056800710233 0.24384 -3.238923059552079 2.539071146049634
32955 10561439 0.1144065440664355 0.060093801072447564 0.24384 -3.238923059552079 2.539071146049634
32956 10561439 0.1172120345059901 0.059619595042565136 0.24384 -3.238923059552079 2.539071146049634
32957 10561439 0.12001752494554473 0.05914538901268271 0.24384 -3.238923059552079 2.539071146049634
32958 10561439 0.12282301538509934 0.058671182982800274 0.24384 -3.238923059552079 2.539071146049634
32959 10561439 0.12562850582465396 0.05819697695291784 0.24384 -3.238923059552079 2.539071146049634
32960 10561439 0.12843399626420857 0.057722770923035405 0.24384 -3.238923059552079 2.539071146049634
32961 10561439 0.13123948670376318 0.05724856489315297 0.24384 -3.238923059552079 2.539071146049634
32962 10561439 0.13404497714331778 0.05677435886327054 0.24384 -3.238923059552079 2.539071146049634
32963 10561439 0.1368504675828724 0.05630015283338811 0.24384 -3.238923059552079 2.539071146049634
32964 10561439 0.139655958022427 0.05582594680350568 0.24384 -3.238923059552079 2.539071146049634
32965 10561439 0.1424614484619816 0.055351740773623245 0.24384 -3.238923059552079 2.539071146049634
32966 10561439 0.14526693890153625 0.05487753474374081 0.24384 -3.238923059552079 2.539071146049634
32967 10561439 0.14807242934109086 0.054403328713858376 0.24384 -3.238923059552079 2.539071146049634
32968 10561439 0.15087791978064546 0.05392912268397594 0.24384 -3.238923059552079 2.539071146049634
32969 10561439 0.15368341022020007 0.053454916654093514 0.24384 -3.238923059552079 2.539071146049634
32970 10561439 0.15648890065975468 0.05298071062421108 0.24384 -3.238923059552079 2.539071146049634
32971 10561439 0.1592943910993093 0.05250650459432865 0.24384 -3.238923059552079 2.539071146049634
32972 10561439 0.1620998815388639 0.05203229856444622 0.24384 -3.238923059552079 2.539071146049634
32973 10561439 0.16490537197841854 0.05155809253456378 0.24384 -3.238923059552079 2.539071146049634
32974 10561439 0.16771086241797314 0.05108388650468135 0.24384 -3.238923059552079 2.539071146049634
32975 10561439 0.17051635285752775 0.05060968047479891 0.24384 -3.238923059552079 2.539071146049634
32976 10561439 0.17332184329708236 0.050135474444916485 0.24384 -3.238923059552079 2.539071146049634
32977 10561439 0.17612733373663697 0.04966126841503405 0.24384 -3.238923059552079 2.539071146049634
32978 10561439 0.17893282417619158 0.04918706238515162 0.24384 -3.238923059552079 2.539071146049634
32979 10561439 0.1817383146157462 0.04871285635526919 0.24384 -3.238923059552079 2.539071146049634
