35653 10561439 0.41858583517812087 0.007074288894292652 0.25908 -2.269138511209445 1.2112899144904092
35654 10561439 0.45864512098033844 0.007360243224108554 0.27432 -2.269138511209445 1.2112899144904092
35655 10561439 0.4900418142411595 0.008315928195383154 0.27432 -2.269138511209445 1.2112899144904092
35656 10561439 0.5188459412205746 0.008133002668444453 0.27432 -2.269138511209445 1.2112899144904092
35657 10561439 0.5476500681999897 0.007950077141505751 0.27432 -2.269138511209445 1.2112899144904092
35658 10561439 0.5764541951794048 0.00776715161456705 0.27432 -2.269138511209445 1.2112899144904092
35659 10561439 0.6052583221588199 0.0075842260876283485 0.27432 -2.269138511209445 1.2112899144904092
35660 10561439 0.6637469508230608 0.0044779723246786834 0.27432 -2.269138511209445 1.2112899144904092
35661 10561439 0.7036778165806751 0.005100133660381173 0.27770666666666666 -2.269138511209445 1.2112899144904092
35662 10561439 0.7436086823382894 0.005722294996083663 0.28109333333333336 -2.269138511209445 1.2112899144904092
35663 10561439 0.7835395480959036 0.006344456331786152 0.28448 -2.269138511209445 1.2112899144904092
35664 10561439 0.823470413853518 0.006966617667488642 0.28786666666666666 -2.269138511209445 1.2112899144904092
35665 10561439 0.8634012796111323 0.007588779003191132 0.29125333333333336 -2.269138511209445 1.2112899144904092
35666 10561439 0.9033321453687466 0.008210940338893621 0.29464 -2.269138511209445 1.2112899144904092
35667 10561439 0.9432630111263609 0.008833101674596111 0.29802666666666666 -2.269138511209445 1.2112899144904092
35668 10561439 0.9831938768839752 0.0094552630102986 0.30141333333333337 -2.269138511209445 1.2112899144904092
35669 10561439 1.0231247426415895 0.01007742434600109 0.3048 -2.269138511209445 1.2112899144904092
35670 10561439 1.0586524865730436 0.009936581086526024 0.3091542857142857 -2.269138511209445 1.2112899144904092
35671 10561439 1.0941802305044974 0.009795737827050958 0.31350857142857147 -2.269138511209445 1.2112899144904092
35672 10561439 1.1297079744359515 0.009654894567575891 0.31786285714285717 -2.269138511209445 1.2112899144904092
35673 10561439 1.1652357183674056 0.009514051308100827 0.32221714285714287 -2.269138511209445 1.2112899144904092
35674 10561439 1.2007634622988597 0.00937320804862576 0.32657142857142857 -2.269138511209445 1.2112899144904092
35675 10561439 1.2362912062303135 0.009232364789150694 0.3309257142857143 -2.269138511209445 1.2112899144904092
35676 10561439 1.2718189501617676 0.009091521529675628 0.33528 -2.269138511209445 1.2112899144904092
35677 10561439 1.3206770933006127 0.009136257295086686 0.33528 -2.269138511209445 1.2112899144904092
35678 10561439 1.3896305467489447 0.002733939865230711 0.33528 -2.269138511209445 1.2112899144904092
35679 10561439 1.431438978982905 0.00566629704491646 0.33528 -2.269138511209445 1.2112899144904092
35680 10561439 1.4705484595634053 0.00305515209225872 0.36576 -2.269138511209445 1.2112899144904092
35681 10561439 1.5081909511991873 0.0013906744871928084 0.36576 -2.269138511209445 1.2112899144904092
35682 10561439 1.5464302137458792 0.00046604802600959394 0.36576 -2.269138511209445 1.2112899144904092
35683 10561439 1.5878892255274901 -0.0033792003744985283 0.36576 -2.269138511209445 1.2112899144904092
35684 10561439 1.6274467817640472 -0.004617178611910799 0.36576 -2.269138511209445 1.2112899144904092
35685 10561439 1.6888217690993539 -0.009476053381513555 0.36576 -2.269138511209445 1.2112899144904092
35686 10561439 1.7311081149290088 -0.010786974725056159 0.36576 -2.269138511209445 1.2112899144904092
35687 10561439 1.768634423171672 -0.014164539428436318 0.36576 -2.269138511209445 1.2112899144904092
35688 10561439 1.8111084809801414 -0.017346938137625778 0.381 -2.269138511209445 1.2112899144904092
35689 10561439 1.8535825387886111 -0.020529336846815238 0.39624000000000004 -2.269138511209445 1.2112899144904092
35690 10561439 1.8813745782976032 -0.023122058458650716 0.39624000000000004 -2.269138511209445 1.2112899144904092
35691 10561439 1.9091666178065954 -0.025714780070486193 0.39624000000000004 -2.269138511209445 1.2112899144904092
35692 10561439 1.9477930516925295 -0.029801169216498058 0.39624000000000004 -2.269138511209445 1.2112899144904092
35693 10561439 1.9903204366182374 -0.030371600134336846 0.39624000000000004 -2.269138511209445 1.2112899144904092
35694 10561439 2.0339598772887886 -0.03107130546657813 0.39624000000000004 -2.269138511209445 1.2112899144904092
35695 10561439 2.065166990042143 -0.03612204575072503 0.39624000000000004 -2.269138511209445 1.2112899144904092
35696 10561439 2.1139894464166664 -0.03617740517747767 0.39624000000000004 -2.269138511209445 1.2112899144904092
35697 10561439 2.183725006583754 -0.03745400809222835 0.39624000000000004 -2.269138511209445 1.2112899144904092
35698 10561439 2.2150009960267996 -0.04229295804458824 0.39624000000000004 -2.269138511209445 1.2112899144904092
35699 10561439 2.258262642025131 -0.04169981776625245 0.42672000000000004 -2.269138511209445 1.2112899144904092
35700 10561439 2.2825172253280672 -0.044245767713297135 0.42672000000000004 -2.269138511209445 1.2112899144904092
35701 10561439 2.3067718086310034 -0.04679171766034182 0.42672000000000004 -2.269138511209445 1.2112899144904092
35702 10561439 2.3734006078356478 -0.046701709611666836 0.42672000000000004 -2.269138511209445 1.2112899144904092
35703 10561439 2.411042211096607 -0.048361387877639245 0.42672000000000004 -2.269138511209445 1.2112899144904092
35704 10561439 2.443258414189372 -0.053039066679646724 0.42672000000000004 -2.269138511209445 1.2112899144904092
35705 10561439 2.49291718015904 -0.05324824782039275 0.42672000000000004 -2.269138511209445 1.2112899144904092
35706 10561439 2.551540598118083 -0.05591665195384324 0.42672000000000004 -2.269138511209445 1.2112899144904092
35707 10561439 2.5948531017611653 -0.06468367593754162 0.42672000000000004 -2.269138511209445 1.2112899144904092
35708 10561439 2.6201023987228598 -0.06241331399911784 0.42672000000000004 -2.269138511209445 1.2112899144904092
35709 10561439 2.661481309765171 -0.06459095932815503 0.45720000000000005 -2.269138511209445 1.2112899144904092
35710 10561439 2.70463636430532 -0.0683995766337113 0.45720000000000005 -2.269138511209445 1.2112899144904092
35711 10561439 2.7481704780423 -0.07104669559550922 0.45720000000000005 -2.269138511209445 1.2112899144904092
35712 10561439 2.789582722900609 -0.07475313758025556 0.45720000000000005 -2.269138511209445 1.2112899144904092
35713 10561439 2.836887757316001 -0.07944846481279874 0.45720000000000005 -2.269138511209445 1.2112899144904092
35714 10561439 2.882451007039829 -0.08240673996681955 0.45720000000000005 -2.269138511209445 1.2112899144904092
35715 10561439 2.914208210215264 -0.08739976202499553 0.45720000000000005 -2.269138511209445 1.2112899144904092
35716 10561439 2.979285105688171 -0.09205459644309069 0.45720000000000005 -2.269138511209445 1.2112899144904092
35717 10561439 3.005711666729369 -0.09542394812597468 0.45720000000000005 -2.269138511209445 1.2112899144904092
35718 10561439 3.0321382277705666 -0.09879329980885868 0.45720000000000005 -2.269138511209445 1.2112899144904092
35719 10561439 3.0729078589909458 -0.10310609383084338 0.48768 -2.269138511209445 1.2112899144904092
35720 10561439 3.1140465805016655 -0.1035674035233147 0.48768 -2.269138511209445 1.2112899144904092
35721 10561439 3.1674499989831357 -0.110251109821395 0.48768 -2.269138511209445 1.2112899144904092
35722 10561439 3.20950300906952 -0.11579973386335543 0.48768 -2.269138511209445 1.2112899144904092
35723 10561439 3.25243870525504 -0.1216362024100808 0.48768 -2.269138511209445 1.2112899144904092
35724 10561439 3.294517517972084 -0.12193609102056871 0.48768 -2.269138511209445 1.2112899144904092
35725 10561439 3.3391269801280767 -0.12808469331980735 0.48768 -2.269138511209445 1.2112899144904092
35726 10561439 3.38524799218097 -0.13776349538674384 0.5181600000000001 -2.269138511209445 1.2112899144904092
35727 10561439 3.424046646334941 -0.13967885978645125 0.5181600000000001 -2.269138511209445 1.2112899144904092
35728 10561439 3.4816811105133185 -0.14563841230088972 0.5181600000000001 -2.269138511209445 1.2112899144904092
35729 10561439 3.525591425351757 -0.15120724738302274 0.5181600000000001 -2.269138511209445 1.2112899144904092
35730 10561439 3.5711087480404275 -0.15321177249288578 0.5181600000000001 -2.269138511209445 1.2112899144904092
35731 10561439 3.6120616909554064 -0.15723093077746556 0.5181600000000001 -2.269138511209445 1.2112899144904092
35732 10561439 3.6559504879033637 -0.1598716363309615 0.5181600000000001 -2.269138511209445 1.2112899144904092
35733 10561439 3.695255534914345 -0.1575119580936434 0.54864 -2.269138511209445 1.2112899144904092
35734 10561439 3.7276917793522397 -0.15688227928914247 0.54864 -2.269138511209445 1.2112899144904092
35735 10561439 3.760128023790134 -0.15625260048464154 0.54864 -2.269138511209445 1.2112899144904092
35736 10561439 3.801622599144472 -0.15425642113532947 0.54864 -2.269138511209445 1.2112899144904092
35737 10561439 3.853001802837242 -0.14917748652812715 0.54864 -2.269138511209445 1.2112899144904092
35738 10561439 3.894934597494795 -0.14148323400769672 0.54864 -2.269138511209445 1.2112899144904092
35739 10561439 3.938928596350352 -0.1389001518462906 0.54864 -2.269138511209445 1.2112899144904092
35740 10561439 3.9843112956753455 -0.1331487811296064 0.57912 -2.269138511209445 1.2112899144904092
35741 10561439 4.02555403088662 -0.12920031848805105 0.57912 -2.269138511209445 1.2112899144904092
35742 10561439 4.077264865355154 -0.12446182367394867 0.57912 -2.269138511209445 1.2112899144904092
35743 10561439 4.124446629838598 -0.11999752560405444 0.57912 -2.269138511209445 1.2112899144904092
35744 10561439 4.186821699827307 -0.1111449358174307 0.57912 -2.269138511209445 1.2112899144904092
35745 10561439 4.232950413656038 -0.10201449562627399 0.57912 -2.269138511209445 1.2112899144904092
35746 10561439 4.283307774625211 -0.09706678796568949 0.57912 -2.269138511209445 1.2112899144904092
35747 10561439 4.318899946451143 -0.08730193474364847 0.57912 -2.269138511209445 1.2112899144904092
35748 10561439 4.362940059136117 -0.08157778312067768 0.57912 -2.269138511209445 1.2112899144904092
35749 10561439 4.393750000754785 -0.07422407595436256 0.57912 -2.269138511209445 1.2112899144904092
35750 10561439 4.447309714477455 -0.059456817079586194 0.57912 -2.269138511209445 1.2112899144904092
35751 10561439 4.477350729938252 -0.05337051304268428 0.57912 -2.269138511209445 1.2112899144904092
35752 10561439 4.492957005461837 -0.04771497811458966 0.57912 -2.269138511209445 1.2112899144904092
35753 10561439 4.508563280985422 -0.042059443186495044 0.57912 -2.269138511209445 1.2112899144904092
35754 10561439 4.558958317737602 -0.026375889339765562 0.57912 -2.269138511209445 1.2112899144904092
35755 10561439 4.609353354489781 -0.010692335493036081 0.57912 -2.269138511209445 1.2112899144904092
35756 10561439 4.674885287116121 0.01465541519377997 0.59436 -2.269138511209445 1.2112899144904092
35757 10561439 4.7404172197424606 0.04000316588059602 0.6096 -2.269138511209445 1.2112899144904092
35758 10561439 4.784346854991358 0.060366382088967135 0.6096 -2.269138511209445 1.2112899144904092
35759 10561439 4.829827840567863 0.07596032343824219 0.6096 -2.269138511209445 1.2112899144904092
35760 10561439 4.894686888098952 0.09925099429330494 0.6096 -2.269138511209445 1.2112899144904092
35761 10561439 4.938080992300617 0.1160135096714999 0.6129866666666667 -2.269138511209445 1.2112899144904092
35762 10561439 4.981475096502281 0.13277602504969485 0.6163733333333333 -2.269138511209445 1.2112899144904092
35763 10561439 5.024869200703947 0.14953854042788983 0.6197600000000001 -2.269138511209445 1.2112899144904092
35764 10561439 5.068263304905612 0.16630105580608479 0.6231466666666667 -2.269138511209445 1.2112899144904092
35765 10561439 5.111657409107276 0.18306357118427974 0.6265333333333334 -2.269138511209445 1.2112899144904092
35766 10561439 5.155051513308941 0.1998260865624747 0.62992 -2.269138511209445 1.2112899144904092
35767 10561439 5.198445617510607 0.21658860194066964 0.6333066666666668 -2.269138511209445 1.2112899144904092
35768 10561439 5.241839721712271 0.2333511173188646 0.6366933333333334 -2.269138511209445 1.2112899144904092
35769 10561439 5.285233825913936 0.25011363269705955 0.6400800000000001 -2.269138511209445 1.2112899144904092
35770 10561439 5.322718576193251 0.26261359683760205 0.6400800000000001 -2.269138511209445 1.2112899144904092
35771 10561439 5.360203326472566 0.2751135609781445 0.6400800000000001 -2.269138511209445 1.2112899144904092
35772 10561439 5.397688076751881 0.287613525118687 0.6400800000000001 -2.269138511209445 1.2112899144904092
35773 10561439 5.420826699333739 0.29922423799407816 0.6553200000000001 -2.269138511209445 1.2112899144904092
35774 10561439 5.443965321915599 0.31083495086946933 0.67056 -2.269138511209445 1.2112899144904092
35775 10561439 5.500140220675312 0.3306540681006006 0.67056 -2.269138511209445 1.2112899144904092
35776 10561439 5.556315119435025 0.3504731853317319 0.67056 -2.269138511209445 1.2112899144904092
35777 10561439 5.599734601208475 0.3665676359122131 0.67056 -2.445003484775232 0.7988559315902781
35778 10561439 5.639703315799714 0.38296981861425194 0.67056 -2.445003484775232 0.7988559315902781
35779 10561439 5.67340496862109 0.39376499195289383 0.6858000000000001 -2.445003484775232 0.7988559315902781
35780 10561439 5.707106621442465 0.4045601652915357 0.7010400000000001 -2.445003484775232 0.7988559315902781
35781 10561439 5.767757783527765 0.42858629449187935 0.7010400000000001 -2.445003484775232 0.7988559315902781
35782 10561439 5.828408945613064 0.452612423692223 0.7010400000000001 -2.445003484775232 0.7988559315902781
35783 10561439 5.845949981867179 0.45740564418441554 0.7010400000000001 -2.445003484775232 0.7988559315902781
35784 10561439 5.845571811537681 0.45779535321860204 0.7010102343750001 -2.445003484775232 0.7988559315902781
35785 10561439 5.845193641208184 0.45818506225278854 0.7009804687500001 -2.445003484775232 0.7988559315902781
35786 10561439 5.844815470878687 0.45857477128697505 0.7009507031250001 -2.445003484775232 0.7988559315902781
35787 10561439 5.844437300549189 0.45896448032116155 0.7009209375000001 -2.445003484775232 0.7988559315902781
35788 10561439 5.844059130219692 0.45935418935534805 0.700891171875 -2.445003484775232 0.7988559315902781
35789 10561439 5.843680959890195 0.45974389838953456 0.7008614062500002 -2.445003484775232 0.7988559315902781
35790 10561439 5.843302789560697 0.46013360742372106 0.7008316406250001 -2.445003484775232 0.7988559315902781
35791 10561439 5.8429246192312 0.46052331645790756 0.7008018750000001 -2.445003484775232 0.7988559315902781
35792 10561439 5.842546448901702 0.46091302549209406 0.7007721093750001 -2.445003484775232 0.7988559315902781
35793 10561439 5.842168278572205 0.4613027345262806 0.7007423437500001 -2.445003484775232 0.7988559315902781
35794 10561439 5.841790108242708 0.4616924435604671 0.7007125781250001 -2.445003484775232 0.7988559315902781
35795 10561439 5.84141193791321 0.46208215259465363 0.7006828125000001 -2.445003484775232 0.7988559315902781
35796 10561439 5.8410337675837125 0.46247186162884013 0.7006530468750001 -2.445003484775232 0.7988559315902781
35797 10561439 5.840655597254216 0.46286157066302663 0.7006232812500001 -2.445003484775232 0.7988559315902781
35798 10561439 5.840277426924718 0.46325127969721314 0.700593515625 -2.445003484775232 0.7988559315902781
35799 10561439 5.839899256595221 0.46364098873139964 0.7005637500000002 -2.445003484775232 0.7988559315902781
35800 10561439 5.839521086265723 0.46403069776558614 0.7005339843750001 -2.445003484775232 0.7988559315902781
35801 10561439 5.839142915936226 0.46442040679977264 0.7005042187500001 -2.445003484775232 0.7988559315902781
35802 10561439 5.838764745606729 0.46481011583395915 0.7004744531250001 -2.445003484775232 0.7988559315902781
35803 10561439 5.838386575277231 0.46519982486814565 0.7004446875000001 -2.445003484775232 0.7988559315902781
35804 10561439 5.838008404947733 0.46558953390233215 0.7004149218750001 -2.445003484775232 0.7988559315902781
35805 10561439 5.837630234618237 0.46597924293651866 0.7003851562500001 -2.445003484775232 0.7988559315902781
35806 10561439 5.837252064288739 0.46636895197070516 0.7003553906250001 -2.445003484775232 0.7988559315902781
35807 10561439 5.8368738939592415 0.46675866100489166 0.7003256250000001 -2.445003484775232 0.7988559315902781
35808 10561439 5.836495723629744 0.46714837003907816 0.700295859375 -2.445003484775232 0.7988559315902781
35809 10561439 5.836117553300247 0.46753807907326467 0.7002660937500002 -2.445003484775232 0.7988559315902781
35810 10561439 5.83573938297075 0.46792778810745117 0.7002363281250001 -2.445003484775232 0.7988559315902781
35811 10561439 5.835361212641252 0.4683174971416377 0.7002065625000001 -2.445003484775232 0.7988559315902781
35812 10561439 5.834983042311755 0.4687072061758242 0.7001767968750001 -2.445003484775232 0.7988559315902781
35813 10561439 5.834604871982258 0.46909691521001073 0.7001470312500001 -2.445003484775232 0.7988559315902781
35814 10561439 5.83422670165276 0.46948662424419724 0.7001172656250001 -2.445003484775232 0.7988559315902781
35815 10561439 5.833848531323262 0.46987633327838374 0.7000875000000001 -2.445003484775232 0.7988559315902781
35816 10561439 5.833470360993766 0.47026604231257024 0.7000577343750001 -2.445003484775232 0.7988559315902781
35817 10561439 5.833092190664268 0.47065575134675675 0.7000279687500001 -2.445003484775232 0.7988559315902781
35818 10561439 5.8327140203347705 0.47104546038094325 0.699998203125 -2.445003484775232 0.7988559315902781
35819 10561439 5.832335850005273 0.47143516941512975 0.6999684375000002 -2.445003484775232 0.7988559315902781
35820 10561439 5.831957679675776 0.47182487844931625 0.6999386718750001 -2.445003484775232 0.7988559315902781
35821 10561439 5.8315795093462786 0.47221458748350276 0.6999089062500001 -2.445003484775232 0.7988559315902781
35822 10561439 5.831201339016781 0.47260429651768926 0.6998791406250001 -2.445003484775232 0.7988559315902781
35823 10561439 5.830823168687283 0.47299400555187576 0.6998493750000001 -2.445003484775232 0.7988559315902781
35824 10561439 5.830444998357787 0.47338371458606227 0.6998196093750001 -2.445003484775232 0.7988559315902781
35825 10561439 5.830066828028289 0.47377342362024877 0.6997898437500001 -2.445003484775232 0.7988559315902781
35826 10561439 5.829688657698791 0.47416313265443527 0.6997600781250001 -2.445003484775232 0.7988559315902781
35827 10561439 5.829310487369294 0.4745528416886218 0.6997303125000001 -2.445003484775232 0.7988559315902781
35828 10561439 5.828932317039797 0.4749425507228083 0.699700546875 -2.445003484775232 0.7988559315902781
35829 10561439 5.8285541467102995 0.4753322597569948 0.6996707812500002 -2.445003484775232 0.7988559315902781
35830 10561439 5.828175976380802 0.4757219687911813 0.6996410156250001 -2.445003484775232 0.7988559315902781
35831 10561439 5.827797806051304 0.4761116778253678 0.6996112500000001 -2.445003484775232 0.7988559315902781
35832 10561439 5.8274196357218075 0.47650138685955434 0.6995814843750001 -2.445003484775232 0.7988559315902781
35833 10561439 5.82704146539231 0.47689109589374085 0.6995517187500001 -2.445003484775232 0.7988559315902781
35834 10561439 5.826663295062812 0.47728080492792735 0.6995219531250001 -2.445003484775232 0.7988559315902781
35835 10561439 5.826285124733315 0.47767051396211385 0.6994921875000001 -2.445003484775232 0.7988559315902781
35836 10561439 5.825906954403818 0.47806022299630035 0.6994624218750001 -2.445003484775232 0.7988559315902781
35837 10561439 5.82552878407432 0.47844993203048686 0.6994326562500001 -2.445003484775232 0.7988559315902781
35838 10561439 5.825150613744823 0.47883964106467336 0.699402890625 -2.445003484775232 0.7988559315902781
35839 10561439 5.824772443415326 0.47922935009885986 0.6993731250000002 -2.445003484775232 0.7988559315902781
35840 10561439 5.8243942730858285 0.47961905913304637 0.6993433593750001 -2.445003484775232 0.7988559315902781
35841 10561439 5.824016102756331 0.48000876816723287 0.6993135937500001 -2.445003484775232 0.7988559315902781
35842 10561439 5.823637932426833 0.48039847720141937 0.6992838281250001 -2.445003484775232 0.7988559315902781
35842 10961435 -4.07004636071769 0.02857643835273524 0.47243999999999997 -2.445003484775232 0.7988559315902781
35843 10961435 -4.019013009030971 0.027057449713832143 0.47243999999999997 -2.445003484775232 0.7988559315902781
35843 10561439 5.8232597620973365 0.4807881862356059 0.6992540625000001 -2.445003484775232 0.7988559315902781
35844 10961435 -3.9907608067114113 0.026512555295720136 0.46863 -2.445003484775232 0.7988559315902781
35845 10961435 -3.962508604391852 0.02596766087760813 0.46482000000000007 -2.445003484775232 0.7988559315902781
35846 10961435 -3.9406202473059717 0.026338031870313444 0.46101000000000003 -2.445003484775232 0.7988559315902781
35847 10961435 -3.9187318902200916 0.02670840286301876 0.45720000000000005 -2.445003484775232 0.7988559315902781
35848 10961435 -3.872352024511387 0.019118743600683746 0.45720000000000005 -2.445003484775232 0.7988559315902781
35849 10961435 -3.7502115624927868 0.01932727241322149 0.45720000000000005 -2.445003484775232 0.7988559315902781
35850 10961435 -3.702736207738245 0.016170848354689044 0.44958000000000004 -2.445003484775232 0.7988559315902781
35851 10961435 -3.680429549812345 0.016463408447724065 0.45720000000000005 -2.445003484775232 0.7988559315902781
35852 10961435 -3.6319768643911754 0.015207600853168385 0.42672000000000004 -2.445003484775232 0.7988559315902781
35853 10961435 -3.5805469395692606 0.014905642809398961 0.43434000000000006 -2.445003484775232 0.7988559315902781
35854 10961435 -3.529117014747346 0.014603684765629538 0.44196 -2.445003484775232 0.7988559315902781
35855 10961435 -3.453516795367303 0.014861756593146674 0.43434000000000006 -2.445003484775232 0.7988559315902781
35856 10961435 -3.4430929851853636 0.014137132836072958 0.42672000000000004 -2.445003484775232 0.7988559315902781
35857 10961435 -3.3484230449520735 0.012944758136929607 0.42672000000000004 -2.445003484775232 0.7988559315902781
35858 10961435 -3.3107106322963453 0.011993334118891669 0.42672000000000004 -2.445003484775232 0.7988559315902781
35859 10961435 -3.272998219640617 0.01104191010085373 0.42672000000000004 -2.445003484775232 0.7988559315902781
35860 10961435 -3.252727881459627 0.006744115003054579 0.42672000000000004 -2.445003484775232 0.7988559315902781
35861 10961435 -3.1703235671216614 0.010152839677560838 0.41910000000000003 -2.445003484775232 0.7988559315902781
35862 10961435 -3.204103145263004 0.0060189298075611075 0.41148 -2.445003484775232 0.7988559315902781
35863 10961435 -3.066878212945851 0.011349805422493503 0.40386 -2.445003484775232 0.7988559315902781
35864 10961435 -3.008879196327669 0.014568516076623211 0.40386 -2.445003484775232 0.7988559315902781
35865 10961435 -3.0145339585706203 0.013848589224404989 0.39624000000000004 -2.445003484775232 0.7988559315902781
35866 10961435 -2.9745531762200885 0.0158954748691775 0.39624000000000004 -2.445003484775232 0.7988559315902781
35867 10961435 -2.9345723938695567 0.017942360513950012 0.39624000000000004 -2.445003484775232 0.7988559315902781
35868 10961435 -2.8424392988547416 0.025298111251450178 0.38862 -2.445003484775232 0.7988559315902781
35869 10961435 -2.828848537414535 0.02610850976009113 0.39624000000000004 -2.445003484775232 0.7988559315902781
35870 10961435 -2.78514287751352 0.026645154122785092 0.38862 -2.445003484775232 0.7988559315902781
35871 10961435 -2.7358283283464067 0.028034011434597467 0.39624000000000004 -2.445003484775232 0.7988559315902781
35872 10961435 -2.6650105902025087 0.02998154014973639 0.38862 -2.445003484775232 0.7988559315902781
35873 10961435 -2.632751648056353 0.029474202148255774 0.39243000000000006 -2.445003484775232 0.7988559315902781
35874 10961435 -2.600492705910197 0.028966864146775156 0.39624000000000004 -2.445003484775232 0.7988559315902781
35875 10961435 -2.5566838475661884 0.029821542041597343 0.38862 -2.445003484775232 0.7988559315902781
35876 10961435 -2.4831271940546147 0.03064081474101052 0.38862 -2.445003484775232 0.7988559315902781
35877 10961435 -2.4650805808196177 0.027423329278950498 0.39624000000000004 -2.445003484775232 0.7988559315902781
35878 10961435 -2.418968249329886 0.027174558579843938 0.36576 -2.445003484775232 0.7988559315902781
35879 10961435 -2.3703450950366545 0.026455081971703404 0.36576 -2.445003484775232 0.7988559315902781
35880 10961435 -2.3252790634042872 0.024095519533467086 0.36576 -2.445003484775232 0.7988559315902781
35881 10961435 -2.279178135253545 0.024084999346645403 0.36576 -2.445003484775232 0.7988559315902781
35882 10961435 -2.2333637307687244 0.02428533481379444 0.36576 -2.445003484775232 0.7988559315902781
35883 10961435 -2.1417959655570984 0.02178575326049456 0.36576 -2.445003484775232 0.7988559315902781
35884 10961435 -2.0876680848484455 0.021603995760397926 0.35814000000000007 -2.445003484775232 0.7988559315902781
35885 10961435 -2.0924826942882095 0.02317907674349426 0.36576 -2.445003484775232 0.7988559315902781
35886 10961435 -2.047855686524813 0.01839428260284534 0.36576 -2.445003484775232 0.7988559315902781
35887 10961435 -1.9940968024647057 0.019122759143205686 0.363855 -2.445003484775232 0.7988559315902781
35888 10961435 -1.9403379184045981 0.019851235683566032 0.36195 -2.445003484775232 0.7988559315902781
35889 10961435 -1.9006807748672947 0.01888393365454258 0.363855 -2.445003484775232 0.7988559315902781
35890 10961435 -1.861023631329991 0.017916631625519125 0.36576 -2.445003484775232 0.7988559315902781
35891 10961435 -1.796744490676646 0.020258305813784433 0.35814 -2.445003484775232 0.7988559315902781
35892 10961435 -1.717482392175399 0.018166975838283167 0.35052000000000005 -2.445003484775232 0.7988559315902781
35893 10961435 -1.722297003966818 0.01974180365875053 0.34290000000000004 -2.445003484775232 0.7988559315902781
35894 10961435 -1.6583472268411426 0.020264735068403733 0.33909 -2.445003484775232 0.7988559315902781
35895 10961435 -1.5943974497154672 0.020787666478056938 0.33528 -2.445003484775232 0.7988559315902781
35896 10961435 -1.56545978906356 0.02011513428119671 0.33337500000000003 -2.445003484775232 0.7988559315902781
35897 10961435 -1.5365221284116528 0.019442602084336486 0.33147000000000004 -2.445003484775232 0.7988559315902781
35898 10961435 -1.5115523050940962 0.01872424304856829 0.329565 -2.445003484775232 0.7988559315902781
35899 10961435 -1.4865824817765396 0.018005884012800094 0.32766 -2.445003484775232 0.7988559315902781
35900 10961435 -1.367849101794593 0.021994973812374613 0.32766000000000006 -2.445003484775232 0.7988559315902781
35901 10961435 -1.3519090959935498 0.01695713165980947 0.33528 -2.445003484775232 0.7988559315902781
35902 10961435 -1.293321052886358 0.017659223295544618 0.32766000000000006 -2.445003484775232 0.7988559315902781
35903 10961435 -1.234733009779166 0.018361314931279765 0.32004000000000005 -2.445003484775232 0.7988559315902781
35904 10961435 -1.2110670462695683 0.0157628227132994 0.33528 -2.445003484775232 0.7988559315902781
35905 10961435 -1.120848542123773 0.009160012109139387 0.32004000000000005 -2.445003484775232 0.7988559315902781
35906 10961435 -1.0995774095112179 0.008338145234463828 0.31623 -2.445003484775232 0.7988559315902781
35907 10961435 -1.0783062768986624 0.00751627835978827 0.31242000000000003 -2.445003484775232 0.7988559315902781
35908 10961435 -1.006682145431651 0.0065279168988816305 0.31242000000000003 -2.445003484775232 0.7988559315902781
35909 10961435 -0.9527614583078596 0.007765630931889672 0.3048 -2.445003484775232 0.7988559315902781
35910 10961435 -0.8988407711840682 0.009003344964897714 0.29718 -2.445003484775232 0.7988559315902781
35911 10961435 -0.8658590337227003 0.010720525000341458 0.28956 -2.445003484775232 0.7988559315902781
35912 10961435 -0.8065523472595872 0.008737558791160976 0.28956 -2.445003484775232 0.7988559315902781
35913 10961435 -0.7960948416326405 0.008122379109087502 0.3048 -2.445003484775232 0.7988559315902781
35914 10961435 -0.7245923815994122 0.012200270555191045 0.29718 -2.445003484775232 0.7988559315902781
35915 10961435 -0.7022883315742998 0.012502184125931265 0.3048 -2.445003484775232 0.7988559315902781
35916 10961435 -0.65578645446012 0.014823725263646087 0.3048 -2.445003484775232 0.7988559315902781
35917 10961435 -0.5757033908458622 0.011190583119343428 0.31242000000000003 -2.445003484775232 0.7988559315902781
35918 10961435 -0.5414181986144146 0.012483049388329268 0.31623 -2.445003484775232 0.7988559315902781
35919 10961435 -0.5071330063829672 0.013775515657315107 0.32004000000000005 -2.445003484775232 0.7988559315902781
35920 10961435 -0.45292253193054455 0.01346131742443471 0.32766 -2.445003484775232 0.7988559315902781
35921 10961435 -0.4157343405079463 0.013922233929708141 0.3302 -2.445003484775232 0.7988559315902781
35922 10961435 -0.37854614908534795 0.01438315043498157 0.33274000000000004 -2.445003484775232 0.7988559315902781
35923 10961435 -0.3413579576627497 0.014844066940255002 0.33528 -2.445003484775232 0.7988559315902781
35924 10961435 -0.3083770486838133 0.016563832702848696 0.33528 -2.445003484775232 0.7988559315902781
35925 10961435 -0.3044860490416732 0.020315681903958133 0.33528 -2.445003484775232 0.7988559315902781
35926 10961435 -0.2224413389523453 0.018615704105849118 0.34290000000000004 -2.445003484775232 0.7988559315902781
35927 10961435 -0.1403966288630174 0.016915726307740103 0.35052000000000005 -2.445003484775232 0.7988559315902781
35928 10961435 -0.10141057659087555 0.015271587045377816 0.35433000000000003 -2.445003484775232 0.7988559315902781
35929 10961435 -0.06242452431873369 0.013627447783015528 0.35814000000000007 -2.445003484775232 0.7988559315902781
35930 10961435 -0.040923496101103796 0.014193720823545114 0.36576 -2.445003484775232 0.7988559315902781
35931 10961435 0.05063740844784759 0.011722439591943468 0.37338 -2.445003484775232 0.7988559315902781
35932 10961435 0.09375171001682725 0.010482374504184017 0.37338 -2.445003484775232 0.7988559315902781
35933 10961435 0.11999822892911671 0.009264439541262104 0.381 -2.445003484775232 0.7988559315902781
35934 10961435 0.15499355862294728 0.0076406775481808464 0.381 -2.445003484775232 0.7988559315902781
35935 10961435 0.19061053916048315 0.008734735157786222 0.38481 -2.445003484775232 0.7988559315902781
35936 10961435 0.22622751969801902 0.009828792767391598 0.38862 -2.445003484775232 0.7988559315902781
35937 10961435 0.2609362484685931 0.008416008805370884 0.38862 -2.445003484775232 0.7988559315902781
35938 10961435 0.3292346325030814 0.01086345852930401 0.39624000000000004 -2.445003484775232 0.7988559315902781
35939 10961435 0.373038429358818 0.011736208284584687 0.39624000000000004 -2.445003484775232 0.7988559315902781
35940 10961435 0.4246849726676704 0.012149195442280852 0.40386 -2.445003484775232 0.7988559315902781
35941 10961435 0.47650387951618933 0.013090340863058894 0.40386 -2.445003484775232 0.7988559315902781
35942 10961435 0.5289780440687847 0.016037442682338976 0.41148 -2.445003484775232 0.7988559315902781
35943 10961435 0.5622899208728639 0.017419027018266448 0.41910000000000003 -2.445003484775232 0.7988559315902781
35944 10961435 0.5664146808400328 0.013734622993476595 0.42672000000000004 -2.445003484775232 0.7988559315902781
35945 10961435 0.6076199838356036 0.020247824635352754 0.42672000000000004 -2.445003484775232 0.7988559315902781
35946 10961435 0.6488252868311745 0.026761026277228914 0.42672000000000004 -2.445003484775232 0.7988559315902781
35947 10961435 0.6952262399468152 0.04177017082464785 0.432435 -2.445003484775232 0.7988559315902781
35948 10961435 0.7416271930624558 0.05677931537206679 0.43815000000000004 -2.445003484775232 0.7988559315902781
35949 10961435 0.7550617721839006 0.05855226080544977 0.44386500000000007 -2.445003484775232 0.7988559315902781
35950 10961435 0.7684963513053452 0.06032520623883276 0.44958000000000004 -2.445003484775232 0.7988559315902781
35951 10961435 0.8286173646796038 0.10353443973924509 0.46101000000000003 -2.445003484775232 0.7988559315902781
35952 10961435 0.8887383780538622 0.14674367323965742 0.47243999999999997 -2.445003484775232 0.7988559315902781
35953 10961435 0.911926680172167 0.17331977582505867 0.47497999999999996 -2.445003484775232 0.7988559315902781
35954 10961435 0.9351149822904719 0.1998958784104599 0.47752 -2.445003484775232 0.7988559315902781
35955 10961435 0.9583032844087767 0.22647198099586113 0.48006 -2.445003484775232 0.7988559315902781
35956 10961435 0.9881008552187714 0.2769021167676543 0.48768 -2.445003484775232 0.7988559315902781
35957 10961435 1.0066176235674256 0.3161809800290479 0.48768 -2.445003484775232 0.7988559315902781
35958 10961435 1.0125840594551692 0.33444260329780817 0.48768 -2.445003484775232 0.7988559315902781
35959 10961435 1.0512266478048864 0.3907449664274731 0.49149 -2.445003484775232 0.7988559315902781
35960 10961435 1.0478233241698065 0.4200120544971556 0.497205 -2.445003484775232 0.7988559315902781
35961 10961435 1.0444200005347266 0.4492791425668381 0.50292 -2.445003484775232 0.7988559315902781
35962 10961435 1.0517188409760756 0.5368509050249224 0.51054 -2.445003484775232 0.7988559315902781
35963 10961435 1.0438457722244758 0.5546106970944167 0.5181600000000001 -2.445003484775232 0.7988559315902781
35964 10961435 1.042331788168037 0.633145639270204 0.5181600000000001 -2.445003484775232 0.7988559315902781
35965 10961435 1.0223200474117136 0.6545211222125816 0.5181600000000001 -2.445003484775232 0.7988559315902781
35966 10961435 1.0389257689275937 0.6716430934309459 0.5181600000000001 -2.445003484775232 0.7988559315902781
35967 10961435 1.0250975642149145 0.7162913634923127 0.52578 -2.445003484775232 0.7988559315902781
35968 10961435 1.011269359502235 0.7609396335536794 0.5334 -2.445003484775232 0.7988559315902781
35969 10961435 1.0000056271548223 0.794410917592701 0.5334 -2.445003484775232 0.7988559315902781
35970 10961435 0.9864475686811554 0.8262953798218314 0.54102 -2.445003484775232 0.7988559315902781
35971 10961435 0.9736810104503113 0.845654400303386 0.54864 -2.445003484775232 0.7988559315902781
35972 10961435 0.9416968889644086 0.9138181875731737 0.54864 -2.445003484775232 0.7988559315902781
35973 10961435 0.8991206626759166 0.9829900999313238 0.55626 -2.445003484775232 0.7988559315902781
35974 10961435 0.9110663356111327 0.9692731107277023 0.54864 -2.445003484775232 0.7988559315902781
35975 10961435 0.8433828718140146 1.0515566521242685 0.56388 -2.445003484775232 0.7988559315902781
35976 10961435 0.8424336525754299 1.05408660489501 0.57912 -2.445003484775232 0.7988559315902781
35977 10961435 0.7740158929415311 1.1218907991414213 0.5715 -2.445003484775232 0.7988559315902781
35978 10961435 0.730050199524482 1.161259979915904 0.57912 -2.445003484775232 0.7988559315902781
35979 10961435 0.7022292133189723 1.1841378515173187 0.58674 -2.445003484775232 0.7988559315902781
35980 10961435 0.6744082271134625 1.2070157231187333 0.59436 -2.445003484775232 0.7988559315902781
35981 10961435 0.6626280209408855 1.2130853696481694 0.57912 -2.445003484775232 0.7988559315902781
35982 10961435 0.6273275305739776 1.2371228366728413 0.6096 -2.445003484775232 0.7988559315902781
35983 10961435 0.5575246166032477 1.2800307831249937 0.6096 -2.445003484775232 0.7988559315902781
35984 10961435 0.5527108679146796 1.2816040550524967 0.6096 -2.445003484775232 0.7988559315902781
35985 10961435 0.5124103524752287 1.3036548389237783 0.61341 -2.445003484775232 0.7988559315902781
35986 10961435 0.47210983703577786 1.3257056227950599 0.61722 -2.445003484775232 0.7988559315902781
35987 10961435 0.44153642121513836 1.340838959080341 0.6096 -2.445003484775232 0.7988559315902781
35988 10961435 0.39879085188089025 1.3594836467230722 0.6400800000000001 -2.445003484775232 0.7988559315902781
35989 10961435 0.34101785299245513 1.3810544121428039 0.63246 -2.445003484775232 0.7988559315902781
35990 10961435 0.3000928892156842 1.3971185693136163 0.63246 -2.445003484775232 0.7988559315902781
35991 10961435 0.2622347877941057 1.413056784490914 0.6400800000000001 -2.445003484775232 0.7988559315902781
35992 10961435 0.2305427411238638 1.42408810190016 0.6400800000000001 -2.445003484775232 0.7988559315902781
35993 10961435 0.1988506944536219 1.4351194193094061 0.6400800000000001 -2.445003484775232 0.7988559315902781
35994 10961435 0.13932717464399635 1.459484113685877 0.65532 -2.445003484775232 0.7988559315902781
35995 10961435 0.16019489880612836 1.4499754185584115 0.6400800000000001 -2.445003484775232 0.7988559315902781
35996 10961435 0.08011617795935166 1.486434386613417 0.67056 -2.445003484775232 0.7988559315902781
35997 10961435 0.03243185474359492 1.506404294320434 0.6667500000000001 -2.445003484775232 0.7988559315902781
35998 10961435 -0.015252468472161829 1.5263742020274513 0.6629400000000001 -2.445003484775232 0.7988559315902781
35999 10961435 -0.038525812178687335 1.537487795008257 0.67056 -2.445003484775232 0.7988559315902781
36000 10961435 -0.0770084248423688 1.5528728578483066 0.6781800000000001 -2.445003484775232 0.7988559315902781
36001 10961435 -0.16140071837176118 1.585370943833774 0.6858000000000001 -2.445003484775232 0.7988559315902781
36002 10961435 -0.19219432888515753 1.596840937316143 0.687705 -2.445003484775232 0.7988559315902781
36003 10961435 -0.22298793939855388 1.608310930798512 0.6896100000000001 -2.445003484775232 0.7988559315902781
36004 10961435 -0.28463277498406914 1.6308029608773242 0.69342 -2.445003484775232 0.7988559315902781
36005 10961435 -0.31872843881344015 1.6419511215564113 0.7010400000000001 -2.445003484775232 0.7988559315902781
36006 10961435 -0.34319704448158805 1.6499517106326729 0.7048500000000001 -2.445003484775232 0.7988559315902781
36007 10961435 -0.36766565014973596 1.6579522997089347 0.7086600000000001 -2.445003484775232 0.7988559315902781
36008 10961435 -0.40456904739705357 1.6700189869949316 0.73152 -2.445003484775232 0.7988559315902781
36009 10961435 -0.480782384906173 1.6949399319618568 0.7162800000000001 -2.445003484775232 0.7988559315902781
36010 10961435 -0.5127601843568697 1.7030598762963904 0.7239000000000001 -2.445003484775232 0.7988559315902781
36011 10961435 -0.5625253446713145 1.7165292114735078 0.73152 -2.445003484775232 0.7988559315902781
36012 10961435 -0.5777679330246646 1.7215136765680936 0.73152 -2.445003484775232 0.7988559315902781
36013 10961435 -0.6688939982406559 1.7486262376855037 0.73914 -2.445003484775232 0.7988559315902781
36014 10961435 -0.7104498925934732 1.7622161693936766 0.74676 -2.445003484775232 0.7988559315902781
36015 10961435 -0.7407785441223673 1.773478357936106 0.74676 -2.445003484775232 0.7988559315902781
36016 10961435 -0.7711071956512614 1.784740546478535 0.74676 -2.445003484775232 0.7988559315902781
36017 10961435 -0.7510513362972102 1.7781814956175424 0.762 -2.445003484775232 0.7988559315902781
36018 10961435 -0.8550260674549806 1.8173268659398827 0.75438 -2.445003484775232 0.7988559315902781
36019 10961435 -0.8819007652321711 1.826116404195534 0.762 -2.445003484775232 0.7988559315902781
36020 10961435 -0.9389707574412889 1.8471186782495714 0.762 -2.445003484775232 0.7988559315902781
36021 10961435 -0.9718061264653957 1.8566898257560331 0.762 -2.445003484775232 0.7988559315902781
36022 10961435 -1.0046414954895024 1.8662609732624948 0.762 -2.445003484775232 0.7988559315902781
36023 10961435 -1.0746748135161222 1.8992158783125652 0.76962 -2.445003484775232 0.7988559315902781
36024 10961435 -1.0900782571366774 1.8942060056689922 0.762 -2.445003484775232 0.7988559315902781
36025 10961435 -1.1295384928634984 1.9144741184456686 0.762 -2.445003484775232 0.7988559315902781
36026 10961435 -1.1709329643012747 1.9280142886038008 0.762 -2.445003484775232 0.7988559315902781
36027 10961435 -1.215498591836474 1.9451626925918513 0.76962 -2.445003484775232 0.7988559315902781
36028 10961435 -1.2600642193716733 1.9623110965799018 0.77724 -2.445003484775232 0.7988559315902781
36029 10961435 -1.3003982252283544 1.9801788450378368 0.7924800000000001 -2.445003484775232 0.7988559315902781
36030 10961435 -1.334295652138734 1.9926113930096725 0.7848600000000001 -2.445003484775232 0.7988559315902781
36031 10961435 -1.3681930790491135 2.0050439409815084 0.77724 -2.445003484775232 0.7988559315902781
36032 10961435 -1.3910479585906435 2.0098332863437753 0.762 -2.445003484775232 0.7988559315902781
36033 10961435 -1.5064888829197518 2.062789018904135 0.77724 -2.445003484775232 0.7988559315902781
36034 10961435 -1.5539149781128934 2.083679760974515 0.77724 -2.445003484775232 0.7988559315902781
36035 10961435 -1.5766894571066026 2.0884434645625087 0.762 -2.445003484775232 0.7988559315902781
36036 10961435 -1.6242422951565498 2.108675167094315 0.762 -2.445003484775232 0.7988559315902781
36037 10961435 -1.6733037028475926 2.132438736932835 0.76962 -2.445003484775232 0.7988559315902781
36038 10961435 -1.7214087061527994 2.1509823889716286 0.762 -2.445003484775232 0.7988559315902781
36039 10961435 -1.770342377608914 2.1669933213996075 0.77724 -2.445003484775232 0.7988559315902781
36040 10961435 -1.8728834919658908 2.2102436834829446 0.77724 -2.445003484775232 0.7988559315902781
36041 10961435 -1.9134818920731573 2.2262157145145287 0.77724 -2.445003484775232 0.7988559315902781
36042 10961435 -1.9172922638365528 2.2274625602732256 0.77724 -2.445003484775232 0.7988559315902781
36043 10961435 -1.9211026355999483 2.2287094060319226 0.77724 -2.445003484775232 0.7988559315902781
36044 10961435 -2.0452312082604105 2.2842847627131353 0.77724 -2.445003484775232 0.7988559315902781
36045 10961435 -2.0847572576138678 2.3022440166145848 0.76962 -2.445003484775232 0.7988559315902781
36046 10961435 -2.1242833069673246 2.3202032705160343 0.762 -2.445003484775232 0.7988559315902781
36047 10961435 -2.1972966335859216 2.361683199412551 0.7848600000000001 -2.445003484775232 0.7988559315902781
36048 10961435 -2.243678449145657 2.3875251243153617 0.7848600000000001 -2.445003484775232 0.7988559315902781
36049 10961435 -2.2900602647053927 2.4133670492181727 0.7848600000000001 -2.445003484775232 0.7988559315902781
36050 10961435 -2.3044032423550362 2.4210993219513313 0.7886700000000001 -2.445003484775232 0.7988559315902781
36051 10961435 -2.3187462200046802 2.4288315946844894 0.7924800000000001 -2.445003484775232 0.7988559315902781
36052 10961435 -2.41673400089857 2.4862586045334267 0.7924800000000001 -2.445003484775232 0.7988559315902781
36053 10961435 -2.506627659950289 2.54290753195191 0.78486 -2.445003484775232 0.7988559315902781
36054 10961435 -2.5555629831869524 2.571661978898017 0.78486 -2.445003484775232 0.7988559315902781
36055 10961435 -2.604498306423616 2.600416425844124 0.78486 -2.445003484775232 0.7988559315902781
36056 10961435 -2.6514476798767266 2.6306247029571534 0.78486 -2.445003484775232 0.7988559315902781
36057 10961435 -2.6610733285108834 2.6337756400417276 0.7924800000000001 -2.445003484775232 0.7988559315902781
36058 10961435 -2.72286439541738 2.6708005506078196 0.78867 -2.445003484775232 0.7988559315902781
36059 10961435 -2.7846554623238773 2.707825461173911 0.78486 -2.445003484775232 0.7988559315902781
36060 10961435 -2.807686046697383 2.724420783766305 0.7924800000000001 -2.445003484775232 0.7988559315902781
36061 10961435 -2.8576511648102727 2.7456859323083562 0.7924800000000001 -2.445003484775232 0.7988559315902781
36062 10961435 -2.9189431152017757 2.781994580187814 0.78867 -2.445003484775232 0.7988559315902781
36063 10961435 -2.9802350655932788 2.8183032280672715 0.78486 -2.445003484775232 0.7988559315902781
36064 10961435 -3.0191411841913163 2.8399805129953446 0.78486 -2.445003484775232 0.7988559315902781
36065 10961435 -3.0580473027893538 2.861657797923418 0.78486 -2.445003484775232 0.7988559315902781
36066 10961435 -3.1074347200744645 2.892551434550224 0.7924800000000001 -2.445003484775232 0.7988559315902781
36067 10961435 -3.182239918576103 2.9298985674833857 0.7924800000000001 -2.445003484775232 0.7988559315902781
36068 10961435 -3.2323177099328673 2.9586823493789134 0.7924800000000001 -2.445003484775232 0.7988559315902781
