36373 11396927 -4.055422201462081 -0.002736952522093855 0.48768 -0.42453776933324094 2.0134904767615756
36374 11396927 -4.021024868750034 -0.0007952976431064018 0.45720000000000005 -0.42453776933324094 2.0134904767615756
36375 11396927 -3.9765702673491408 0.0006580167973036788 0.45720000000000005 -0.42453776933324094 2.0134904767615756
36376 11396927 -3.928913714945785 0.003750785808509155 0.45720000000000005 -0.42453776933324094 2.0134904767615756
36377 11396927 -3.8918674192004383 0.005643653426561673 0.45720000000000005 -2.570776552658184 -0.08556141830814801
36378 11396927 -3.839736305600706 0.010193209514235718 0.45720000000000005 -2.570776552658184 -0.08556141830814801
36379 11396927 -3.7742826526379174 0.01201737141149603 0.45720000000000005 -2.570776552658184 -0.08556141830814801
36380 11396927 -3.7546808045210778 0.013545807597816956 0.45720000000000005 -2.570776552658184 -0.08556141830814801
36381 11396927 -3.735078956404238 0.01507424378413788 0.45720000000000005 -2.570776552658184 -0.08556141830814801
36382 11396927 -3.707792674382551 0.017008269307484974 0.42672000000000004 -2.570776552658184 -0.08556141830814801
36383 11396927 -3.6477068334808127 0.01872118011788179 0.42672000000000004 -2.570776552658184 -0.08556141830814801
36384 11396927 -3.5937040411720016 0.017050869783932526 0.42672000000000004 -2.570776552658184 -0.08556141830814801
36385 11396927 -3.555539368508522 0.015307435335247449 0.42672000000000004 -2.570776552658184 -0.08556141830814801
36386 11396927 -3.510546301174333 0.017054475588036494 0.42672000000000004 -2.570776552658184 -0.08556141830814801
36387 11396927 -3.4746062540839215 0.015572278339935991 0.42672000000000004 -2.570776552658184 -0.08556141830814801
36388 11396927 -3.405853581252397 0.015267963561913817 0.42672000000000004 -2.570776552658184 -0.08556141830814801
36389 11396927 -3.3671742170484356 0.012655911142029769 0.42672000000000004 -2.570776552658184 -0.08556141830814801
36390 11396927 -3.3250667152859643 0.00938934484342066 0.42672000000000004 -2.570776552658184 -0.08556141830814801
36391 11396927 -3.2593812690598245 0.005416445044620216 0.42672000000000004 -2.570776552658184 -0.08556141830814801
36392 11396927 -3.2242306279116546 0.005596075173598697 0.42672000000000004 -2.570776552658184 -0.08556141830814801
36393 11396927 -3.1890799867634847 0.005775705302577178 0.42672000000000004 -2.570776552658184 -0.08556141830814801
36394 11396927 -3.1553430101802897 0.003672410994711356 0.41148000000000007 -2.570776552658184 -0.08556141830814801
36395 11396927 -3.1216060335970948 0.0015691166868455342 0.39624000000000004 -2.570776552658184 -0.08556141830814801
36396 11396927 -3.057894610809254 -0.0032749408375544464 0.39624000000000004 -2.570776552658184 -0.08556141830814801
36397 11396927 -3.014129433895162 -0.0014737034576425556 0.39624000000000004 -2.570776552658184 -0.08556141830814801
36398 11396927 -2.9881464453633955 -0.004602385566045669 0.39624000000000004 -2.570776552658184 -0.08556141830814801
36399 11396927 -2.9183028476495787 -0.0029224614918736125 0.39624000000000004 -2.570776552658184 -0.08556141830814801
36400 11396927 -2.8750378595693205 -0.006448461332494354 0.39624000000000004 -2.570776552658184 -0.08556141830814801
36401 11396927 -2.809081845094404 -0.004430081086183174 0.39624000000000004 -2.570776552658184 -0.08556141830814801
36402 11396927 -2.768620355067603 -0.0029484894532215977 0.39624000000000004 -2.570776552658184 -0.08556141830814801
36403 11396927 -2.725722233026607 -0.006236740094484411 0.39624000000000004 -2.570776552658184 -0.08556141830814801
36404 11396927 -2.703025826369774 -0.005426236696579739 0.39624000000000004 -2.570776552658184 -0.08556141830814801
36405 11396927 -2.6803294197129413 -0.004615733298675068 0.39624000000000004 -2.570776552658184 -0.08556141830814801
36406 11396927 -2.615574578595167 -0.008979596755414626 0.39624000000000004 -2.570776552658184 -0.08556141830814801
36407 11396927 -2.5666055235677376 -0.008644984890281565 0.39624000000000004 -2.570776552658184 -0.08556141830814801
36408 11396927 -2.5275258039248385 -0.011383736451081844 0.39624000000000004 -2.570776552658184 -0.08556141830814801
36409 11396927 -2.49410789335362 -0.011334987765543897 0.39624000000000004 -2.570776552658184 -0.08556141830814801
36410 11396927 -2.4427317387410312 -0.011787199348417127 0.39624000000000004 -2.570776552658184 -0.08556141830814801
36411 11396927 -2.3988762455909063 -0.010245769775383967 0.36576 -2.570776552658184 -0.08556141830814801
36412 11396927 -2.339658737653491 -0.012795523509573054 0.36576 -2.570776552658184 -0.08556141830814801
36413 11396927 -2.300773293907943 -0.014768489651320632 0.36576 -2.570776552658184 -0.08556141830814801
36414 11396927 -2.2525677947557377 -0.009975779630431864 0.36576 -2.570776552658184 -0.08556141830814801
36415 11396927 -2.2100714975127618 -0.013129641703789524 0.36576 -2.570776552658184 -0.08556141830814801
36416 11396927 -2.143551650493179 -0.00801857252695684 0.36576 -2.570776552658184 -0.08556141830814801
36417 11396927 -2.1107842237183996 -0.009683181729521734 0.36576 -2.570776552658184 -0.08556141830814801
36418 11396927 -2.0780167969436203 -0.011347790932086627 0.36576 -2.570776552658184 -0.08556141830814801
36419 11396927 -2.0410424978967496 -0.00965636748207191 0.36576 -2.570776552658184 -0.08556141830814801
36420 11396927 -1.9857752296003925 -0.006354348201410037 0.36576 -2.570776552658184 -0.08556141830814801
36421 11396927 -1.9383694020532094 -0.008074904105530939 0.36576 -2.570776552658184 -0.08556141830814801
36422 11396927 -1.9103173980436414 -0.006502022826414905 0.36576 -2.570776552658184 -0.08556141830814801
36423 11396927 -1.8652106939090076 -0.0030301288043248775 0.36576 -2.570776552658184 -0.08556141830814801
36424 11396927 -1.8163121428565308 -0.00290143618975916 0.36576 -2.570776552658184 -0.08556141830814801
36425 11396927 -1.748655280542441 -0.005169381686216085 0.36576 -2.570776552658184 -0.08556141830814801
36426 11396927 -1.703997727134772 -0.0030685711101827995 0.33528 -2.570776552658184 -0.08556141830814801
36427 11396927 -1.6653417247655875 -0.004379085021209456 0.33528 -2.570776552658184 -0.08556141830814801
36428 11396927 -1.6375135621931571 -0.002673560507005096 0.33528 -2.570776552658184 -0.08556141830814801
36429 11396927 -1.6096853996207268 -0.0009680359928007365 0.33528 -2.570776552658184 -0.08556141830814801
36430 11396927 -1.5495243848500737 0.0007363757056948195 0.33528 -2.570776552658184 -0.08556141830814801
36431 11396927 -1.5058768071915594 0.002467597066570154 0.33528 -2.570776552658184 -0.08556141830814801
36432 11396927 -1.4576778350498187 0.0031778484596629297 0.33528 -2.570776552658184 -0.08556141830814801
36433 11396927 -1.408115720003379 0.002624718429999201 0.33528 -2.570776552658184 -0.08556141830814801
36434 11396927 -1.3581739863183608 0.003232966198035564 0.33528 -2.570776552658184 -0.08556141830814801
36435 11396927 -1.310354998245226 0.002783185871941457 0.3048 -2.570776552658184 -0.08556141830814801
36436 10926744 0.7777439474420956 0.08020175213815324 0.21336000000000002 -2.570776552658184 -0.08556141830814801
36436 11396927 -1.2650729355433497 8.750104180638152e-06 0.3048 -2.570776552658184 -0.08556141830814801
36437 11396927 -1.2238461765128823 0.00113116793325993 0.3048 -2.570776552658184 -0.08556141830814801
36437 10926744 0.7656371508378147 0.06897002087068026 0.21336000000000002 -2.570776552658184 -0.08556141830814801
36438 10926744 0.7686378001925187 0.07815354553482792 0.21336000000000002 -2.570776552658184 -0.08556141830814801
36438 11396927 -1.1934611153953065 0.003053619518196521 0.3048 -2.570776552658184 -0.08556141830814801
36439 11396927 -1.1630760542777308 0.004976071103133112 0.3048 -2.570776552658184 -0.08556141830814801
36439 10926744 0.7638232294245743 0.07972667305736562 0.21336000000000002 -2.570776552658184 -0.08556141830814801
36440 10926744 0.7588166334547829 0.07935313272027454 0.21336000000000002 -2.570776552658184 -0.08556141830814801
36440 11396927 -1.1254303285839948 0.003297611262003647 0.3048 -2.570776552658184 -0.08556141830814801
36441 10926744 0.7538100374849914 0.07897959238318344 0.21336000000000002 -2.570776552658184 -0.08556141830814801
36441 11396927 -1.0760715412482735 0.0062013363132822075 0.3048 -2.570776552658184 -0.08556141830814801
36442 11396927 -1.0118505153777189 0.009736786886287513 0.3048 -2.570776552658184 -0.08556141830814801
36442 10926744 0.7488034415152001 0.07860605204609236 0.21336000000000002 -2.570776552658184 -0.08556141830814801
36443 11396927 -0.9883080382660461 0.009749766462086445 0.3048 -2.570776552658184 -0.08556141830814801
36443 10926744 0.7437968455454087 0.07823251170900127 0.21336000000000002 -2.570776552658184 -0.08556141830814801
36444 11396927 -0.939178241461081 0.013313384178412963 0.3048 -2.570776552658184 -0.08556141830814801
36444 10926744 0.7387902495756173 0.07785897137191018 0.21336000000000002 -2.570776552658184 -0.08556141830814801
36445 10926744 0.7337836536058259 0.0774854310348191 0.21336000000000002 -2.570776552658184 -0.08556141830814801
36445 11396927 -0.8773908193909292 0.01484160841446 0.3048 -2.570776552658184 -0.08556141830814801
36446 10926744 0.7287770576360345 0.077111890697728 0.21336000000000002 -2.570776552658184 -0.08556141830814801
36446 11396927 -0.8509277517301386 0.01156334594421718 0.3048 -2.570776552658184 -0.08556141830814801
36447 11396927 -0.8009009860411025 0.01787223313186162 0.3048 -2.570776552658184 -0.08556141830814801
36447 10926744 0.7237704616662431 0.07673835036063692 0.21336000000000002 -2.570776552658184 -0.08556141830814801
36448 11396927 -0.7570711046111889 0.019898466141896026 0.3048 -2.570776552658184 -0.08556141830814801
36448 10926744 0.7187638656964517 0.07636481002354582 0.21336000000000002 -2.570776552658184 -0.08556141830814801
36449 10926744 0.7137572697266603 0.07599126968645474 0.21336000000000002 -2.570776552658184 -0.08556141830814801
36449 11396927 -0.7065253010360768 0.029426409160823036 0.3048 -2.570776552658184 -0.08556141830814801
36450 11396927 -0.6415982463948406 0.04056183849281372 0.33528 -2.570776552658184 -0.08556141830814801
36450 10926744 0.7082183849205659 0.07534772962578856 0.21336000000000002 -2.570776552658184 -0.08556141830814801
36451 11396927 -0.6045491281163935 0.05064747699084757 0.33528 -2.570776552658184 -0.08556141830814801
36451 10926744 0.7026795001144714 0.07470418956512237 0.21336000000000002 -2.570776552658184 -0.08556141830814801
36452 11396927 -0.5833283943529393 0.057145577982107426 0.33528 -2.570776552658184 -0.08556141830814801
36452 10926744 0.6970716300321861 0.07384954106002722 0.21336000000000002 -2.570776552658184 -0.08556141830814801
36453 11396927 -0.562107660589485 0.06364367897336728 0.33528 -2.570776552658184 -0.08556141830814801
36453 10926744 0.6925707739202497 0.07026741887097725 0.21336000000000002 -2.570776552658184 -0.08556141830814801
36454 11396927 -0.5055687618497917 0.0925939455090927 0.36576 -2.570776552658184 -0.08556141830814801
36454 10926744 0.6880699178083133 0.06668529668192727 0.21336000000000002 -2.570776552658184 -0.08556141830814801
36455 10926744 0.6781440316762155 0.06484662242313945 0.21336000000000002 -2.570776552658184 -0.08556141830814801
36455 11396927 -0.48422308549044835 0.09811672065134877 0.36576 -2.570776552658184 -0.08556141830814801
36456 11396927 -0.436446499522251 0.12607643769471463 0.36576 -2.570776552658184 -0.08556141830814801
36456 10926744 0.6723186505618651 0.06441354440767445 0.21336000000000002 -2.570776552658184 -0.08556141830814801
36457 10926744 0.6667339966461296 0.0639018113702618 0.21336000000000002 -2.570776552658184 -0.08556141830814801
36457 11396927 -0.39527031682230107 0.14743162287309783 0.36576 -2.570776552658184 -0.08556141830814801
36458 11396927 -0.3601557888203786 0.173338878313639 0.36576 -2.570776552658184 -0.08556141830814801
36458 10926744 0.6620637260999085 0.06659613301795858 0.21336000000000002 -2.570776552658184 -0.08556141830814801
36459 10926744 0.6573934555536872 0.06929045466565537 0.21336000000000002 -2.570776552658184 -0.08556141830814801
36459 11396927 -0.31587212428406986 0.20664691564916457 0.36576 -2.570776552658184 -0.08556141830814801
36460 11396927 -0.29399083001230375 0.22087425860768226 0.36576 -2.570776552658184 -0.08556141830814801
36460 10926744 0.6525788792629029 0.07086365992002491 0.21336000000000002 -2.570776552658184 -0.08556141830814801
36461 10926744 0.6477643029721186 0.07243686517439446 0.21336000000000002 -2.570776552658184 -0.08556141830814801
36461 11396927 -0.26316970684945784 0.25402690891557067 0.36576 -2.570776552658184 -0.08556141830814801
36462 11396927 -0.23058834442746456 0.28169724047070854 0.39624000000000004 -2.570776552658184 -0.08556141830814801
36462 10926744 0.6398526025407059 0.07268553797882542 0.21336000000000002 -2.570776552658184 -0.08556141830814801
36463 11396927 -0.19085526881227222 0.3176615550787109 0.39624000000000004 -2.570776552658184 -0.08556141830814801
36463 10926744 0.6350380280339002 0.07425875358402134 0.21336000000000002 -2.570776552658184 -0.08556141830814801
36464 10926744 0.6293956445556216 0.07329860115781078 0.21336000000000002 -2.570776552658184 -0.08556141830814801
36464 11396927 -0.14235704307231445 0.35870535574326423 0.39624000000000004 -2.570776552658184 -0.08556141830814801
36465 10926744 0.6265001961876536 0.07313486078063983 0.21336000000000002 -2.570776552658184 -0.08556141830814801
36465 11396927 -0.11812369093648434 0.38665130228389777 0.39624000000000004 -2.570776552658184 -0.08556141830814801
36466 10926744 0.6236047478196857 0.07297112040346886 0.21336000000000002 -2.570776552658184 -0.08556141830814801
36466 11396927 -0.08725549815052458 0.4104423386281816 0.39624000000000004 -2.570776552658184 -0.08556141830814801
36467 10926744 0.6056787334060425 0.0686646715692621 0.21336000000000002 -2.570776552658184 -0.08556141830814801
36467 11396927 -0.05910676634661938 0.43243524136198863 0.42672000000000004 -2.570776552658184 -0.08556141830814801
36468 11396927 -0.0352866925687263 0.45449958126581863 0.42672000000000004 -2.570776552658184 -0.08556141830814801
36468 10926744 0.601788270525337 0.06491233853597755 0.21336000000000002 -2.570776552658184 -0.08556141830814801
36469 11396927 -0.011466618790833216 0.47656392116964863 0.42672000000000004 -2.570776552658184 -0.08556141830814801
36469 10926744 0.5961803633549555 0.064057769136092 0.21336000000000002 -2.570776552658184 -0.08556141830814801
36470 10926744 0.5954847969721724 0.09454351514491281 0.21336000000000002 -2.570776552658184 -0.08556141830814801
36470 11396927 0.018831313355560875 0.5040465402071302 0.42672000000000004 -2.570776552658184 -0.08556141830814801
36471 10926744 0.5876693715438831 0.08693330778338719 0.21336000000000002 -2.570776552658184 -0.08556141830814801
36471 11396927 0.05114785592482174 0.5322713825311526 0.42672000000000004 -2.570776552658184 -0.08556141830814801
36472 10926744 0.5828548067815047 0.08850655907922186 0.21336000000000002 -2.570776552658184 -0.08556141830814801
36472 11396927 0.07386222908576101 0.5555735240824397 0.45720000000000005 -2.570776552658184 -0.08556141830814801
36473 10926744 0.5759021597741102 0.08408033382369734 0.21336000000000002 -2.570776552658184 -0.08556141830814801
36473 11396927 0.10456087439285744 0.5829253345325962 0.45720000000000005 -2.570776552658184 -0.08556141830814801
36474 11396927 0.12892708780732276 0.6072064389825906 0.45720000000000005 -2.570776552658184 -0.08556141830814801
36474 10926744 0.5689495127667156 0.07965410856817283 0.21336000000000002 -2.570776552658184 -0.08556141830814801
36475 11396927 0.16280436891738992 0.6374916653140501 0.45720000000000005 -2.570776552658184 -0.08556141830814801
36475 10926744 0.5619968657593211 0.0752278833126483 0.21336000000000002 -2.570776552658184 -0.08556141830814801
36476 10926744 0.5578977660343403 0.07545748840957653 0.21336000000000002 -2.570776552658184 -0.08556141830814801
36476 11396927 0.18770950102697515 0.6620640357969376 0.45720000000000005 -2.570776552658184 -0.08556141830814801
36477 10926744 0.5537986663093595 0.07568709350650475 0.21336000000000002 -2.570776552658184 -0.08556141830814801
36477 11396927 0.21421923481319105 0.6861119806978623 0.45720000000000005 -2.570776552658184 -0.08556141830814801
36478 11396927 0.2388994248202444 0.7154311880685835 0.45720000000000005 -2.570776552658184 -0.08556141830814801
36478 10926744 0.5419274603801034 0.07197245704558018 0.21336000000000002 -2.570776552658184 -0.08556141830814801
36479 11396927 0.27563065845641743 0.7571679170906648 0.48768 -2.570776552658184 -0.08556141830814801
36479 10926744 0.5347055995014909 0.07433238585587405 0.21336000000000002 -2.570776552658184 -0.08556141830814801
36480 10926744 0.5274837386228782 0.07669231466616792 0.21336000000000002 -2.570776552658184 -0.08556141830814801
36480 11396927 0.3023805307424011 0.7928205868315962 0.48768 -2.570776552658184 -0.08556141830814801
36481 11396927 0.3241959062665697 0.82424454803338 0.48768 -2.570776552658184 -0.08556141830814801
36481 10926744 0.5212204376952707 0.07383222767668002 0.21336000000000002 -2.570776552658184 -0.08556141830814801
36482 10926744 0.5132006860115741 0.07510938585194074 0.21336000000000002 -2.570776552658184 -0.08556141830814801
36482 11396927 0.3350698398879131 0.8406685541290078 0.48768 -2.570776552658184 -0.08556141830814801
36483 11396927 0.34594377350925654 0.8570925602246354 0.48768 -2.570776552658184 -0.08556141830814801
36483 10926744 0.5051809343278775 0.07638654402720145 0.21336000000000002 -2.570776552658184 -0.08556141830814801
36484 11396927 0.36939870264143915 0.9122814522761028 0.48768 -2.570776552658184 -0.08556141830814801
36484 10926744 0.49770580270284953 0.07548020512793646 0.21336000000000002 -2.570776552658184 -0.08556141830814801
36485 10926744 0.4902306710778216 0.07457386622867146 0.21336000000000002 -2.570776552658184 -0.08556141830814801
36485 11396927 0.3873336689921738 0.9505815910370017 0.48768 -2.570776552658184 -0.08556141830814801
36486 11396927 0.3966532008341782 0.99566982219517 0.48768 -2.570776552658184 -0.08556141830814801
36486 10926744 0.4827555394527936 0.07366752732940646 0.21336000000000002 -2.570776552658184 -0.08556141830814801
36487 10926744 0.47528040782776565 0.07276118843014147 0.21336000000000002 -2.570776552658184 -0.08556141830814801
36487 11396927 0.4112464337203668 1.0403195490132755 0.48768 -2.570776552658184 -0.08556141830814801
36488 10926744 0.4678052762027377 0.07185484953087648 0.21336000000000002 -2.570776552658184 -0.08556141830814801
36488 11396927 0.4139822731348448 1.082652712112919 0.48768 -2.570776552658184 -0.08556141830814801
36489 11396927 0.42127774755632474 1.121275834862985 0.48768 -2.570776552658184 -0.08556141830814801
36489 10926744 0.46033014457770977 0.07094851063161148 0.21336000000000002 -2.570776552658184 -0.08556141830814801
36490 10926744 0.4539715081788692 0.07051461404143305 0.21336000000000002 -2.570776552658184 -0.08556141830814801
36490 11396927 0.4245096275940729 1.1664845001722541 0.48768 -2.570776552658184 -0.08556141830814801
36491 10926744 0.4476128717800287 0.07008071745125463 0.21336000000000002 -2.570776552658184 -0.08556141830814801
36491 11396927 0.4244546407493211 1.2152209266884786 0.5181600000000001 -2.570776552658184 -0.08556141830814801
36492 10926744 0.436220823207257 0.06375623546755242 0.21336000000000002 -2.570776552658184 -0.08556141830814801
36492 11396927 0.42150182902971595 1.2550907336039019 0.5181600000000001 -2.570776552658184 -0.08556141830814801
36493 11396927 0.42014027209525634 1.3039037900855035 0.5181600000000001 -2.570776552658184 -0.08556141830814801
36493 10926744 0.42889196452712586 0.06615124016492926 0.21336000000000002 -2.570776552658184 -0.08556141830814801
36494 11396927 0.41095022765162215 1.354574659612877 0.5181600000000001 -2.570776552658184 -0.08556141830814801
36494 10926744 0.42156310584699463 0.06854624486230611 0.21336000000000002 -2.570776552658184 -0.08556141830814801
36495 11396927 0.40370645136535743 1.3908233750217573 0.5181600000000001 -2.570776552658184 -0.08556141830814801
36495 10926744 0.41423424716686347 0.07094124955968295 0.21336000000000002 -2.570776552658184 -0.08556141830814801
36496 11396927 0.39064192804768083 1.4415924942221316 0.5181600000000001 -2.570776552658184 -0.08556141830814801
36496 10926744 0.40464421201763756 0.06659815841898645 0.21336000000000002 -2.570776552658184 -0.08556141830814801
36497 10926744 0.3995693528267541 0.07199512277909412 0.21336000000000002 -2.570776552658184 -0.08556141830814801
36497 11396927 0.37759397947145085 1.49702957562719 0.5181600000000001 -2.570776552658184 -0.08556141830814801
36498 10926744 0.3944944936358707 0.07739208713920179 0.21336000000000002 -2.570776552658184 -0.08556141830814801
36498 11396927 0.3635880934426523 1.5234551390998232 0.5181600000000001 -2.570776552658184 -0.08556141830814801
36499 10926744 0.38531009447427217 0.07782328336378017 0.21336000000000002 -2.570776552658184 -0.08556141830814801
36499 11396927 0.3519545429993788 1.554421201609083 0.5181600000000001 -2.570776552658184 -0.08556141830814801
36500 11396927 0.34032099255610526 1.5853872641183429 0.5181600000000001 -2.570776552658184 -0.08556141830814801
36500 10926744 0.37612569531267365 0.07825447958835854 0.21336000000000002 -2.570776552658184 -0.08556141830814801
36501 11396927 0.3179259611296986 1.636402849817679 0.54864 -2.570776552658184 -0.08556141830814801
36501 10926744 0.3699313003524973 0.07560563661932032 0.21336000000000002 -2.570776552658184 -0.08556141830814801
36502 11396927 0.28590444556933714 1.690565391262265 0.54864 -2.570776552658184 -0.08556141830814801
36502 10926744 0.36255353696748693 0.07042279370876137 0.21336000000000002 -2.570776552658184 -0.08556141830814801
36503 10926744 0.3555701759332968 0.07025155038325862 0.21336000000000002 -2.570776552658184 -0.08556141830814801
36503 11396927 0.2653322974602266 1.7297696167510956 0.54864 -2.570776552658184 -0.08556141830814801
36504 11396927 0.23532856842809347 1.7721739692427616 0.54864 -2.570776552658184 -0.08556141830814801
36504 10926744 0.3485868148991067 0.07008030705775586 0.21336000000000002 -2.570776552658184 -0.08556141830814801
36505 10926744 0.34297883192925793 0.06922593706740812 0.21336000000000002 -2.570776552658184 -0.08556141830814801
36505 11396927 0.1991937871977718 1.8164660017868328 0.54864 -2.570776552658184 -0.08556141830814801
36506 11396927 0.18798861131350053 1.8337985049039953 0.54864 -2.570776552658184 -0.08556141830814801
36506 10926744 0.33496355785645116 0.06915828229639653 0.21336000000000002 -2.570776552658184 -0.08556141830814801
36507 10926744 0.332263052352526 0.06904777005074203 0.21336000000000002 -2.570776552658184 -0.08556141830814801
36507 11396927 0.140300074383642 1.8902800796385655 0.54864 -2.570776552658184 -0.08556141830814801
36508 11396927 0.09946943323810031 1.9269951426486254 0.54864 -2.570776552658184 -0.08556141830814801
36508 10926744 0.32956254684860087 0.06893725780508753 0.21336000000000002 -2.570776552658184 -0.08556141830814801
36509 10926744 0.3203781190716995 0.06936853790388531 0.21336000000000002 -2.570776552658184 -0.08556141830814801
36509 11396927 0.059730456936600174 1.9656903451413308 0.54864 -2.570776552658184 -0.08556141830814801
36510 10926744 0.3111936912947981 0.06979981800268309 0.21336000000000002 -2.570776552658184 -0.08556141830814801
36510 11396927 0.040450007144328115 1.9784196267040124 0.54864 -2.570776552658184 -0.08556141830814801
36511 10926744 0.3051844817286379 0.06907659765650304 0.21336000000000002 -2.570776552658184 -0.08556141830814801
36511 11396927 -0.025129758202173558 2.026615338437038 0.54864 -2.570776552658184 -0.08556141830814801
36512 10926744 0.3012548298513661 0.06968907299019314 0.21336000000000002 -2.570776552658184 -0.08556141830814801
36512 11396927 -0.06455765711047334 2.0553957743003197 0.54864 -2.570776552658184 -0.08556141830814801
36513 10926744 0.29732517797409436 0.07030154832388325 0.21336000000000002 -2.570776552658184 -0.08556141830814801
36513 11396927 -0.08420244921582609 2.069997203815761 0.54864 -2.570776552658184 -0.08556141830814801
36514 10926744 0.287138828175308 0.07228701005589469 0.21336000000000002 -2.570776552658184 -0.08556141830814801
36514 11396927 -0.10384724132117884 2.0845986333312023 0.54864 -2.570776552658184 -0.08556141830814801
36515 10926744 0.28158832000337897 0.07160861876642986 0.21336000000000002 -2.570776552658184 -0.08556141830814801
36515 11396927 -0.1532852016359676 2.1112782254693814 0.57912 -2.570776552658184 -0.08556141830814801
36516 10926744 0.27603781183144993 0.07093022747696505 0.21336000000000002 -2.570776552658184 -0.08556141830814801
36516 11396927 -0.20024728527861213 2.1373823705025736 0.54864 -2.570776552658184 -0.08556141830814801
36517 10926744 0.2704873036595209 0.07025183618750022 0.21336000000000002 -2.570776552658184 -0.08556141830814801
36517 11396927 -0.23637953492292563 2.15994573934977 0.57912 -2.570776552658184 -0.08556141830814801
36518 11396927 -0.30500574870107067 2.1982753727406315 0.57912 -2.570776552658184 -0.08556141830814801
36518 10926744 0.2654125062879472 0.07564889892308733 0.21336000000000002 -2.570776552658184 -0.08556141830814801
36519 11396927 -0.3491872105210738 2.2290796830560207 0.57912 -2.570776552658184 -0.08556141830814801
36519 10926744 0.26033770891637353 0.08104596165867445 0.21336000000000002 -2.570776552658184 -0.08556141830814801
36520 10926744 0.2515754815758434 0.07923640737633708 0.21336000000000002 -2.570776552658184 -0.08556141830814801
36520 11396927 -0.3943712227971148 2.255188237164318 0.57912 -2.570776552658184 -0.08556141830814801
36521 10926744 0.24985814163444608 0.08213425608689406 0.21336000000000002 -2.570776552658184 -0.08556141830814801
36521 11396927 -0.41789267193823654 2.2674366432991855 0.57912 -2.570776552658184 -0.08556141830814801
36522 11396927 -0.47491358039469156 2.3075815110841122 0.57912 -2.570776552658184 -0.08556141830814801
36522 10926744 0.24092789534891235 0.07220154325433431 0.21336000000000002 -2.570776552658184 -0.08556141830814801
36523 10926744 0.23439221402942606 0.07258508282198231 0.21336000000000002 -2.570776552658184 -0.08556141830814801
36523 11396927 -0.5159265327059286 2.331509185496983 0.57912 -2.570776552658184 -0.08556141830814801
36524 11396927 -0.5569392753527624 2.3554370977491375 0.57912 -2.570776552658184 -0.08556141830814801
36524 10926744 0.22785653270993977 0.07296862238963031 0.21336000000000002 -2.570776552658184 -0.08556141830814801
36525 11396927 -0.5916462651846432 2.3796398197627413 0.6096 -2.570776552658184 -0.08556141830814801
36525 10926744 0.2213208513904535 0.07335216195727831 0.21336000000000002 -2.570776552658184 -0.08556141830814801
36526 10926744 0.2147851700709672 0.07373570152492631 0.21336000000000002 -2.570776552658184 -0.08556141830814801
36526 11396927 -0.6372381468229154 2.408571058147323 0.6096 -2.570776552658184 -0.08556141830814801
36527 11396927 -0.6945779846005624 2.4488226288006474 0.6096 -2.570776552658184 -0.08556141830814801
36527 10926744 0.20838369889121444 0.07045366603388367 0.21336000000000002 -2.570776552658184 -0.08556141830814801
36528 10926744 0.20010516088277863 0.07093951034212193 0.21336000000000002 -2.570776552658184 -0.08556141830814801
36528 11396927 -0.7375799310734295 2.4764403147107488 0.6096 -2.570776552658184 -0.08556141830814801
36529 10926744 0.1958658034430405 0.07454480071486613 0.21336000000000002 -2.570776552658184 -0.08556141830814801
36529 11396927 -0.7800576529286722 2.5013164295596257 0.6096 -2.570776552658184 -0.08556141830814801
36530 11396927 -0.8075501170385236 2.5182537275333443 0.6096 -2.570776552658184 -0.08556141830814801
36530 10926744 0.19231716826614897 0.08107875922084834 0.21336000000000002 -2.570776552658184 -0.08556141830814801
36531 11396927 -0.835042581148375 2.535191025507063 0.6096 -2.570776552658184 -0.08556141830814801
36531 10926744 0.1843018582439634 0.08101127488496876 0.21336000000000002 -2.570776552658184 -0.08556141830814801
36532 11396927 -0.8699267642318869 2.5631924164971647 0.6096 -2.570776552658184 -0.08556141830814801
36532 10926744 0.17869383049752785 0.08015703450281289 0.21336000000000002 -2.570776552658184 -0.08556141830814801
36533 11396927 -0.9090326658896228 2.588602418184751 0.6400800000000001 -2.570776552658184 -0.08556141830814801
36533 10926744 0.17339628414453837 0.08025279824833657 0.21336000000000002 -2.570776552658184 -0.08556141830814801
36534 10926744 0.1680987377915489 0.08034856199386024 0.21336000000000002 -2.570776552658184 -0.08556141830814801
36534 11396927 -0.9573375178795078 2.619008013970396 0.6400800000000001 -2.570776552658184 -0.08556141830814801
36535 10926744 0.16280119143855942 0.08044432573938393 0.21336000000000002 -2.570776552658184 -0.08556141830814801
36535 11396927 -0.9810380012984636 2.6334205192488893 0.6400800000000001 -2.570776552658184 -0.08556141830814801
36536 10926744 0.1476305516284735 0.06799484834900729 0.21336000000000002 -2.570776552658184 -0.08556141830814801
36536 11396927 -1.020736173390164 2.661361888475368 0.6400800000000001 -2.570776552658184 -0.08556141830814801
36537 11396927 -1.0790292051154526 2.697606389458208 0.6400800000000001 -2.570776552658184 -0.08556141830814801
36537 10926744 0.14093255424230605 0.07263739991815842 0.22860000000000003 -2.570776552658184 -0.08556141830814801
36538 10926744 0.1342345568561386 0.07727995148730954 0.24384 -2.570776552658184 -0.08556141830814801
36538 11396927 -1.1209605097659434 2.726863244495294 0.6400800000000001 -2.570776552658184 -0.08556141830814801
36539 10926744 0.12669838839367925 0.07460249268965728 0.22860000000000003 -2.570776552658184 -0.08556141830814801
36539 11396927 -1.1626498293929515 2.7568591662735074 0.6400800000000001 -2.570776552658184 -0.08556141830814801
36540 10926744 0.11916221993121989 0.07192503389200502 0.21336000000000002 -2.570776552658184 -0.08556141830814801
36540 11396927 -1.1923176546663592 2.774743798621314 0.6553200000000001 -2.570776552658184 -0.08556141830814801
36541 11396927 -1.221985479939767 2.7926284309691205 0.67056 -2.570776552658184 -0.08556141830814801
36541 10926744 0.11249752448165895 0.0723216367536395 0.21336000000000002 -2.570776552658184 -0.08556141830814801
36542 10926744 0.10583282903209801 0.07271823961527397 0.21336000000000002 -2.570776552658184 -0.08556141830814801
36542 11396927 -1.2636582809629597 2.8172450318035605 0.67056 -2.570776552658184 -0.08556141830814801
36543 10926744 0.09916813358253707 0.07311484247690844 0.21336000000000002 -2.570776552658184 -0.08556141830814801
36543 11396927 -1.2954537131122998 2.8383967365541736 0.67056 -2.570776552658184 -0.08556141830814801
36544 10926744 0.09250343813297612 0.07351144533854292 0.21336000000000002 -2.570776552658184 -0.08556141830814801
36544 11396927 -1.3376699260403029 2.8678653852788423 0.67056 -2.570776552658184 -0.08556141830814801
36545 11396927 -1.3770896201738096 2.8966531033354137 0.67056 -2.570776552658184 -0.08556141830814801
36545 10926744 0.08529596316873296 0.07084342410450017 0.22352000000000002 -2.570776552658184 -0.08556141830814801
36546 11396927 -1.431300086850597 2.931799429323679 0.67056 -2.570776552658184 -0.08556141830814801
36546 10926744 0.07808848820448981 0.06817540287045742 0.23368 -2.570776552658184 -0.08556141830814801
36547 10926744 0.07088101324024665 0.06550738163641467 0.24384 -2.570776552658184 -0.08556141830814801
36547 11396927 -1.4654843354682046 2.9575895834896473 0.67056 -2.570776552658184 -0.08556141830814801
36548 10926744 0.06685992646075545 0.06950874272934685 0.21336000000000002 -2.570776552658184 -0.08556141830814801
36548 11396927 -1.5044922445451736 2.9828844539152994 0.67818 -2.570776552658184 -0.08556141830814801
36549 11396927 -1.5435001536221427 3.0081793243409516 0.6858000000000001 -2.570776552658184 -0.08556141830814801
36549 10926744 0.06286565105726627 0.06544003392689171 0.24384 -2.570776552658184 -0.08556141830814801
36550 10926744 0.058051071594531156 0.067013644156065 0.24384 -2.570776552658184 -0.08556141830814801
36550 11396927 -1.582856866842265 3.0337641608740906 0.6934200000000001 -2.570776552658184 -0.08556141830814801
36551 11396927 -1.6222135800623871 3.05934899740723 0.7010400000000001 -2.570776552658184 -0.08556141830814801
36551 10926744 0.05283081721698718 0.07006341013894454 0.23622 -2.570776552658184 -0.08556141830814801
36552 10926744 0.047610562839443205 0.07311317612182407 0.22860000000000003 -2.570776552658184 -0.08556141830814801
36552 11396927 -1.6574405775277776 3.084663731896064 0.7010400000000001 -2.570776552658184 -0.08556141830814801
36553 10926744 0.04239030846189923 0.07616294210470359 0.22098 -2.570776552658184 -0.08556141830814801
36553 11396927 -1.6983778280424404 3.108809339412 0.7010400000000001 -2.570776552658184 -0.08556141830814801
36554 11396927 -1.7461168480230012 3.1382190402295556 0.7010400000000001 -2.570776552658184 -0.08556141830814801
36554 10926744 0.03717005408435525 0.07921270808758313 0.21336000000000002 -2.570776552658184 -0.08556141830814801
36555 10926744 0.03733164277308855 0.07881666283010352 0.21336000000000002 -2.570776552658184 -0.08556141830814801
36555 11396927 -1.7867336009615327 3.1698553608898714 0.7010400000000001 -2.570776552658184 -0.08556141830814801
36556 10926744 0.03749323146182184 0.0784206175726239 0.21336000000000002 -2.570776552658184 -0.08556141830814801
36556 11396927 -1.8324480210345897 3.1956821612698816 0.7010400000000001 -2.570776552658184 -0.08556141830814801
36557 10926744 0.037654820150555136 0.0780245723151443 0.21336000000000002 -2.570776552658184 -0.08556141830814801
36557 11396927 -1.886731568864579 3.2333108349983717 0.7010400000000001 -2.570776552658184 -0.08556141830814801
36558 10926744 0.03781640883928843 0.07762852705766468 0.21336000000000002 -2.570776552658184 -0.08556141830814801
36558 11396927 -1.9092890937331812 3.2512093228691943 0.7010400000000001 -2.570776552658184 -0.08556141830814801
36559 11396927 -1.9682883005335998 3.2934201538378467 0.7010400000000001 -2.570776552658184 -0.08556141830814801
36559 10926744 0.03797799752802173 0.07723248180018508 0.21336000000000002 -2.570776552658184 -0.08556141830814801
36560 11396927 -2.007669362932136 3.3223169080037946 0.73152 -2.570776552658184 -0.08556141830814801
36560 10926744 0.03813958621675502 0.07683643654270546 0.21336000000000002 -2.570776552658184 -0.08556141830814801
36561 10926744 0.03830117490548832 0.07644039128522585 0.21336000000000002 -2.570776552658184 -0.08556141830814801
36561 11396927 -2.042822682561022 3.349479711600043 0.73152 -2.570776552658184 -0.08556141830814801
36562 11396927 -2.0694217167415343 3.3664232429156877 0.73152 -2.570776552658184 -0.08556141830814801
36562 10926744 0.03846276359422161 0.07604434602774623 0.21336000000000002 -2.570776552658184 -0.08556141830814801
36563 11396927 -2.0960207509220465 3.383366774231332 0.73152 -2.570776552658184 -0.08556141830814801
36563 10926744 0.0386243522829549 0.07564830077026663 0.21336000000000002 -2.570776552658184 -0.08556141830814801
36564 11396927 -2.1482833126519925 3.421738903254585 0.73152 -2.570776552658184 -0.08556141830814801
36564 10926744 0.0387859409716882 0.07525225551278703 0.21336000000000002 -2.570776552658184 -0.08556141830814801
36565 10926744 0.0389475296604215 0.0748562102553074 0.21336000000000002 -2.570776552658184 -0.08556141830814801
36565 11396927 -2.182747256832413 3.4493781268326864 0.73152 -2.570776552658184 -0.08556141830814801
36566 10926744 0.039109118349154794 0.0744601649978278 0.21336000000000002 -2.570776552658184 -0.08556141830814801
36566 11396927 -2.218800074347196 3.4721626771222867 0.73152 -2.570776552658184 -0.08556141830814801
36567 10926744 0.039270707037888083 0.07406411974034818 0.21336000000000002 -2.570776552658184 -0.08556141830814801
36567 11396927 -2.253505396757461 3.4990634627090893 0.73152 -2.570776552658184 -0.08556141830814801
36568 11396927 -2.2944045879162784 3.5233180523428826 0.73152 -2.570776552658184 -0.08556141830814801
36568 10926744 0.03943229572662138 0.07366807448286858 0.21336000000000002 -2.570776552658184 -0.08556141830814801
36569 10926744 0.03959388441535468 0.07327202922538896 0.21336000000000002 -2.570776552658184 -0.08556141830814801
36569 11396927 -2.3361303464340786 3.55427018436072 0.762 -2.570776552658184 -0.08556141830814801
36570 11396927 -2.3895012552836477 3.5935918471360293 0.762 -2.570776552658184 -0.08556141830814801
36570 10926744 0.039755473104087974 0.07287598396790936 0.21336000000000002 -2.570776552658184 -0.08556141830814801
36571 10926744 0.039917061792821264 0.07247993871042974 0.21336000000000002 -2.570776552658184 -0.08556141830814801
36571 11396927 -2.4320727917285954 3.618161248720415 0.762 -2.570776552658184 -0.08556141830814801
36572 11396927 -2.4662857553568873 3.64385066914654 0.762 -2.570776552658184 -0.08556141830814801
36572 10926744 0.04007865048155456 0.07208389345295013 0.21336000000000002 -2.570776552658184 -0.08556141830814801
36573 10926744 0.04024023917028786 0.07168784819547051 0.21336000000000002 -2.570776552658184 -0.08556141830814801
36573 11396927 -2.5057325823359147 3.672539101196737 0.762 -2.570776552658184 -0.08556141830814801
36574 11396927 -2.541451742258663 3.6949829336014255 0.762 -2.570776552658184 -0.08556141830814801
36574 10926744 0.04040182785902115 0.07129180293799091 0.21336000000000002 -2.570776552658184 -0.08556141830814801
36575 11396927 -2.58074877509868 3.7238566016731602 0.762 -2.570776552658184 -0.08556141830814801
36575 10926744 0.040563416547754444 0.07089575768051129 0.21336000000000002 -2.570776552658184 -0.08556141830814801
36576 10926744 0.04072500523648774 0.07049971242303169 0.21336000000000002 -2.570776552658184 -0.08556141830814801
36577 10926744 0.04088659392522104 0.07010366716555208 0.21336000000000002 -2.570776552658184 -0.08556141830814801
36578 10926744 0.04104818261395433 0.06970762190807246 0.21336000000000002 -2.570776552658184 -0.08556141830814801
36579 10926744 0.041209771302687624 0.06931157665059286 0.21336000000000002 -2.570776552658184 -0.08556141830814801
36580 10926744 0.04137135999142092 0.06891553139311324 0.21336000000000002 -2.570776552658184 -0.08556141830814801
36581 10926744 0.04153294868015421 0.06851948613563363 0.21336000000000002 -2.570776552658184 -0.08556141830814801
36582 10926744 0.04169453736888751 0.06812344087815402 0.21336000000000002 -2.570776552658184 -0.08556141830814801
36583 10926744 0.041856126057620804 0.06772739562067441 0.21336000000000002 -2.570776552658184 -0.08556141830814801
36584 10926744 0.0420177147463541 0.06733135036319479 0.21336000000000002 -2.570776552658184 -0.08556141830814801
36585 10926744 0.04217930343508739 0.06693530510571519 0.21336000000000002 -2.570776552658184 -0.08556141830814801
36586 10926744 0.04234089212382069 0.06653925984823558 0.21336000000000002 -2.570776552658184 -0.08556141830814801
36587 10926744 0.042502480812553985 0.06614321459075596 0.21336000000000002 -2.570776552658184 -0.08556141830814801
36588 10926744 0.042664069501287274 0.06574716933327636 0.21336000000000002 -2.570776552658184 -0.08556141830814801
36589 10926744 0.04282565819002057 0.06535112407579674 0.21336000000000002 -2.570776552658184 -0.08556141830814801
36590 10926744 0.04298724687875387 0.06495507881831714 0.21336000000000002 -2.570776552658184 -0.08556141830814801
36591 10926744 0.043148835567487165 0.06455903356083752 0.21336000000000002 -2.570776552658184 -0.08556141830814801
36592 10926744 0.043310424256220455 0.06416298830335791 0.21336000000000002 -2.570776552658184 -0.08556141830814801
36593 10926744 0.04347201294495375 0.0637669430458783 0.21336000000000002 -2.570776552658184 -0.08556141830814801
36594 10926744 0.04363360163368705 0.06337089778839869 0.21336000000000002 -2.570776552658184 -0.08556141830814801
36595 10926744 0.04379519032242034 0.06297485253091908 0.21336000000000002 -2.570776552658184 -0.08556141830814801
36596 10926744 0.043956779011153635 0.06257880727343947 0.21336000000000002 -2.570776552658184 -0.08556141830814801
36597 10926744 0.04411836769988693 0.062182762015959854 0.21336000000000002 -2.570776552658184 -0.08556141830814801
36598 10926744 0.04427995638862023 0.06178671675848024 0.21336000000000002 -2.570776552658184 -0.08556141830814801
36599 10926744 0.04444154507735352 0.06139067150100063 0.21336000000000002 -2.570776552658184 -0.08556141830814801
36600 10926744 0.044603133766086815 0.06099462624352102 0.21336000000000002 -2.570776552658184 -0.08556141830814801
36601 10926744 0.04476472245482011 0.060598580986041414 0.21336000000000002 -2.570776552658184 -0.08556141830814801
36602 10926744 0.0449263111435534 0.060202535728561796 0.21336000000000002 -2.570776552658184 -0.08556141830814801
36603 10926744 0.0450878998322867 0.05980649047108219 0.21336000000000002 -2.570776552658184 -0.08556141830814801
36604 10926744 0.045249488521019995 0.05941044521360257 0.21336000000000002 -2.570776552658184 -0.08556141830814801
36605 10926744 0.04541107720975329 0.05901439995612297 0.21336000000000002 -2.570776552658184 -0.08556141830814801
36606 10926744 0.04557266589848659 0.058618354698643356 0.21336000000000002 -2.570776552658184 -0.08556141830814801
36607 10926744 0.04573425458721988 0.058222309441163744 0.21336000000000002 -2.570776552658184 -0.08556141830814801
36608 10926744 0.045895843275953176 0.05782626418368413 0.21336000000000002 -2.570776552658184 -0.08556141830814801
36609 10926744 0.046057431964686465 0.05743021892620452 0.21336000000000002 -2.570776552658184 -0.08556141830814801
36610 10926744 0.04621902065341976 0.05703417366872491 0.21336000000000002 -2.570776552658184 -0.08556141830814801
36611 10926744 0.04638060934215306 0.0566381284112453 0.21336000000000002 -2.570776552658184 -0.08556141830814801
36612 10926744 0.046542198030886356 0.05624208315376569 0.21336000000000002 -2.570776552658184 -0.08556141830814801
36613 10926744 0.04670378671961965 0.055846037896286074 0.21336000000000002 -2.570776552658184 -0.08556141830814801
36614 10926744 0.04686537540835294 0.05544999263880647 0.21336000000000002 -2.570776552658184 -0.08556141830814801
