36708 11120911 2.1464016321973975 4.873367361692584 0.62865 -1.6194615297760395 1.269535573024817
36709 11120911 2.1306210585014185 4.8250746949823276 0.6248400000000001 -1.6194615297760395 1.269535573024817
36710 11120911 2.115659543750356 4.7711402665230445 0.622935 -1.6194615297760395 1.269535573024817
36711 11120911 2.100698028999293 4.717205838063762 0.62103 -1.6194615297760395 1.269535573024817
36712 11120911 2.0857365142482305 4.66327140960448 0.619125 -1.6194615297760395 1.269535573024817
36713 11120911 2.070774999497168 4.609336981145197 0.61722 -1.6194615297760395 1.269535573024817
36714 11120911 2.0676016529476144 4.599625668914191 0.61722 -1.6194615297760395 1.269535573024817
36715 11120911 2.064428306398061 4.589914356683186 0.61722 -1.6194615297760395 1.269535573024817
36716 11120911 2.0370754412002583 4.506207074669178 0.6096 -1.6194615297760395 1.269535573024817
36717 11120911 2.022622920014527 4.461978389333681 0.6096 -1.6194615297760395 1.269535573024817
36718 11120911 2.0124301178160717 4.414488507246986 0.6019800000000001 -1.6194615297760395 1.269535573024817
36719 11120911 1.9981845859330942 4.370893164938755 0.6096 -1.6194615297760395 1.269535573024817
36720 11120911 1.988854198151126 4.326042206166154 0.6096 -1.6194615297760395 1.269535573024817
36721 11120911 1.9736860112087753 4.276906923360092 0.6019800000000001 -1.6194615297760395 1.269535573024817
36722 11120911 1.9588455189761256 4.234206977691621 0.6019800000000001 -1.6194615297760395 1.269535573024817
36723 11120911 1.949411779547542 4.189039318722812 0.6019800000000001 -1.6194615297760395 1.269535573024817
36724 11120911 1.9352008052428686 4.145549530604019 0.6019800000000001 -1.6194615297760395 1.269535573024817
36725 11120911 1.9206535445936306 4.098314284283816 0.6019800000000001 -1.6194615297760395 1.269535573024817
36726 11120911 1.9115562158826966 4.05689206034569 0.59436 -1.6194615297760395 1.269535573024817
36727 11120911 1.8965950889544614 4.0083901146982015 0.59436 -1.6194615297760395 1.269535573024817
36728 11120911 1.8725192815816465 3.934710817764084 0.58674 -1.6194615297760395 1.269535573024817
36729 11120911 1.8615008626403475 3.8863224899366986 0.58674 -1.6194615297760395 1.269535573024817
36730 11120911 1.8548421152614387 3.8643148001258356 0.58674 -1.6194615297760395 1.269535573024817
36731 11120911 1.8448027998474048 3.8261211232786607 0.58293 -1.6194615297760395 1.269535573024817
36731 10926744 0.06577125199014844 0.00911269751369198 0.21336000000000002 -1.6194615297760395 1.269535573024817
36732 11120911 1.8347634844333711 3.7879274464314863 0.57912 -1.6194615297760395 1.269535573024817
36732 10926744 0.08055114728266999 0.008137481365495802 0.21336000000000002 -1.6194615297760395 1.269535573024817
36733 11120911 1.8205181188234494 3.744332098959038 0.57912 -1.6194615297760395 1.269535573024817
36733 10926744 0.09533104257519154 0.007162265217299624 0.21336000000000002 -1.6194615297760395 1.269535573024817
36734 10926744 0.1126319116698642 0.0105037036665976 0.21336000000000002 -1.6194615297760395 1.269535573024817
36734 11120911 1.8063762314649492 3.7010534278081693 0.5715 -1.6194615297760395 1.269535573024817
36735 11120911 1.7953947472268885 3.6660883423546955 0.5715 -1.6194615297760395 1.269535573024817
36735 10926744 0.12993278076453685 0.013845142115895576 0.21336000000000002 -1.6194615297760395 1.269535573024817
36736 10926744 0.15176586062759223 0.01406975822790632 0.21336000000000002 -1.6194615297760395 1.269535573024817
36736 11120911 1.7784077152680542 3.5978034260136313 0.5715 -1.6194615297760395 1.269535573024817
36737 11120911 1.767378880265248 3.5613350489051188 0.5715 -1.6194615297760395 1.269535573024817
36737 10926744 0.1733246705644722 0.011190786274139672 0.21336000000000002 -1.6194615297760395 1.269535573024817
36738 10926744 0.19488348050135218 0.008311814320373024 0.21336000000000002 -1.6194615297760395 1.269535573024817
36738 11120911 1.7563892983762708 3.5127621009787733 0.5715 -1.6194615297760395 1.269535573024817
36739 10926744 0.21644229043823215 0.005432842366606377 0.21336000000000002 -1.6194615297760395 1.269535573024817
36739 11120911 1.7453997164872934 3.4641891530524274 0.5715 -1.6194615297760395 1.269535573024817
36740 10926744 0.2435601515976128 0.004164225436812635 0.21336000000000002 -1.6194615297760395 1.269535573024817
36740 11120911 1.7365126843037775 3.4261252479879216 0.5715 -1.6194615297760395 1.269535573024817
36741 11120911 1.7276256521202613 3.388061342923416 0.5715 -1.6194615297760395 1.269535573024817
36741 10926744 0.2694008235675352 0.004423026681268816 0.21336000000000002 -1.6194615297760395 1.269535573024817
36742 10926744 0.2952414955374576 0.004681827925724996 0.21336000000000002 -1.6194615297760395 1.269535573024817
36742 11120911 1.7187386199367454 3.34999743785891 0.5715 -1.6194615297760395 1.269535573024817
36743 10926744 0.3245850902794475 0.004789041099301006 0.21336000000000002 -1.6194615297760395 1.269535573024817
36743 11120911 1.7044934161208625 3.3064020716923674 0.57912 -1.6194615297760395 1.269535573024817
36744 10926744 0.3555444099215633 0.008029107675240954 0.21336000000000002 -1.6194615297760395 1.269535573024817
36744 11120911 1.6961577582608054 3.2580718308757057 0.57912 -1.6194615297760395 1.269535573024817
36745 11120911 1.6830286628990379 3.213001906931173 0.57912 -1.6194615297760395 1.269535573024817
36745 10926744 0.3865037295636791 0.011269174251180902 0.21336000000000002 -1.6194615297760395 1.269535573024817
36746 11120911 1.6698995675372703 3.1679319829866404 0.57912 -1.6194615297760395 1.269535573024817
36746 10926744 0.4174630492057949 0.01450924082712085 0.21336000000000002 -1.6194615297760395 1.269535573024817
36747 10926744 0.4494298146220356 0.011773602535598907 0.21336000000000002 -1.6194615297760395 1.269535573024817
36747 11120911 1.664528764242582 3.1270446113349566 0.5715 -1.6194615297760395 1.269535573024817
36748 11120911 1.6452823659178049 3.0681433417421 0.5715 -1.6194615297760395 1.269535573024817
36748 10926744 0.4813184958590616 0.011517016830819085 0.21336000000000002 -1.6194615297760395 1.269535573024817
36749 10926744 0.5163134054586902 0.009895037979066629 0.21336000000000002 -1.6194615297760395 1.269535573024817
36749 11120911 1.6372639880628461 3.0273032985290067 0.5715 -1.6194615297760395 1.269535573024817
36750 10926744 0.5520970344086897 0.012046140182944871 0.21336000000000002 -1.6194615297760395 1.269535573024817
36750 11120911 1.627590068930838 2.9813964663668577 0.5715 -1.6194615297760395 1.269535573024817
36751 10926744 0.5878806633586892 0.014197242386823114 0.21336000000000002 -1.6194615297760395 1.269535573024817
36751 11120911 1.6148281764703407 2.942340060032044 0.5715 -1.6194615297760395 1.269535573024817
36752 10926744 0.621564748370806 0.00856461610387596 0.24384 -1.6194615297760395 1.269535573024817
36752 11120911 1.6067490588058453 2.909464194983241 0.5715 -1.6194615297760395 1.269535573024817
36753 10926744 0.6545900385625223 0.010157073070856948 0.24384 -1.6194615297760395 1.269535573024817
36753 11120911 1.59866994114135 2.8765883299344375 0.5715 -1.6194615297760395 1.269535573024817
36754 11120911 1.5891253685758058 2.8337936139671047 0.5715 -1.6194615297760395 1.269535573024817
36754 10926744 0.6834953823629983 0.007838627831300182 0.24384 -1.6194615297760395 1.269535573024817
36755 10926744 0.683379887436604 0.007854324695486845 0.24384 -1.6194615297760395 1.269535573024817
36755 11120911 1.5795807960102615 2.7909988979997724 0.5715 -1.6194615297760395 1.269535573024817
36756 11120911 1.5669569443302525 2.75236471187967 0.56388 -1.6194615297760395 1.269535573024817
36756 10926744 0.6832643925102099 0.007870021559673509 0.24384 -1.6194615297760395 1.269535573024817
36757 11120911 1.54971925783126 2.707761119600758 0.56388 -1.6194615297760395 1.269535573024817
36757 10926744 0.6831488975838156 0.00788571842386017 0.24384 -1.6194615297760395 1.269535573024817
36758 10926744 0.6830334026574214 0.007901415288046833 0.24384 -1.6194615297760395 1.269535573024817
36758 11120911 1.536949431282932 2.6605293612953416 0.56388 -1.6194615297760395 1.269535573024817
36759 11120911 1.52118686591275 2.6122894183342766 0.56388 -1.6194615297760395 1.269535573024817
36759 10926744 0.6829179077310271 0.007917112152233497 0.24384 -1.6194615297760395 1.269535573024817
36760 10926744 0.6828024128046329 0.00793280901642016 0.24384 -1.6194615297760395 1.269535573024817
36760 11120911 1.5062600602523193 2.5747582273777967 0.56388 -1.6194615297760395 1.269535573024817
36761 10926744 0.6826869178782387 0.007948505880606822 0.24384 -1.6194615297760395 1.269535573024817
36761 11120911 1.4943525671482991 2.5301654104602327 0.56388 -1.6194615297760395 1.269535573024817
36762 11120911 1.4832808331171838 2.4962813436095295 0.56388 -1.6194615297760395 1.269535573024817
36762 10926744 0.6825714229518445 0.007964202744793486 0.24384 -1.6194615297760395 1.269535573024817
36763 10926744 0.6824559280254502 0.007979899608980148 0.24384 -1.6194615297760395 1.269535573024817
36763 11120911 1.474236165231559 2.460449820479764 0.56388 -1.6194615297760395 1.269535573024817
36764 11120911 1.4564465395070596 2.4141573514226917 0.56388 -1.6194615297760395 1.269535573024817
36764 10926744 0.682340433099056 0.007995596473166812 0.24384 -1.6194615297760395 1.269535573024817
36765 10926744 0.6822249381726617 0.008011293337353474 0.24384 -1.6194615297760395 1.269535573024817
36765 11120911 1.443822695702377 2.375523189271286 0.56388 -1.6194615297760395 1.269535573024817
36766 11120911 1.4296122495443504 2.332033370336719 0.56388 -1.6194615297760395 1.269535573024817
36766 10926744 0.6821094432462675 0.008026990201540136 0.24384 -1.6194615297760395 1.269535573024817
36767 10926744 0.6819939483198733 0.0080426870657268 0.24384 -1.6194615297760395 1.269535573024817
36767 11120911 1.4115466358255628 2.2848964695068625 0.56388 -1.6194615297760395 1.269535573024817
36768 11120911 1.397964878041079 2.251482094106693 0.55626 -1.6194615297760395 1.269535573024817
36768 10926744 0.6818784533934791 0.008058383929913463 0.24384 -1.6194615297760395 1.269535573024817
36769 11120911 1.3837544050852042 2.2079922938879286 0.55626 -1.6194615297760395 1.269535573024817
36769 10926744 0.6817629584670848 0.008074080794100125 0.24384 -1.6194615297760395 1.269535573024817
36770 11120911 1.3647307895331586 2.1660752132692935 0.56388 -1.6194615297760395 1.269535573024817
36770 10926744 0.6816474635406905 0.008089777658286789 0.24384 -1.6194615297760395 1.269535573024817
36771 10926744 0.6815319686142963 0.008105474522473451 0.24384 -1.6194615297760395 1.269535573024817
36771 11120911 1.34180850313278 2.123095492950813 0.55626 -1.6194615297760395 1.269535573024817
36772 11120911 1.3163081275588122 2.0695090454774494 0.55626 -1.6194615297760395 1.269535573024817
36772 10926744 0.681416473687902 0.008121171386660114 0.24384 -1.6194615297760395 1.269535573024817
36773 10926744 0.6813009787615079 0.008136868250846778 0.24384 -1.6194615297760395 1.269535573024817
36773 11120911 1.2924710594269753 2.0291648278054333 0.55626 -1.6194615297760395 1.269535573024817
36774 11120911 1.2686338776146742 1.9888206653002862 0.55626 -1.6194615297760395 1.269535573024817
36774 10926744 0.6811854838351136 0.00815256511503344 0.24384 -1.6194615297760395 1.269535573024817
36775 10926744 0.6810699889087194 0.008168261979220102 0.24384 -1.6194615297760395 1.269535573024817
36775 11120911 1.250805116591431 1.9621097713043407 0.55626 -1.6194615297760395 1.269535573024817
36776 10926744 0.6809544939823251 0.008183958843406766 0.24384 -1.6194615297760395 1.269535573024817
36776 11120911 1.2329763555681874 1.9353988773083954 0.55626 -1.6194615297760395 1.269535573024817
36777 11120911 1.2023307671753825 1.8966369755133021 0.55626 -1.6194615297760395 1.269535573024817
36777 10926744 0.6808389990559309 0.008199655707593428 0.24384 -1.6194615297760395 1.269535573024817
36778 10926744 0.6807235041295366 0.008215352571780092 0.24384 -1.6194615297760395 1.269535573024817
36778 11120911 1.1716851787825775 1.8578750737182088 0.55626 -1.6194615297760395 1.269535573024817
36779 10926744 0.6806080092031425 0.008231049435966755 0.24384 -1.6194615297760395 1.269535573024817
36779 11120911 1.1449206814972224 1.8259645944046925 0.55626 -1.6194615297760395 1.269535573024817
36780 11120911 1.1110436156254262 1.7891349776216872 0.55626 -1.6194615297760395 1.269535573024817
36780 10926744 0.6804925142767482 0.008246746300153417 0.24384 -1.6194615297760395 1.269535573024817
36781 11120911 1.0791308909077562 1.7566871573028862 0.55626 -1.6194615297760395 1.269535573024817
36781 10926744 0.680377019350354 0.008262443164340081 0.24384 -1.6194615297760395 1.269535573024817
36782 10926744 0.6802615244239597 0.008278140028526743 0.24384 -1.6194615297760395 1.269535573024817
36782 11120911 1.0399978053955183 1.7265988681057611 0.55626 -1.6194615297760395 1.269535573024817
36783 10926744 0.6801460294975655 0.008293836892713406 0.24384 -1.6194615297760395 1.269535573024817
36783 11120911 0.9985099723226171 1.6920228857734319 0.56388 -1.6194615297760395 1.269535573024817
36784 10926744 0.6800305345711712 0.00830953375690007 0.24384 -1.6194615297760395 1.269535573024817
36784 11120911 0.9614371654635585 1.6709583625635092 0.56388 -1.6194615297760395 1.269535573024817
36785 11120911 0.9195683845914622 1.6460871079752797 0.56388 -1.6194615297760395 1.269535573024817
36785 10926744 0.6799150396447771 0.008325230621086732 0.24384 -1.6194615297760395 1.269535573024817
36786 10926744 0.6797995447183828 0.008340927485273394 0.24384 -1.6194615297760395 1.269535573024817
36786 11120911 0.8771129194927132 1.6194216297701611 0.56388 -1.6194615297760395 1.269535573024817
36787 10926744 0.6796840497919885 0.008356624349460058 0.24384 -1.6194615297760395 1.269535573024817
36787 11120911 0.831577298583406 1.5969173054011887 0.56388 -1.6194615297760395 1.269535573024817
36788 11120911 0.7699794090353346 1.5741714928832884 0.5715 -1.6194615297760395 1.269535573024817
36788 10926744 0.6795685548655943 0.00837232121364672 0.24384 -1.6194615297760395 1.269535573024817
36789 11120911 0.7440913350918971 1.5612521956363519 0.5715 -1.6194615297760395 1.269535573024817
36789 10926744 0.6794530599392 0.008388018077833383 0.24384 -1.6194615297760395 1.269535573024817
36790 10926744 0.6793375650128058 0.008403714942020047 0.24384 -1.6194615297760395 1.269535573024817
36790 11120911 0.6707974100354128 1.5369552637619468 0.5715 -1.6194615297760395 1.269535573024817
36791 10926744 0.6792220700864116 0.008419411806206709 0.24384 -1.6194615297760395 1.269535573024817
36791 11120911 0.6299700107673463 1.5234277789084134 0.5715 -1.6194615297760395 1.269535573024817
36792 11120911 0.5970071068119528 1.5156251099177571 0.57531 -1.6194615297760395 1.269535573024817
36792 10926744 0.6791065751600174 0.008435108670393373 0.24384 -1.6194615297760395 1.269535573024817
36793 11120911 0.5640442028565593 1.5078224409271008 0.57912 -1.6194615297760395 1.269535573024817
36793 10926744 0.6789910802336231 0.008450805534580035 0.24384 -1.6194615297760395 1.269535573024817
36794 11120911 0.5224181945721531 1.4986455144313438 0.57912 -1.6194615297760395 1.269535573024817
36794 10926744 0.6788755853072289 0.008466502398766697 0.24384 -1.6194615297760395 1.269535573024817
36795 11120911 0.4700221915319757 1.4850444352645953 0.57912 -1.6194615297760395 1.269535573024817
36795 10926744 0.6787600903808346 0.008482199262953362 0.24384 -1.6194615297760395 1.269535573024817
36796 10926744 0.6786445954544404 0.008497896127140024 0.24384 -1.6194615297760395 1.269535573024817
36796 11120911 0.42917648854929746 1.4768980369547426 0.57912 -1.6194615297760395 1.269535573024817
36797 10926744 0.6785291005280462 0.008513592991326686 0.24384 -1.6194615297760395 1.269535573024817
36797 11120911 0.381998957440422 1.4656808719722714 0.5715 -1.6194615297760395 1.269535573024817
36798 11120911 0.3417033234193607 1.4575887394245386 0.57912 -1.6194615297760395 1.269535573024817
36798 10926744 0.678413605601652 0.00852928985551335 0.24384 -1.6194615297760395 1.269535573024817
36799 11120911 0.30183364895153286 1.4513436969635884 0.5715 -1.6194615297760395 1.269535573024817
36799 10926744 0.6782981106752577 0.008544986719700012 0.24384 -1.6194615297760395 1.269535573024817
36800 10926744 0.6781826157488635 0.008560683583886675 0.24384 -1.6194615297760395 1.269535573024817
36800 11120911 0.2523607138443147 1.4494062630875315 0.5715 -1.6194615297760395 1.269535573024817
36801 10926744 0.6780671208224692 0.008576380448073339 0.24384 -1.6194615297760395 1.269535573024817
36801 11120911 0.21636579614006796 1.4430634405245595 0.56769 -1.6194615297760395 1.269535573024817
36802 10926744 0.6779516258960749 0.008592077312260001 0.24384 -1.6194615297760395 1.269535573024817
36802 11120911 0.18037087843582122 1.4367206179615877 0.56388 -1.6194615297760395 1.269535573024817
36803 11120911 0.13574745944965816 1.4349511200587843 0.56388 -1.6194615297760395 1.269535573024817
36803 10926744 0.6778361309696808 0.008607774176446663 0.24384 -1.6194615297760395 1.269535573024817
36804 10926744 0.6777206360432865 0.008623471040633327 0.24384 -1.6194615297760395 1.269535573024817
36804 11120911 0.09429254995324654 1.4263044382646484 0.56388 -1.6194615297760395 1.269535573024817
36805 10926744 0.6776051411168923 0.00863916790481999 0.24384 -1.6194615297760395 1.269535573024817
36805 11120911 0.04413321825813343 1.4263451416566937 0.56388 -1.6194615297760395 1.269535573024817
36806 10926744 0.677489646190498 0.008654864769006652 0.24384 -1.6194615297760395 1.269535573024817
36806 11120911 -0.0007079010599806423 1.424998065508611 0.55626 -1.6194615297760395 1.269535573024817
36807 11120911 -0.05034554744708353 1.4198449864350169 0.54864 -1.6194615297760395 1.269535573024817
36807 10926744 0.6773741512641038 0.008670561633193316 0.24384 -1.6194615297760395 1.269535573024817
36808 10926744 0.6772586563377095 0.008686258497379978 0.24384 -1.6194615297760395 1.269535573024817
36808 11120911 -0.09236158999871036 1.4230660282175054 0.54864 -1.6194615297760395 1.269535573024817
36809 11120911 -0.15634987481961393 1.421553735655116 0.54102 -1.6194615297760395 1.269535573024817
36809 10926744 0.6771431614113154 0.008701955361566642 0.24384 -1.6194615297760395 1.269535573024817
36810 10926744 0.6770276664849211 0.008717652225753304 0.24384 -1.6194615297760395 1.269535573024817
36810 11120911 -0.20181079306055794 1.419943096668832 0.5334 -1.6194615297760395 1.269535573024817
36811 11120911 -0.24617103553130826 1.4184401901710981 0.52578 -1.6194615297760395 1.269535573024817
36811 10926744 0.6769121715585269 0.008733349089939967 0.24384 -1.6194615297760395 1.269535573024817
36812 11120911 -0.2866235192521467 1.415309365727742 0.52578 -1.6194615297760395 1.269535573024817
36812 10926744 0.6767966766321326 0.00874904595412663 0.24384 -1.6194615297760395 1.269535573024817
36813 11120911 -0.31065680633277737 1.413236284901298 0.52197 -1.6194615297760395 1.269535573024817
36813 10926744 0.6766811817057384 0.008764742818313293 0.24384 -1.6194615297760395 1.269535573024817
36814 10926744 0.6765656867793441 0.008780439682499955 0.24384 -1.6194615297760395 1.269535573024817
36814 11120911 -0.33469009341340805 1.4111632040748538 0.5181600000000001 -1.6194615297760395 1.269535573024817
36815 11120911 -0.380317254555812 1.404700857215413 0.5181600000000001 -1.6194615297760395 1.269535573024817
36816 11120911 -0.44511377512986905 1.3885002086488916 0.51054 -1.6194615297760395 1.269535573024817
36817 11120911 -0.4875152374239682 1.3756092572126317 0.50292 -1.6194615297760395 1.269535573024817
36818 11120911 -0.5207121284038114 1.360993919933555 0.50292 -1.6194615297760395 1.269535573024817
36819 11120911 -0.5506739738627784 1.3481249221848042 0.4953 -1.6194615297760395 1.269535573024817
36820 11120911 -0.5894030040670184 1.3285422707430647 0.4953 -1.6194615297760395 1.269535573024817
36821 11120911 -0.6233754199244976 1.3077548603674736 0.48768 -1.6194615297760395 1.269535573024817
36822 11120911 -0.6723877524482709 1.269219395327122 0.48768 -1.6194615297760395 1.269535573024817
36823 11120911 -0.6854120919014313 1.254375666715415 0.48387 -1.6194615297760395 1.269535573024817
36824 11120911 -0.6984364313545917 1.2395319381037078 0.48006 -1.6194615297760395 1.269535573024817
36825 11120911 -0.7262763760197837 1.2076262001777234 0.48006 -1.6194615297760395 1.269535573024817
36826 11120911 -0.7509689391200614 1.181000450242175 0.47243999999999997 -1.6194615297760395 1.269535573024817
36827 11120911 -0.7839884045550878 1.1316273587058465 0.46482000000000007 -1.6194615297760395 1.269535573024817
36828 11120911 -0.8066631885788644 1.0948780712962305 0.45720000000000005 -1.6194615297760395 1.269535573024817
36829 11120911 -0.820969009888675 1.067426201984804 0.44958000000000004 -1.6194615297760395 1.269535573024817
36830 11120911 -0.8399183841902793 1.009479606873063 0.44958000000000004 -1.6194615297760395 1.269535573024817
36831 11120911 -0.8526203316463692 0.9706374478343144 0.44958000000000004 -1.6194615297760395 1.269535573024817
36832 11120911 -0.8666423520168236 0.9304744252517864 0.44196 -1.6194615297760395 1.269535573024817
36833 11120911 -0.8739350471732432 0.8891623502873701 0.43434000000000006 -1.6194615297760395 1.269535573024817
36834 11120911 -0.8824442098715182 0.8468460451057022 0.43434000000000006 -1.6194615297760395 1.269535573024817
36835 11120911 -0.8915746016225021 0.8026298387910665 0.43434000000000006 -1.6194615297760395 1.269535573024817
36836 11120911 -0.8979091483101542 0.7669631211923436 0.42672000000000004 -1.6194615297760395 1.269535573024817
36837 11120911 -0.8991655659851369 0.7454671486697573 0.42291 -1.6194615297760395 1.269535573024817
36838 11120911 -0.9004219836601195 0.7239711761471711 0.41910000000000003 -1.6194615297760395 1.269535573024817
36839 11120911 -0.9016841347399973 0.671223360179115 0.41910000000000003 -1.6194615297760395 1.269535573024817
36840 11120911 -0.8976930375991299 0.630193909766021 0.41148 -1.6194615297760395 1.269535573024817
36841 11120911 -0.8997029687100866 0.5958003023230474 0.41148 -1.6194615297760395 1.269535573024817
36842 11120911 -0.8906372503054791 0.5393248560223538 0.40386 -1.6194615297760395 1.269535573024817
36843 11120911 -0.8900689860946178 0.5030367075770432 0.40386 -1.6194615297760395 1.269535573024817
36844 11120911 -0.8786943778841367 0.46041089560629245 0.39624000000000004 -1.6194615297760395 1.269535573024817
36845 11120911 -0.8684582397002689 0.4251675810568323 0.39624000000000004 -1.6194615297760395 1.269535573024817
36846 11120911 -0.8586921459183945 0.3898443565864095 0.39624000000000004 -1.6194615297760395 1.269535573024817
36847 11120911 -0.8432745822803349 0.3527900824598802 0.38862 -1.6194615297760395 1.269535573024817
36848 11120911 -0.8320161620921083 0.3293636048390935 0.38862 -1.6194615297760395 1.269535573024817
36849 11120911 -0.8207577419038816 0.3059371272183068 0.38862 -1.6194615297760395 1.269535573024817
36850 11120911 -0.8035001310879086 0.2734221844352257 0.38862 -1.6194615297760395 1.269535573024817
36851 11120911 -0.793888514312916 0.2539225213852421 0.38862 -1.6194615297760395 1.269535573024817
36852 11120911 -0.7641388108322831 0.21451918817592316 0.381 -1.6194615297760395 1.269535573024817
36853 11120911 -0.740929068596712 0.19314392056337384 0.37338 -1.6194615297760395 1.269535573024817
36854 11120911 -0.716105687876841 0.16855398381099582 0.36576 -1.6194615297760395 1.269535573024817
36855 11120911 -0.6852768932945583 0.14059868808058487 0.36576 -1.6194615297760395 1.269535573024817
36856 11120911 -0.6587276651571545 0.12128650670154015 0.35814000000000007 -1.6194615297760395 1.269535573024817
36857 11120911 -0.6129891043302522 0.09546701169557906 0.35052000000000005 -1.6194615297760395 1.269535573024817
36858 11120911 -0.5740065150426807 0.07886666173306409 0.34290000000000004 -1.6194615297760395 1.269535573024817
36859 11120911 -0.5427529007461156 0.06198937691820808 0.34290000000000004 -1.6194615297760395 1.269535573024817
36860 11120911 -0.5099326502936812 0.05207742927073997 0.33528 -1.6194615297760395 1.269535573024817
36861 11120911 -0.4802426634677077 0.04237115649507686 0.33528 -1.6194615297760395 1.269535573024817
36862 11120911 -0.43474549892675896 0.026679627801658584 0.32766 -1.6194615297760395 1.269535573024817
36863 11120911 -0.41410242570576394 0.02326097449862699 0.32385 -1.6194615297760395 1.269535573024817
36864 11120911 -0.39345935248476893 0.019842321195595397 0.32004000000000005 -1.6194615297760395 1.269535573024817
36865 11120911 -0.3538037599927515 0.01073430409775436 0.31242000000000003 -1.6194615297760395 1.269535573024817
36866 11120911 -0.31767725844222094 0.004415808521783998 0.3048 -1.6194615297760395 1.269535573024817
36867 11120911 -0.2832118032832216 -0.00019120185716273164 0.3048 -1.6194615297760395 1.269535573024817
36868 11120911 -0.23381149246042754 0.00013389481104050804 0.28956 -1.6194615297760395 1.269535573024817
36869 11120911 -0.19374281465571186 0.0031590878108827825 0.28956 -1.6194615297760395 1.269535573024817
36870 11120911 -0.155157827297294 0.0016456961379283375 0.28194 -1.6194615297760395 1.269535573024817
36871 11120911 -0.11560526700237128 0.00472315111624752 0.28194 -1.6194615297760395 1.269535573024817
36872 11120911 -0.06690190478103752 0.0080810490473128 0.27432 -1.6194615297760395 1.269535573024817
36873 11120911 -0.03554795012019063 0.011618883891837767 0.2667 -1.6194615297760395 1.269535573024817
36874 11120911 0.009240353244289179 0.010064855247731652 0.2667 -1.6194615297760395 1.269535573024817
36875 11120911 0.030970037076656354 0.009972470202420397 0.26289 -1.6194615297760395 1.269535573024817
36876 11120911 0.05269972090902353 0.009880085157109142 0.25908000000000003 -1.6194615297760395 1.269535573024817
36877 11120911 0.111741338532105 0.008458150385183355 0.25146 -1.6194615297760395 1.269535573024817
36878 11120911 0.15223228986712112 0.010061924738504258 0.25146 -1.6194615297760395 1.269535573024817
36879 11120911 0.20681305050634013 0.008579856042309653 0.24384 -1.6194615297760395 1.269535573024817
36880 11120911 0.25198947675719163 0.005498445377978695 0.24384 -1.6194615297760395 1.269535573024817
36881 11120911 0.2837404279005381 0.004818750517724124 0.24384 -1.6194615297760395 1.269535573024817
36882 11120911 0.32153958305708663 0.0036230738769606197 0.24384 -1.6194615297760395 1.269535573024817
36883 11120911 0.35933873821363516 0.0024273972361971152 0.24384 -1.6194615297760395 1.269535573024817
36884 11120911 0.3817625801233867 0.003102199556320774 0.24003 -1.6194615297760395 1.269535573024817
36885 11120911 0.4041864220331382 0.003777001876444433 0.23621999999999999 -1.6194615297760395 1.269535573024817
36886 11120911 0.44749813692062856 0.005862443509154228 0.24384 -1.6194615297760395 1.269535573024817
36887 11120911 0.4731031099272256 0.0056732961360695736 0.24384 -1.6194615297760395 1.269535573024817
36888 11120911 0.4987080829338227 0.0054841487629849195 0.24384 -1.6194615297760395 1.269535573024817
36889 11120911 0.5243130559404198 0.005295001389900265 0.24384 -1.6194615297760395 1.269535573024817
36890 11120911 0.5499180289470168 0.005105854016815611 0.24384 -1.6194615297760395 1.269535573024817
36891 11120911 0.5879171122475603 0.0034371621176483014 0.24384 -1.6194615297760395 1.269535573024817
36892 11120911 0.6110714806241825 0.00272513825493668 0.24384 -1.6194615297760395 1.269535573024817
36893 11120911 0.6342258490008048 0.0020131143922250587 0.24384 -1.6194615297760395 1.269535573024817
36894 11120911 0.657380217377427 0.0013010905295134378 0.24384 -1.6194615297760395 1.269535573024817
36895 11120911 0.67920195961508 0.0021734784208967683 0.24384 -1.6194615297760395 1.269535573024817
36896 11120911 0.701023701852733 0.003045866312280099 0.24384 -1.6194615297760395 1.269535573024817
36897 11120911 0.7159666266255409 0.005289766763848097 0.24384 -1.6194615297760395 1.269535573024817
36898 11120911 0.7355555827798783 0.003270189737080334 0.24384 -1.6194615297760395 1.269535573024817
