37663 11322591 0.7415642763554202 0.0768357016742012 0.24384 -1.7180071643616912 1.91433127310868
37664 11322591 0.7352666065114013 0.0738698703954472 0.24384 -1.7180071643616912 1.91433127310868
37665 11322591 0.7277237748636067 0.07633447406718097 0.24384 -1.7180071643616912 1.91433127310868
37666 11322591 0.7220356706380574 0.07550602519862887 0.24384 -1.7180071643616912 1.91433127310868
37667 11322591 0.7176131748832029 0.07963810443229338 0.24384 -1.7180071643616912 1.91433127310868
37668 11322591 0.7095980270127935 0.07957002703936776 0.24384 -1.7180071643616912 1.91433127310868
37669 11322591 0.7009275416670714 0.07749637228458597 0.24384 -1.7180071643616912 1.91433127310868
37670 11322591 0.6922570563213493 0.07542271752980417 0.24384 -1.7180071643616912 1.91433127310868
37671 11322591 0.6855490130472834 0.07527804816741276 0.24384 -1.7180071643616912 1.91433127310868
37672 11322591 0.6788409697732177 0.07513337880502136 0.24384 -1.7180071643616912 1.91433127310868
37673 11322591 0.6712178966178466 0.07762426281256316 0.24384 -1.7180071643616912 1.91433127310868
37674 11322591 0.6627325348381199 0.07747622301433334 0.24384 -1.7180071643616912 1.91433127310868
37675 11322591 0.6548553349370938 0.0778304364991306 0.24384 -1.7180071643616912 1.91433127310868
37676 11322591 0.6476334788578127 0.08019024574988556 0.24384 -1.7180071643616912 1.91433127310868
37677 11322591 0.6416152681497853 0.08215676169109373 0.24384 -1.7180071643616912 1.91433127310868
37678 11322591 0.635597057441758 0.08412327763230192 0.24384 -1.7180071643616912 1.91433127310868
37679 11322591 0.6269962358102976 0.0830783881052008 0.24384 -1.7180071643616912 1.91433127310868
37680 11322591 0.6183954141788373 0.08203349857809969 0.24384 -1.7180071643616912 1.91433127310868
37681 11322591 0.6102542432327673 0.08212353611597178 0.24384 -1.7180071643616912 1.91433127310868
37682 11322591 0.6021130722866975 0.08221357365384388 0.24384 -1.7180071643616912 1.91433127310868
37683 11322591 0.5946116783025097 0.07964117988503303 0.24384 -1.7180071643616912 1.91433127310868
37684 11322591 0.587110284318322 0.07706878611622217 0.24384 -1.7180071643616912 1.91433127310868
37685 11322591 0.5805782831113822 0.08153980304448225 0.24384 -1.7180071643616912 1.91433127310868
37686 11322591 0.5718702005966643 0.08025742624500337 0.24384 -1.7180071643616912 1.91433127310868
37687 11322591 0.5631621180819465 0.07897504944552448 0.24384 -1.7180071643616912 1.91433127310868
37688 11322591 0.5544540355672286 0.07769267264604561 0.24384 -1.7180071643616912 1.91433127310868
37689 11322591 0.5465768080319187 0.07804700643328825 0.24384 -1.7180071643616912 1.91433127310868
37690 11322591 0.5385616054615203 0.07797912207868228 0.24384 -1.7180071643616912 1.91433127310868
37691 11322591 0.5313397507466572 0.08033905434181904 0.24384 -1.7180071643616912 1.91433127310868
37692 11322591 0.524117896031794 0.08269898660495578 0.24384 -1.7180071643616912 1.91433127310868
37693 11322591 0.5156627427529914 0.08219076017554601 0.24384 -1.7180071643616912 1.91433127310868
37694 11322591 0.5072075894741888 0.08168253374613625 0.24384 -1.7180071643616912 1.91433127310868
37695 11322591 0.4987524361953862 0.08117430731672648 0.24384 -1.7180071643616912 1.91433127310868
37696 11322591 0.4947448289122916 0.08114039218103469 0.24384 -1.7180071643616912 1.91433127310868
37697 11322591 0.49073722162919703 0.08110647704534292 0.24384 -1.7180071643616912 1.91433127310868
37698 11322591 0.47818608894396936 0.08006752852187257 0.24384 -1.7180071643616912 1.91433127310868
37699 11322591 0.4656349562587417 0.07902857999840222 0.24384 -1.7180071643616912 1.91433127310868
37700 11322591 0.4574881101082122 0.07923746023003037 0.24384 -1.7180071643616912 1.91433127310868
37701 11322591 0.4493412639576827 0.07944634046165852 0.24384 -1.7180071643616912 1.91433127310868
37702 11322591 0.44139502066997893 0.07958968294779777 0.24384 -1.7180071643616912 1.91433127310868
37703 11322591 0.4334487773822751 0.07973302543393701 0.24384 -1.7180071643616912 1.91433127310868
37704 11322591 0.42942758896451105 0.08373417547526835 0.24384 -1.7180071643616912 1.91433127310868
37705 11322591 0.4208926630048001 0.08275560085822939 0.24384 -1.7180071643616912 1.91433127310868
37706 11322591 0.4123577370450892 0.08177702624119045 0.24384 -1.7180071643616912 1.91433127310868
37707 11322591 0.4038228110853783 0.0807984516241515 0.24384 -1.7180071643616912 1.91433127310868
37708 11322591 0.39528788512566737 0.07981987700711254 0.24384 -1.7180071643616912 1.91433127310868
37709 11322591 0.38809806002707514 0.0795603103935382 0.24384 -1.7180071643616912 1.91433127310868
37710 11322591 0.38090823492848297 0.07930074377996385 0.24384 -1.7180071643616912 1.91433127310868
37711 11322591 0.37371840982989074 0.0790411771663895 0.24384 -1.7180071643616912 1.91433127310868
37712 11322591 0.3655542874519006 0.07919739440295759 0.24384 -1.7180071643616912 1.91433127310868
37713 11322591 0.3573901650739105 0.07935361163952569 0.24384 -1.7180071643616912 1.91433127310868
37714 11322591 0.3492260426959204 0.07950982887609379 0.24384 -1.7180071643616912 1.91433127310868
37715 11322591 0.34106192031793026 0.07966604611266187 0.24384 -1.7180071643616912 1.91433127310868
37716 11322591 0.3338400661223938 0.08202617728907183 0.24384 -1.7180071643616912 1.91433127310868
37717 11322591 0.32676971971612545 0.08077351131311755 0.24384 -1.7180071643616912 1.91433127310868
37718 11322591 0.3196993733098571 0.07952084533716328 0.24384 -1.7180071643616912 1.91433127310868
37719 11322591 0.3114856160812505 0.07975175133143944 0.24384 -1.7180071643616912 1.91433127310868
37720 11322591 0.3032718588526439 0.0799826573257156 0.24384 -1.7180071643616912 1.91433127310868
37721 11322591 0.29505810162403734 0.08021356331999177 0.24384 -1.7180071643616912 1.91433127310868
37722 11322591 0.287077318355078 0.08025152305734835 0.24384 -1.7180071643616912 1.91433127310868
37723 11322591 0.27909653508611865 0.08028948279470494 0.24384 -1.7180071643616912 1.91433127310868
37724 11322591 0.27155445523692295 0.07940522349713608 0.24384 -1.7180071643616912 1.91433127310868
37725 11322591 0.2640123753877273 0.07852096419956722 0.24384 -1.7180071643616912 1.91433127310868
37726 11322591 0.2564702955385316 0.07763670490199837 0.24384 -1.7180071643616912 1.91433127310868
37727 11322591 0.24916819642739174 0.08002314754711293 0.24384 -1.7180071643616912 1.91433127310868
37728 11322591 0.2401419843252265 0.07794939033124726 0.24384 -1.7180071643616912 1.91433127310868
37729 11322591 0.23292012957981584 0.08030962874667395 0.24384 -1.7180071643616912 1.91433127310868
37730 11322591 0.2256982748344052 0.08266986716210065 0.24384 -1.7180071643616912 1.91433127310868
37731 11322591 0.21726030006182714 0.08185259508662975 0.24384 -1.7180071643616912 1.91433127310868
37732 11322591 0.2088223252892491 0.08103532301115884 0.24384 -1.7180071643616912 1.91433127310868
37733 11322591 0.20038435051667108 0.08021805093568793 0.24384 -1.7180071643616912 1.91433127310868
37734 11322591 0.19194637574409304 0.07940077886021703 0.24384 -1.7180071643616912 1.91433127310868
37735 11322591 0.183508400971515 0.07858350678474613 0.24384 -1.7180071643616912 1.91433127310868
37736 11322591 0.1755850792596453 0.07879752143783737 0.24384 -1.7180071643616912 1.91433127310868
37737 11322591 0.16766175754777565 0.0790115360909286 0.24384 -1.7180071643616912 1.91433127310868
37738 11322591 0.15973843583590597 0.07922555074401985 0.24384 -1.7180071643616912 1.91433127310868
37739 11322591 0.14970808281434278 0.08250377107437346 0.24384 -1.7180071643616912 1.91433127310868
37740 11322591 0.14160501887545995 0.0826207939143881 0.24384 -1.7180071643616912 1.91433127310868
37741 11322591 0.13350195493657713 0.08273781675440274 0.24384 -1.7180071643616912 1.91433127310868
37742 11322591 0.1253988909976943 0.08285483959441739 0.24384 -1.7180071643616912 1.91433127310868
37743 11322591 0.11751431569386876 0.08364040368212584 0.24384 -1.7180071643616912 1.91433127310868
37744 11322591 0.10962974039004321 0.08442596776983431 0.24384 -1.7180071643616912 1.91433127310868
37745 11322591 0.10174516508621767 0.08521153185754277 0.24384 -1.7180071643616912 1.91433127310868
37746 11322591 0.09299409955374083 0.08316483660322135 0.24384 -1.7180071643616912 1.91433127310868
37747 11322591 0.08225050556359348 0.08398916794467162 0.24384 -1.7180071643616912 1.91433127310868
37748 11322591 0.07487659018901123 0.08316696047260184 0.24384 -1.7180071643616912 1.91433127310868
37749 11322591 0.067502674814429 0.08234475300053208 0.24384 -1.7180071643616912 1.91433127310868
37750 11322591 0.060128759439846746 0.0815225455284623 0.24384 -1.7180071643616912 1.91433127310868
37751 11322591 0.05594334846228649 0.08148855457874167 0.24384 -1.7180071643616912 1.91433127310868
37752 11322591 0.051757937484726235 0.08145456362902104 0.24384 -1.7180071643616912 1.91433127310868
37753 11322591 0.04470510735005864 0.08066374284527209 0.24384 -1.7180071643616912 1.91433127310868
37754 11322591 0.03765227721539105 0.07987292206152315 0.24384 -1.7180071643616912 1.91433127310868
37755 11322591 0.030599447080723458 0.07908210127777421 0.24384 -1.7180071643616912 1.91433127310868
37756 11322591 0.023546616946055865 0.07829128049402526 0.24384 -1.7180071643616912 1.91433127310868
37757 11322591 0.02367154179510067 0.07782891160629786 0.24384 -1.7180071643616912 1.91433127310868
37758 11322591 0.023796466644145475 0.07736654271857046 0.24384 -1.7180071643616912 1.91433127310868
37759 11322591 0.02392139149319028 0.07690417383084308 0.24384 -1.7180071643616912 1.91433127310868
37760 11322591 0.024046316342235086 0.07644180494311568 0.24384 -1.7180071643616912 1.91433127310868
37761 11322591 0.02417124119127989 0.07597943605538829 0.24384 -1.7180071643616912 1.91433127310868
37762 11322591 0.024296166040324696 0.07551706716766089 0.24384 -1.7180071643616912 1.91433127310868
37763 11322591 0.0244210908893695 0.0750546982799335 0.24384 -1.7180071643616912 1.91433127310868
37764 11322591 0.024546015738414306 0.07459232939220611 0.24384 -1.7180071643616912 1.91433127310868
37765 11322591 0.02467094058745911 0.07412996050447872 0.24384 -1.7180071643616912 1.91433127310868
37766 11322591 0.024795865436503917 0.07366759161675132 0.24384 -1.7180071643616912 1.91433127310868
37767 11322591 0.024920790285548722 0.07320522272902392 0.24384 -1.7180071643616912 1.91433127310868
37768 11322591 0.025045715134593527 0.07274285384129654 0.24384 -1.7180071643616912 1.91433127310868
37769 11322591 0.025170639983638332 0.07228048495356915 0.24384 -1.7180071643616912 1.91433127310868
37770 11322591 0.025295564832683137 0.07181811606584175 0.24384 -1.7180071643616912 1.91433127310868
37771 11322591 0.025420489681727942 0.07135574717811435 0.24384 -1.7180071643616912 1.91433127310868
37772 11322591 0.025545414530772748 0.07089337829038696 0.24384 -1.7180071643616912 1.91433127310868
37773 11322591 0.025670339379817553 0.07043100940265958 0.24384 -1.7180071643616912 1.91433127310868
37774 11322591 0.025795264228862358 0.06996864051493218 0.24384 -1.7180071643616912 1.91433127310868
37775 11322591 0.025920189077907163 0.06950627162720478 0.24384 -1.7180071643616912 1.91433127310868
37776 11322591 0.026045113926951968 0.06904390273947739 0.24384 -1.7180071643616912 1.91433127310868
37777 11322591 0.026170038775996773 0.06858153385175 0.24384 -1.7180071643616912 1.91433127310868
37778 11322591 0.02629496362504158 0.06811916496402261 0.24384 -1.7180071643616912 1.91433127310868
37779 11322591 0.026419888474086384 0.06765679607629521 0.24384 -1.7180071643616912 1.91433127310868
37780 11322591 0.02654481332313119 0.06719442718856782 0.24384 -1.7180071643616912 1.91433127310868
37781 11322591 0.026669738172175994 0.06673205830084042 0.24384 -1.7180071643616912 1.91433127310868
37782 11322591 0.0267946630212208 0.06626968941311304 0.24384 -1.7180071643616912 1.91433127310868
37783 11322591 0.026919587870265604 0.06580732052538564 0.24384 -1.7180071643616912 1.91433127310868
37784 11322591 0.02704451271931041 0.06534495163765824 0.24384 -1.7180071643616912 1.91433127310868
37785 11322591 0.027169437568355215 0.06488258274993085 0.24384 -1.7180071643616912 1.91433127310868
37786 11322591 0.02729436241740002 0.06442021386220345 0.24384 -1.7180071643616912 1.91433127310868
37787 11322591 0.027419287266444825 0.06395784497447607 0.24384 -1.7180071643616912 1.91433127310868
37788 11322591 0.02754421211548963 0.06349547608674867 0.24384 -1.7180071643616912 1.91433127310868
37789 11322591 0.027669136964534435 0.06303310719902128 0.24384 -1.7180071643616912 1.91433127310868
37790 11322591 0.02779406181357924 0.06257073831129388 0.24384 -1.7180071643616912 1.91433127310868
37791 11322591 0.027918986662624046 0.06210836942356649 0.24384 -1.7180071643616912 1.91433127310868
37792 11322591 0.02804391151166885 0.0616460005358391 0.24384 -1.7180071643616912 1.91433127310868
37793 11322591 0.028168836360713656 0.061183631648111705 0.24384 -1.7180071643616912 1.91433127310868
37794 11322591 0.02829376120975846 0.06072126276038431 0.24384 -1.7180071643616912 1.91433127310868
37795 11322591 0.028418686058803266 0.06025889387265692 0.24384 -1.7180071643616912 1.91433127310868
37796 11322591 0.02854361090784807 0.059796524984929524 0.24384 -1.7180071643616912 1.91433127310868
37797 11322591 0.028668535756892877 0.059334156097202134 0.24384 -1.7180071643616912 1.91433127310868
37798 11322591 0.028793460605937682 0.05887178720947474 0.24384 -1.7180071643616912 1.91433127310868
37799 11322591 0.028918385454982487 0.05840941832174734 0.24384 -1.7180071643616912 1.91433127310868
37800 11322591 0.029043310304027292 0.05794704943401995 0.24384 -1.7180071643616912 1.91433127310868
37801 11322591 0.029168235153072097 0.05748468054629256 0.24384 -1.7180071643616912 1.91433127310868
37802 11322591 0.029293160002116903 0.05702231165856517 0.24384 -1.7180071643616912 1.91433127310868
37803 11322591 0.029418084851161708 0.05655994277083777 0.24384 -1.7180071643616912 1.91433127310868
37804 11322591 0.029543009700206513 0.056097573883110374 0.24384 -1.7180071643616912 1.91433127310868
37805 11322591 0.029667934549251318 0.055635204995382985 0.24384 -1.7180071643616912 1.91433127310868
37806 11322591 0.029792859398296123 0.055172836107655596 0.24384 -1.7180071643616912 1.91433127310868
37807 11322591 0.02991778424734093 0.0547104672199282 0.24384 -1.7180071643616912 1.91433127310868
37808 11322591 0.030042709096385734 0.0542480983322008 0.24384 -1.7180071643616912 1.91433127310868
37809 11322591 0.03016763394543054 0.053785729444473414 0.24384 -1.7180071643616912 1.91433127310868
37810 11322591 0.030292558794475344 0.05332336055674602 0.24384 -1.7180071643616912 1.91433127310868
37811 11322591 0.03041748364352015 0.05286099166901863 0.24384 -1.7180071643616912 1.91433127310868
37812 11322591 0.030542408492564954 0.05239862278129123 0.24384 -1.7180071643616912 1.91433127310868
37813 11322591 0.03066733334160976 0.051936253893563836 0.24384 -1.7180071643616912 1.91433127310868
37814 11322591 0.030792258190654564 0.051473885005836446 0.24384 -1.7180071643616912 1.91433127310868
37815 11322591 0.03091718303969937 0.05101151611810906 0.24384 -1.7180071643616912 1.91433127310868
37816 11322591 0.031042107888744175 0.05054914723038166 0.24384 -1.7180071643616912 1.91433127310868
