39773 10866934 0.9384505147817386 0.16087636620723925 0.24341666666666667 -2.269138511209445 1.2112899144904092
39774 10866934 0.9382721994465578 0.16093462590373067 0.24299333333333334 -2.269138511209445 1.2112899144904092
39775 10866934 0.9380938841113771 0.1609928856002221 0.24257 -2.269138511209445 1.2112899144904092
39776 10866934 0.9379155687761962 0.16105114529671352 0.24214666666666668 -2.269138511209445 1.2112899144904092
39777 10866934 0.9377372534410154 0.16110940499320492 0.24172333333333335 -2.269138511209445 1.2112899144904092
39778 10866934 0.9375589381058347 0.16116766468969634 0.24130000000000001 -2.269138511209445 1.2112899144904092
39779 10866934 0.9373806227706539 0.16122592438618777 0.24087666666666668 -2.269138511209445 1.2112899144904092
39780 10866934 0.9372023074354732 0.1612841840826792 0.24045333333333335 -2.269138511209445 1.2112899144904092
39781 10866934 0.9370239921002923 0.16134244377917062 0.24003000000000002 -2.269138511209445 1.2112899144904092
39782 10866934 0.9368456767651115 0.16140070347566204 0.23960666666666666 -2.269138511209445 1.2112899144904092
39783 10866934 0.9366673614299308 0.16145896317215347 0.23918333333333333 -2.269138511209445 1.2112899144904092
39784 10866934 0.93648904609475 0.1615172228686449 0.23876 -2.269138511209445 1.2112899144904092
39785 10866934 0.9363107307595693 0.16157548256513632 0.23833666666666667 -2.269138511209445 1.2112899144904092
39786 10866934 0.9361324154243885 0.16163374226162772 0.23791333333333334 -2.269138511209445 1.2112899144904092
39787 10866934 0.9359541000892078 0.16169200195811914 0.23749 -2.269138511209445 1.2112899144904092
39788 10866934 0.9357757847540269 0.16175026165461057 0.23706666666666668 -2.269138511209445 1.2112899144904092
39789 10866934 0.9355974694188461 0.161808521351102 0.23664333333333334 -2.269138511209445 1.2112899144904092
39790 10866934 0.9354191540836654 0.16186678104759342 0.23622 -2.269138511209445 1.2112899144904092
39791 10866934 0.9352408387484846 0.16192504074408484 0.23579666666666668 -2.269138511209445 1.2112899144904092
39792 10866934 0.9350625234133039 0.16198330044057627 0.23537333333333335 -2.269138511209445 1.2112899144904092
39793 10866934 0.934884208078123 0.1620415601370677 0.23495000000000002 -2.269138511209445 1.2112899144904092
39794 10866934 0.9347058927429422 0.16209981983355912 0.2345266666666667 -2.269138511209445 1.2112899144904092
39795 10866934 0.9345275774077615 0.16215807953005051 0.23410333333333336 -2.269138511209445 1.2112899144904092
39796 10866934 0.9343492620725807 0.16221633922654194 0.23368000000000003 -2.269138511209445 1.2112899144904092
39797 10866934 0.9341709467374 0.16227459892303336 0.2332566666666667 -2.269138511209445 1.2112899144904092
39798 10866934 0.9339926314022192 0.1623328586195248 0.23283333333333336 -2.269138511209445 1.2112899144904092
39799 10866934 0.9338143160670385 0.16239111831601621 0.23241 -2.269138511209445 1.2112899144904092
39800 10866934 0.9336360007318576 0.16244937801250764 0.23198666666666667 -2.269138511209445 1.2112899144904092
39801 10866934 0.9334576853966768 0.16250763770899906 0.23156333333333334 -2.269138511209445 1.2112899144904092
39802 10866934 0.9332793700614961 0.1625658974054905 0.23114 -2.269138511209445 1.2112899144904092
39803 10866934 0.9331010547263153 0.16262415710198191 0.23071666666666668 -2.269138511209445 1.2112899144904092
39804 10866934 0.9329227393911346 0.1626824167984733 0.23029333333333335 -2.269138511209445 1.2112899144904092
39805 10866934 0.9327444240559537 0.16274067649496474 0.22987000000000002 -2.269138511209445 1.2112899144904092
39806 10866934 0.932566108720773 0.16279893619145616 0.2294466666666667 -2.269138511209445 1.2112899144904092
39807 10866934 0.9323877933855922 0.1628571958879476 0.22902333333333336 -2.269138511209445 1.2112899144904092
39808 10866934 0.9322094780504114 0.162915455584439 0.22860000000000003 -2.269138511209445 1.2112899144904092
39809 10866934 0.9289998027358708 0.16396413231718154 0.22860000000000003 -2.269138511209445 1.2112899144904092
39810 10866934 0.9286077792203135 0.16140520505208 0.22860000000000003 -2.269138511209445 1.2112899144904092
39811 10866934 0.9282157557047561 0.1588462777869785 0.22860000000000003 -2.269138511209445 1.2112899144904092
39812 10866934 0.9278237321891988 0.15628735052187698 0.22860000000000003 -2.269138511209445 1.2112899144904092
39813 10866934 0.9274317086736414 0.15372842325677544 0.22860000000000003 -2.269138511209445 1.2112899144904092
39814 10866934 0.9270396851580841 0.1511694959916739 0.22860000000000003 -2.269138511209445 1.2112899144904092
39815 10866934 0.9266476616425268 0.14861056872657238 0.22860000000000003 -2.269138511209445 1.2112899144904092
39816 10866934 0.9262556381269694 0.14605164146147087 0.22860000000000003 -2.269138511209445 1.2112899144904092
39817 10866934 0.9258636146114121 0.14349271419636933 0.22860000000000003 -2.269138511209445 1.2112899144904092
39818 10866934 0.9260912289193421 0.1380735354116809 0.22955250000000002 -2.269138511209445 1.2112899144904092
39819 10866934 0.9263188432272721 0.1326543566269925 0.23050500000000002 -2.269138511209445 1.2112899144904092
39820 10866934 0.926546457535202 0.1272351778423041 0.2314575 -2.269138511209445 1.2112899144904092
39821 10866934 0.9267740718431321 0.12181599905761567 0.23241 -2.269138511209445 1.2112899144904092
39822 10866934 0.9270016861510622 0.11639682027292725 0.2333625 -2.269138511209445 1.2112899144904092
39823 10866934 0.9272293004589921 0.11097764148823883 0.234315 -2.269138511209445 1.2112899144904092
39824 10866934 0.927456914766922 0.1055584627035504 0.2352675 -2.269138511209445 1.2112899144904092
39825 10866934 0.9276845290748521 0.100139283918862 0.23621999999999999 -2.269138511209445 1.2112899144904092
39826 10866934 0.9265033093033673 0.09652390741037839 0.23621999999999999 -2.269138511209445 1.2112899144904092
39827 10866934 0.9253220895318826 0.0929085309018948 0.23621999999999999 -2.269138511209445 1.2112899144904092
39828 10866934 0.9241408697603978 0.08929315439341119 0.23621999999999999 -2.269138511209445 1.2112899144904092
39829 10866934 0.922959649988913 0.08567777788492759 0.23621999999999999 -2.269138511209445 1.2112899144904092
39830 10866934 0.9165586253199385 0.08239511286189412 0.24384 -2.269138511209445 1.2112899144904092
39831 10866934 0.8968347005502771 0.08216583624354241 0.24384 -2.269138511209445 1.2112899144904092
39832 10866934 0.8771107757806158 0.08193655962519071 0.24384 -2.269138511209445 1.2112899144904092
39833 10866934 0.8573868510109546 0.08170728300683901 0.24384 -2.269138511209445 1.2112899144904092
39834 10866934 0.8376629262412932 0.08147800638848729 0.24384 -2.269138511209445 1.2112899144904092
39835 10866934 0.8179390014716319 0.08124872977013559 0.24384 -2.269138511209445 1.2112899144904092
39836 10866934 0.7982150767019707 0.08101945315178388 0.24384 -2.269138511209445 1.2112899144904092
39837 10866934 0.7784911519323093 0.08079017653343218 0.24384 -2.269138511209445 1.2112899144904092
39838 10866934 0.758767227162648 0.08056089991508047 0.24384 -2.269138511209445 1.2112899144904092
39839 10866934 0.7262709700241141 0.08031399754996998 0.25146 -2.269138511209445 1.2112899144904092
39840 10866934 0.6890290842406736 0.08185153741094 0.25908000000000003 -2.269138511209445 1.2112899144904092
39841 10866934 0.6609805911792364 0.08026841072227697 0.25908000000000003 -2.269138511209445 1.2112899144904092
39842 10866934 0.6337689788126013 0.07852874859700112 0.25908000000000003 -2.269138511209445 1.2112899144904092
39843 10866934 0.6180662997434216 0.0793956017673573 0.26289 -2.269138511209445 1.2112899144904092
39844 10866934 0.6023636206742421 0.08026245493771346 0.2667 -2.269138511209445 1.2112899144904092
39845 10866934 0.5684783574103249 0.07848401217105125 0.2667 -2.269138511209445 1.2112899144904092
39846 10866934 0.5357313186362866 0.08018910211082676 0.27432 -2.269138511209445 1.2112899144904092
39847 10866934 0.5196649612606904 0.07831268785685373 0.27432 -2.269138511209445 1.2112899144904092
39848 10866934 0.462296323243667 0.07696522455899285 0.28194 -2.269138511209445 1.2112899144904092
39849 10866934 0.42910073529460835 0.07729857378060248 0.28194 -2.269138511209445 1.2112899144904092
39850 10866934 0.396099350970904 0.07686762673201691 0.28194 -2.269138511209445 1.2112899144904092
39851 10866934 0.36855888324123026 0.07955901517050099 0.28956 -2.269138511209445 1.2112899144904092
39852 10866934 0.32956998931648174 0.07711287660662303 0.28956 -2.269138511209445 1.2112899144904092
39853 10866934 0.28198677562855723 0.08098053087251458 0.29718 -2.269138511209445 1.2112899144904092
39854 10866934 0.2660252027309511 0.08105647978560879 0.29718 -2.269138511209445 1.2112899144904092
39855 10866934 0.2333794462853651 0.08103580309359068 0.29718 -2.269138511209445 1.2112899144904092
39856 10866934 0.20073368983977913 0.08101512640157257 0.29718 -2.269138511209445 1.2112899144904092
39857 10866934 0.1698415887350503 0.0802462662999304 0.3048 -2.269138511209445 1.2112899144904092
39858 10866934 0.13062744613082244 0.08254793413776984 0.31242000000000003 -2.269138511209445 1.2112899144904092
39859 10866934 0.09816490529864419 0.08240946183953349 0.31242000000000003 -2.269138511209445 1.2112899144904092
39860 10866934 0.06088775558720527 0.08384474625489521 0.32004000000000005 -2.269138511209445 1.2112899144904092
39861 10866934 0.012062200055512395 0.08391424922822435 0.32004000000000005 -2.269138511209445 1.2112899144904092
39862 10866934 -0.00665181900051226 0.08372209009913736 0.32004000000000005 -2.269138511209445 1.2112899144904092
39863 10866934 -0.04653058257117493 0.08670923171255548 0.32004000000000005 -2.269138511209445 1.2112899144904092
39864 10866934 -0.08414010342133948 0.08848752750155162 0.32766 -2.269138511209445 1.2112899144904092
39865 10866934 -0.12174966207049276 0.09026602299922007 0.32766 -2.269138511209445 1.2112899144904092
39866 10866934 -0.16068318680129967 0.08663589234078248 0.32766 -2.269138511209445 1.2112899144904092
39867 10866934 -0.22435403927280473 0.09155946969619169 0.32766 -2.269138511209445 1.2112899144904092
39868 10866934 -0.26469441137105276 0.09177785709656319 0.32766 -2.269138511209445 1.2112899144904092
39869 10866934 -0.3037236601538911 0.0960074851361197 0.33528 -2.269138511209445 1.2112899144904092
39870 10866934 -0.32734311305394936 0.09847120403760293 0.33528 -2.269138511209445 1.2112899144904092
39871 10866934 -0.35096256595400765 0.10093492293908615 0.33528 -2.269138511209445 1.2112899144904092
39872 10866934 -0.40467235012031755 0.10237008350797763 0.34290000000000004 -2.269138511209445 1.2112899144904092
39873 10866934 -0.4471658031954744 0.10551313206006793 0.34290000000000004 -2.269138511209445 1.2112899144904092
39874 10866934 -0.4832228982188156 0.11204339995005999 0.35052000000000005 -2.269138511209445 1.2112899144904092
39875 10866934 -0.5253954292867089 0.11508198668464256 0.35052000000000005 -2.269138511209445 1.2112899144904092
39876 10866934 -0.5610055812062558 0.12134969905043816 0.35052000000000005 -2.269138511209445 1.2112899144904092
39877 10866934 -0.6034646216824586 0.12459923900684125 0.35814000000000007 -2.269138511209445 1.2112899144904092
39878 10866934 -0.6558375464765664 0.13284284668428156 0.36576 -2.269138511209445 1.2112899144904092
39879 10866934 -0.6819808086553112 0.13438031724539953 0.36576 -2.269138511209445 1.2112899144904092
39879 10561439 4.296964312245925 2.0536538482123428 0.57912 -2.269138511209445 1.2112899144904092
39880 10561439 4.204059542496186 2.0311724577684815 0.57912 -2.269138511209445 1.2112899144904092
39880 10866934 -0.7341380113674176 0.14056778250894067 0.36576 -2.269138511209445 1.2112899144904092
39881 10561439 4.184063166346155 2.0215778615595292 0.57912 -2.269138511209445 1.2112899144904092
39881 10866934 -0.7798931854841997 0.1500367786567238 0.37338 -2.269138511209445 1.2112899144904092
39882 10561439 4.123381004947064 2.0031833174052145 0.57912 -2.269138511209445 1.2112899144904092
39882 10866934 -0.8083272874958217 0.1540763098612128 0.37338 -2.269138511209445 1.2112899144904092
39883 10561439 4.071285031854501 1.9855883525258398 0.57912 -2.269138511209445 1.2112899144904092
39883 10866934 -0.8367613895074437 0.15811584106570178 0.37338 -2.269138511209445 1.2112899144904092
39884 10561439 4.019189058761937 1.967993387646465 0.57912 -2.269138511209445 1.2112899144904092
39884 10866934 -0.8726459103885511 0.16517585157956757 0.381 -2.269138511209445 1.2112899144904092
39885 10561439 3.967093085669374 1.9503984227670905 0.57912 -2.269138511209445 1.2112899144904092
39885 10866934 -0.9081421594014591 0.17070706447687597 0.381 -2.269138511209445 1.2112899144904092
39886 10561439 3.9149971125768106 1.9328034578877158 0.57912 -2.269138511209445 1.2112899144904092
39886 10866934 -0.9702951088488632 0.18028156690531175 0.38862 -2.269138511209445 1.2112899144904092
39887 10561439 3.862901139484247 1.915208493008341 0.57912 -2.269138511209445 1.2112899144904092
39887 10866934 -1.0090225682653324 0.18815507274939516 0.38862 -2.269138511209445 1.2112899144904092
39888 10561439 3.8108051663916838 1.8976135281289663 0.57912 -2.269138511209445 1.2112899144904092
39888 10866934 -1.0526397116383586 0.19166910929842704 0.38862 -2.269138511209445 1.2112899144904092
39889 10561439 3.7587091932991203 1.8800185632495916 0.57912 -2.269138511209445 1.2112899144904092
39889 10866934 -1.0940272237781288 0.19982876044333278 0.39624000000000004 -2.269138511209445 1.2112899144904092
39890 10866934 -1.1350368186422102 0.20751456461036286 0.39624000000000004 -2.269138511209445 1.2112899144904092
39890 10561439 3.706613220206557 1.862423598370217 0.57912 -2.269138511209445 1.2112899144904092
39891 10866934 -1.1575563773000226 0.20927076616188175 0.39624000000000004 -2.269138511209445 1.2112899144904092
39891 10561439 3.6545172471139935 1.8448286334908424 0.57912 -2.269138511209445 1.2112899144904092
39892 10561439 3.60242127402143 1.8272336686114676 0.57912 -2.269138511209445 1.2112899144904092
39892 10866934 -1.201603026742761 0.21853433172393064 0.40386 -2.269138511209445 1.2112899144904092
39893 10561439 3.5503253009288667 1.809638703732093 0.57912 -2.269138511209445 1.2112899144904092
39893 10866934 -1.2561500317519736 0.23099850761268167 0.40386 -2.269138511209445 1.2112899144904092
39894 10561439 3.5202277617736373 1.7990204838932076 0.57912 -2.269138511209445 1.2112899144904092
39894 10866934 -1.3041917158731102 0.23619473994022674 0.40386 -2.269138511209445 1.2112899144904092
39895 10561439 3.4409991514227585 1.7711477385498402 0.57912 -2.269138511209445 1.2112899144904092
39895 10866934 -1.3451322157837933 0.24409286252330295 0.41148 -2.269138511209445 1.2112899144904092
39896 10866934 -1.4069184406760475 0.2534344492403279 0.41148 -2.269138511209445 1.2112899144904092
39896 10561439 3.3877985383954305 1.7539368675982308 0.57912 -2.269138511209445 1.2112899144904092
39897 10561439 3.362464435822953 1.7448598111838678 0.57912 -2.269138511209445 1.2112899144904092
39897 10866934 -1.4477553501436924 0.2616498110353703 0.41910000000000003 -2.269138511209445 1.2112899144904092
39898 10561439 3.3371303332504754 1.7357827547695048 0.57912 -2.269138511209445 1.2112899144904092
39898 10866934 -1.4886612828940173 0.26965431463590706 0.41910000000000003 -2.269138511209445 1.2112899144904092
39899 10866934 -1.5221449436681032 0.27523149601764835 0.42291 -2.269138511209445 1.2112899144904092
39899 10561439 3.267034987904802 1.7059811633501523 0.57912 -2.269138511209445 1.2112899144904092
39900 10866934 -1.555628604442189 0.28080867739938964 0.42672000000000004 -2.269138511209445 1.2112899144904092
39900 10561439 3.247105284349799 1.6966002522024037 0.57912 -2.269138511209445 1.2112899144904092
39901 10866934 -1.5900182288914282 0.2863319647880473 0.42672000000000004 -2.269138511209445 1.2112899144904092
39901 10561439 3.166062976971064 1.6686208989495388 0.57912 -2.269138511209445 1.2112899144904092
39902 10866934 -1.6244078533406674 0.29185525217670494 0.42672000000000004 -2.269138511209445 1.2112899144904092
39902 10561439 3.1149026109798648 1.6533154183998462 0.57912 -2.269138511209445 1.2112899144904092
39903 10561439 3.041724766338099 1.6276758733166348 0.57912 -2.269138511209445 1.2112899144904092
39903 10866934 -1.6830880124588516 0.2998327762088455 0.43434000000000006 -2.269138511209445 1.2112899144904092
39904 10561439 2.9971529266270833 1.6091685443675439 0.54864 -2.269138511209445 1.2112899144904092
39904 10866934 -1.7299988033826048 0.31120497727270635 0.43434000000000006 -2.269138511209445 1.2112899144904092
39905 10866934 -1.7773072348256365 0.31593086464280185 0.44196 -2.269138511209445 1.2112899144904092
39905 10561439 2.949775334172905 1.5948484344232903 0.54864 -2.269138511209445 1.2112899144904092
39906 10561439 2.8881534908189037 1.5719788422078471 0.54864 -2.269138511209445 1.2112899144904092
39906 10866934 -1.8122247843903547 0.32595094636256583 0.44196 -2.269138511209445 1.2112899144904092
39907 10866934 -1.8612761390096295 0.33078017689364836 0.44196 -2.269138511209445 1.2112899144904092
39907 10561439 2.83465077674465 1.5535845956578538 0.54864 -2.269138511209445 1.2112899144904092
39908 10561439 2.791939217285301 1.540779033228771 0.54864 -2.269138511209445 1.2112899144904092
39908 10866934 -1.9021474296792806 0.3388926248990227 0.44958000000000004 -2.269138511209445 1.2112899144904092
39909 10561439 2.709559252572272 1.5076328526331269 0.54864 -2.269138511209445 1.2112899144904092
39909 10866934 -1.9512761281526403 0.34620142743744287 0.44958000000000004 -2.269138511209445 1.2112899144904092
39910 10866934 -1.9970308302407445 0.35567832283123646 0.45720000000000005 -2.269138511209445 1.2112899144904092
39910 10561439 2.679148687891394 1.4960680193491656 0.54864 -2.269138511209445 1.2112899144904092
39911 10561439 2.627675461727984 1.4798158839011388 0.54864 -2.269138511209445 1.2112899144904092
39911 10866934 -2.0297079301976844 0.35965039026135215 0.45720000000000005 -2.269138511209445 1.2112899144904092
39912 10866934 -2.062385030154624 0.3636224576914678 0.45720000000000005 -2.269138511209445 1.2112899144904092
39912 10561439 2.552810806987808 1.4571840206611437 0.54864 -2.269138511209445 1.2112899144904092
39913 10561439 2.5041323345302526 1.4386180551936725 0.54864 -2.269138511209445 1.2112899144904092
39913 10866934 -2.098206763536094 0.3702009714348721 0.46101000000000003 -2.269138511209445 1.2112899144904092
39914 10866934 -2.1340284969175647 0.3767794851782764 0.46482000000000007 -2.269138511209445 1.2112899144904092
39914 10561439 2.482282855592142 1.4322019959806636 0.54864 -2.269138511209445 1.2112899144904092
39915 10866934 -2.209874757133492 0.38523659871487664 0.46863 -2.269138511209445 1.2112899144904092
39915 10561439 2.4604333766540316 1.4257859367676546 0.54864 -2.269138511209445 1.2112899144904092
39916 10866934 -2.2545664563026055 0.3918554092570492 0.470535 -2.269138511209445 1.2112899144904092
39916 10561439 2.38727223474789 1.3988607598013483 0.54864 -2.269138511209445 1.2112899144904092
39917 10561439 2.3215191511068998 1.3755915274220394 0.54864 -2.269138511209445 1.2112899144904092
39917 10866934 -2.299258155471719 0.3984742197992218 0.47243999999999997 -2.269138511209445 1.2112899144904092
39918 10561439 2.271624905666768 1.3580663907732808 0.54864 -2.269138511209445 1.2112899144904092
39918 10866934 -2.3393533754909566 0.4035310804648319 0.47243999999999997 -2.269138511209445 1.2112899144904092
39919 10866934 -2.3892499680620762 0.41121101730476173 0.47243999999999997 -2.269138511209445 1.2112899144904092
39919 10561439 2.221730660226636 1.340541254124522 0.54864 -2.269138511209445 1.2112899144904092
39920 10866934 -2.4372919539808633 0.4164149601531758 0.48006 -2.269138511209445 1.2112899144904092
39920 10561439 2.1617587322937837 1.3227447996444706 0.54864 -2.269138511209445 1.2112899144904092
39921 10561439 2.1109815714113536 1.3059176030809287 0.54864 -2.269138511209445 1.2112899144904092
39921 10866934 -2.479138201846065 0.4242655904028677 0.48006 -2.269138511209445 1.2112899144904092
39922 10561439 2.0580929964669403 1.286976538028436 0.54864 -2.269138511209445 1.2112899144904092
39922 10866934 -2.541407941412217 0.43213951250117 0.48768 -2.269138511209445 1.2112899144904092
39923 10561439 2.005148417929525 1.2700400432559251 0.54864 -2.269138511209445 1.2112899144904092
39923 10866934 -2.5858950645901837 0.4373496320661405 0.48768 -2.269138511209445 1.2112899144904092
39924 10866934 -2.6231647397335482 0.44154197921656674 0.49149 -2.269138511209445 1.2112899144904092
39924 10561439 1.9509576974052145 1.2577165128491137 0.54864 -2.269138511209445 1.2112899144904092
39925 10561439 1.9007622277273788 1.2385975962463125 0.54864 -2.269138511209445 1.2112899144904092
39925 10866934 -2.660434414876913 0.44573432636699295 0.4953 -2.269138511209445 1.2112899144904092
39926 10866934 -2.707277765591348 0.455688981908543 0.4953 -2.269138511209445 1.2112899144904092
39926 10561439 1.8342320372403962 1.2224780740530818 0.54864 -2.269138511209445 1.2112899144904092
39927 10561439 1.7984748374106272 1.209508215811367 0.54864 -2.269138511209445 1.2112899144904092
39927 10866934 -2.776138577225331 0.46134026340154405 0.49911000000000005 -2.269138511209445 1.2112899144904092
39928 10561439 1.7627176375808582 1.196538357569652 0.54864 -2.269138511209445 1.2112899144904092
39928 10866934 -2.8126836479584725 0.46503352335251 0.501015 -2.269138511209445 1.2112899144904092
39929 10561439 1.7331062086254314 1.1847153916638427 0.54864 -2.269138511209445 1.2112899144904092
39929 10866934 -2.849228718691614 0.46872678330347595 0.50292 -2.269138511209445 1.2112899144904092
39930 10561439 1.6786600689012234 1.1702572085200058 0.54864 -2.269138511209445 1.2112899144904092
39930 10866934 -2.8936872053218456 0.47836956144995946 0.50292 -2.269138511209445 1.2112899144904092
39931 10561439 1.6138710119760749 1.1540377850909476 0.54864 -2.269138511209445 1.2112899144904092
39931 10866934 -2.968399457369557 0.4862298016791283 0.51054 -2.269138511209445 1.2112899144904092
39932 10561439 1.5307341148584888 1.1332984512389386 0.54864 -2.269138511209445 1.2112899144904092
39932 10866934 -3.015559080075599 0.4911488025323839 0.5181600000000001 -2.269138511209445 1.2112899144904092
39933 10866934 -3.0717587483316784 0.4934183452591725 0.5181600000000001 -2.269138511209445 1.2112899144904092
39933 10561439 1.4887846883957092 1.1201328888923783 0.54864 -2.269138511209445 1.2112899144904092
39934 10561439 1.4253859032953793 1.1087177614095627 0.54864 -2.269138511209445 1.2112899144904092
39934 10866934 -3.0986461800929934 0.4964933730699653 0.5181600000000001 -2.269138511209445 1.2112899144904092
39935 10866934 -3.1522360903917264 0.5037516590337557 0.5181600000000001 -2.269138511209445 1.2112899144904092
39935 10561439 1.3783357420413933 1.0973359229593047 0.54864 -2.269138511209445 1.2112899144904092
39936 10866934 -3.2004511809190923 0.5084330932984095 0.52578 -2.269138511209445 1.2112899144904092
39936 10561439 1.31498214322556 1.0857899981528092 0.54864 -2.269138511209445 1.2112899144904092
39937 10561439 1.2608606314932995 1.0777705149945196 0.54864 -2.269138511209445 1.2112899144904092
39937 10866934 -3.248379900426726 0.5129042589902592 0.52578 -2.269138511209445 1.2112899144904092
39938 10866934 -3.2799089202857026 0.5180835474154382 0.5334 -2.269138511209445 1.2112899144904092
39938 10561439 1.201292968475253 1.0696615478035274 0.54864 -2.269138511209445 1.2112899144904092
39939 10866934 -3.3774949189845493 0.5293458090712617 0.5334 -2.269138511209445 1.2112899144904092
39939 10561439 1.1493478032997362 1.0598802525787123 0.5181600000000001 -2.269138511209445 1.2112899144904092
39940 10866934 -3.418379462387904 0.5360692492195426 0.5334 -2.269138511209445 1.2112899144904092
39940 10561439 1.1032525049226327 1.053328275117407 0.5181600000000001 -2.269138511209445 1.2112899144904092
39941 10866934 -3.4830624910484893 0.5406516262121177 0.54102 -2.269138511209445 1.2112899144904092
39941 10561439 1.0469631806617163 1.0452006609530125 0.5181600000000001 -2.269138511209445 1.2112899144904092
39942 10866934 -3.535420152132751 0.5435365066198433 0.54102 -2.269138511209445 1.2112899144904092
39942 10561439 0.9575851365963941 1.03690359894987 0.5181600000000001 -2.269138511209445 1.2112899144904092
39943 10866934 -3.587543718633615 0.5498505874329825 0.54102 -2.269138511209445 1.2112899144904092
39943 10561439 0.9018141643447922 1.0319955911543681 0.5181600000000001 -2.269138511209445 1.2112899144904092
39944 10561439 0.8720390302128376 1.0319116953930747 0.5181600000000001 -2.269138511209445 1.2112899144904092
39944 10866934 -3.634783959909253 0.5547999885889242 0.54864 -2.269138511209445 1.2112899144904092
39945 10866934 -3.686907576365826 0.5611148025491721 0.54864 -2.269138511209445 1.2112899144904092
39945 10561439 0.842263896080883 1.0318277996317815 0.5181600000000001 -2.269138511209445 1.2112899144904092
39946 10866934 -3.7209854819873245 0.564209374534679 0.55245 -2.269138511209445 1.2112899144904092
39946 10561439 0.7892429608267473 1.025554600644724 0.5181600000000001 -2.269138511209445 1.2112899144904092
39947 10866934 -3.755063387608823 0.5673039465201858 0.55626 -2.269138511209445 1.2112899144904092
39947 10561439 0.720515760095806 1.0206758901245008 0.5181600000000001 -2.269138511209445 1.2112899144904092
39948 10561439 0.6648514137655192 1.0201741672049323 0.5181600000000001 -2.269138511209445 1.2112899144904092
39948 10866934 -3.8112949741456763 0.5719265337505662 0.55626 -2.269138511209445 1.2112899144904092
39949 10866934 -3.853003079733674 0.5802074579477515 0.55626 -2.269138511209445 1.2112899144904092
39949 10561439 0.6315306457710039 1.0173944651482907 0.5181600000000001 -2.269138511209445 1.2112899144904092
39950 10561439 0.554296702498116 1.0136616141214079 0.5181600000000001 -2.269138511209445 1.2112899144904092
39950 10866934 -3.9017369500787655 0.5833106300110523 0.55626 -2.269138511209445 1.2112899144904092
39951 10866934 -3.9490464901454594 0.5880510594482562 0.55626 -2.269138511209445 1.2112899144904092
39951 10561439 0.49460199488923795 1.007351642518958 0.5181600000000001 -2.269138511209445 1.2112899144904092
39952 10866934 -4.00461410194782 0.5919903149465474 0.56388 -2.269138511209445 1.2112899144904092
39952 10561439 0.4435006682803271 1.007229444956777 0.5181600000000001 -2.269138511209445 1.2112899144904092
39953 10866934 -4.079327432961553 0.5998622989896921 0.56388 -2.269138511209445 1.2112899144904092
39953 10561439 0.38834912960115686 1.0042254478463715 0.5181600000000001 -2.269138511209445 1.2112899144904092
39954 10866934 -4.078841535908099 0.5988834292968416 0.5638878686493185 -2.269138511209445 1.2112899144904092
39954 10561439 0.315305576390951 0.9953867096993438 0.5181600000000001 -2.269138511209445 1.2112899144904092
39955 10561439 0.26235361875258734 0.9909636423526417 0.5181600000000001 -2.269138511209445 1.2112899144904092
39955 10866934 -4.078355638854645 0.597904559603991 0.563895737298637 -2.269138511209445 1.2112899144904092
39956 10866934 -4.077869741801191 0.5969256899111405 0.5639036059479554 -2.269138511209445 1.2112899144904092
39956 10561439 0.21119559901267682 0.9920297802947371 0.5181600000000001 -2.269138511209445 1.2112899144904092
39957 10561439 0.16715490502145314 0.9904193161971985 0.5181600000000001 -2.269138511209445 1.2112899144904092
39957 10866934 -4.077383844747737 0.5959468202182899 0.5639114745972739 -2.269138511209445 1.2112899144904092
39958 10561439 0.11596683666970531 0.9846028196514035 0.5181600000000001 -2.269138511209445 1.2112899144904092
39958 10866934 -4.076897947694284 0.5949679505254394 0.5639193432465923 -2.269138511209445 1.2112899144904092
39959 10866934 -4.07641205064083 0.5939890808325888 0.5639272118959108 -2.269138511209445 1.2112899144904092
39959 10561439 0.06145705067516749 0.9822090987562754 0.5181600000000001 -2.269138511209445 1.2112899144904092
39960 10866934 -4.075926153587376 0.5930102111397383 0.5639350805452293 -2.269138511209445 1.2112899144904092
39960 10561439 0.009505009550156096 0.9808489606510665 0.5181600000000001 -2.269138511209445 1.2112899144904092
39961 10561439 -0.068634656356513 0.9795211477076784 0.5181600000000001 -2.269138511209445 1.2112899144904092
39961 10866934 -4.075440256533922 0.5920313414468878 0.5639429491945478 -2.269138511209445 1.2112899144904092
39962 10866934 -4.074954359480468 0.5910524717540373 0.5639508178438662 -2.269138511209445 1.2112899144904092
39962 10561439 -0.10275905975592703 0.9770071627935947 0.5181600000000001 -2.269138511209445 1.2112899144904092
39963 10866934 -4.0744684624270135 0.5900736020611868 0.5639586864931847 -2.269138511209445 1.2112899144904092
39963 10561439 -0.13646947502751822 0.9757600516733207 0.5181600000000001 -2.269138511209445 1.2112899144904092
39964 10866934 -4.0739825653735595 0.5890947323683362 0.5639665551425032 -2.269138511209445 1.2112899144904092
39964 10561439 -0.1701798902991094 0.9745129405530467 0.5181600000000001 -2.269138511209445 1.2112899144904092
39965 10561439 -0.21808632847664655 0.9719485456760045 0.5181600000000001 -2.269138511209445 1.2112899144904092
39965 10866934 -4.0734966683201055 0.5881158626754857 0.5639744237918216 -2.269138511209445 1.2112899144904092
39966 10561439 -0.2696335608442455 0.9745470746164985 0.5181600000000001 -2.269138511209445 1.2112899144904092
39966 10866934 -4.073010771266652 0.5871369929826351 0.5639822924411401 -2.269138511209445 1.2112899144904092
39967 10561439 -0.3158320287112817 0.9717753826004399 0.5181600000000001 -2.269138511209445 1.2112899144904092
39967 10866934 -4.072524874213198 0.5861581232897846 0.5639901610904585 -2.269138511209445 1.2112899144904092
39968 10866934 -4.072038977159744 0.585179253596934 0.563998029739777 -2.269138511209445 1.2112899144904092
39968 10561439 -0.36507597296036365 0.9732710167346427 0.5181600000000001 -2.269138511209445 1.2112899144904092
39969 10561439 -0.4208724257019445 0.9696655889378194 0.48768 -2.269138511209445 1.2112899144904092
39969 10866934 -4.07155308010629 0.5842003839040835 0.5640058983890954 -2.269138511209445 1.2112899144904092
39970 10561439 -0.4736149239505185 0.9699690828329615 0.48768 -2.269138511209445 1.2112899144904092
39970 10866934 -4.071067183052836 0.5832215142112329 0.5640137670384139 -2.269138511209445 1.2112899144904092
39971 10866934 -4.070581285999382 0.5822426445183824 0.5640216356877323 -2.269138511209445 1.2112899144904092
39971 10561439 -0.5377670829385683 0.9693301366129207 0.48768 -2.269138511209445 1.2112899144904092
39972 10561439 -0.5649600706681379 0.9730807260596045 0.48768 -2.269138511209445 1.2112899144904092
39972 10866934 -4.070095388945928 0.5812637748255318 0.5640295043370509 -2.269138511209445 1.2112899144904092
39973 10561439 -0.6307516016918968 0.9728617498111506 0.48768 -2.269138511209445 1.2112899144904092
39973 10866934 -4.069609491892474 0.5802849051326813 0.5640373729863694 -2.269138511209445 1.2112899144904092
39974 10866934 -4.069123594839021 0.5793060354398307 0.5640452416356878 -2.269138511209445 1.2112899144904092
39974 10561439 -0.6919812426509775 0.9713852987145885 0.48768 -2.269138511209445 1.2112899144904092
39975 10561439 -0.7310783794873061 0.9729535958488628 0.48768 -2.269138511209445 1.2112899144904092
39975 10866934 -4.068637697785567 0.5783271657469802 0.5640531102850063 -2.269138511209445 1.2112899144904092
39976 10866934 -4.068151800732113 0.5773482960541297 0.5640609789343247 -2.269138511209445 1.2112899144904092
39976 10561439 -0.7764839626980335 0.9726125450913344 0.48768 -2.269138511209445 1.2112899144904092
39977 10561439 -0.8241324914280328 0.9762766461849012 0.48768 -1.8153108089675558 0.9690319315923273
39977 10866934 -4.067665903678659 0.5763694263612792 0.5640688475836432 -1.8153108089675558 0.9690319315923273
39978 10561439 -0.8726784926191484 0.977196787930757 0.45720000000000005 -1.8153108089675558 0.9690319315923273
39978 10866934 -4.067180006625205 0.5753905566684286 0.5640767162329616 -1.8153108089675558 0.9690319315923273
39979 10866934 -4.066694109571751 0.5744116869755781 0.5640845848822801 -1.8153108089675558 0.9690319315923273
39979 10561439 -0.9278334219725342 0.9742029973157229 0.45720000000000005 -1.8153108089675558 0.9690319315923273
39980 10866934 -4.066208212518297 0.5734328172827275 0.5640924535315985 -1.8153108089675558 0.9690319315923273
39980 10561439 -0.9588824322496133 0.9751268128184635 0.45720000000000005 -1.8153108089675558 0.9690319315923273
39981 10866934 -4.065722315464843 0.572453947589877 0.564100322180917 -1.8153108089675558 0.9690319315923273
39981 10561439 -0.9899314425266925 0.976050628321204 0.45720000000000005 -1.8153108089675558 0.9690319315923273
39982 10866934 -4.06523641841139 0.5714750778970265 0.5641081908302354 -1.8153108089675558 0.9690319315923273
39982 10561439 -1.0352441714419918 0.9770827731928683 0.45720000000000005 -1.8153108089675558 0.9690319315923273
39983 10561439 -1.0833072631828538 0.9794820358431598 0.45720000000000005 -1.8153108089675558 0.9690319315923273
39983 10866934 -4.064750521357936 0.5704962082041759 0.5641160594795539 -1.8153108089675558 0.9690319315923273
39984 10866934 -4.0642646243044815 0.5695173385113254 0.5641239281288725 -1.8153108089675558 0.9690319315923273
39984 10561439 -1.1346927003361416 0.9744390196052503 0.45720000000000005 -1.8153108089675558 0.9690319315923273
39985 10561439 -1.167990319923996 0.974463299920879 0.48768 -1.8153108089675558 0.9690319315923273
39985 10866934 -4.0637787272510275 0.5685384688184748 0.5641317967781909 -1.8153108089675558 0.9690319315923273
39986 10866934 -4.0632928301975735 0.5675595991256243 0.5641396654275094 -1.8153108089675558 0.9690319315923273
39986 10561439 -1.2161727107647065 0.9731053076342197 0.47244 -1.8153108089675558 0.9690319315923273
39987 10561439 -1.2643551016054169 0.9717473153475603 0.45720000000000005 -1.8153108089675558 0.9690319315923273
39987 10866934 -4.0628069331441194 0.5665807294327737 0.5641475340768278 -1.8153108089675558 0.9690319315923273
39988 10561439 -1.313212592603622 0.9717205432309414 0.45720000000000005 -1.8153108089675558 0.9690319315923273
39988 10866934 -4.062321036090665 0.5656018597399232 0.5641554027261463 -1.8153108089675558 0.9690319315923273
39989 10866934 -4.061835139037211 0.5646229900470726 0.5641632713754647 -1.8153108089675558 0.9690319315923273
39989 10561439 -1.3476282889925228 0.9669703726343811 0.48768 -1.8153108089675558 0.9690319315923273
39990 10561439 -1.394446988690974 0.955528032808735 0.45720000000000005 -1.8153108089675558 0.9690319315923273
39990 10866934 -4.061349241983758 0.5636441203542222 0.5641711400247832 -1.8153108089675558 0.9690319315923273
39991 10866934 -4.060863344930304 0.5626652506613716 0.5641790086741016 -1.8153108089675558 0.9690319315923273
39991 10561439 -1.4412658849539282 0.9440859964545298 0.45720000000000005 -1.8153108089675558 0.9690319315923273
39992 10561439 -1.4773916022959261 0.9286790794165166 0.45720000000000005 -1.8153108089675558 0.9690319315923273
39992 10866934 -4.06037744787685 0.5616863809685211 0.5641868773234201 -1.8153108089675558 0.9690319315923273
39993 10561439 -1.5077450477155654 0.9173429719797966 0.45720000000000005 -1.8153108089675558 0.9690319315923273
39993 10866934 -4.059891550823396 0.5607075112756705 0.5641947459727386 -1.8153108089675558 0.9690319315923273
39994 10561439 -1.544331589055732 0.8907535618802538 0.45720000000000005 -1.8153108089675558 0.9690319315923273
39994 10866934 -4.059405653769942 0.55972864158282 0.564202614622057 -1.8153108089675558 0.9690319315923273
39995 10866934 -4.058919756716488 0.5587497718899694 0.5642104832713755 -1.8153108089675558 0.9690319315923273
39995 10561439 -1.5739170513825453 0.8698192295719026 0.45720000000000005 -1.8153108089675558 0.9690319315923273
39996 10866934 -4.058433859663034 0.5577709021971189 0.564218351920694 -1.8153108089675558 0.9690319315923273
39996 10561439 -1.6041260751491337 0.8453500600062785 0.45720000000000005 -1.8153108089675558 0.9690319315923273
39997 10561439 -1.6289605304525232 0.818304955860656 0.45720000000000005 -1.8153108089675558 0.9690319315923273
39997 10866934 -4.05794796260958 0.5567920325042683 0.5642262205700125 -1.8153108089675558 0.9690319315923273
39998 10866934 -4.057462065556127 0.5558131628114178 0.5642340892193309 -1.8153108089675558 0.9690319315923273
39998 10561439 -1.6418923576215747 0.7964214236395115 0.45720000000000005 -1.8153108089675558 0.9690319315923273
39999 10561439 -1.6548241847906262 0.7745378914183669 0.45720000000000005 -1.8153108089675558 0.9690319315923273
39999 10866934 -4.056976168502673 0.5548342931185672 0.5642419578686494 -1.8153108089675558 0.9690319315923273
40000 10866934 -4.056490271449219 0.5538554234257167 0.5642498265179678 -1.8153108089675558 0.9690319315923273
40000 10561439 -1.6754793940393904 0.7426205217392147 0.45720000000000005 -1.8153108089675558 0.9690319315923273
40001 10866934 -4.056004374395765 0.5528765537328661 0.5642576951672863 -1.8153108089675558 0.9690319315923273
40001 10561439 -1.6869635047612326 0.7088715063725685 0.45720000000000005 -1.8153108089675558 0.9690319315923273
40002 10866934 -4.055518477342311 0.5518976840400156 0.5642655638166048 -1.8153108089675558 0.9690319315923273
40002 10561439 -1.7012573816815937 0.6651754877019745 0.45720000000000005 -1.8153108089675558 0.9690319315923273
40003 10866934 -4.055032580288857 0.550918814347165 0.5642734324659232 -1.8153108089675558 0.9690319315923273
40003 10561439 -1.7070101753404898 0.6296684864402634 0.45720000000000005 -1.8153108089675558 0.9690319315923273
40004 10561439 -1.7069547037076902 0.579876450665467 0.45720000000000005 -1.8153108089675558 0.9690319315923273
40004 10866934 -4.054546683235403 0.5499399446543145 0.5642813011152417 -1.8153108089675558 0.9690319315923273
40005 10561439 -1.707822094641201 0.544640815650466 0.45720000000000005 -1.8153108089675558 0.9690319315923273
40005 10866934 -4.054060786181949 0.5489610749614641 0.5642891697645601 -1.8153108089675558 0.9690319315923273
40006 10561439 -1.7102085224944992 0.5047611382643157 0.42672000000000004 -1.8153108089675558 0.9690319315923273
40006 10866934 -4.0535748891284955 0.5479822052686135 0.5642970384138786 -1.8153108089675558 0.9690319315923273
40007 10561439 -1.705044727997899 0.46895473787560704 0.42672000000000004 -1.8153108089675558 0.9690319315923273
40007 10866934 -4.0530889920750415 0.547003335575763 0.564304907063197 -1.8153108089675558 0.9690319315923273
40008 10561439 -1.7033070937088979 0.42538928350264893 0.42672000000000004 -1.8153108089675558 0.9690319315923273
40008 10866934 -4.052603095021587 0.5460244658829124 0.5643127757125156 -1.8153108089675558 0.9690319315923273
40009 10866934 -4.052117197968133 0.5450455961900619 0.564320644361834 -1.8153108089675558 0.9690319315923273
40009 10561439 -1.7031907125375796 0.3877288158296447 0.42672000000000004 -1.8153108089675558 0.9690319315923273
40010 10866934 -4.051631300914679 0.5440667264972113 0.5643285130111525 -1.8153108089675558 0.9690319315923273
40010 10561439 -1.6986335679637277 0.3622860175974999 0.42672000000000004 -1.8153108089675558 0.9690319315923273
40011 10866934 -4.051145403861225 0.5430878568043608 0.564336381660471 -1.8153108089675558 0.9690319315923273
40011 10561439 -1.6940764233898757 0.3368432193653551 0.42672000000000004 -1.8153108089675558 0.9690319315923273
40012 10561439 -1.6862107331246865 0.3065793573523172 0.42672000000000004 -1.8153108089675558 0.9690319315923273
40012 10866934 -4.050659506807771 0.5421089871115102 0.5643442503097894 -1.8153108089675558 0.9690319315923273
40013 10561439 -1.6725601881472698 0.2709181358870645 0.42672000000000004 -1.8153108089675558 0.9690319315923273
40013 10866934 -4.050173609754317 0.5411301174186597 0.5643521189591079 -1.8153108089675558 0.9690319315923273
40014 10561439 -1.6649693151322225 0.250675604483384 0.42672000000000004 -1.8153108089675558 0.9690319315923273
40015 10561439 -1.6442507162580775 0.20837956108188802 0.42672000000000004 -1.8153108089675558 0.9690319315923273
40016 10561439 -1.626504402440158 0.18388067869941047 0.42672000000000004 -1.8153108089675558 0.9690319315923273
40017 10561439 -1.6014447381760386 0.15675612751972298 0.42672000000000004 -1.8153108089675558 0.9690319315923273
40018 10561439 -1.5755078429774778 0.13448570168953197 0.42672000000000004 -1.8153108089675558 0.9690319315923273
40019 10561439 -1.5488645410912374 0.1181768102636361 0.42672000000000004 -1.8153108089675558 0.9690319315923273
40020 10561439 -1.5201590792894357 0.10002519836661247 0.39624000000000004 -1.8153108089675558 0.9690319315923273
40021 10561439 -1.484188674124986 0.07692720589215826 0.39624000000000004 -1.8153108089675558 0.9690319315923273
40022 10561439 -1.4525402653684114 0.06505737978687462 0.39624000000000004 -1.8153108089675558 0.9690319315923273
40023 10561439 -1.4231713057390734 0.05545210662432251 0.39624000000000004 -1.8153108089675558 0.9690319315923273
40024 10561439 -1.3722450637220092 0.044404931659900976 0.39624000000000004 -1.8153108089675558 0.9690319315923273
40025 10561439 -1.336420231666222 0.034441252101897274 0.39624000000000004 -1.8153108089675558 0.9690319315923273
40026 10561439 -1.3194525614543717 0.030644753030130895 0.39624000000000004 -1.8153108089675558 0.9690319315923273
40027 10561439 -1.3024848912425215 0.026848253958364515 0.39624000000000004 -1.8153108089675558 0.9690319315923273
40028 10561439 -1.2682819218535368 0.022789849005164536 0.39624000000000004 -1.8153108089675558 0.9690319315923273
40029 10561439 -1.2174950787931256 0.020552171681771675 0.39624000000000004 -1.8153108089675558 0.9690319315923273
40030 10561439 -1.1816182486679485 0.01618045604608684 0.36576 -1.8153108089675558 0.9690319315923273
40031 10561439 -1.139088903636553 0.0131385627266076 0.36576 -1.8153108089675558 0.9690319315923273
40032 10561439 -1.106913651179809 0.01102919636705399 0.36576 -1.8153108089675558 0.9690319315923273
40033 10561439 -1.090916616050013 0.011055713476953749 0.36576 -1.8153108089675558 0.9690319315923273
40034 10561439 -1.043961026922474 0.007969144963246605 0.36576 -1.8153108089675558 0.9690319315923273
40035 10561439 -0.9970054377949347 0.004882576449539461 0.36576 -1.8153108089675558 0.9690319315923273
40036 10561439 -0.9506625491621807 0.008072233872673501 0.36576 -1.8153108089675558 0.9690319315923273
40037 10561439 -0.9197057662013215 0.003324367830411429 0.33528 -1.8153108089675558 0.9690319315923273
40038 10561439 -0.8809542328608766 0.006659946853039361 0.33528 -1.8153108089675558 0.9690319315923273
40039 10561439 -0.8473797007671464 0.005028837166795558 0.33528 -1.8153108089675558 0.9690319315923273
40040 10561439 -0.810409129435097 0.005091528095955061 0.33528 -1.8153108089675558 0.9690319315923273
40041 10561439 -0.7894199036084574 0.0035448539263681356 0.33528 -1.8153108089675558 0.9690319315923273
40042 10561439 -0.7684306777818177 0.00199817975678121 0.33528 -1.8153108089675558 0.9690319315923273
40043 10561439 -0.7305629399293407 0.004805611757573797 0.33528 -1.8153108089675558 0.9690319315923273
40044 10561439 -0.6966538532664663 0.0052856307603694475 0.33528 -1.8153108089675558 0.9690319315923273
40045 10561439 -0.6644773334259606 0.004813404399897331 0.33528 -1.8153108089675558 0.9690319315923273
40046 10561439 -0.6312680982407044 0.005055253291878059 0.32004 -1.8153108089675558 0.9690319315923273
40047 10561439 -0.5980588630554482 0.005297102183858787 0.3048 -1.8153108089675558 0.9690319315923273
40048 10561439 -0.5544300634486061 0.0015485489826502497 0.3048 -1.8153108089675558 0.9690319315923273
40049 10561439 -0.5179717591887392 0.005752438996081161 0.3048 -1.8153108089675558 0.9690319315923273
40050 10561439 -0.4642956580085995 0.004210885549786242 0.3048 -1.8153108089675558 0.9690319315923273
40051 10561439 -0.4410946533299178 0.007257980475765119 0.3048 -1.8153108089675558 0.9690319315923273
40052 10561439 -0.4047265396743922 0.0016779070861739076 0.3048 -1.8153108089675558 0.9690319315923273
40053 10561439 -0.3810653080338556 0.002510752352244766 0.3048 -1.8153108089675558 0.9690319315923273
40054 10561439 -0.357404076393319 0.0033435976183156246 0.3048 -1.8153108089675558 0.9690319315923273
40055 10561439 -0.3337428447527824 0.004176442884386483 0.3048 -1.8153108089675558 0.9690319315923273
40056 10561439 -0.29853835372135995 0.004818888942079463 0.3048 -1.8153108089675558 0.9690319315923273
40057 10561439 -0.26881614228282924 0.004449604662696699 0.3048 -1.8153108089675558 0.9690319315923273
40058 10561439 -0.22632238838054497 0.0013076377829530916 0.27432 -1.8153108089675558 0.9690319315923273
40059 10561439 -0.19161453772020653 0.002424613427863977 0.27432 -1.8153108089675558 0.9690319315923273
40060 10561439 -0.1569066870598681 0.0035415890727748625 0.27432 -1.8153108089675558 0.9690319315923273
40061 10561439 -0.12219883639952966 0.004658564717685748 0.27432 -1.8153108089675558 0.9690319315923273
40062 10561439 -0.0821559840407422 0.004888804132396923 0.27432 -1.8153108089675558 0.9690319315923273
40063 10561439 -0.04609087758799435 0.006536225012350655 0.27432 -1.8153108089675558 0.9690319315923273
40064 10561439 -0.015888255837428256 0.005193068131288697 0.27432 -1.8153108089675558 0.9690319315923273
40065 10561439 0.0067065072772307666 0.004350548363434334 0.27432 -1.8153108089675558 0.9690319315923273
40066 10561439 0.02930127039188979 0.0035080285955799706 0.27432 -1.8153108089675558 0.9690319315923273
40067 10561439 0.07235942004794149 0.00345451584676823 0.27432 -1.8153108089675558 0.9690319315923273
40068 10561439 0.09886238273015137 0.003701016220336719 0.27432 -1.8153108089675558 0.9690319315923273
40069 10561439 0.12536534541236125 0.003947516593905208 0.27432 -1.8153108089675558 0.9690319315923273
40070 10561439 0.15186830809457114 0.004194016967473697 0.27432 -1.8153108089675558 0.9690319315923273
40071 10561439 0.178371270776781 0.0044405173410421855 0.27432 -1.8153108089675558 0.9690319315923273
40072 10561439 0.20487423345899086 0.004687017714610674 0.27432 -1.8153108089675558 0.9690319315923273
40073 10561439 0.23137719614120075 0.004933518088179163 0.27432 -1.8153108089675558 0.9690319315923273
40074 10561439 0.25788015882341064 0.005180018461747652 0.27432 -1.8153108089675558 0.9690319315923273
40075 10561439 0.2843831215056205 0.005426518835316141 0.27432 -1.8153108089675558 0.9690319315923273
40076 10561439 0.3093683270749587 0.004426811635609799 0.27432 -1.8153108089675558 0.9690319315923273
40077 10561439 0.33435353264429696 0.0034271044359034573 0.27432 -1.8153108089675558 0.9690319315923273
40078 10561439 0.35933873821363516 0.0024273972361971152 0.27432 -1.8153108089675558 0.9690319315923273
40079 10561439 0.37498144973411224 0.0038997587610802853 0.27432 -1.8153108089675558 0.9690319315923273
40080 10561439 0.3906241612545893 0.005372120285963455 0.27432 -1.8153108089675558 0.9690319315923273
40081 10561439 0.4062668727750664 0.0068444818108466254 0.27432 -1.8153108089675558 0.9690319315923273
40082 10561439 0.4219095842955435 0.008316843335729796 0.27432 -1.8153108089675558 0.9690319315923273
40083 10561439 0.4375522958160205 0.009789204860612966 0.27432 -1.8153108089675558 0.9690319315923273
40084 10561439 0.4531950073364976 0.011261566385496136 0.27432 -1.8153108089675558 0.9690319315923273
40085 10561439 0.4688377188569747 0.012733927910379306 0.27432 -1.8153108089675558 0.9690319315923273
40086 10561439 0.48448043037745175 0.014206289435262476 0.27432 -1.8153108089675558 0.9690319315923273
40087 10561439 0.5001231418979288 0.015678650960145646 0.27432 -1.8153108089675558 0.9690319315923273
40088 10561439 0.515765853418406 0.017151012485028816 0.27432 -1.8153108089675558 0.9690319315923273
40089 10561439 0.531408564938883 0.018623374009911986 0.27432 -1.8153108089675558 0.9690319315923273
40090 10561439 0.54705127645936 0.020095735534795156 0.27432 -1.8153108089675558 0.9690319315923273
40091 10561439 0.5626939879798372 0.021568097059678326 0.27432 -1.8153108089675558 0.9690319315923273
40092 10561439 0.5783366995003142 0.023040458584561496 0.27432 -1.8153108089675558 0.9690319315923273
40093 10561439 0.5799578494046893 0.028001636402049 0.27432 -1.8153108089675558 0.9690319315923273
40094 10561439 0.5806723730460562 0.03209079022667013 0.27432 -1.8153108089675558 0.9690319315923273
40095 10561439 0.5813868966874232 0.036179944051291255 0.27432 -1.8153108089675558 0.9690319315923273
40096 10561439 0.5821014203287902 0.04026909787591238 0.27432 -1.8153108089675558 0.9690319315923273
40097 10561439 0.5828159439701571 0.04435825170053351 0.27432 -1.8153108089675558 0.9690319315923273
40098 10561439 0.583530467611524 0.048447405525154634 0.27432 -1.8153108089675558 0.9690319315923273
40099 10561439 0.584244991252891 0.05253655934977576 0.27432 -1.8153108089675558 0.9690319315923273
40100 10561439 0.5849595148942579 0.05662571317439689 0.27432 -1.8153108089675558 0.9690319315923273
40101 10561439 0.5856740385356249 0.06071486699901801 0.27432 -1.8153108089675558 0.9690319315923273
40102 10561439 0.5863885621769919 0.06480402082363915 0.27432 -1.8153108089675558 0.9690319315923273
40103 10561439 0.5871030858183588 0.06889317464826027 0.27432 -1.8153108089675558 0.9690319315923273
40104 10561439 0.5925208135688432 0.06930171340344177 0.27432 -1.8153108089675558 0.9690319315923273
40105 10561439 0.5979385413193276 0.06971025215862325 0.27432 -1.8153108089675558 0.9690319315923273
40106 10561439 0.603356269069812 0.07011879091380475 0.27432 -1.8153108089675558 0.9690319315923273
40107 10561439 0.6087739968202964 0.07052732966898625 0.27432 -1.8153108089675558 0.9690319315923273
40108 10561439 0.6141917245707809 0.07093586842416774 0.27432 -1.8153108089675558 0.9690319315923273
40109 10561439 0.6196094523212652 0.07134440717934924 0.27432 -1.8153108089675558 0.9690319315923273
40110 10561439 0.6250271800717496 0.07175294593453074 0.27432 -1.8153108089675558 0.9690319315923273
40111 10561439 0.6304449078222341 0.07216148468971224 0.27432 -1.8153108089675558 0.9690319315923273
40112 10561439 0.6358626355727184 0.07257002344489373 0.27432 -1.8153108089675558 0.9690319315923273
40113 10561439 0.6412803633232028 0.07297856220007523 0.27432 -1.8153108089675558 0.9690319315923273
40114 10561439 0.6466980910736873 0.07338710095525673 0.27432 -1.8153108089675558 0.9690319315923273
40115 10561439 0.6521158188241716 0.07379563971043822 0.27432 -1.8153108089675558 0.9690319315923273
40116 10561439 0.657533546574656 0.07420417846561972 0.27432 -1.8153108089675558 0.9690319315923273
40117 10561439 0.6629512743251404 0.07461271722080122 0.27432 -1.8153108089675558 0.9690319315923273
40118 10561439 0.6683690020756248 0.07502125597598272 0.27432 -1.8153108089675558 0.9690319315923273
40119 10561439 0.6737867298261092 0.07542979473116421 0.27432 -1.8153108089675558 0.9690319315923273
40120 10561439 0.6792044575765936 0.07583833348634571 0.27432 -1.8153108089675558 0.9690319315923273
40121 10561439 0.6846221853270781 0.07624687224152721 0.27432 -1.8153108089675558 0.9690319315923273
40122 10561439 0.6900399130775624 0.0766554109967087 0.27432 -1.8153108089675558 0.9690319315923273
40123 10561439 0.6954576408280468 0.0770639497518902 0.27432 -1.8153108089675558 0.9690319315923273
40124 10561439 0.7017728954623194 0.07827162612437664 0.27432 -1.8153108089675558 0.9690319315923273
40125 10561439 0.7080881500965919 0.07947930249686311 0.27432 -1.8153108089675558 0.9690319315923273
40126 10561439 0.7144034047308645 0.08068697886934956 0.27432 -1.8153108089675558 0.9690319315923273
40127 10561439 0.720718659365137 0.08189465524183602 0.27432 -1.8153108089675558 0.9690319315923273
40128 10561439 0.7270339139994095 0.08310233161432247 0.27432 -1.8153108089675558 0.9690319315923273
40129 10561439 0.733349168633682 0.08431000798680893 0.27432 -1.8153108089675558 0.9690319315923273
40130 10561439 0.7396644232679546 0.08551768435929538 0.27432 -1.8153108089675558 0.9690319315923273
40131 10561439 0.7459796779022272 0.08672536073178184 0.27432 -1.8153108089675558 0.9690319315923273
40132 10561439 0.7522949325364997 0.0879330371042683 0.27432 -1.8153108089675558 0.9690319315923273
40133 10561439 0.7586101871707722 0.08914071347675476 0.27432 -1.8153108089675558 0.9690319315923273
40134 10561439 0.7649254418050447 0.0903483898492412 0.27432 -1.8153108089675558 0.9690319315923273
40135 10561439 0.7712406964393173 0.09155606622172767 0.27432 -1.8153108089675558 0.9690319315923273
40136 10561439 0.7775559510735899 0.09276374259421412 0.27432 -1.8153108089675558 0.9690319315923273
40137 10561439 0.7838712057078624 0.09397141896670058 0.27432 -1.8153108089675558 0.9690319315923273
40138 10561439 0.7901864603421349 0.09517909533918703 0.27432 -1.8153108089675558 0.9690319315923273
40139 10561439 0.7902003387679016 0.09988102653771952 0.27432 -1.8153108089675558 0.9690319315923273
40140 10561439 0.7902142171936684 0.10458295773625201 0.27432 -1.8153108089675558 0.9690319315923273
40141 10561439 0.7902280956194351 0.1092848889347845 0.27432 -1.8153108089675558 0.9690319315923273
40142 10561439 0.7902419740452018 0.11398682013331699 0.27432 -1.8153108089675558 0.9690319315923273
40143 10561439 0.7902558524709685 0.11868875133184947 0.27432 -1.8153108089675558 0.9690319315923273
40144 10561439 0.7902697308967352 0.12339068253038195 0.27432 -1.8153108089675558 0.9690319315923273
40145 10561439 0.7902836093225021 0.12809261372891445 0.27432 -1.8153108089675558 0.9690319315923273
40146 10561439 0.7902974877482688 0.1327945449274469 0.27432 -1.8153108089675558 0.9690319315923273
40147 10561439 0.7903113661740355 0.13749647612597943 0.27432 -1.8153108089675558 0.9690319315923273
40148 10561439 0.7903252445998022 0.1421984073245119 0.27432 -1.8153108089675558 0.9690319315923273
40149 10561439 0.790339123025569 0.14690033852304438 0.27432 -1.8153108089675558 0.9690319315923273
40150 10561439 0.7903530014513357 0.15160226972157687 0.27432 -1.8153108089675558 0.9690319315923273
40151 10561439 0.7903668798771024 0.15630420092010935 0.27432 -1.8153108089675558 0.9690319315923273
40152 10561439 0.7903807583028691 0.16100613211864184 0.27432 -1.8153108089675558 0.9690319315923273
40153 10561439 0.7910614226156271 0.16580730026215262 0.27432 -1.8153108089675558 0.9690319315923273
40154 10561439 0.7913158458831823 0.16956277958960952 0.27432 -1.8153108089675558 0.9690319315923273
40155 10561439 0.7915702691507375 0.17331825891706643 0.27432 -1.8153108089675558 0.9690319315923273
40156 10561439 0.7918246924182927 0.17707373824452333 0.27432 -1.8153108089675558 0.9690319315923273
40157 10561439 0.7920791156858478 0.18082921757198023 0.27432 -1.8153108089675558 0.9690319315923273
40158 10561439 0.792333538953403 0.18458469689943713 0.27432 -1.8153108089675558 0.9690319315923273
40159 10561439 0.7925879622209582 0.18834017622689403 0.27432 -1.8153108089675558 0.9690319315923273
40160 10561439 0.7928423854885134 0.19209565555435093 0.27432 -1.8153108089675558 0.9690319315923273
40161 10561439 0.7930968087560686 0.19585113488180783 0.27432 -1.8153108089675558 0.9690319315923273
40162 10561439 0.7933512320236238 0.19960661420926473 0.27432 -1.8153108089675558 0.9690319315923273
40163 10561439 0.793605655291179 0.20336209353672163 0.27432 -1.8153108089675558 0.9690319315923273
40164 10561439 0.7938600785587341 0.20711757286417853 0.27432 -1.8153108089675558 0.9690319315923273
40165 10561439 0.7941145018262893 0.21087305219163544 0.27432 -1.8153108089675558 0.9690319315923273
40166 10561439 0.7943689250938445 0.21462853151909234 0.27432 -1.8153108089675558 0.9690319315923273
40167 10561439 0.7946233483613997 0.21838401084654924 0.27432 -1.8153108089675558 0.9690319315923273
40168 10561439 0.7948777716289549 0.22213949017400614 0.27432 -1.8153108089675558 0.9690319315923273
40169 10561439 0.7951321948965101 0.22589496950146304 0.27432 -1.8153108089675558 0.9690319315923273
40170 10561439 0.7953866181640653 0.22965044882891994 0.27432 -1.8153108089675558 0.9690319315923273
40171 10561439 0.7956410414316204 0.23340592815637684 0.27432 -1.8153108089675558 0.9690319315923273
40172 10561439 0.7958954646991756 0.23716140748383374 0.27432 -1.8153108089675558 0.9690319315923273
40173 10561439 0.7961498879667308 0.24091688681129064 0.27432 -1.8153108089675558 0.9690319315923273
40174 10561439 0.796404311234286 0.24467236613874754 0.27432 -1.8153108089675558 0.9690319315923273
40175 10561439 0.7979563879143726 0.24942246109133256 0.27432 -1.8153108089675558 0.9690319315923273
40176 10561439 0.7995084646065095 0.2541725560816517 0.27432 -1.8153108089675558 0.9690319315923273
40177 10561439 0.7978473497205214 0.25588359325522103 0.27432 -1.8153108089675558 0.9690319315923273
40178 10561439 0.801129522498655 0.2591337664421872 0.27432 -1.8153108089675558 0.9690319315923273
40179 10561439 0.8009515058537395 0.2653837824771691 0.27432 -1.8153108089675558 0.9690319315923273
40180 10561439 0.8043371477277698 0.2689506296181216 0.27432 -1.8153108089675558 0.9690319315923273
40181 10561439 0.803506592394521 0.269806147530559 0.27432 -1.8153108089675558 0.9690319315923273
40182 10561439 0.8026760370612722 0.2706616654429964 0.27432 -1.8153108089675558 0.9690319315923273
40183 10561439 0.8042626057843419 0.27551731781216776 0.27432 -1.8153108089675558 0.9690319315923273
40184 10561439 0.8025740629595735 0.27863924661252604 0.27432 -1.8153108089675558 0.9690319315923273
40185 10561439 0.8008855201348051 0.28176117541288426 0.27432 -1.8153108089675558 0.9690319315923273
40186 10561439 0.7974914726154312 0.2817018989339758 0.27432 -1.8153108089675558 0.9690319315923273
40187 10561439 0.7942325324605182 0.27879461977215647 0.27432 -1.8153108089675558 0.9690319315923273
40188 10561439 0.7959048984028634 0.2768462483277585 0.27432 -1.8153108089675558 0.9690319315923273
40189 10561439 0.7910102229610299 0.27844557571093437 0.27432 -1.8153108089675558 0.9690319315923273
40190 10561439 0.7902514249894238 0.27612330857523404 0.27432 -1.8153108089675558 0.9690319315923273
40191 10561439 0.7894926270178177 0.27380104143953377 0.27432 -1.8153108089675558 0.9690319315923273
40192 10561439 0.7883640772192422 0.27261209477216164 0.27432 -1.8153108089675558 0.9690319315923273
40193 10561439 0.7872355274206666 0.2714231481047895 0.27432 -1.8153108089675558 0.9690319315923273
40194 10561439 0.786106977622091 0.2702342014374174 0.27432 -1.8153108089675558 0.9690319315923273
40195 10561439 0.7878715586378187 0.2688398344153402 0.27432 -1.8153108089675558 0.9690319315923273
40196 10561439 0.788888178455257 0.26878025266208644 0.27432 -1.8153108089675558 0.9690319315923273
40197 10561439 0.7899047982726954 0.2687206709088327 0.27432 -1.8153108089675558 0.9690319315923273
40198 10561439 0.7909214180901338 0.26866108915557896 0.27432 -1.8153108089675558 0.9690319315923273
