44796 10866934 -1.7172709345280321 -4.078621492313471 0.6019800000000001 0.0 0.0
44797 10866934 -1.7078165019681701 -4.049700246782217 0.6019800000000001 0.0 0.0
44798 10866934 -1.6882328513786378 -3.9245494937799097 0.6019800000000001 0.0 0.0
44799 10866934 -1.677483860560076 -3.856328556077712 0.59436 0.0 0.0
44800 10866934 -1.6664493886860858 -3.7899534015603398 0.59436 0.0 0.0
44801 10866934 -1.654787754636067 -3.728456529824092 0.59436 0.0 0.0
44802 10866934 -1.6431261205860481 -3.6669596580878445 0.59436 0.0 0.0
44803 10866934 -1.635795975191549 -3.613276494048107 0.59436 0.0 0.0
44804 10866934 -1.627390806732498 -3.570576489550834 0.59436 0.0 0.0
44805 10866934 -1.618985638273447 -3.5278764850535613 0.59436 0.0 0.0
44806 10866934 -1.6002414103314926 -3.421611501677686 0.59436 0.0 0.0
44807 10866934 -1.5886515388621703 -3.3644138827301147 0.59436 0.0 0.0
44808 10866934 -1.575147497307041 -3.295925111014526 0.59436 0.0 0.0
44809 10866934 -1.5738401074855277 -3.2830920264575134 0.59055 0.0 0.0
44810 10866934 -1.5725327176640145 -3.2702589419005013 0.58674 0.0 0.0
44811 10866934 -1.5573635095975418 -3.173573688703222 0.58674 0.0 0.0
44812 10866934 -1.5436285392160254 -3.090789928431967 0.58674 0.0 0.0
44813 10866934 -1.530839345410439 -3.027208016622096 0.59436 0.0 0.0
44814 10866934 -1.5199504741316114 -2.9660424534056116 0.592455 0.0 0.0
44815 10866934 -1.5090616028527837 -2.9048768901891275 0.59055 0.0 0.0
44816 10866934 -1.498172731573956 -2.8437113269726435 0.5886450000000001 0.0 0.0
44817 10866934 -1.4872838602951284 -2.782545763756159 0.58674 0.0 0.0
44818 10866934 -1.4836695975925756 -2.7687727473323864 0.58674 0.0 0.0
44819 10866934 -1.4800553348900227 -2.754999730908614 0.58674 0.0 0.0
44820 10866934 -1.4624920200967677 -2.6387679789626906 0.57912 0.0 0.0
44821 10866934 -1.4464161347495617 -2.5569830020931064 0.57912 0.0 0.0
44822 10866934 -1.428614600096035 -2.4699205119616634 0.5715 0.0 0.0
44823 10866934 -1.419863113652401 -2.407822364833132 0.5715 0.0 0.0
44824 10866934 -1.4153365163669573 -2.3749532680957155 0.5715 0.0 0.0
44825 10866934 -1.3980671008784074 -2.3058259274892507 0.56388 0.0 0.0
44826 10866934 -1.3868905761016592 -2.2390293994305313 0.56388 0.0 0.0
44827 10866934 -1.3793703239218191 -2.1817861462501242 0.56388 0.0 0.0
44828 10866934 -1.36996390919524 -2.119317859972838 0.55626 0.0 0.0
44829 10866934 -1.353556713196874 -2.052829406590145 0.55626 0.0 0.0
44830 10866934 -1.3473296912210497 -2.017478518444499 0.55245 0.0 0.0
44831 10866934 -1.3411026692452255 -1.982127630298853 0.54864 0.0 0.0
44832 10866934 -1.3258481827889363 -1.8854696520427023 0.54864 0.0 0.0
44833 10866934 -1.3169811486752756 -1.8241100960026155 0.54864 0.0 0.0
44834 10866934 -1.3008583657626545 -1.7557760809048961 0.54102 0.0 0.0
44835 10866934 -1.2964660890613 -1.70837554112397 0.54102 0.0 0.0
44836 10866934 -1.2822884457799433 -1.6473502435663494 0.5334 0.0 0.0
44837 10866934 -1.2718970424399536 -1.5639400274177406 0.5334 0.0 0.0
44838 10866934 -1.2628990280487244 -1.510334248232883 0.52578 0.0 0.0
44839 10866934 -1.2490893728791088 -1.4507074355038354 0.52578 0.0 0.0
44840 10866934 -1.2414147400119468 -1.3783259505610241 0.5181600000000001 0.0 0.0
44841 10866934 -1.2309339474050287 -1.3218167363939528 0.5181600000000001 0.0 0.0
44842 10866934 -1.2148702754666354 -1.2563841342391062 0.51054 0.0 0.0
44843 10866934 -1.2074662948843151 -1.191625149919784 0.51054 0.0 0.0
44844 10866934 -1.2012000293777285 -1.1641732819481723 0.50673 0.0 0.0
44845 10866934 -1.194933763871142 -1.1367214139765605 0.50292 0.0 0.0
44846 10866934 -1.1875614913602346 -1.0696153232301155 0.50292 0.0 0.0
44847 10866934 -1.1671668081503994 -0.9629541100243297 0.4953 0.0 0.0
44848 10866934 -1.1584198283019598 -0.9056831451775799 0.49022 0.0 0.0
44849 10866934 -1.1496728484535204 -0.84841218033083 0.48514 0.0 0.0
44850 10866934 -1.1409258686050807 -0.7911412154840801 0.48006 0.0 0.0
44851 10866934 -1.1281052816418544 -0.7356305749440701 0.48006 0.0 0.0
44852 10866934 -1.1165012810432582 -0.6811241515586293 0.47243999999999997 0.0 0.0
44853 10866934 -1.1095309618930433 -0.6272056440883845 0.46482000000000007 0.0 0.0
44854 10866934 -1.0834740439853523 -0.5475151961853547 0.45720000000000005 0.0 0.0
44855 10866934 -1.0675983034879437 -0.49896206857943576 0.45339000000000007 0.0 0.0
44856 10866934 -1.0517225629905351 -0.4504089409735168 0.44958000000000004 0.0 0.0
44857 10866934 -1.0375030165812458 -0.4232208414158687 0.44577 0.0 0.0
44858 10866934 -1.0232834701719566 -0.39603274185822057 0.44196 0.0 0.0
44859 10866934 -0.9833601331378714 -0.32554961811955996 0.43434000000000006 0.0 0.0
44860 10866934 -0.9522376415139011 -0.28198172679914 0.43434000000000006 0.0 0.0
44861 10866934 -0.9128662311424385 -0.2457843120704575 0.42672000000000004 0.0 0.0
44862 10866934 -0.8979634232052705 -0.2284584216457861 0.42672000000000004 0.0 0.0
44863 10866934 -0.8421140019389679 -0.18152535914434845 0.41910000000000003 0.0 0.0
44864 10866934 -0.7991727059571234 -0.1523365729461226 0.41910000000000003 0.0 0.0
44865 10866934 -0.7626563214137267 -0.12595405149107822 0.41148 0.0 0.0
44866 10866934 -0.7153736166795026 -0.1008715853518731 0.41148 0.0 0.0
44867 10866934 -0.6570212371980475 -0.07181382823029417 0.41148 0.0 0.0
44868 10866934 -0.6362621325269753 -0.05722016661378962 0.40386 0.0 0.0
44869 10866934 -0.5993490005052126 -0.04007983236072887 0.40386 0.0 0.0
44870 10866934 -0.5624358684834498 -0.022939498107668127 0.40386 0.0 0.0
44871 10866934 -0.5164183601375014 -0.00036339840456697803 0.39624000000000004 0.0 0.0
44872 10866934 -0.48343366503863083 0.016309060697041328 0.39624000000000004 0.0 0.0
44873 10866934 -0.4401209946105282 0.029254770607261865 0.38862 0.0 0.0
44874 10866934 -0.37830347867537095 0.05098909927292403 0.38862 0.0 0.0
44875 10866934 -0.3405200393697123 0.062237807751164304 0.381 0.0 0.0
44876 10866934 -0.3109175279343508 0.0685668669691353 0.381 0.0 0.0
44877 10866934 -0.24833932818548 0.08339392831961426 0.37338 0.0 0.0
44878 10866934 -0.20429335436265506 0.08500197735723306 0.37338 0.0 0.0
44879 10866934 -0.16638200625194277 0.08686305273852077 0.36576 0.0 0.0
44880 10866934 -0.1298469141846299 0.08859009018649835 0.36576 0.0 0.0
44881 10866934 -0.09331182211731703 0.09031712763447594 0.36576 0.0 0.0
44882 10866934 -0.06842874939397386 0.0903619812409317 0.36195 0.0 0.0
44883 10866934 -0.043545676670630695 0.09040683484738746 0.35814000000000007 0.0 0.0
44884 10866934 -0.005133786513557559 0.08836647827668095 0.35814000000000007 0.0 0.0
44885 10866934 0.024796367696894972 0.09026686586972218 0.35052000000000005 0.0 0.0
44886 10866934 0.05766018398564876 0.09027386739127918 0.34290000000000004 0.0 0.0
44887 10866934 0.08972153218746914 0.09054328604832168 0.34290000000000004 0.0 0.0
44888 10866934 0.1241032235006777 0.09519500136885511 0.33528 0.0 0.0
44889 10866934 0.15660018270164544 0.09543914574473861 0.32766 0.0 0.0
44890 10866934 0.1890281038091971 0.0954723285585877 0.32766 0.0 0.0
44891 10866934 0.2180355114066257 0.09183351866338921 0.32004000000000005 0.0 0.0
44892 10866934 0.25913409638114515 0.09394009486329094 0.31242000000000003 0.0 0.0
44893 10866934 0.2907230882976815 0.09208659867811671 0.30861000000000005 0.0 0.0
44894 10866934 0.32231208021421787 0.09023310249294247 0.3048 0.0 0.0
44895 10866934 0.3404558733013685 0.09411727566532646 0.3048 0.0 0.0
44896 10866934 0.36729737210528046 0.09200467808710575 0.3048 0.0 0.0
44897 10866934 0.39894438507505026 0.0910088217439721 0.29718 0.0 0.0
44898 10866934 0.43662229583218803 0.08944420073743373 0.28956 0.0 0.0
44899 10866934 0.44283022221324186 0.08805807440871996 0.28956 0.0 0.0
44900 10866934 0.44903814859429575 0.0866719480800062 0.28956 0.0 0.0
44901 10866934 0.4999252284009343 0.08476322979137621 0.28194 0.0 0.0
44902 10866934 0.527973907931649 0.08634572046768677 0.28194 0.0 0.0
44903 10866934 0.5517945578493266 0.08504572396846216 0.27813 0.0 0.0
44904 10866934 0.5756152077670043 0.08374572746923756 0.27432 0.0 0.0
44905 10866934 0.5949300108106972 0.08175699124213957 0.272796 0.0 0.0
44906 10866934 0.6142448138543901 0.07976825501504159 0.271272 0.0 0.0
44907 10866934 0.6335596168980832 0.07777951878794362 0.269748 0.0 0.0
44908 10866934 0.6528744199417761 0.07579078256084563 0.268224 0.0 0.0
44909 10866934 0.672189222985469 0.07380204633374765 0.2667 0.0 0.0
44910 10866934 0.6902382954691075 0.07468044439512805 0.26289 0.0 0.0
44911 10866934 0.708287367952746 0.07555884245650844 0.25908000000000003 0.0 0.0
44912 10866934 0.7293800068568063 0.07555967698451696 0.25908000000000003 0.0 0.0
44913 10866934 0.7504726457608665 0.07556051151252549 0.25908000000000003 0.0 0.0
44914 10866934 0.7636761169005861 0.08199445813442993 0.25908000000000003 0.0 0.0
44915 10866934 0.774699266463561 0.08651223005062762 0.25717500000000004 0.0 0.0
44916 10866934 0.7857224160265359 0.09103000196682531 0.25527 0.0 0.0
44917 10866934 0.7967455655895108 0.09554777388302299 0.253365 0.0 0.0
44918 10866934 0.8077687151524857 0.10006554579922068 0.25146 0.0 0.0
44919 10866934 0.8145707764799056 0.10300193082287216 0.25025684210526317 0.0 0.0
44920 10866934 0.8213728378073256 0.10593831584652365 0.24905368421052634 0.0 0.0
44921 10866934 0.8281748991347455 0.10887470087017513 0.2478505263157895 0.0 0.0
44922 10866934 0.8349769604621654 0.11181108589382661 0.24664736842105264 0.0 0.0
44923 10866934 0.8417790217895853 0.1147474709174781 0.24544421052631582 0.0 0.0
44924 10866934 0.8485810831170053 0.11768385594112957 0.24424105263157897 0.0 0.0
44925 10866934 0.8553831444444252 0.12062024096478105 0.24303789473684212 0.0 0.0
44926 10866934 0.8621852057718451 0.12355662598843253 0.24183473684210527 0.0 0.0
44927 10866934 0.868987267099265 0.12649301101208402 0.24063157894736845 0.0 0.0
44928 10866934 0.875789328426685 0.1294293960357355 0.2394284210526316 0.0 0.0
44929 10866934 0.8825913897541049 0.13236578105938698 0.23822526315789475 0.0 0.0
44930 10866934 0.8893934510815248 0.13530216608303847 0.23702210526315792 0.0 0.0
44931 10866934 0.8961955124089447 0.13823855110668995 0.23581894736842107 0.0 0.0
44932 10866934 0.9029975737363647 0.14117493613034143 0.23461578947368422 0.0 0.0
44933 10866934 0.9097996350637846 0.14411132115399292 0.2334126315789474 0.0 0.0
44934 10866934 0.9166016963912045 0.1470477061776444 0.23220947368421055 0.0 0.0
44935 10866934 0.9234037577186245 0.14998409120129588 0.2310063157894737 0.0 0.0
44936 10866934 0.9302058190460444 0.15292047622494737 0.22980315789473688 0.0 0.0
44937 10866934 0.9370078803734643 0.15585686124859885 0.22860000000000003 0.0 0.0
