45128 11026521 0.5764775292621227 0.08638464957336361 0.1524 0.0 0.0
45129 11026521 0.5700305393905265 0.08323407083354654 0.1524 0.0 0.0
45130 11026521 0.5651357293184488 0.08483355527757552 0.18288 0.0 0.0
45131 11026521 0.5538386324334994 0.06901482551465034 0.18288 0.0 0.0
45132 11026521 0.5472881407131889 0.06554759572772646 0.18288 0.0 0.0
45133 11026521 0.5423130759378134 0.0671733190869746 0.18288 0.0 0.0
45134 11026521 0.5373380111624381 0.06879904244622276 0.18288 0.0 0.0
45135 11026521 0.5328774496281761 0.06873787639401692 0.18288 0.0 0.0
45136 11026521 0.5280628724212173 0.0703111651643431 0.18288 0.0 0.0
45137 11026521 0.5181127496038531 0.07356263905760527 0.21336000000000002 0.0 0.0
45138 11026521 0.507648135786835 0.0785010235073254 0.21336000000000002 0.0 0.0
45139 11026521 0.5031875739954653 0.07843987626790683 0.21336000000000002 0.0 0.0
45140 11026521 0.49193721779730026 0.07662534132912968 0.21336000000000002 0.0 0.0
45141 11026521 0.48606969385660875 0.08041200154906511 0.21336000000000002 0.0 0.0
45142 11026521 0.4809341533917573 0.08209021050243617 0.21336000000000002 0.0 0.0
45143 11026521 0.4690073454028164 0.08037994183717831 0.21336000000000002 0.0 0.0
45144 11026521 0.4570805374138755 0.07866967317192043 0.21336000000000002 0.0 0.0
45145 11026521 0.44951373670522576 0.07997412208186054 0.21336000000000002 0.0 0.0
45146 11026521 0.4354675710822534 0.08047524903169798 0.24384 0.0 0.0
45147 11026521 0.42910073529460835 0.07729857378060248 0.24384 0.0 0.0
45148 11026521 0.4222673681488792 0.07812971305588665 0.24384 0.0 0.0
45149 11026521 0.410650240812809 0.07655197619068646 0.24384 0.0 0.0
45150 11026521 0.4057554260941317 0.07815157145828669 0.24384 0.0 0.0
45151 11026521 0.3845893887242135 0.07969440899392441 0.24384 0.0 0.0
45152 11026521 0.3740506329290234 0.07869894887032075 0.24384 0.0 0.0
45153 11026521 0.3675690203633164 0.07544299527089643 0.24384 0.0 0.0
45154 11026521 0.36018667738330074 0.07785554996368872 0.24384 0.0 0.0
45155 11026521 0.35280433440328507 0.08026810465648102 0.24384 0.0 0.0
45156 11026521 0.3405789761046737 0.07818826437105561 0.24384 0.0 0.0
45157 11026521 0.3309498356945175 0.08133510824649107 0.24384 0.0 0.0
45158 11026521 0.3196993733098571 0.07952084533716328 0.24384 0.0 0.0
45159 11026521 0.30795694122223727 0.07891884144739814 0.24384 0.0 0.0
45160 11026521 0.29643048858631893 0.07626016953531453 0.24384 0.0 0.0
45161 11026521 0.28585042962222607 0.08030199144420641 0.27432 0.0 0.0
45162 11026521 0.2788820618093758 0.07148052941647998 0.24384 0.0 0.0
45163 11026521 0.26925291222299985 0.07462745768597254 0.24384 0.0 0.0
45164 11026521 0.2581568983449948 0.07872111252231659 0.27432 0.0 0.0
45165 11026521 0.2479262950618185 0.07622315219442524 0.27432 0.0 0.0
45166 11026521 0.2379761806029076 0.07947502205432264 0.27432 0.0 0.0
45167 11026521 0.22799604970926737 0.07919289254122423 0.27432 0.0 0.0
45168 11026521 0.21801591881562718 0.07891076302812582 0.27432 0.0 0.0
45169 11026521 0.20803578792198696 0.07862863351502741 0.27432 0.0 0.0
45170 11026521 0.19071300896753746 0.07617044449045206 0.27432 0.0 0.0
45171 11026521 0.18136606012532283 0.07655765729811391 0.27432 0.0 0.0
45172 11026521 0.17201911128310818 0.07694487010577578 0.27432 0.0 0.0
45173 11026521 0.16267216244089355 0.07733208291343763 0.27432 0.0 0.0
45174 11026521 0.14825189388563662 0.07850123605173966 0.27432 0.0 0.0
45175 11026521 0.13383162533037965 0.0796703891900417 0.27432 0.0 0.0
45176 11026521 0.11941135677512271 0.08083954232834373 0.27432 0.0 0.0
45177 11026521 0.11638232362225903 0.07890877887927905 0.27432 0.0 0.0
45178 11026521 0.11335329046939535 0.07697801543021437 0.27432 0.0 0.0
45179 11026521 0.10307763426849895 0.07721547545262117 0.27432 0.0 0.0
45180 11026521 0.09280197806760254 0.07745293547502795 0.27432 0.0 0.0
45181 11026521 0.08252632186670615 0.07769039549743474 0.27432 0.0 0.0
45182 11026521 0.07225066566580975 0.07792785551984154 0.27432 0.0 0.0
45183 11026521 0.06197500946491334 0.07816531554224833 0.27432 0.0 0.0
45184 11026521 0.051699353264016944 0.07840277556465511 0.27432 0.0 0.0
45185 11026521 0.041423697063120546 0.0786402355870619 0.27432 0.0 0.0
45186 11026521 0.03751545433170663 0.0766463713652311 0.27432 0.0 0.0
45187 11026521 0.03360721160029271 0.07465250714340028 0.27432 0.0 0.0
45188 11026521 0.029698968868878795 0.07265864292156948 0.27432 0.0 0.0
45189 11026521 0.028422033101666862 0.07263371963660524 0.27214285714285713 0.0 0.0
45190 11026521 0.027145097334454932 0.07260879635164098 0.2699657142857143 0.0 0.0
45191 11026521 0.025868161567243 0.07258387306667674 0.26778857142857143 0.0 0.0
45192 11026521 0.024591225800031067 0.07255894978171248 0.26561142857142855 0.0 0.0
45193 11026521 0.023314290032819138 0.07253402649674824 0.26343428571428573 0.0 0.0
45194 11026521 0.022037354265607205 0.07250910321178398 0.26125714285714285 0.0 0.0
45195 11026521 0.020760418498395272 0.07248417992681974 0.25908 0.0 0.0
45196 11026521 0.01948348273118334 0.0724592566418555 0.25690285714285716 0.0 0.0
45197 11026521 0.01820654696397141 0.07243433335689124 0.2547257142857143 0.0 0.0
45198 11026521 0.016929611196759477 0.072409410071927 0.25254857142857146 0.0 0.0
45199 11026521 0.015652675429547548 0.07238448678696274 0.2503714285714286 0.0 0.0
45200 11026521 0.014375739662335615 0.0723595635019985 0.24819428571428573 0.0 0.0
45201 11026521 0.013098803895123683 0.07233464021703424 0.24601714285714285 0.0 0.0
45202 11026521 0.01182186812791175 0.07230971693207 0.24384 0.0 0.0
45203 11026521 0.012046710104720582 0.0675629940303642 0.24384 0.0 0.0
45204 11026521 0.017681193069083286 0.06535886193968218 0.24489103448275862 0.0 0.0
45205 11026521 0.02331567603344599 0.06315472984900018 0.24594206896551724 0.0 0.0
45206 11026521 0.02895015899780869 0.06095059775831817 0.24699310344827585 0.0 0.0
45207 11026521 0.0345846419621714 0.05874646566763616 0.2480441379310345 0.0 0.0
45208 11026521 0.040219124926534094 0.05654233357695415 0.24909517241379311 0.0 0.0
45209 11026521 0.0458536078908968 0.054338201486272136 0.2501462068965517 0.0 0.0
45210 11026521 0.0514880908552595 0.05213406939559013 0.2511972413793103 0.0 0.0
45211 11026521 0.057122573819622206 0.04992993730490812 0.252248275862069 0.0 0.0
45212 11026521 0.06275705678398491 0.047725805214226105 0.2532993103448276 0.0 0.0
45213 11026521 0.06839153974834761 0.0455216731235441 0.25435034482758623 0.0 0.0
45214 11026521 0.07402602271271032 0.04331754103286209 0.25540137931034484 0.0 0.0
45215 11026521 0.07966050567707302 0.041113408942180074 0.25645241379310346 0.0 0.0
45216 11026521 0.08529498864143573 0.038909276851498066 0.2575034482758621 0.0 0.0
45217 11026521 0.09092947160579842 0.03670514476081606 0.2585544827586207 0.0 0.0
45218 11026521 0.09656395457016113 0.03450101267013404 0.2596055172413793 0.0 0.0
45219 11026521 0.10219843753452383 0.032296880579452035 0.26065655172413793 0.0 0.0
45220 11026521 0.10783292049888653 0.030092748488770027 0.26170758620689655 0.0 0.0
45221 11026521 0.11346740346324924 0.027888616398088012 0.26275862068965516 0.0 0.0
45222 11026521 0.11910188642761194 0.025684484307406004 0.2638096551724138 0.0 0.0
45223 11026521 0.12473636939197465 0.023480352216723996 0.2648606896551724 0.0 0.0
45224 11026521 0.13037085235633733 0.02127622012604198 0.26591172413793107 0.0 0.0
45225 11026521 0.13600533532070005 0.019072088035359973 0.2669627586206897 0.0 0.0
45226 11026521 0.14163981828506275 0.016867955944677965 0.2680137931034483 0.0 0.0
45227 11026521 0.14727430124942545 0.01466382385399595 0.2690648275862069 0.0 0.0
45228 11026521 0.15290878421378815 0.012459691763313942 0.27011586206896554 0.0 0.0
45229 11026521 0.15854326717815087 0.010255559672631934 0.27116689655172416 0.0 0.0
45230 11026521 0.16417775014251357 0.008051427581949926 0.2722179310344828 0.0 0.0
45231 11026521 0.16981223310687626 0.005847295491267911 0.2732689655172414 0.0 0.0
45232 11026521 0.17544671607123896 0.0036431634005859026 0.27432 0.0 0.0
45233 11026521 0.20552499800924456 0.004502926912365396 0.27432 0.0 0.0
45234 11026521 0.23560327994725017 0.005362690424144889 0.27432 0.0 0.0
45235 11026521 0.26015034125624803 0.0016630814334092081 0.24384 0.0 0.0
45236 11026521 0.2918297510850889 0.0022141695845756724 0.24384 0.0 0.0
45237 11026521 0.3235091609139298 0.0027652577357421366 0.24384 0.0 0.0
45238 11026521 0.35518857074277066 0.0033163458869086004 0.24384 0.0 0.0
45239 11026521 0.38730159104756967 0.003745525205067192 0.24384 0.0 0.0
45240 11026521 0.4194146113523687 0.0041747045232257834 0.24384 0.0 0.0
45241 11026521 0.4666694886821443 0.004738017975397538 0.24384 0.0 0.0
45242 11026521 0.4843049450667382 0.0043491974605934375 0.24384 0.0 0.0
45243 11026521 0.526419779097673 0.0016857468450461738 0.24384 0.0 0.0
45244 11026521 0.5593832260619852 0.0023635378866158907 0.254 0.0 0.0
45245 11026521 0.5923466730262973 0.0030413289281856076 0.26416 0.0 0.0
45246 11026521 0.6253101199906095 0.0037191199697553246 0.27432 0.0 0.0
45247 11026521 0.6521796029255185 0.0029615720994024173 0.27432 0.0 0.0
45248 11026521 0.6790490858604276 0.00220402422904951 0.27432 0.0 0.0
45249 11026521 0.7059185687953365 0.0014464763586966023 0.27432 0.0 0.0
45250 11026521 0.7909050352686686 -0.003190387077171397 0.3048 0.0 0.0
45251 11026521 0.8181979096723931 -0.004825583085521945 0.3048 0.0 0.0
45252 11026521 0.8454907840761176 -0.006460779093872493 0.3048 0.0 0.0
45253 11026521 0.8727836584798421 -0.00809597510222304 0.3048 0.0 0.0
45254 11026521 0.9093728740917066 -0.011357741199344346 0.310896 0.0 0.0
45255 11026521 0.9459620897035711 -0.014619507296465651 0.316992 0.0 0.0
45256 11026521 0.9825513053154357 -0.017881273393586954 0.323088 0.0 0.0
45257 11026521 1.0191405209273001 -0.02114303949070826 0.329184 0.0 0.0
45258 11026521 1.0557297365391647 -0.024404805587829564 0.33528 0.0 0.0
45259 11026521 1.0923189521510293 -0.027666571684950868 0.341376 0.0 0.0
45260 11026521 1.1289081677628938 -0.030928337782072175 0.347472 0.0 0.0
45261 11026521 1.1654973833747584 -0.03419010387919348 0.353568 0.0 0.0
45262 11026521 1.2020865989866227 -0.03745186997631478 0.359664 0.0 0.0
45263 11026521 1.2386758145984873 -0.04071363607343609 0.36576 0.0 0.0
45264 11026521 1.2937031176482527 -0.040815052718653155 0.36576 0.0 0.0
45265 11026521 1.3100874409264345 -0.042311973205559794 0.36576 0.0 0.0
45266 11026521 1.3611759906426988 -0.042235938061465625 0.36576 0.0 0.0
45267 11026521 1.4122645403589629 -0.042159902917371456 0.36576 0.0 0.0
45268 11026521 1.4502320674880627 -0.039024170346597276 0.39624000000000004 0.0 0.0
45269 11026521 1.4678444349352229 -0.03893587755610184 0.39624000000000004 0.0 0.0
45270 11026521 1.5215516176822446 -0.040356835357515525 0.39624000000000004 0.0 0.0
45271 11026521 1.5652739489514325 -0.03863295405614217 0.39624000000000004 0.0 0.0
45272 11026521 1.5998446571111302 -0.038826306437165475 0.39624000000000004 0.0 0.0
45273 11026521 1.6405935126225608 -0.04185513180009545 0.39624000000000004 0.0 0.0
45274 11026521 1.6761044887860217 -0.041887953260219435 0.39624000000000004 0.0 0.0
45275 11026521 1.7030990340463186 -0.045564288554388606 0.39624000000000004 0.0 0.0
45276 11026521 1.7300935793066154 -0.04924062384855778 0.39624000000000004 0.0 0.0
45277 11026521 1.7820765381711203 -0.05593773354122636 0.39624000000000004 0.0 0.0
45278 11026521 1.8203570099161448 -0.06312423298183088 0.41148000000000007 0.0 0.0
45279 11026521 1.858637481661169 -0.0703107324224354 0.42672000000000004 0.0 0.0
45280 11026521 1.8930671097957843 -0.07501269752920883 0.42672000000000004 0.0 0.0
45281 11026521 1.9255233408867378 -0.08140646856163153 0.42672000000000004 0.0 0.0
45282 11026521 1.9426154699950966 -0.08698821493595395 0.42672000000000004 0.0 0.0
45283 11026521 1.9597075991034552 -0.09256996131027637 0.42672000000000004 0.0 0.0
45284 11026521 2.0194680307391684 -0.11080034978032052 0.42672000000000004 0.0 0.0
45285 11026521 2.0591232412473186 -0.11989480222563301 0.42672000000000004 0.0 0.0
45286 11026521 2.0900837543553643 -0.1338599608450227 0.42672000000000004 0.0 0.0
45287 11026521 2.1314321577224464 -0.1486469673445974 0.45720000000000005 0.0 0.0
45288 11026521 2.170329175611063 -0.16006320446864689 0.45720000000000005 0.0 0.0
45289 11026521 2.1980552819268513 -0.1757753483565079 0.45720000000000005 0.0 0.0
45290 11026521 2.2370062433819555 -0.19246566821937064 0.45720000000000005 0.0 0.0
45291 11026521 2.2880384015019715 -0.2156704428118322 0.48768 0.0 0.0
45292 11026521 2.3209243091692118 -0.23189853935665874 0.48768 0.0 0.0
45293 11026521 2.3509645652860147 -0.25140281810037257 0.48768 0.0 0.0
45294 11026521 2.3895934724404286 -0.27044016916099145 0.48768 0.0 0.0
45295 11026521 2.405991078992588 -0.2780134357662164 0.48768 0.0 0.0
45296 11026521 2.422388685544747 -0.28558670237144135 0.48768 0.0 0.0
45297 11026521 2.4612246446962374 -0.30399026732036594 0.5181600000000001 0.0 0.0
45298 11026521 2.4976188520482836 -0.3217132131603828 0.5181600000000001 0.0 0.0
45299 11026521 2.524490434009408 -0.3302525143599693 0.5181600000000001 0.0 0.0
45300 11026521 2.5579619563256544 -0.34631999987461626 0.5181600000000001 0.0 0.0
45301 11026521 2.611644235588998 -0.3695694183996029 0.5181600000000001 0.0 0.0
45302 11026521 2.6317062346265487 -0.37611882871890256 0.5181600000000001 0.0 0.0
45303 11026521 2.6647654933988427 -0.39181748849196596 0.5181600000000001 0.0 0.0
45304 11026521 2.713771150013038 -0.4130720309312764 0.5181600000000001 0.0 0.0
45305 11026521 2.7456982496982825 -0.42407843060753947 0.5181600000000001 0.0 0.0
45306 11026521 2.7979141469180613 -0.4463802360235839 0.5181600000000001 0.0 0.0
45307 11026521 2.8356165000003553 -0.46417766837967767 0.5181600000000001 0.0 0.0
45308 11026521 2.874938564114058 -0.4770132077961722 0.54864 0.0 0.0
45309 11026521 2.9095000858993316 -0.4935513181145784 0.54864 0.0 0.0
45310 11026521 2.9245067289266697 -0.49844963150340127 0.54864 0.0 0.0
45311 11026521 2.939513371954008 -0.5033479448922241 0.54864 0.0 0.0
45312 11026521 2.97766318577031 -0.5214073495015272 0.54864 0.0 0.0
45313 11026521 3.0378505369856095 -0.5410522796968054 0.54864 0.0 0.0
45314 11026521 3.070841953622364 -0.5569601717322651 0.54864 0.0 0.0
45315 11026521 3.1097257591882004 -0.5754919243164802 0.54864 0.0 0.0
45316 11026521 3.147902258028542 -0.58748458941296 0.54864 0.0 0.0
45317 11026521 3.1782797309753796 -0.6032396444416405 0.57912 0.0 0.0
45318 11026521 3.21359003376391 -0.6147637263256583 0.57912 0.0 0.0
45319 11026521 3.2523373107875635 -0.63208185058327 0.57912 0.0 0.0
45320 11026521 3.291660312741384 -0.6449150623645666 0.57912 0.0 0.0
45321 11026521 3.3486244512754233 -0.6689953242041761 0.57912 0.0 0.0
45322 11026521 3.3634709653194474 -0.6738403235066468 0.57912 0.0 0.0
45323 11026521 3.3783174793634716 -0.6786853228091175 0.57912 0.0 0.0
45324 11026521 3.4224558398884097 -0.6930891433429366 0.6096 0.0 0.0
45325 11026521 3.4608733138567587 -0.7059762366697491 0.6096 0.0 0.0
45326 11026521 3.5005979882564766 -0.7189392217702739 0.6096 0.0 0.0
45327 11026521 3.536310131717805 -0.7305926231032177 0.6096 0.0 0.0
45328 11026521 3.572547350608464 -0.7474400822248339 0.6096 0.0 0.0
45329 11026521 3.604407144294732 -0.758653730590354 0.6096 0.0 0.0
45330 11026521 3.6411631473543196 -0.7698294636520798 0.6400800000000001 0.0 0.0
45331 11026521 3.6830751304312814 -0.789696020520057 0.6400800000000001 0.0 0.0
45332 11026521 3.717583839636368 -0.8009557190855106 0.6400800000000001 0.0 0.0
45333 11026521 3.7604140295355997 -0.8193691601970108 0.6400800000000001 0.0 0.0
45334 11026521 3.794667909139129 -0.8368530788660131 0.6400800000000001 0.0 0.0
45335 11026521 3.8455237208726567 -0.8578844251837034 0.6400800000000001 0.0 0.0
45336 11026521 3.8748162774581694 -0.8674414112493009 0.6400800000000001 0.0 0.0
45337 11026521 3.9016640707086534 -0.8828588394293747 0.6400800000000001 0.0 0.0
45338 11026521 3.9598809223571605 -0.9058235388417223 0.67056 0.0 0.0
45339 11026521 3.9988931551294558 -0.9253258826584531 0.67056 0.0 0.0
45340 11026521 4.016949569162616 -0.9332606743632856 0.67056 0.0 0.0
45341 11026521 4.035005983195775 -0.9411954660681182 0.67056 0.0 0.0
45342 11026521 4.072780872815298 -0.9587751309483014 0.67056 0.0 0.0
45343 11026521 4.110924308174976 -0.9725032683048215 0.67056 0.0 0.0
45344 11026521 4.144583981279162 -0.9874551150212635 0.67056 0.0 0.0
45345 11026521 4.192757330485404 -1.010178261139197 0.67056 0.0 0.0
45346 11026521 4.234511654753988 -1.027536498009993 0.67056 0.0 0.0
45347 11026521 4.264994685115001 -1.0446052667903132 0.7010400000000001 0.0 0.0
45348 11026521 4.30485755206955 -1.061229218006028 0.7010400000000001 0.0 0.0
45349 11026521 4.347414227196554 -1.0804836919722283 0.7010400000000001 0.0 0.0
45350 11026521 4.381556664870225 -1.093956353302279 0.7010400000000001 0.0 0.0
45351 11026521 4.422645097916502 -1.1155347629535792 0.7010400000000001 0.0 0.0
45352 11026521 4.453577468100687 -1.1279599901038218 0.7010400000000001 0.0 0.0
45353 11026521 4.4943812155736005 -1.1444223334517882 0.7010400000000001 0.0 0.0
45354 11026521 4.525919763509134 -1.1620675951742176 0.7010400000000001 0.0 0.0
45355 11026521 4.5454675320051745 -1.1701951671745625 0.7010400000000001 0.0 0.0
45356 11026521 4.565015300501216 -1.1783227391749074 0.7010400000000001 0.0 0.0
45357 11026521 4.622419757682382 -1.2048706859589589 0.7010400000000001 0.0 0.0
45358 11026521 4.653431099555994 -1.2230441387041489 0.73152 0.0 0.0
45359 11026521 4.689523316972292 -1.2376181512743576 0.73152 0.0 0.0
45360 11026521 4.718105077112655 -1.2520787576180277 0.73152 0.0 0.0
45361 11026521 4.761729398346027 -1.2721456453772946 0.73152 0.0 0.0
45362 11026521 4.805217319479146 -1.2885467667764519 0.73152 0.0 0.0
45363 11026521 4.842925830454478 -1.3063334604056365 0.73152 0.0 0.0
45364 11026521 4.877033557505856 -1.325632228599262 0.762 0.0 0.0
45365 11026521 4.920658476444749 -1.3456981330884208 0.762 0.0 0.0
45366 11026521 4.958722433247614 -1.3651184384766293 0.762 0.0 0.0
45367 11026521 4.992132313669126 -1.3797503976293493 0.762 0.0 0.0
45368 11026521 5.034175090987413 -1.4005844044072633 0.762 0.0 0.0
45369 11026521 5.067503539223932 -1.4209127685157001 0.762 0.0 0.0
45370 11026521 5.111266920611714 -1.4405551784618662 0.762 0.0 0.0
45371 11026521 5.139614805136656 -1.4550541765910472 0.762 0.0 0.0
45372 11026521 5.167962689661597 -1.4695531747202282 0.762 0.0 0.0
45373 11026521 5.183212189588562 -1.4745251952699554 0.762 0.0 0.0
45374 11026521 5.2417898257594615 -1.4991135206869126 0.7924800000000001 0.0 0.0
45375 11026521 5.28023360113753 -1.5173707138200003 0.7924800000000001 0.0 0.0
45376 11026521 5.3139651000381765 -1.5337409413624319 0.7924800000000001 0.0 0.0
45377 11026521 5.3546229987069704 -1.547930610841583 0.7924800000000001 0.0 0.0
45378 11026521 5.407090234811592 -1.569474016993955 0.7924800000000001 0.0 0.0
45379 11026521 5.444628659361083 -1.587785396598563 0.7924800000000001 0.0 0.0
45380 11026521 5.480953033602665 -1.5989262760299083 0.7924800000000001 0.0 0.0
45381 11026521 5.508643449546264 -1.607953108826183 0.80772 0.0 0.0
45382 11026521 5.536333865489863 -1.6169799416224575 0.82296 0.0 0.0
