47577 10679355 2.440934277839869 -2.880170513054192 1.82118 0.0 0.0
47578 10679355 2.3268871770728428 -2.9408386189397198 1.8135600000000003 0.0 0.0
47579 10679355 2.2645894288414796 -2.9782118918689315 1.80594 0.0 0.0
47580 10679355 2.1828110303908845 -3.024645970246071 1.80594 0.0 0.0
47581 10679355 2.137033854348965 -3.050589407437487 1.80213 0.0 0.0
47582 10679355 2.0912566783070456 -3.076532844628903 1.7983200000000001 0.0 0.0
47583 10679355 2.012642726990717 -3.12142868941303 1.7983200000000001 0.0 0.0
47584 10679355 1.94526063460809 -3.159126506540099 1.7907 0.0 0.0
47585 10679355 1.8387076730748255 -3.2188483591303068 1.7907 0.0 0.0
47586 10679355 1.7598942909971556 -3.267065062497449 1.7830800000000002 0.0 0.0
47587 10679355 1.723759118525872 -3.2852321552927704 1.7830800000000002 0.0 0.0
47588 10679355 1.6876239460545888 -3.3033992480880916 1.7830800000000002 0.0 0.0
47589 10679355 1.5798162253674954 -3.364227701046189 1.77546 0.0 0.0
47590 10679355 1.5119576165884179 -3.4060896584494196 1.77546 0.0 0.0
47591 10679355 1.4407633459380988 -3.441839033871012 1.76784 0.0 0.0
47592 10679355 1.3336512649900871 -3.50324275786098 1.7602200000000001 0.0 0.0
47593 10679355 1.2545706086194042 -3.546812891445795 1.7602200000000001 0.0 0.0
47594 10679355 1.2022296086945194 -3.5765087996169083 1.7564100000000002 0.0 0.0
47595 10679355 1.1498886087696347 -3.606204707788022 1.7526000000000002 0.0 0.0
47596 10679355 1.0756138165908564 -3.6470205107823337 1.74498 0.0 0.0
47597 10679355 1.021544451246611 -3.678195696381654 1.74498 0.0 0.0
47598 10679355 0.9421155886475714 -3.722818171859458 1.7373600000000002 0.0 0.0
47599 10679355 0.8693644984843287 -3.763312456213056 1.7373600000000002 0.0 0.0
47600 10679355 0.752643634192188 -3.8214562007134014 1.72974 0.0 0.0
47601 10679355 0.6799250983971616 -3.8618430794921816 1.72974 0.0 0.0
47602 10679355 0.630759184855501 -3.88860139039689 1.72593 0.0 0.0
47603 10679355 0.5815932713138402 -3.915359701301598 1.72212 0.0 0.0
47604 10679355 0.5020905322339779 -3.9601886356954767 1.72212 0.0 0.0
47605 10679355 0.42254248273790174 -4.002432148825172 1.72212 0.0 0.0
47606 10679355 0.3497860821262109 -4.042921385449771 1.7145 0.0 0.0
47607 10679355 0.28346682285895497 -4.08002201240552 1.7145 0.0 0.0
47608 10679355 0.20467248323650455 -4.124028867061803 1.7145 0.0 0.0
47609 10679355 0.116685689472256 -4.171691480174877 1.7068800000000002 0.0 0.0
47610 10679355 0.08017537337632247 -4.189613923559366 1.7068800000000002 0.0 0.0
47611 10679355 0.04366505728038894 -4.207536366943856 1.7068800000000002 0.0 0.0
47612 10679355 -0.05975023852292738 -4.267330928771928 1.7068800000000002 0.0 0.0
47613 10679355 -0.13100568021878645 -4.302933523761973 1.69926 0.0 0.0
47614 10679355 -0.20676529714279335 -4.3485130098612785 1.69926 0.0 0.0
47615 10679355 -0.2799270870932742 -4.384776965582684 1.69926 0.0 0.0
47616 10679355 -0.34315370794537503 -4.420547791831757 1.69926 0.0 0.0
47617 10679355 -0.4548239993385237 -4.480562575829618 1.69926 0.0 0.0
47618 10679355 -0.527876090167422 -4.520832801672281 1.69926 0.0 0.0
47619 10679355 -0.5990945083578403 -4.563103568953 1.69926 0.0 0.0
47620 10679355 -0.6717439559099356 -4.599415532211152 1.69926 0.0 0.0
