52484 10930127 -3.6855104329135973 -1.7359674039551942 0.5715 0.0 0.0
52485 10930127 -3.6699119458753535 -1.6689643013509723 0.5715 0.0 0.0
52486 10930127 -3.65431345883711 -1.6019611987467506 0.5715 0.0 0.0
52487 10930127 -3.6387149717988656 -1.5349580961425286 0.5715 0.0 0.0
52488 10930127 -3.6231164847606214 -1.467954993538307 0.5715 0.0 0.0
52489 10930127 -3.6075179977223777 -1.4009518909340852 0.5715 0.0 0.0
52490 10930127 -3.591919510684134 -1.3339487883298635 0.5715 0.0 0.0
52491 10930127 -3.5763210236458898 -1.2669456857256416 0.5715 0.0 0.0
52492 10930127 -3.562156218540233 -1.2128083208118963 0.5715 0.0 0.0
52493 10930127 -3.5513860905299452 -1.162934784484683 0.5715 0.0 0.0
52494 10930127 -3.5406159625196576 -1.1130612481574693 0.5715 0.0 0.0
52495 10930127 -3.528067268201241 -1.058161217004296 0.5715 0.0 0.0
52496 10930127 -3.5126503634855366 -0.9936838022274358 0.5715 0.0 0.0
52497 10930127 -3.4969123462034846 -0.9293114767885401 0.5715 0.0 0.0
52498 10930127 -3.4811742395758705 -0.864939169734784 0.5715 0.0 0.0
52499 10930127 -3.4576427923639645 -0.7604687911451583 0.5715 0.0 0.0
52500 10930127 -3.440246337517954 -0.6910306210876184 0.5715 0.0 0.0
52501 10930127 -3.4324049169455337 -0.6670730631832634 0.5715 0.0 0.0
52502 10930127 -3.417725338675775 -0.601185780451419 0.5715 0.0 0.0
52503 10930127 -3.403045760406016 -0.5352984977195746 0.5715 0.0 0.0
52504 10930127 -3.386005067813003 -0.45744775187053366 0.5715 0.0 0.0
52505 10930127 -3.372867711710942 -0.40916684283425686 0.5715 0.0 0.0
52506 10930127 -3.3572303584698933 -0.3434761577298605 0.5715 0.0 0.0
52507 10930127 -3.33243226600806 -0.24491199268112154 0.5715 0.0 0.0
52508 10930127 -3.3166931864675036 -0.18053988675617086 0.5715 0.0 0.0
52509 10930127 -3.30735776692402 -0.11944671733262871 0.5715 0.0 0.0
52510 10930127 -3.288440369731209 -0.04536500190699014 0.5715 0.0 0.0
52511 10930127 -3.2731076007100546 0.015050498522039074 0.5715 0.0 0.0
52512 10930127 -3.255853890274297 0.0883914734356944 0.5715 0.0 0.0
52513 10930127 -3.2424358870978196 0.15761300050573154 0.5715 0.0 0.0
52514 10930127 -3.2263161869520394 0.22314591117780033 0.5715 0.0 0.0
52515 10930127 -3.2102873461856642 0.27211632251081086 0.5715 0.0 0.0
52516 10930127 -3.201751666185849 0.30905037258247103 0.5715 0.0 0.0
52517 10930127 -3.1932159861860336 0.3459844226541312 0.5715 0.0 0.0
52518 10930127 -3.1824653112907875 0.40976933990633224 0.5715 0.0 0.0
52519 10930127 -3.166550312010955 0.4763040732060909 0.5715 0.0 0.0
52520 10930127 -3.141033821624898 0.5705436605880624 0.5715 0.0 0.0
52521 10930127 -3.125051727971864 0.6356542948747682 0.5715 0.0 0.0
52522 10930127 -3.112336948300272 0.7097800101849588 0.5715 0.0 0.0
52523 10930127 -3.0949727912630216 0.7791121754629625 0.5715 0.0 0.0
52524 10930127 -3.0854727415782204 0.8081355507207464 0.5715 0.0 0.0
52525 10930127 -3.063456945720211 0.9079612720615756 0.5715 0.0 0.0
52526 10930127 -3.0493052713910673 0.9674782057658111 0.5715 0.0 0.0
52527 10930127 -3.033295796845702 1.0353842841306304 0.5715 0.0 0.0
52528 10930127 -3.016234325533529 1.1010764696747835 0.5715 0.0 0.0
52529 10930127 -3.000814195222228 1.165553212346075 0.5715 0.0 0.0
52530 10930127 -2.9897690629936875 1.217206645539715 0.5715 0.0 0.0
52531 10930127 -2.9714023186205134 1.28959930138135 0.5715 0.0 0.0
52532 10930127 -2.958816465247195 1.3606125067271244 0.5715 0.0 0.0
52533 10930127 -2.943144097005603 1.4247730375331966 0.5715 0.0 0.0
52534 10930127 -2.9305231700815577 1.4714704975579478 0.5715 0.0 0.0
52535 10930127 -2.9179022431575126 1.5181679575826992 0.5715 0.0 0.0
52536 10930127 -2.903795827100618 1.5938247847687732 0.5715 0.0 0.0
52537 10930127 -2.8880540258835303 1.6581963237103463 0.5715 0.0 0.0
52538 10930127 -2.87855366000879 1.6872196408172366 0.5715 0.0 0.0
52539 10930127 -2.852240196625157 1.8083073123734015 0.5715 0.0 0.0
52540 10930127 -2.8305752640145503 1.8853460030076301 0.5715 0.0 0.0
52541 10930127 -2.824333526623634 1.9206941603244787 0.5715 0.0 0.0
52542 10930127 -2.7966608067972194 2.0296521832931322 0.5715 0.0 0.0
52543 10930127 -2.7910234649469463 2.0631533648290574 0.5715 0.0 0.0
52544 10930127 -2.785386123096673 2.0966545463649826 0.5715 0.0 0.0
52545 10930127 -2.7692062155348305 2.1542224242225445 0.5715 0.0 0.0
52546 10930127 -2.750686205825864 2.244442844303425 0.5715 0.0 0.0
52547 10930127 -2.7334690265323482 2.3135897069709075 0.5715 0.0 0.0
52548 10930127 -2.71239042703007 2.404842203196742 0.5715 0.0 0.0
52549 10930127 -2.7042262518513334 2.4333097458391677 0.5715 0.0 0.0
52550 10930127 -2.6960620766725967 2.4617772884815934 0.5715 0.0 0.0
52551 10930127 -2.6771859023204803 2.5519980539421403 0.5715 0.0 0.0
52552 10930127 -2.6614427083041914 2.616369303660135 0.5715 0.0 0.0
52553 10930127 -2.655200152003026 2.651717284873627 0.5715 0.0 0.0
52554 10930127 -2.6284629642520594 2.7469599545268806 0.5715 0.0 0.0
52555 10930127 -2.6090678723312175 2.838763658476651 0.5715 0.0 0.0
52556 10930127 -2.594262150039558 2.904610326130031 0.5715 0.0 0.0
52557 10930127 -2.568943448981 2.9938907249388653 0.5715 0.0 0.0
52558 10930127 -2.5567730884957927 3.052771257904028 0.5715 0.0 0.0
52559 10930127 -2.539405396023252 3.1221026932306413 0.5715 0.0 0.0
52560 10930127 -2.5331622708735697 3.157450551371856 0.5715 0.0 0.0
52561 10930127 -2.5269191457238875 3.192798409513071 0.5715 0.0 0.0
52562 10930127 -2.5092748218143557 3.262974105443858 0.5715 0.0 0.0
52563 10930127 -2.495430784186061 3.321540498443288 0.5715 0.0 0.0
52564 10930127 -2.47066557305323 3.4311001717617136 0.5715 0.0 0.0
52565 10930127 -2.462961122839057 3.4546353482184617 0.5715 0.0 0.0
52566 10930127 -2.448885428590153 3.5145865532970078 0.5715 0.0 0.0
52567 10930127 -2.4348097343412487 3.5745377583755533 0.5715 0.0 0.0
52568 10930127 -2.4204791037613544 3.636216681668329 0.5715 0.0 0.0
52569 10930127 -2.401531100124841 3.7114575871521214 0.5715 0.0 0.0
52570 10930127 -2.3797423427568605 3.8078530244539976 0.5715 0.0 0.0
52571 10930127 -2.360897416567954 3.8979675492572357 0.5715 0.0 0.0
