35285 10749052 0.36040441240518806 0.0016118217802265633 0.381 3.912005575640372 -1.2781694905444445
35286 10749052 0.2421202846316478 -0.002959129706091218 0.381 3.912005575640372 -1.2781694905444445
35287 10749052 0.16545595908760846 0.0002490767564887475 0.38862 3.912005575640372 -1.2781694905444445
35288 10749052 0.08768597345670892 -0.0015547674475873685 0.39624000000000004 3.912005575640372 -1.2781694905444445
35289 10749052 -0.024095176277833752 -0.003340253918935193 0.41148 3.912005575640372 -1.2781694905444445
35290 10749052 -0.09180081187879341 -0.008315048569033562 0.41910000000000003 3.912005575640372 -1.2781694905444445
35291 10749052 -0.15836663133086204 -0.008170487354390354 0.42672000000000004 3.912005575640372 -1.2781694905444445
35292 10749052 -0.22493245078293067 -0.008025926139747147 0.43434000000000006 3.912005575640372 -1.2781694905444445
35293 10749052 -0.30119193926214427 -0.011721678617045678 0.44196 3.912005575640372 -1.2781694905444445
35294 10749052 -0.43778003308940017 -0.015206022354571996 0.45720000000000005 3.912005575640372 -1.2781694905444445
35295 10749052 -0.486641573573491 -0.015238659034631535 0.46482000000000007 3.912005575640372 -1.2781694905444445
35296 10749052 -0.5763230206104106 -0.023306405116631318 0.47243999999999997 3.912005575640372 -1.2781694905444445
35297 10749052 -0.6740364049766785 -0.024424341609960792 0.48768 3.912005575640372 -1.2781694905444445
35298 10749052 -0.7565935901848231 -0.02862711261938264 0.4953 2.5465782646875845 -0.36214911544938266
35299 10749052 -0.883555189275941 -0.03525122722538934 0.5181600000000001 2.5465782646875845 -0.36214911544938266
35300 10749052 -0.9728373281541871 -0.043445172125220616 0.5334 2.5465782646875845 -0.36214911544938266
35301 10749052 -1.062555668904707 -0.051612351783288185 0.54864 2.5465782646875845 -0.36214911544938266
35302 10749052 -1.167995555742918 -0.05896039258570243 0.56388 2.5465782646875845 -0.36214911544938266
35303 10749052 -1.2410358467932572 -0.062297915159966105 0.57912 2.5465782646875845 -0.36214911544938266
35304 10749052 -1.3404713748728285 -0.07300932395037299 0.6019800000000001 2.5465782646875845 -0.36214911544938266
35305 10749052 -1.473839447994383 -0.08290358186728455 0.61722 2.5465782646875845 -0.36214911544938266
35306 10749052 -1.518482025552945 -0.08699686121161002 0.62865 2.5465782646875845 -0.36214911544938266
35307 10749052 -1.563124603111507 -0.09109014055593548 0.6400800000000001 2.5465782646875845 -0.36214911544938266
35308 10749052 -1.6462967315472399 -0.09823736761159066 0.65532 2.5465782646875845 -0.36214911544938266
35309 10749052 -1.7841421099796777 -0.12044916389609897 0.6858000000000001 2.5465782646875845 -0.36214911544938266
35310 10749052 -1.886606114546218 -0.13904327705289002 0.7086600000000001 2.5465782646875845 -0.36214911544938266
35311 11164357 1.2637973967855007 0.0008472180679812702 0.36576 2.5465782646875845 -0.36214911544938266
35311 10749052 -1.9743653252265145 -0.15450133639346267 0.7239000000000001 2.5465782646875845 -0.36214911544938266
35312 11164357 1.2451938503982698 0.0016673516947046385 0.36576 2.5465782646875845 -0.36214911544938266
35312 10749052 -2.072437103062436 -0.18165734835699546 0.73914 2.5465782646875845 -0.36214911544938266
35313 11164357 1.2265903040110389 0.002487485321428007 0.36576 2.5465782646875845 -0.36214911544938266
35313 10749052 -2.1594971997885732 -0.20610535512458897 0.75438 2.5465782646875845 -0.36214911544938266
35314 11164357 1.2017738767944288 -0.0014385525944406174 0.36576 2.5465782646875845 -0.36214911544938266
35314 10749052 -2.2515123318443617 -0.24026508392775417 0.76962 2.5465782646875845 -0.36214911544938266
35315 10749052 -2.339516074260377 -0.2757363668083117 0.7924800000000001 2.5465782646875845 -0.36214911544938266
35315 11164357 1.1664361744394312 0.0007595656321853633 0.36576 2.5465782646875845 -0.36214911544938266
35316 11164357 1.1293771572783444 0.0013590045409068024 0.36576 2.5465782646875845 -0.36214911544938266
35316 10749052 -2.4224822116758835 -0.3175287673109034 0.80772 2.5465782646875845 -0.36214911544938266
35317 11164357 1.0923181401172575 0.0019584434496282416 0.36576 2.5465782646875845 -0.36214911544938266
35317 10749052 -2.5209397179710686 -0.3659361799840717 0.8153400000000001 2.5465782646875845 -0.36214911544938266
35318 10749052 -2.6388754643498586 -0.4453590737888582 0.8305800000000001 2.5465782646875845 -0.36214911544938266
35318 11164357 1.044920780010222 0.0010875544083362582 0.36576 2.5465782646875845 -0.36214911544938266
35319 10749052 -2.732623377695921 -0.5040688908093053 0.84582 2.5465782646875845 -0.36214911544938266
35319 11164357 0.9975234199031868 0.00021666536704427475 0.36576 2.5465782646875845 -0.36214911544938266
35320 11164357 0.9778152415420646 0.0035011834967054734 0.36576 2.5465782646875845 -0.36214911544938266
35320 10749052 -2.7697944070126166 -0.5326841955534213 0.8496300000000001 2.5465782646875845 -0.36214911544938266
35321 11164357 0.9207807291303993 0.0034431516310673774 0.36576 2.5465782646875845 -0.36214911544938266
35321 10749052 -2.806965436329312 -0.5612995002975373 0.8534400000000001 2.5465782646875845 -0.36214911544938266
35322 11164357 0.863746216718734 0.0033851197654292814 0.36576 2.5465782646875845 -0.36214911544938266
35322 10749052 -2.9242936368201855 -0.6646378221854577 0.8763000000000001 2.5465782646875845 -0.36214911544938266
35323 10749052 -2.9923865425477016 -0.7304556488772392 0.8915400000000001 2.5465782646875845 -0.36214911544938266
35323 11164357 0.8310607849112172 0.0033747942451283694 0.36576 2.5465782646875845 -0.36214911544938266
35324 10749052 -3.061437119108666 -0.8095137172791905 0.8991600000000001 2.5465782646875845 -0.36214911544938266
35324 11164357 0.7983753531037003 0.0033644687248274574 0.36576 2.5465782646875845 -0.36214911544938266
35325 10749052 -3.1374229153079822 -0.8940136961228261 0.9144000000000001 2.5465782646875845 -0.36214911544938266
35325 11164357 0.7475755967210652 0.00010211070927604315 0.36576 2.5465782646875845 -0.36214911544938266
35326 10749052 -3.205372164387625 -0.9805591635241463 0.9296400000000001 2.5465782646875845 -0.36214911544938266
35326 11164357 0.7059185687953365 0.0014464763586966023 0.37338 2.5465782646875845 -0.36214911544938266
35327 11164357 0.6621948417843017 -0.00027210979388223033 0.37338 2.5465782646875845 -0.36214911544938266
35327 10749052 -3.2742406494836223 -1.076969071492842 0.9448799999999999 2.5465782646875845 -0.36214911544938266
35328 10749052 -3.3315450024380127 -1.1706200353275205 0.96012 2.5465782646875845 -0.36214911544938266
35328 11164357 0.613300932694867 -0.0004178720002215863 0.381 2.5465782646875845 -0.36214911544938266
35329 11164357 0.5644414241185473 -0.00045774053308143825 0.381 2.5465782646875845 -0.36214911544938266
35329 10749052 -3.394927202523305 -1.2719799173812232 0.97536 2.5465782646875845 -0.36214911544938266
35330 10749052 -3.442108189469158 -1.3591287827855905 0.9906 2.5465782646875845 -0.36214911544938266
35330 11164357 0.5139951331895098 -0.005352882046691279 0.381 2.5465782646875845 -0.36214911544938266
35331 11164357 0.44429017221045675 -0.003954302602413751 0.38862 2.5465782646875845 -0.36214911544938266
35331 10749052 -3.4949310728455814 -1.4540124257999798 1.00584 2.5465782646875845 -0.36214911544938266
35332 11164357 0.40505958745872006 -0.0071397641330770145 0.38862 2.5465782646875845 -0.36214911544938266
35332 10749052 -3.556029343955206 -1.5619617219879487 1.02108 2.5465782646875845 -0.36214911544938266
35333 11164357 0.3504626897510199 -0.011144826016832948 0.39624000000000004 2.5465782646875845 -0.36214911544938266
35333 10749052 -3.605244588949632 -1.6604796640999706 1.0363200000000001 2.5465782646875845 -0.36214911544938266
35334 11164357 0.2822422118412864 -0.016071398556602307 0.40386 2.5465782646875845 -0.36214911544938266
35335 11164357 0.2493190068834621 -0.0181629491080237 0.40767 2.5465782646875845 -0.36214911544938266
35336 11164357 0.2163958019256378 -0.02025449965944509 0.41148 2.5465782646875845 -0.36214911544938266
35337 11164357 0.15521120143329975 -0.023624051637219187 0.41148 2.5465782646875845 -0.36214911544938266
35338 11164357 0.09791803060256019 -0.02534404423387699 0.41529000000000005 2.5465782646875845 -0.36214911544938266
35339 11164357 0.04062485977182062 -0.027064036830534793 0.41910000000000003 2.5465782646875845 -0.36214911544938266
35340 11164357 0.016596366700059484 -0.03264601359704569 0.42672000000000004 2.5465782646875845 -0.36214911544938266
35341 11164357 -0.032255501714216095 -0.035371808910538455 0.42672000000000004 2.5465782646875845 -0.36214911544938266
35342 11164357 -0.09293663092652538 -0.038962243232085136 0.43434000000000006 2.5465782646875845 -0.36214911544938266
35343 11164357 -0.15361776013883466 -0.04255267755363182 0.44196 2.5465782646875845 -0.36214911544938266
35344 11164357 -0.20982116935495765 -0.04602886099283751 0.44958000000000004 2.5465782646875845 -0.36214911544938266
35345 11164357 -0.26503933657820866 -0.05029404190601658 0.45720000000000005 2.5465782646875845 -0.36214911544938266
35346 11164357 -0.324514612311426 -0.05725636606634002 0.46482000000000007 2.5465782646875845 -0.36214911544938266
35347 11164357 -0.3806840403212377 -0.06062564939874629 0.47243999999999997 2.5465782646875845 -0.36214911544938266
35348 11164357 -0.4328414065306032 -0.06530611394380773 0.48006 2.5465782646875845 -0.36214911544938266
35349 11164357 -0.5072076185433863 -0.07814779946712422 0.48768 2.5465782646875845 -0.36214911544938266
35350 11164357 -0.5548267795975947 -0.08524578959113546 0.4953 2.5465782646875845 -0.36214911544938266
35351 11164357 -0.586514125902441 -0.08843900716628822 0.49911000000000005 2.5465782646875845 -0.36214911544938266
35352 11164357 -0.6182014722072873 -0.09163222474144098 0.50292 2.5465782646875845 -0.36214911544938266
35353 11164357 -0.66492376141906 -0.0959851360215668 0.5181600000000001 2.5465782646875845 -0.36214911544938266
35354 11164357 -0.7169610536388618 -0.10572694700450222 0.5181600000000001 2.5465782646875845 -0.36214911544938266
35355 11164357 -0.7743612422116055 -0.11149518611739731 0.52578 2.5465782646875845 -0.36214911544938266
35356 11164357 -0.8306311825657227 -0.1219554552235699 0.5334 2.5465782646875845 -0.36214911544938266
35357 11164357 -0.8827036358927867 -0.13180161574874685 0.54102 2.5465782646875845 -0.36214911544938266
35358 11164357 -0.9440606196266024 -0.13744330715070588 0.54102 2.5465782646875845 -0.36214911544938266
35359 11164357 -1.0011898240661548 -0.14645316070411765 0.54864 2.5465782646875845 -0.36214911544938266
35360 11164357 -1.0599690456924769 -0.15398840983616438 0.54864 2.5465782646875845 -0.36214911544938266
35361 11164357 -1.1052672332642637 -0.16593152997544783 0.55626 2.5465782646875845 -0.36214911544938266
35362 11164357 -1.162121000601046 -0.1740957048343115 0.55626 2.5465782646875845 -0.36214911544938266
35363 11164357 -1.238147950096938 -0.19199618721749148 0.56388 2.5465782646875845 -0.36214911544938266
35364 11164357 -1.2902220381354186 -0.20183939410140264 0.56388 2.5465782646875845 -0.36214911544938266
35365 11164357 -1.3470420736099988 -0.20989655530808785 0.5715 2.5465782646875845 -0.36214911544938266
35366 11164357 -1.3763281478744602 -0.21796141941666555 0.5715 2.5465782646875845 -0.36214911544938266
35367 11164357 -1.4056142221389216 -0.22602628352524326 0.5715 2.5465782646875845 -0.36214911544938266
35368 11164357 -1.4817978815175572 -0.23896629077470924 0.57912 2.5465782646875845 -0.36214911544938266
35369 11164357 -1.5455737643242669 -0.2519911946183542 0.57912 2.5465782646875845 -0.36214911544938266
35370 11164357 -1.5712922353670356 -0.25865185451001504 0.57912 2.5465782646875845 -0.36214911544938266
35371 11164357 -1.673618628757629 -0.2822597851925882 0.59055 2.5465782646875845 -0.36214911544938266
35372 11164357 -1.7150314122477854 -0.29141045724346704 0.592455 2.5465782646875845 -0.36214911544938266
35373 11164357 -1.7564441957379422 -0.30056112929434586 0.59436 2.5465782646875845 -0.36214911544938266
35374 11164357 -1.8285270816350863 -0.3158910009342607 0.6019800000000001 2.5465782646875845 -0.36214911544938266
35375 11164357 -1.8832013914120134 -0.3309558591891676 0.6019800000000001 2.5465782646875845 -0.36214911544938266
35376 11164357 -1.9377378870676634 -0.34559812019739133 0.6096 2.5465782646875845 -0.36214911544938266
35377 11164357 -1.9922920662203767 -0.3602925379996727 0.61341 2.5465782646875845 -0.36214911544938266
35378 11164357 -2.0468462453730902 -0.37498695580195407 0.61722 2.5465782646875845 -0.36214911544938266
35379 11164357 -2.1215335919979914 -0.3996276382988897 0.6248400000000001 2.5465782646875845 -0.36214911544938266
35380 11164357 -2.1531881967175925 -0.4111215289421487 0.6248400000000001 2.5465782646875845 -0.36214911544938266
35381 11164357 -2.19075577434082 -0.4233097942326269 0.62865 2.5465782646875845 -0.36214911544938266
35382 11164357 -2.2283233519640477 -0.43549805952310505 0.63246 2.5465782646875845 -0.36214911544938266
35383 11164357 -2.3090345382617694 -0.4710775299740658 0.6400800000000001 2.5465782646875845 -0.36214911544938266
35384 11164357 -2.3545710999303093 -0.49587665707856876 0.6438900000000001 2.5465782646875845 -0.36214911544938266
35385 11164357 -2.400107661598849 -0.5206757841830717 0.6477 2.5465782646875845 -0.36214911544938266
35386 11164357 -2.4296218312271076 -0.5348554034639827 0.6477 2.5465782646875845 -0.36214911544938266
35387 11164357 -2.5120309502328935 -0.5885141625949218 0.6477 2.5465782646875845 -0.36214911544938266
35388 11164357 -2.5742983985286454 -0.6294833275076493 0.6477 2.5465782646875845 -0.36214911544938266
35389 11164357 -2.6365658468243973 -0.6704524924203769 0.6477 2.5465782646875845 -0.36214911544938266
35390 11164357 -2.6891635585167135 -0.707073152077524 0.6531428571428572 2.5465782646875845 -0.36214911544938266
35391 11164357 -2.7417612702090297 -0.7436938117346711 0.6585857142857143 2.5465782646875845 -0.36214911544938266
35392 11164357 -2.794358981901346 -0.7803144713918182 0.6640285714285715 2.5465782646875845 -0.36214911544938266
35393 11164357 -2.846956693593662 -0.8169351310489654 0.6694714285714286 2.5465782646875845 -0.36214911544938266
35394 11164357 -2.8995544052859783 -0.8535557907061124 0.6749142857142858 2.5465782646875845 -0.36214911544938266
35395 11164357 -2.9521521169782945 -0.8901764503632597 0.6803571428571429 2.5465782646875845 -0.36214911544938266
35396 11164357 -3.0047498286706107 -0.9267971100204068 0.6858000000000001 2.5465782646875845 -0.36214911544938266
35397 11164357 -3.048776840592425 -0.9608801243067352 0.6858000000000001 2.5465782646875845 -0.36214911544938266
35398 11164357 -3.094916401951564 -0.9939502739423256 0.6991350000000001 2.5465782646875845 -0.36214911544938266
35399 11164357 -3.1410559633107025 -1.0270204235779161 0.7124700000000002 2.5465782646875845 -0.36214911544938266
35400 11164357 -3.180557165381206 -1.0594877051837446 0.7162800000000001 2.5465782646875845 -0.36214911544938266
35401 11164357 -3.2178746631030006 -1.0879956632628665 0.7239 2.5465782646875845 -0.36214911544938266
35402 11164357 -3.2551921608247953 -1.1165036213419883 0.73152 2.5465782646875845 -0.36214911544938266
35403 11164357 -3.3033557323779243 -1.1550743088629165 0.73533 2.5465782646875845 -0.36214911544938266
35404 11164357 -3.355167012257859 -1.1980010934916918 0.741045 2.5465782646875845 -0.36214911544938266
35405 11164357 -3.4069782921377936 -1.2409278781204671 0.74676 2.5465782646875845 -0.36214911544938266
35406 11164357 -3.446485404143628 -1.2720487476440485 0.74676 2.5465782646875845 -0.36214911544938266
35407 11164357 -3.491198410016758 -1.3109301775158853 0.74676 2.5465782646875845 -0.36214911544938266
35408 11164357 -3.5496544215145973 -1.3646514775979814 0.75438 2.5465782646875845 -0.36214911544938266
35409 11164357 -3.5786754725117795 -1.390878681634387 0.75438 2.5465782646875845 -0.36214911544938266
35410 11164357 -3.6076965235089613 -1.4171058856707928 0.75438 2.5465782646875845 -0.36214911544938266
35411 11164357 -3.6660226489970675 -1.4622810818806788 0.75438 2.5465782646875845 -0.36214911544938266
