3700 10961435 -3.2874192968751967 2.7198851870165783 1.26111 -2.1835770929012974 -1.359486638167775
3701 10961435 -3.2534262511455267 2.712493692697151 1.26492 -2.1835770929012974 -1.359486638167775
3702 10961435 -3.2198897464928766 2.7064204516745547 1.27254 -2.1835770929012974 -1.359486638167775
3703 10961435 -3.182563518856081 2.6970031997522677 1.2801600000000002 -2.1835770929012974 -1.359486638167775
3704 10961435 -3.148712004285402 2.688840814552041 1.2820650000000002 -2.1835770929012974 -1.359486638167775
3705 10961435 -3.114860489714723 2.6806784293518144 1.28397 -2.1835770929012974 -1.359486638167775
3706 10961435 -3.10149728273125 2.6757188555967515 1.289685 -2.1835770929012974 -1.359486638167775
3707 10961435 -3.088134075747777 2.6707592818416885 1.2954 -2.1835770929012974 -1.359486638167775
3708 10961435 -2.987336659186213 2.647690125474296 1.30302 -2.1835770929012974 -1.359486638167775
3709 10961435 -2.940812742767628 2.632458561076698 1.30302 -2.1835770929012974 -1.359486638167775
3710 10961435 -2.933848919976901 2.627958545648338 1.31064 -2.1835770929012974 -1.359486638167775
3711 10961435 -2.871435219740621 2.6124330731410943 1.31826 -2.1835770929012974 -1.359486638167775
3712 10961435 -2.8553849443431236 2.604491058503559 1.31826 -2.1835770929012974 -1.359486638167775
3713 10961435 -2.783199678109291 2.583547338363472 1.3258800000000002 -2.1835770929012974 -1.359486638167775
3714 10961435 -2.762343941587681 2.5767199936354475 1.3335000000000001 -2.1835770929012974 -1.359486638167775
3715 10961435 -2.741488205066071 2.5698926489074227 1.34112 -2.1835770929012974 -1.359486638167775
3716 10961435 -2.70433418110159 2.559950239228896 1.34112 -2.1835770929012974 -1.359486638167775
3717 10961435 -2.667836524217649 2.548002781508298 1.34112 -2.1835770929012974 -1.359486638167775
3718 10961435 -2.608878639881172 2.5287034420280747 1.34112 -2.1835770929012974 -1.359486638167775
3719 10961435 -2.580803397300154 2.51951346233648 1.34112 -2.1835770929012974 -1.359486638167775
3720 10961435 -2.5520110255638726 2.5093489557689543 1.34366 -2.1835770929012974 -1.359486638167775
3721 10961435 -2.5232186538275907 2.499184449201429 1.3462 -2.1835770929012974 -1.359486638167775
3722 10961435 -2.4944262820913092 2.4890199426339032 1.34874 -2.1835770929012974 -1.359486638167775
3723 10961435 -2.4185424071692383 2.4641822099684343 1.3563600000000002 -2.1835770929012974 -1.359486638167775
3724 10961435 -2.4366635006819157 2.4674259055775285 1.34112 -2.1835770929012974 -1.359486638167775
3725 10961435 -2.3312599212828777 2.43292722374728 1.3563600000000002 -2.1835770929012974 -1.359486638167775
3726 10961435 -2.3218090105997264 2.4276139373290957 1.3716000000000002 -2.1835770929012974 -1.359486638167775
3727 10961435 -2.261920344167083 2.409123262939358 1.36779 -2.1835770929012974 -1.359486638167775
3728 10961435 -2.2271702202632846 2.397195350599596 1.369695 -2.1835770929012974 -1.359486638167775
3729 10961435 -2.192420096359486 2.385267438259834 1.3716000000000002 -2.1835770929012974 -1.359486638167775
3730 10961435 -2.177700349787849 2.380450127991291 1.37541 -2.1835770929012974 -1.359486638167775
3731 10961435 -2.162980603216212 2.375632817722748 1.3792200000000001 -2.1835770929012974 -1.359486638167775
3732 10961435 -2.0842411930507705 2.3421528016486515 1.3716000000000002 -2.1835770929012974 -1.359486638167775
3733 10961435 -2.045335890861687 2.32942103465406 1.3716000000000002 -2.1835770929012974 -1.359486638167775
3734 10961435 -1.9839696525733224 2.3093394064253823 1.38684 -2.1835770929012974 -1.359486638167775
3735 10961435 -1.9622552077528967 2.301065258240013 1.39065 -2.1835770929012974 -1.359486638167775
3736 10961435 -1.9405407629324711 2.2927911100546434 1.39446 -2.1835770929012974 -1.359486638167775
3737 10961435 -1.88831448273525 2.270560157240437 1.4020800000000002 -2.1835770929012974 -1.359486638167775
3738 10961435 -1.8297553640965722 2.251398591386707 1.39446 -2.1835770929012974 -1.359486638167775
3739 10961435 -1.796584479676523 2.2367473426742768 1.4020800000000002 -2.1835770929012974 -1.359486638167775
3740 10961435 -1.7699191005185522 2.2269122594437913 1.4020800000000002 -2.1835770929012974 -1.359486638167775
3741 10961435 -1.7127365542075708 2.2068003490604386 1.40589 -2.1835770929012974 -1.359486638167775
3742 10961435 -1.6555540078965894 2.186688438677086 1.4097 -2.1835770929012974 -1.359486638167775
3743 10961435 -1.6220714038085824 2.1733966682084707 1.4097 -2.1835770929012974 -1.359486638167775
3744 10961435 -1.563881221536892 2.15202144411246 1.4173200000000001 -2.1835770929012974 -1.359486638167775
3745 10961435 -1.5273012293561792 2.1400536570596573 1.4173200000000001 -2.1835770929012974 -1.359486638167775
3746 10961435 -1.5088499136775182 2.1302197340661504 1.4249400000000003 -2.1835770929012974 -1.359486638167775
3747 10961435 -1.4903985979988572 2.1203858110726435 1.4325600000000003 -2.1835770929012974 -1.359486638167775
3748 10961435 -1.450755791994326 2.10963644199445 1.4325600000000003 -2.1835770929012974 -1.359486638167775
3749 10961435 -1.4121041517255677 2.0947715972356833 1.4325600000000003 -2.1835770929012974 -1.359486638167775
3750 10961435 -1.3736595863254257 2.0792736912871743 1.4325600000000003 -2.1835770929012974 -1.359486638167775
3751 10961435 -1.3328325155069563 2.0710586531933397 1.4325600000000003 -2.1835770929012974 -1.359486638167775
3752 10961435 -1.2953646826230105 2.053660776348606 1.4325600000000003 -2.1835770929012974 -1.359486638167775
3753 10961435 -1.253730288873952 2.040041148705637 1.4325600000000003 -2.1835770929012974 -1.359486638167775
3754 10961435 -1.185141661024964 2.017604727046563 1.4478000000000002 -2.1835770929012974 -1.359486638167775
3754 11080625 0.3264749631558723 0.002418988620310175 0.24384 -2.1835770929012974 -1.359486638167775
3755 10961435 -1.1450840057212075 2.003508567774652 1.45161 -2.1835770929012974 -1.359486638167775
3755 11080625 0.3619912009914277 0.006467399001306717 0.25146 -2.1835770929012974 -1.359486638167775
3756 10961435 -1.105026350417451 1.989412408502741 1.4554200000000002 -2.1835770929012974 -1.359486638167775
3756 11080625 0.38507765845866027 0.00441384815276015 0.25146 -2.1835770929012974 -1.359486638167775
3757 11080625 0.4081641159258928 0.002360297304213582 0.25146 -2.1835770929012974 -1.359486638167775
3757 10961435 -1.0584980814458047 1.9741932900806292 1.46304 -2.1835770929012974 -1.359486638167775
3758 10961435 -1.0557705591073858 1.9733011444085937 1.46304 -2.1835770929012974 -1.359486638167775
3758 11080625 0.4382537538965133 0.0033924285144955046 0.25146 -2.1835770929012974 -1.359486638167775
3759 11080625 0.4794903238198 0.005922519450388006 0.25146 -2.1835770929012974 -1.359486638167775
3759 10961435 -1.016044623762344 1.9549327131882241 1.46304 -2.1835770929012974 -1.359486638167775
3760 11080625 0.533039301215932 0.005364075176302496 0.25908000000000003 -2.1835770929012974 -1.359486638167775
3760 10961435 -0.9490678164071733 1.9357133547582646 1.47066 -2.1835770929012974 -1.359486638167775
3761 11080625 0.5643964954841865 0.005067647642221183 0.26035 -2.1835770929012974 -1.359486638167775
3761 10961435 -0.9378285583506476 1.92935001547196 1.46304 -2.1835770929012974 -1.359486638167775
3762 11080625 0.5957536897524408 0.004771220108139869 0.26162 -2.1835770929012974 -1.359486638167775
3762 10961435 -0.8550536620541005 1.9000573483539573 1.47828 -2.1835770929012974 -1.359486638167775
3763 11080625 0.6271108840206953 0.004474792574058556 0.26289 -2.1835770929012974 -1.359486638167775
3763 10961435 -0.8257725610667588 1.8904808648727482 1.47828 -2.1835770929012974 -1.359486638167775
3764 10961435 -0.7964914600794171 1.8809043813915391 1.47828 -2.1835770929012974 -1.359486638167775
3764 11080625 0.6584680782889497 0.004178365039977243 0.26416 -2.1835770929012974 -1.359486638167775
3765 11080625 0.689825272557204 0.003881937505895929 0.26543 -2.1835770929012974 -1.359486638167775
3765 10961435 -0.816538759122037 1.884773582059226 1.4859 -2.1835770929012974 -1.359486638167775
3766 11080625 0.7211824668254585 0.0035855099718146155 0.2667 -2.1835770929012974 -1.359486638167775
3766 10961435 -0.7403357742400252 1.862538980386601 1.49352 -2.1835770929012974 -1.359486638167775
3767 10961435 -0.6976631019940738 1.8436762826877546 1.49352 -2.1835770929012974 -1.359486638167775
3767 11080625 0.763746167405584 0.003634822521453934 0.2708563636363636 -2.1835770929012974 -1.359486638167775
3768 10961435 -0.6599417292724599 1.8259657483893508 1.5011400000000001 -2.1835770929012974 -1.359486638167775
3768 11080625 0.8063098679857095 0.0036841350710932527 0.2750127272727273 -2.1835770929012974 -1.359486638167775
3769 10961435 -0.6213227936818124 1.8109996975640887 1.49352 -2.1835770929012974 -1.359486638167775
3769 11080625 0.848873568565835 0.003733447620732571 0.2791690909090909 -2.1835770929012974 -1.359486638167775
3770 10961435 -0.5447412934695406 1.7882931587351167 1.5011400000000001 -2.1835770929012974 -1.359486638167775
3770 11080625 0.8914372691459604 0.0037827601703718894 0.28332545454545455 -2.1835770929012974 -1.359486638167775
3771 10961435 -0.4964952871202615 1.7701797510695922 1.50876 -2.1835770929012974 -1.359486638167775
3771 11080625 0.9340009697260859 0.003832072720011208 0.28748181818181817 -2.1835770929012974 -1.359486638167775
3772 11080625 0.9765646703062114 0.0038813852696505265 0.29163818181818185 -2.1835770929012974 -1.359486638167775
3772 10961435 -0.4906632181910008 1.7671043014286216 1.50876 -2.1835770929012974 -1.359486638167775
3773 11080625 1.019128370886337 0.003930697819289845 0.2957945454545455 -2.1835770929012974 -1.359486638167775
3773 10961435 -0.4848311492617401 1.764028851787651 1.50876 -2.1835770929012974 -1.359486638167775
3774 11080625 1.0616920714664624 0.003980010368929163 0.2999509090909091 -2.1835770929012974 -1.359486638167775
3774 10961435 -0.3950410841337617 1.7317473241306733 1.51638 -2.1835770929012974 -1.359486638167775
3775 10961435 -0.3860699530042775 1.7265940283816101 1.524 -2.1835770929012974 -1.359486638167775
3775 11080625 1.104255772046588 0.004029322918568482 0.3041072727272727 -2.1835770929012974 -1.359486638167775
3776 11080625 1.1468194726267134 0.0040786354682078 0.3082636363636364 -2.1835770929012974 -1.359486638167775
3776 10961435 -0.33713321904345284 1.7105927222131425 1.524 -2.1835770929012974 -1.359486638167775
3777 11080625 1.189383173206839 0.004127948017847119 0.31242000000000003 -2.1835770929012974 -1.359486638167775
3777 10961435 -0.30491455700466163 1.6923469604371009 1.524 -2.1835770929012974 -1.359486638167775
3778 10961435 -0.2637434297641821 1.6777171484989526 1.524 -2.1835770929012974 -1.359486638167775
3778 11080625 1.2381724860907473 0.0039611650429778045 0.32385 -2.1835770929012974 -1.359486638167775
3779 10961435 -0.22257230252370253 1.6630873365608043 1.524 -2.1835770929012974 -1.359486638167775
3779 11080625 1.2869617989746556 0.00379438206810849 0.33528 -2.1835770929012974 -1.359486638167775
3780 11080625 1.3185929043465348 0.0016686551731590997 0.34099500000000005 -2.1835770929012974 -1.359486638167775
3780 10961435 -0.18125649765968932 1.6495789746218998 1.524 -2.1835770929012974 -1.359486638167775
3781 11080625 1.350224009718414 -0.0004570717217902906 0.3467100000000001 -2.1835770929012974 -1.359486638167775
3781 10961435 -0.1410879153409682 1.6352777444432438 1.5278100000000001 -2.1835770929012974 -1.359486638167775
3782 11080625 1.4064817334494693 -0.002770493969899507 0.35814000000000007 -2.1835770929012974 -1.359486638167775
3782 10961435 -0.10091933302224709 1.620976514264588 1.5316200000000002 -2.1835770929012974 -1.359486638167775
3783 11080625 1.4263828993013896 -0.0009766274816725429 0.36195 -2.1835770929012974 -1.359486638167775
3783 10961435 -0.05198626844520082 1.6008894464564123 1.5278100000000001 -2.1835770929012974 -1.359486638167775
3784 11080625 1.4462840651533102 0.0008172390065544211 0.36576 -2.1835770929012974 -1.359486638167775
3784 10961435 -0.008998704906987287 1.5850248956729334 1.525905 -2.1835770929012974 -1.359486638167775
3785 10961435 0.03398885863122625 1.5691603448894544 1.524 -2.1835770929012974 -1.359486638167775
3785 11080625 1.4850957729263137 -0.0013460872872210622 0.37338 -2.1835770929012974 -1.359486638167775
3786 11080625 1.5178891604187095 -0.0015434366063924315 0.381 -2.1835770929012974 -1.359486638167775
3786 10961435 0.07669837197371754 1.5504078933624574 1.524 -2.1835770929012974 -1.359486638167775
3787 10961435 0.12645586984883328 1.5287675845246498 1.524 -2.1835770929012974 -1.359486638167775
3787 11080625 1.5513250824830394 -0.001132754069128522 0.38862 -2.1835770929012974 -1.359486638167775
3788 10961435 0.17635157962933257 1.5075498402108858 1.524 -2.1835770929012974 -1.359486638167775
3788 11080625 1.5846230437767024 -0.0011441601749862945 0.38862 -2.1835770929012974 -1.359486638167775
3789 11080625 1.6155700852746782 -0.0015557992115474706 0.39624000000000004 -2.1835770929012974 -1.359486638167775
3789 10961435 0.21720683079897007 1.491273858591061 1.524 -2.1835770929012974 -1.359486638167775
3790 11080625 1.6547984018537942 0.0016363374940595588 0.40386 -2.1835770929012974 -1.359486638167775
3790 10961435 0.2936555061892354 1.4589238554342077 1.5316200000000002 -2.1835770929012974 -1.359486638167775
3791 11080625 1.698440035462561 0.0033872395080783158 0.41910000000000003 -2.1835770929012974 -1.359486638167775
3791 10961435 0.3311165971334846 1.4417719664056214 1.5316200000000002 -2.1835770929012974 -1.359486638167775
3792 11080625 1.7138523089564202 0.005713315764368371 0.41910000000000003 -2.1835770929012974 -1.359486638167775
3792 10961435 0.39585517654591307 1.4157043987637368 1.53924 -2.1835770929012974 -1.359486638167775
3793 11080625 1.7644179545472378 0.005553633167230593 0.42672000000000004 -2.1835770929012974 -1.359486638167775
3793 10961435 0.42044127596439734 1.4039881575562279 1.53924 -2.1835770929012974 -1.359486638167775
3794 10961435 0.4450273753828816 1.392271916348719 1.53924 -2.1835770929012974 -1.359486638167775
3794 11080625 1.7804132515009397 0.005586620656655439 0.42672000000000004 -2.1835770929012974 -1.359486638167775
3795 10961435 0.51443095819832 1.3644472063682922 1.53924 -2.1835770929012974 -1.359486638167775
3795 11080625 1.82569398168196 0.006919721625579023 0.44196 -2.1835770929012974 -1.359486638167775
3796 11080625 1.8443613487817971 0.007657288271166171 0.44196 -2.1835770929012974 -1.359486638167775
3796 10961435 0.5720300493260257 1.3407149900312936 1.53924 -2.1835770929012974 -1.359486638167775
3797 11080625 1.8630287158816343 0.00839485491675332 0.44196 -2.1835770929012974 -1.359486638167775
3797 10961435 0.6011562445530978 1.3286255704613563 1.54305 -2.1835770929012974 -1.359486638167775
3798 10961435 0.6302824397801698 1.316536150891419 1.5468600000000001 -2.1835770929012974 -1.359486638167775
3798 11080625 1.8750902282015767 0.007259490625169618 0.44196 -2.1835770929012974 -1.359486638167775
3799 11080625 1.918320681517795 0.011832778401918875 0.44958000000000004 -2.1835770929012974 -1.359486638167775
3799 10961435 0.7119917328548342 1.279901942967933 1.53924 -2.1835770929012974 -1.359486638167775
3800 10961435 0.7491823574841713 1.2632793133428586 1.54305 -2.1835770929012974 -1.359486638167775
3800 11080625 1.9487942018204736 0.007254704503943471 0.45720000000000005 -2.1835770929012974 -1.359486638167775
3801 11080625 1.9753494115059043 0.00699370622625034 0.45720000000000005 -2.1835770929012974 -1.359486638167775
3801 10961435 0.7863729821135084 1.246656683717784 1.5468600000000001 -2.1835770929012974 -1.359486638167775
3802 11080625 2.00321341507307 0.009109100076637094 0.46482000000000007 -2.1835770929012974 -1.359486638167775
3802 10961435 0.8222354256755395 1.228686774516494 1.55448 -2.1835770929012974 -1.359486638167775
3803 11080625 2.0513225278198757 0.0057815822628494995 0.46482000000000007 -2.1835770929012974 -1.359486638167775
3803 10961435 0.8869592255492549 1.2025712409701292 1.5506700000000002 -2.1835770929012974 -1.359486638167775
3804 11080625 2.07936952233546 0.007370203778830214 0.47243999999999997 -2.1835770929012974 -1.359486638167775
3804 10961435 0.9516830254229702 1.1764557074237645 1.5468600000000001 -2.1835770929012974 -1.359486638167775
3805 11080625 2.1001447724578695 0.005726120281949271 0.47243999999999997 -2.1835770929012974 -1.359486638167775
3805 10961435 0.9870368659008455 1.1596460520547511 1.5468600000000001 -2.1835770929012974 -1.359486638167775
3806 11080625 2.142670041750443 0.002703925311911576 0.47243999999999997 -2.1835770929012974 -1.359486638167775
3806 10961435 1.044156597839687 1.1360749947798665 1.5468600000000001 -2.1835770929012974 -1.359486638167775
3807 10961435 1.0571150320755092 1.1268172164074701 1.55448 -2.1835770929012974 -1.359486638167775
3807 11080625 2.1795465627848007 0.0054983933469053 0.48006 -2.1835770929012974 -1.359486638167775
3808 11080625 2.212691716939688 0.001217221589365186 0.48006 -2.1835770929012974 -1.359486638167775
3808 10961435 1.1053661312859644 1.1087147874873786 1.55448 -2.1835770929012974 -1.359486638167775
3809 10961435 1.151210431803308 1.0913991210030103 1.55448 -2.1835770929012974 -1.359486638167775
3809 11080625 2.242003168403671 0.007767252732363422 0.48768 -2.1835770929012974 -1.359486638167775
3810 11080625 2.2758765705724295 0.012243685257239928 0.48768 -2.1835770929012974 -1.359486638167775
3810 10961435 1.1955028609466938 1.0693336255532597 1.55448 -2.1835770929012974 -1.359486638167775
3811 11080625 2.293788014102816 0.014747793538355702 0.49149 -2.1835770929012974 -1.359486638167775
3811 10961435 1.294910511562385 1.024354719592724 1.55448 -2.1835770929012974 -1.359486638167775
3812 11080625 2.3116994576332024 0.017251901819471477 0.4953 -2.1835770929012974 -1.359486638167775
3812 10961435 1.2896954277428698 1.026058551263866 1.55448 -2.1835770929012974 -1.359486638167775
3813 10961435 1.3343161426165502 1.0049968782793237 1.55448 -2.1835770929012974 -1.359486638167775
3813 11080625 2.3541319778887053 0.030265411791866453 0.4953 -2.1835770929012974 -1.359486638167775
3814 11080625 2.3873939730410823 0.04674065996665497 0.50292 -2.1835770929012974 -1.359486638167775
3814 10961435 1.3789368574902305 0.9839352052947816 1.55448 -2.1835770929012974 -1.359486638167775
3815 11080625 2.4151648281981215 0.06489208946991895 0.50292 -2.1835770929012974 -1.359486638167775
3815 10961435 1.42915828803467 0.9626214889549762 1.55448 -2.1835770929012974 -1.359486638167775
3816 10961435 1.4700342363318204 0.9393377091724764 1.5621 -2.1835770929012974 -1.359486638167775
3816 11080625 2.4448075760746413 0.0876892578736688 0.50292 -2.1835770929012974 -1.359486638167775
3817 10961435 1.5472834204517407 0.9094291880942902 1.5621 -2.1835770929012974 -1.359486638167775
3817 11080625 2.469635627135613 0.11205850029959294 0.51054 -2.1835770929012974 -1.359486638167775
3818 10961435 1.5610289526902195 0.8944247089873238 1.55448 -2.1835770929012974 -1.359486638167775
3818 11080625 2.4960931949420524 0.1386993977411631 0.51054 -2.1835770929012974 -1.359486638167775
3819 10961435 1.6236112183141937 0.8739814149611982 1.55829 -2.1835770929012974 -1.359486638167775
3819 11080625 2.5185342930044463 0.17751586204228095 0.51054 -2.1835770929012974 -1.359486638167775
3820 10961435 1.6815017195140167 0.8500481043139274 1.5640049999999999 -2.1835770929012974 -1.359486638167775
3820 11080625 2.538961099583199 0.20472402369989492 0.5181600000000001 -2.1835770929012974 -1.359486638167775
3821 10961435 1.7393922207138397 0.8261147936666567 1.56972 -2.1835770929012974 -1.359486638167775
3821 11080625 2.5643522396182235 0.2661747432284488 0.5181600000000001 -2.1835770929012974 -1.359486638167775
3822 11080625 2.5789882131008364 0.30964232826556015 0.52578 -2.1835770929012974 -1.359486638167775
3822 10961435 1.7426891450663458 0.8198976422873049 1.5849600000000001 -2.1835770929012974 -1.359486638167775
3823 10961435 1.7869355875111355 0.8017654154710281 1.5849600000000001 -2.1835770929012974 -1.359486638167775
3823 11080625 2.5883976378195754 0.33846172801548446 0.52578 -2.1835770929012974 -1.359486638167775
3824 10961435 1.831182029955925 0.7836331886547513 1.5849600000000001 -2.1835770929012974 -1.359486638167775
3824 11080625 2.595636949785325 0.41366585050895643 0.5334 -2.1835770929012974 -1.359486638167775
3825 11080625 2.60021837179576 0.45761259514871444 0.5334 -2.1835770929012974 -1.359486638167775
3825 10961435 1.9173373664002125 0.7483671408344644 1.56972 -2.1835770929012974 -1.359486638167775
3826 11080625 2.599680989756357 0.5103566179350504 0.54102 -2.1835770929012974 -1.359486638167775
3826 10961435 1.9479207969784142 0.7339391682599498 1.5735299999999999 -2.1835770929012974 -1.359486638167775
3827 11080625 2.596853000143085 0.5411272627866652 0.54102 -2.1835770929012974 -1.359486638167775
3827 10961435 1.9785042275566163 0.7195111956854351 1.57734 -2.1835770929012974 -1.359486638167775
3828 10961435 2.0202989016081045 0.7027071068146877 1.5735299999999999 -2.1835770929012974 -1.359486638167775
3828 11080625 2.5940250105298124 0.5718979076382802 0.54102 -2.1835770929012974 -1.359486638167775
3829 10961435 2.062093575659593 0.6859030179439405 1.56972 -2.1835770929012974 -1.359486638167775
3829 11080625 2.5899283521571412 0.6164586279618186 0.54102 -2.1835770929012974 -1.359486638167775
3830 10961435 2.099823372679639 0.668207262202973 1.55448 -2.1835770929012974 -1.359486638167775
3830 11080625 2.5830762313474427 0.6716151003353055 0.54102 -2.1835770929012974 -1.359486638167775
3831 10961435 2.1980503661755844 0.6291196832980414 1.56972 -2.1835770929012974 -1.359486638167775
3831 11080625 2.5771550942502017 0.7296218039002931 0.54102 -2.1835770929012974 -1.359486638167775
3832 11080625 2.5715042727760182 0.780297506352552 0.54864 -2.1835770929012974 -1.359486638167775
3832 10961435 2.230791690243791 0.6170842360201778 1.56972 -2.1835770929012974 -1.359486638167775
3833 11080625 2.5658881917663363 0.8310787518758548 0.54864 -2.1835770929012974 -1.359486638167775
3833 10961435 2.2635330143119976 0.6050487887423144 1.56972 -2.1835770929012974 -1.359486638167775
3834 11080625 2.5614912841883086 0.8869525100498629 0.54864 -2.1835770929012974 -1.359486638167775
3834 10961435 2.2840700972440136 0.5934358680598854 1.5849600000000001 -2.1835770929012974 -1.359486638167775
3835 10961435 2.3282004819471886 0.5790251874890572 1.5849600000000001 -2.1835770929012974 -1.359486638167775
3835 11080625 2.549625224315749 0.9661760362894807 0.55626 -2.1835770929012974 -1.359486638167775
3836 10961435 2.4174209068924215 0.5449849468490765 1.56972 -2.1835770929012974 -1.359486638167775
3836 11080625 2.5450347557996764 1.0228141062166787 0.55626 -2.1835770929012974 -1.359486638167775
3837 10961435 2.419828033026735 0.5441989481975831 1.56972 -2.1835770929012974 -1.359486638167775
3837 11080625 2.5412283762820156 1.0538462110613689 0.5600700000000001 -2.1835770929012974 -1.359486638167775
3838 10961435 2.5193324196855977 0.5090217402133893 1.56972 -2.1835770929012974 -1.359486638167775
3838 11080625 2.5374219967643548 1.0848783159060593 0.56388 -2.1835770929012974 -1.359486638167775
3839 10961435 2.513725367478667 0.5081656748962958 1.5849600000000001 -2.1835770929012974 -1.359486638167775
3839 11080625 2.5273490951978195 1.1372321210620668 0.56388 -2.1835770929012974 -1.359486638167775
3840 10961435 2.5369943989736345 0.5005680792579585 1.58115 -2.1835770929012974 -1.359486638167775
3840 11080625 2.522809666715589 1.1994611614051374 0.5715 -2.1835770929012974 -1.359486638167775
3841 11080625 2.5189980596848276 1.238088459969082 0.5715 -2.1835770929012974 -1.359486638167775
3841 10961435 2.560263430468602 0.49297048361962115 1.5773400000000002 -2.1835770929012974 -1.359486638167775
3842 11080625 2.5069014979673483 1.2964771069753367 0.5715 -2.1835770929012974 -1.359486638167775
3842 10961435 2.6051871899482757 0.480989540355075 1.5773400000000002 -2.1835770929012974 -1.359486638167775
3843 11080625 2.5037691998148794 1.323317400534335 0.5715 -2.1835770929012974 -1.359486638167775
3843 10961435 2.6502778408732017 0.4613611948961228 1.5773400000000002 -2.1835770929012974 -1.359486638167775
3844 10961435 2.7440095226547054 0.43297868254116323 1.5849600000000001 -2.1835770929012974 -1.359486638167775
3844 11080625 2.4937936329752954 1.4259897527254368 0.57912 -2.1835770929012974 -1.359486638167775
3845 10961435 2.789893259622845 0.4157792528116677 1.5849600000000001 -2.1835770929012974 -1.359486638167775
3845 11080625 2.487183795698777 1.4730368817742643 0.58293 -2.1835770929012974 -1.359486638167775
3846 11080625 2.480573958422258 1.520084010823092 0.58674 -2.1835770929012974 -1.359486638167775
3846 10961435 2.8364319334590977 0.4005858875347509 1.56972 -2.1835770929012974 -1.359486638167775
3847 11080625 2.475289019756575 1.552972049727971 0.59055 -2.1835770929012974 -1.359486638167775
3847 10961435 2.894365551081734 0.3828997817563351 1.5659100000000001 -2.1835770929012974 -1.359486638167775
3848 11080625 2.4700040810908916 1.5858600886328504 0.59436 -2.1835770929012974 -1.359486638167775
3848 10961435 2.9522991687043705 0.3652136759779193 1.5621 -2.1835770929012974 -1.359486638167775
3849 11080625 2.457931278915911 1.671227490627644 0.59436 -2.1835770929012974 -1.359486638167775
3849 10961435 3.000203059599181 0.3508025700796392 1.5621 -2.1835770929012974 -1.359486638167775
3850 10961435 3.0481069504939917 0.3363914641813591 1.5621 -2.1835770929012974 -1.359486638167775
3850 11080625 2.448937410941646 1.7208934513729235 0.6019800000000001 -2.1835770929012974 -1.359486638167775
3851 11080625 2.4410624659101434 1.7715375690319743 0.60579 -2.1835770929012974 -1.359486638167775
3851 10961435 3.075388537570311 0.3274859721805533 1.55448 -2.1835770929012974 -1.359486638167775
3852 10961435 3.146792422713852 0.30686502103607927 1.5621 -2.1835770929012974 -1.359486638167775
3852 11080625 2.433187520878641 1.8221816866910254 0.6096 -2.1835770929012974 -1.359486638167775
3853 10961435 3.1939176087791425 0.2934686773120847 1.5621 -2.1835770929012974 -1.359486638167775
3853 11080625 2.428172517500565 1.8720671284683108 0.61722 -2.1835770929012974 -1.359486638167775
3854 10961435 3.241318532844156 0.2809171975969421 1.5621 -2.1835770929012974 -1.359486638167775
3854 11080625 2.414328221768346 1.946565211304068 0.61722 -2.1835770929012974 -1.359486638167775
3855 11080625 2.4055932957316117 2.002455476129219 0.6248400000000001 -2.1835770929012974 -1.359486638167775
3855 10961435 3.2647459096132208 0.26836427793264506 1.55448 -2.1835770929012974 -1.359486638167775
3856 10961435 3.3151399593329387 0.25682225438977124 1.55448 -2.1835770929012974 -1.359486638167775
3856 11080625 2.3970998092101836 2.044949184730677 0.63246 -2.1835770929012974 -1.359486638167775
3857 11080625 2.3902508061715046 2.0727703105246036 0.63246 -2.1835770929012974 -1.359486638167775
3857 10961435 3.3640869140455365 0.2408466862980013 1.55448 -2.1835770929012974 -1.359486638167775
3858 10961435 3.455280827327514 0.22101256125923838 1.55448 -2.1835770929012974 -1.359486638167775
3858 11080625 2.383401803132826 2.1005914363185307 0.63246 -2.1835770929012974 -1.359486638167775
3859 11080625 2.3686781320687578 2.162877265318674 0.6400800000000001 -2.1835770929012974 -1.359486638167775
3859 10961435 3.4800989668157682 0.21408096290550424 1.55448 -2.1835770929012974 -1.359486638167775
3860 10961435 3.5049171063040223 0.2071493645517701 1.55448 -2.1835770929012974 -1.359486638167775
3860 11080625 2.3627424447131045 2.2197228459516656 0.6400800000000001 -2.1835770929012974 -1.359486638167775
3861 11080625 2.350906263792001 2.2661124426208685 0.6477 -2.1835770929012974 -1.359486638167775
3861 10961435 3.5842378668318737 0.18494243215559844 1.55448 -2.1835770929012974 -1.359486638167775
3862 11080625 2.3421242424053883 2.318046694541008 0.6477 -2.1835770929012974 -1.359486638167775
3862 10961435 3.6302954470004263 0.1730367102669821 1.55448 -2.1835770929012974 -1.359486638167775
3863 11080625 2.331738205932631 2.3705049495307007 0.6477 -2.1835770929012974 -1.359486638167775
3863 10961435 3.676353027168979 0.16113098837836579 1.55448 -2.1835770929012974 -1.359486638167775
3864 10961435 3.7237546481411847 0.1485827567775939 1.55448 -2.1835770929012974 -1.359486638167775
3864 11080625 2.321753504742743 2.4095143025396637 0.65532 -2.1835770929012974 -1.359486638167775
3865 11080625 2.3116424935372057 2.461181965024968 0.65532 -2.1835770929012974 -1.359486638167775
3865 10961435 3.7810143629266877 0.1322339285395032 1.55448 -2.1835770929012974 -1.359486638167775
3866 10961435 3.812051550549979 0.12327423498047033 1.55448 -2.1835770929012974 -1.359486638167775
3866 11080625 2.294952740890056 2.51336305639589 0.6629400000000001 -2.1835770929012974 -1.359486638167775
3867 11080625 2.287827399783521 2.5703641987173587 0.6629400000000001 -2.1835770929012974 -1.359486638167775
3867 10961435 3.84308873817327 0.11431454142143746 1.55448 -2.1835770929012974 -1.359486638167775
3868 11080625 2.275581054196649 2.6171221001471543 0.6629400000000001 -2.1835770929012974 -1.359486638167775
3868 10961435 3.890421710876833 0.1015562890342818 1.55448 -2.1835770929012974 -1.359486638167775
3869 10961435 3.937754751884934 0.08879835486454943 1.55448 -2.1835770929012974 -1.359486638167775
3869 11080625 2.2657232966774608 2.6684737970901655 0.67056 -2.1835770929012974 -1.359486638167775
3870 11080625 2.2592083026812406 2.6955439892042103 0.67056 -2.1835770929012974 -1.359486638167775
3870 10961435 3.98254278810829 0.07640391365326524 1.55448 -2.1835770929012974 -1.359486638167775
3871 10961435 4.032206759754729 0.06466766790430675 1.55448 -2.1835770929012974 -1.359486638167775
3871 11080625 2.2526933086850205 2.722614181318255 0.67056 -2.1835770929012974 -1.359486638167775
3872 11080625 2.2351801202931783 2.774714423290717 0.67056 -2.1835770929012974 -1.359486638167775
3872 10961435 4.081870731401168 0.05293142215534827 1.55448 -2.1835770929012974 -1.359486638167775
3873 11080625 2.2183464229753787 2.854981346742787 0.6781800000000001 -2.1835770929012974 -1.359486638167775
3873 10961435 4.103533850123911 0.046535114907271885 1.55448 -2.1835770929012974 -1.359486638167775
3874 10961435 4.125196968846655 0.0401388076591955 1.55448 -2.1835770929012974 -1.359486638167775
3874 11080625 2.2061363779654153 2.901844805921695 0.6781800000000001 -2.1835770929012974 -1.359486638167775
3875 11080625 2.1963149912495137 2.953302021259269 0.6781800000000001 -2.1835770929012974 -1.359486638167775
3875 10961435 4.17318477098518 0.02938834001542176 1.55448 -2.1835770929012974 -1.359486638167775
3876 10961435 4.291549584796311 0.0030371730024777166 1.55448 -2.1835770929012974 -1.359486638167775
3876 11080625 2.1795164677627064 3.007856384301852 0.6858000000000001 -2.1835770929012974 -1.359486638167775
3877 10961435 4.31361661672216 -0.0041619084516477944 1.55448 -2.1835770929012974 -1.359486638167775
3877 11080625 2.167113270727632 3.0554842196330125 0.6858000000000001 -2.1835770929012974 -1.359486638167775
3878 11080625 2.157160052783226 3.099741616373194 0.69342 -2.1835770929012974 -1.359486638167775
3878 10961435 4.337627827097967 -0.009483713458874748 1.55448 -2.1835770929012974 -1.359486638167775
3879 11080625 2.1441917273314006 3.155147955249581 0.69342 -2.1835770929012974 -1.359486638167775
3879 10961435 4.361639037473775 -0.014805518466101703 1.55448 -2.1835770929012974 -1.359486638167775
3880 10961435 4.455230871153383 -0.035174703556852954 1.55448 -2.1835770929012974 -1.359486638167775
3880 11080625 2.132087062886242 3.202328091876461 0.69342 -2.1835770929012974 -1.359486638167775
3881 11080625 2.116092547061573 3.2566204505456935 0.7010400000000001 -2.1835770929012974 -1.359486638167775
3881 10961435 4.499733003019938 -0.04735557357682399 1.55448 -2.1835770929012974 -1.359486638167775
3882 10961435 4.603470329581774 -0.07091541208914212 1.55448 -2.1835770929012974 -1.359486638167775
3882 11080625 2.0977593226669584 3.333640406495189 0.7010400000000001 -2.1835770929012974 -1.359486638167775
3883 11080625 2.084561075166084 3.3747527405786215 0.7086600000000001 -2.1835770929012974 -1.359486638167775
3883 10961435 4.599658713917064 -0.0696720952517956 1.55448 -2.1835770929012974 -1.359486638167775
3884 11080625 2.0743776945906345 3.4101487204148198 0.7086600000000001 -2.1835770929012974 -1.359486638167775
3884 10961435 4.595847098252353 -0.06842877841444908 1.55448 -2.1835770929012974 -1.359486638167775
3885 10961435 4.70954113182442 -0.09412502438293704 1.55448 -2.1835770929012974 -1.359486638167775
3885 11080625 2.064194314015185 3.4455447002510176 0.7086600000000001 -2.1835770929012974 -1.359486638167775
3886 10961435 4.7879380163699246 -0.11099355821804704 1.55448 -2.1835770929012974 -1.359486638167775
3886 11080625 2.050776224105937 3.495491133649289 0.7162800000000001 -2.1835770929012974 -1.359486638167775
3887 10961435 4.8091977344347825 -0.11658433574742802 1.55448 -2.1835770929012974 -1.359486638167775
3887 11080625 2.0399627178385105 3.5479746941726695 0.7162800000000001 -2.1835770929012974 -1.359486638167775
3888 10961435 4.83045745249964 -0.122175113276809 1.55448 -2.1835770929012974 -1.359486638167775
3888 11080625 2.0279985715626427 3.595577074145339 0.7162800000000001 -2.1835770929012974 -1.359486638167775
3889 11080625 2.0184583393469486 3.6370135242202237 0.7239000000000001 -2.1835770929012974 -1.359486638167775
3889 10961435 4.878445896286779 -0.1329207763025391 1.55448 -2.1835770929012974 -1.359486638167775
3890 11080625 2.0030967399893207 3.6905160855154313 0.7239000000000001 -2.1835770929012974 -1.359486638167775
3890 10961435 4.92639994886803 -0.14377168907475993 1.55448 -2.1835770929012974 -1.359486638167775
3891 11080625 1.9911680134247645 3.738224023659969 0.73152 -2.1835770929012974 -1.359486638167775
3891 10961435 4.993654102099947 -0.15805485173249065 1.55448 -2.1835770929012974 -1.359486638167775
3892 11080625 1.9844846328720527 3.7818816276506086 0.73152 -2.1835770929012974 -1.359486638167775
3892 10961435 5.026060312338128 -0.16485640509215377 1.55448 -2.1835770929012974 -1.359486638167775
3893 10961435 5.058466522576308 -0.1716579584518169 1.55448 -2.1835770929012974 -1.359486638167775
3893 11080625 1.9682611401276828 3.854475479876873 0.73914 -2.1835770929012974 -1.359486638167775
3894 10961435 5.1048052481374935 -0.179294283446968 1.55448 -2.1835770929012974 -1.359486638167775
3894 11080625 1.957176941631301 3.8977019741861887 0.73914 -2.1835770929012974 -1.359486638167775
3895 10961435 5.195681282695945 -0.19900119813008801 1.55448 -2.1835770929012974 -1.359486638167775
3895 11080625 1.9455170137738644 3.93807913800331 0.74676 -2.1835770929012974 -1.359486638167775
3896 10961435 5.219675647506664 -0.20437278577599974 1.55448 -2.1835770929012974 -1.359486638167775
3896 11080625 1.9351766834770057 3.9797776208370617 0.74676 -2.1835770929012974 -1.359486638167775
3897 10961435 5.243670012317382 -0.20974437342191146 1.55448 -2.1835770929012974 -1.359486638167775
3897 11080625 1.9283787939301693 4.016696985835441 0.75057 -2.1835770929012974 -1.359486638167775
3898 10961435 5.290754823742358 -0.21481943263190875 1.55448 -2.1835770929012974 -1.359486638167775
3898 11080625 1.921580904383333 4.053616350833821 0.75438 -2.1835770929012974 -1.359486638167775
3899 11080625 1.911366197211185 4.105204427262255 0.75438 -2.1835770929012974 -1.359486638167775
3899 10961435 5.343974920952977 -0.2240846527229118 1.55448 -2.1835770929012974 -1.359486638167775
3900 10961435 5.397195018163597 -0.23334987281391487 1.55448 -2.1835770929012974 -1.359486638167775
3900 11080625 1.9002549998342715 4.154047996037971 0.75438 -2.1835770929012974 -1.359486638167775
3901 10961435 5.437226449950361 -0.23691239032719616 1.55448 -2.1835770929012974 -1.359486638167775
3901 11080625 1.8860570468570177 4.209741792263113 0.762 -2.1835770929012974 -1.359486638167775
3902 10961435 5.477257881737126 -0.24047490784047745 1.55448 -2.1835770929012974 -1.359486638167775
3902 11080625 1.8790338670569893 4.254796281319093 0.762 -2.1835770929012974 -1.359486638167775
3903 10961435 5.55156898839571 -0.2548927861754008 1.55448 -2.1835770929012974 -1.359486638167775
3903 11080625 1.8670096116586676 4.306275100867633 0.762 -2.1835770929012974 -1.359486638167775
3904 11080625 1.8526447201441187 4.365528692918029 0.76962 -2.1835770929012974 -1.359486638167775
3904 10961435 5.606610190601221 -0.2603406678293375 1.55448 -2.1835770929012974 -1.359486638167775
3905 10961435 5.645371351130619 -0.26561963764050545 1.55448 -2.1835770929012974 -1.359486638167775
3905 11080625 1.8467902224899815 4.388354371003045 0.76962 -2.1835770929012974 -1.359486638167775
3906 11080625 1.834418545667832 4.467285186297862 0.76962 -2.1835770929012974 -1.359486638167775
3906 10961435 5.669630852652189 -0.26582002253117787 1.55448 -2.1835770929012974 -1.359486638167775
3907 10961435 5.721472856386917 -0.27291046512196526 1.5468600000000001 -2.1835770929012974 -1.359486638167775
3907 11080625 1.8278062466343352 4.509518706802953 0.77724 -2.1835770929012974 -1.359486638167775
3908 10961435 5.71218533777498 -0.27689067502174713 1.55448 -2.1835770929012974 -1.359486638167775
3908 11080625 1.813891360270495 4.570144500341197 0.77724 -2.1835770929012974 -1.359486638167775
3909 10961435 5.846368228675429 -0.28057301832153925 1.5468600000000001 -2.1835770929012974 -1.359486638167775
3909 11080625 1.8045554271419588 4.625769102640885 0.77724 -2.1835770929012974 -1.359486638167775
3910 10961435 5.846351876558749 -0.2804126471370766 1.5467906188647036 -2.1835770929012974 -1.359486638167775
3910 11080625 1.7968302195433625 4.660860234444376 0.78105 -2.1835770929012974 -1.359486638167775
3911 11080625 1.789105011944766 4.6959513662478685 0.78486 -2.1835770929012974 -1.359486638167775
3911 10961435 5.84633552444207 -0.2802522759526139 1.5467212377294068 -2.1835770929012974 -1.359486638167775
3912 11080625 1.7809821512919233 4.744082335953313 0.78867 -2.1835770929012974 -1.359486638167775
3912 10961435 5.846319172325391 -0.2800919047681512 1.5466518565941103 -2.1835770929012974 -1.359486638167775
3913 10961435 5.846302820208711 -0.27993153358368855 1.5465824754588136 -2.1835770929012974 -1.359486638167775
3913 11080625 1.7728592906390808 4.792213305658757 0.7924800000000001 -2.1835770929012974 -1.359486638167775
3914 11080625 1.7627640394455037 4.843880578414773 0.7924800000000001 -2.1835770929012974 -1.359486638167775
3914 10961435 5.846286468092032 -0.2797711623992259 1.546513094323517 -2.1835770929012974 -1.359486638167775
3915 11080625 1.7532845393887855 4.892542761226404 0.8001 -2.1835770929012974 -1.359486638167775
3915 10961435 5.8462701159753525 -0.27961079121476323 1.5464437131882203 -2.1835770929012974 -1.359486638167775
3916 11080625 1.7490614517545597 4.917639673261382 0.8001 -2.1835770929012974 -1.359486638167775
3916 10961435 5.846253763858673 -0.2794504200303005 1.5463743320529237 -2.1835770929012974 -1.359486638167775
3917 11080625 1.7415059480113735 4.99499778646866 0.8001 -2.1835770929012974 -1.359486638167775
3917 10961435 5.846237411741994 -0.27929004884583786 1.5463049509176272 -2.1835770929012974 -1.359486638167775
3918 11080625 1.7408683032955339 4.9948594867634375 0.800054363449692 -2.1835770929012974 -1.359486638167775
3918 10961435 5.846221059625314 -0.2791296776613752 1.5462355697823305 -2.1835770929012974 -1.359486638167775
3919 10961435 5.846204707508636 -0.27896930647691254 1.546166188647034 -2.1835770929012974 -1.359486638167775
3919 11080625 1.740230658579694 4.994721187058216 0.8000087268993841 -2.1835770929012974 -1.359486638167775
3920 11080625 1.7395930138638545 4.994582887352994 0.799963090349076 -2.1835770929012974 -1.359486638167775
3920 10961435 5.8461883553919565 -0.2788089352924498 1.5460968075117372 -2.1835770929012974 -1.359486638167775
3921 11080625 1.7389553691480146 4.994444587647773 0.799917453798768 -2.1835770929012974 -1.359486638167775
3921 10961435 5.846172003275277 -0.27864856410798716 1.5460274263764406 -2.1835770929012974 -1.359486638167775
3922 10961435 5.846155651158598 -0.2784881929235245 1.5459580452411439 -2.1835770929012974 -1.359486638167775
3922 11080625 1.738317724432175 4.994306287942551 0.79987181724846 -2.1835770929012974 -1.359486638167775
3923 10961435 5.846139299041918 -0.27832782173906184 1.5458886641058474 -2.1835770929012974 -1.359486638167775
3923 11080625 1.7376800797163354 4.994167988237329 0.799826180698152 -2.1835770929012974 -1.359486638167775
3924 11080625 1.7370424350004956 4.994029688532107 0.7997805441478439 -2.1835770929012974 -1.359486638167775
3924 10961435 5.846122946925239 -0.2781674505545991 1.5458192829705506 -2.1835770929012974 -1.359486638167775
3925 11080625 1.736404790284656 4.993891388826886 0.799734907597536 -2.1835770929012974 -1.359486638167775
3925 10961435 5.8461065948085595 -0.27800707937013647 1.545749901835254 -2.1835770929012974 -1.359486638167775
3926 10961435 5.84609024269188 -0.2778467081856738 1.5456805206999575 -2.1835770929012974 -1.359486638167775
3926 11080625 1.7357671455688164 4.993753089121664 0.799689271047228 -2.1835770929012974 -1.359486638167775
3927 10961435 5.846073890575201 -0.27768633700121115 1.5456111395646608 -2.1835770929012974 -1.359486638167775
3927 11080625 1.7351295008529766 4.993614789416442 0.79964363449692 -2.1835770929012974 -1.359486638167775
3928 10961435 5.846057538458521 -0.2775259658167485 1.5455417584293643 -2.1835770929012974 -1.359486638167775
3928 11080625 1.734491856137137 4.99347648971122 0.7995979979466119 -2.1835770929012974 -1.359486638167775
3929 10961435 5.846041186341842 -0.2773655946322858 1.5454723772940675 -2.1835770929012974 -1.359486638167775
3929 11080625 1.7338542114212971 4.993338190005999 0.7995523613963039 -2.1835770929012974 -1.359486638167775
3930 11080625 1.7332165667054575 4.993199890300777 0.7995067248459959 -2.1835770929012974 -1.359486638167775
3930 10961435 5.846024834225163 -0.2772052234478231 1.545402996158771 -2.1835770929012974 -1.359486638167775
3931 10961435 5.846008482108483 -0.27704485226336045 1.5453336150234742 -2.1835770929012974 -1.359486638167775
3931 11080625 1.732578921989618 4.993061590595555 0.799461088295688 -2.1835770929012974 -1.359486638167775
3932 11080625 1.7319412772737781 4.992923290890333 0.7994154517453799 -2.1835770929012974 -1.359486638167775
3932 10961435 5.845992129991804 -0.2768844810788978 1.5452642338881777 -2.1835770929012974 -1.359486638167775
3933 11080625 1.7313036325579385 4.992784991185111 0.7993698151950719 -2.1835770929012974 -1.359486638167775
3933 10961435 5.8459757778751245 -0.2767241098944351 1.5451948527528812 -2.1835770929012974 -1.359486638167775
3934 10961435 5.845959425758445 -0.2765637387099724 1.5451254716175844 -2.1835770929012974 -1.359486638167775
3934 11080625 1.730665987842099 4.99264669147989 0.7993241786447639 -2.1835770929012974 -1.359486638167775
3935 11080625 1.730028343126259 4.992508391774668 0.7992785420944559 -2.1835770929012974 -1.359486638167775
3935 10961435 5.845943073641766 -0.27640336752550976 1.5450560904822879 -2.1835770929012974 -1.359486638167775
3936 10961435 5.845926721525086 -0.2762429963410471 1.5449867093469911 -2.1835770929012974 -1.359486638167775
3936 11080625 1.7293906984104195 4.9923700920694465 0.7992329055441478 -2.1835770929012974 -1.359486638167775
3937 10961435 5.845910369408407 -0.2760826251565844 1.5449173282116946 -2.1835770929012974 -1.359486638167775
3937 11080625 1.7287530536945797 4.992231792364224 0.7991872689938398 -2.1835770929012974 -1.359486638167775
3938 10961435 5.845894017291728 -0.2759222539721217 1.5448479470763978 -2.1835770929012974 -1.359486638167775
3938 11080625 1.72811540897874 4.992093492659003 0.7991416324435319 -2.1835770929012974 -1.359486638167775
3939 10961435 5.845877665175049 -0.27576188278765906 1.5447785659411013 -2.1835770929012974 -1.359486638167775
3939 11080625 1.7274777642629005 4.991955192953781 0.7990959958932239 -2.1835770929012974 -1.359486638167775
3940 10961435 5.84586131305837 -0.2756015116031964 1.5447091848058045 -2.1835770929012974 -1.359486638167775
3940 11080625 1.7268401195470606 4.99181689324856 0.7990503593429158 -2.1835770929012974 -1.359486638167775
3941 11080625 1.726202474831221 4.991678593543337 0.7990047227926078 -2.1835770929012974 -1.359486638167775
3941 10961435 5.84584496094169 -0.2754411404187337 1.544639803670508 -2.1835770929012974 -1.359486638167775
3942 10961435 5.845828608825011 -0.275280769234271 1.5445704225352115 -2.1835770929012974 -1.359486638167775
3942 11080625 1.7255648301153814 4.991540293838116 0.7989590862422998 -2.1835770929012974 -1.359486638167775
3943 10961435 5.8458122567083315 -0.27512039804980837 1.5445010413999147 -2.1835770929012974 -1.359486638167775
3943 11080625 1.7249271853995416 4.991401994132894 0.7989134496919919 -2.1835770929012974 -1.359486638167775
3944 10961435 5.845795904591652 -0.2749600268653457 1.5444316602646182 -2.1835770929012974 -1.359486638167775
3944 11080625 1.724289540683702 4.991263694427672 0.7988678131416838 -2.1835770929012974 -1.359486638167775
3945 11080625 1.7236518959678622 4.9911253947224505 0.7988221765913758 -2.1835770929012974 -1.359486638167775
3945 10961435 5.845779552474973 -0.27479965568088305 1.5443622791293214 -2.1835770929012974 -1.359486638167775
3946 10961435 5.845763200358293 -0.27463928449642033 1.544292897994025 -2.1835770929012974 -1.359486638167775
3946 11080625 1.7230142512520226 4.990987095017228 0.7987765400410678 -2.1835770929012974 -1.359486638167775
3947 10961435 5.845746848241614 -0.2744789133119577 1.5442235168587282 -2.1835770929012974 -1.359486638167775
3947 11080625 1.722376606536183 4.990848795312007 0.7987309034907598 -2.1835770929012974 -1.359486638167775
3948 10961435 5.845730496124935 -0.274318542127495 1.5441541357234316 -2.1835770929012974 -1.359486638167775
3948 11080625 1.7217389618203431 4.990710495606785 0.7986852669404518 -2.1835770929012974 -1.359486638167775
3949 11080625 1.7211013171045035 4.990572195901564 0.7986396303901437 -2.1835770929012974 -1.359486638167775
3949 10961435 5.845714144008255 -0.27415817094303235 1.544084754588135 -2.1835770929012974 -1.359486638167775
3950 11080625 1.720463672388664 4.9904338961963415 0.7985939938398358 -2.1835770929012974 -1.359486638167775
3950 10961435 5.845697791891576 -0.27399779975856964 1.5440153734528383 -2.1835770929012974 -1.359486638167775
3951 10961435 5.845681439774896 -0.273837428574107 1.5439459923175418 -2.1835770929012974 -1.359486638167775
3951 11080625 1.719826027672824 4.99029559649112 0.7985483572895278 -2.1835770929012974 -1.359486638167775
3952 11080625 1.7191883829569845 4.990157296785898 0.7985027207392198 -2.1835770929012974 -1.359486638167775
3952 10961435 5.845665087658217 -0.2736770573896443 1.543876611182245 -2.1835770929012974 -1.359486638167775
3953 11080625 1.7185507382411447 4.990018997080677 0.7984570841889117 -2.1835770929012974 -1.359486638167775
3953 10961435 5.845648735541538 -0.27351668620518166 1.5438072300469485 -2.1835770929012974 -1.359486638167775
3954 11080625 1.717913093525305 4.989880697375455 0.7984114476386037 -2.1835770929012974 -1.359486638167775
3954 10961435 5.845632383424858 -0.27335631502071894 1.5437378489116518 -2.1835770929012974 -1.359486638167775
3955 10961435 5.845616031308179 -0.2731959438362563 1.5436684677763552 -2.1835770929012974 -1.359486638167775
3955 11080625 1.7172754488094655 4.989742397670233 0.7983658110882957 -2.1835770929012974 -1.359486638167775
3956 10961435 5.8455996791915 -0.2730355726517936 1.5435990866410585 -2.1835770929012974 -1.359486638167775
3956 11080625 1.7166378040936257 4.989604097965011 0.7983201745379878 -2.1835770929012974 -1.359486638167775
3957 10961435 5.845583327074821 -0.27287520146733096 1.543529705505762 -2.1835770929012974 -1.359486638167775
3957 11080625 1.716000159377786 4.989465798259789 0.7982745379876797 -2.1835770929012974 -1.359486638167775
3958 11080625 1.7153625146619462 4.989327498554568 0.7982289014373717 -2.1835770929012974 -1.359486638167775
3958 10961435 5.845566974958142 -0.27271483028286825 1.5434603243704654 -2.1835770929012974 -1.359486638167775
3959 11080625 1.7147248699461066 4.9891891988493455 0.7981832648870637 -2.1835770929012974 -1.359486638167775
3959 10961435 5.845550622841462 -0.2725544590984056 1.5433909432351687 -2.1835770929012974 -1.359486638167775
3960 11080625 1.714087225230267 4.989050899144124 0.7981376283367557 -2.1835770929012974 -1.359486638167775
3960 10961435 5.845534270724783 -0.27239408791394293 1.5433215620998721 -2.1835770929012974 -1.359486638167775
3961 11080625 1.7134495805144272 4.988912599438902 0.7980919917864476 -2.1835770929012974 -1.359486638167775
3961 10961435 5.845517918608103 -0.27223371672948027 1.5432521809645754 -2.1835770929012974 -1.359486638167775
3962 10961435 5.845501566491424 -0.2720733455450176 1.5431827998292789 -2.1835770929012974 -1.359486638167775
3962 11080625 1.7128119357985876 4.988774299733681 0.7980463552361396 -2.1835770929012974 -1.359486638167775
3963 10961435 5.845485214374745 -0.2719129743605549 1.543113418693982 -2.1835770929012974 -1.359486638167775
3963 11080625 1.712174291082748 4.988636000028459 0.7980007186858317 -2.1835770929012974 -1.359486638167775
3964 10961435 5.845468862258065 -0.27175260317609223 1.5430440375586856 -2.1835770929012974 -1.359486638167775
3964 11080625 1.7115366463669082 4.988497700323237 0.7979550821355237 -2.1835770929012974 -1.359486638167775
3965 10961435 5.845452510141386 -0.2715922319916296 1.542974656423389 -2.1835770929012974 -1.359486638167775
3965 11080625 1.7108990016510686 4.988359400618015 0.7979094455852156 -2.1835770929012974 -1.359486638167775
3966 10961435 5.8454361580247065 -0.2714318608071669 1.5429052752880923 -2.1835770929012974 -1.359486638167775
3966 11080625 1.7102613569352287 4.988221100912794 0.7978638090349076 -2.1835770929012974 -1.359486638167775
3967 10961435 5.845419805908027 -0.2712714896227042 1.5428358941527958 -2.1835770929012974 -1.359486638167775
3967 11080625 1.7096237122193891 4.988082801207572 0.7978181724845996 -2.1835770929012974 -1.359486638167775
3968 10961435 5.845403453791348 -0.27111111843824154 1.542766513017499 -2.1835770929012974 -1.359486638167775
3968 11080625 1.7089860675035495 4.9879445015023505 0.7977725359342916 -2.1835770929012974 -1.359486638167775
3969 10961435 5.845387101674668 -0.2709507472537789 1.5426971318822025 -2.1835770929012974 -1.359486638167775
3969 11080625 1.7083484227877097 4.987806201797128 0.7977268993839836 -2.1835770929012974 -1.359486638167775
3970 11080625 1.70771077807187 4.987667902091906 0.7976812628336756 -2.1835770929012974 -1.359486638167775
3971 11080625 1.7070731333560305 4.987529602386685 0.7976356262833676 -2.1835770929012974 -1.359486638167775
3972 11080625 1.7064354886401907 4.987391302681463 0.7975899897330596 -2.1835770929012974 -1.359486638167775
3973 11080625 1.705797843924351 4.987253002976241 0.7975443531827515 -2.1835770929012974 -1.359486638167775
3974 11080625 1.7051601992085113 4.987114703271019 0.7974987166324435 -2.1835770929012974 -1.359486638167775
3975 11080625 1.7045225544926716 4.986976403565798 0.7974530800821356 -2.1835770929012974 -1.359486638167775
3976 11080625 1.703884909776832 4.986838103860576 0.7974074435318276 -2.1835770929012974 -1.359486638167775
3977 11080625 1.7032472650609922 4.9866998041553545 0.7973618069815196 -2.1835770929012974 -1.359486638167775
