14204 11289096 0.20076924687665584 0.0036754420638568375 0.24384 -4.890006969550464 1.5977118631805562
14205 11289096 0.2260917776820727 0.0037077207271277723 0.24384 -4.890006969550464 1.5977118631805562
14206 11289096 0.2514143084874896 0.003739999390398707 0.24384 -4.890006969550464 1.5977118631805562
14207 11289096 0.27673683929290643 0.003772278053669642 0.24384 -4.890006969550464 1.5977118631805562
14208 11289096 0.3020593700983233 0.003804556716940577 0.24384 -4.890006969550464 1.5977118631805562
14209 11289096 0.3273819009037402 0.003836835380211512 0.24384 -4.890006969550464 1.5977118631805562
14210 11289096 0.35270443170915705 0.0038691140434824467 0.24384 -4.890006969550464 1.5977118631805562
14211 11289096 0.3780269625145739 0.0039013927067533816 0.24384 -4.890006969550464 1.5977118631805562
14212 11289096 0.4033494933199908 0.0039336713700243164 0.24384 -4.890006969550464 1.5977118631805562
14213 11289096 0.41700730053729135 0.004961387297645892 0.24384 -4.890006969550464 1.5977118631805562
14214 11289096 0.4552015314968283 0.0033450948963436034 0.24384 -4.890006969550464 1.5977118631805562
14215 11289096 0.5011379542899992 0.004222638901000303 0.24384 -4.890006969550464 1.5977118631805562
14216 11289096 0.5345914900369655 0.010114130941731303 0.24384 -4.890006969550464 1.5977118631805562
14217 11289096 0.5672093771079469 0.009970374421695285 0.249936 -4.890006969550464 1.5977118631805562
14218 11289096 0.5998272641789285 0.009826617901659267 0.256032 -4.890006969550464 1.5977118631805562
14219 11289096 0.63244515124991 0.009682861381623251 0.262128 -4.890006969550464 1.5977118631805562
14220 11289096 0.6650630383208915 0.009539104861587233 0.268224 -4.890006969550464 1.5977118631805562
14221 11289096 0.697680925391873 0.009395348341551216 0.27432 -4.890006969550464 1.5977118631805562
14222 11289096 0.7284521019964064 0.00946646851748437 0.27432 -4.890006969550464 1.5977118631805562
14223 11289096 0.7592232786009397 0.009537588693417524 0.27432 -4.890006969550464 1.5977118631805562
14224 11289096 0.7899944552054732 0.009608708869350677 0.27432 -4.890006969550464 1.5977118631805562
14225 11289096 0.8207656318100065 0.009679829045283831 0.27432 -4.890006969550464 1.5977118631805562
14226 11289096 0.8515368084145399 0.009750949221216986 0.27432 -4.890006969550464 1.5977118631805562
14227 11289096 0.8823079850190734 0.00982206939715014 0.27432 -4.890006969550464 1.5977118631805562
14228 11289096 0.9130791616236067 0.009893189573083293 0.27432 -4.890006969550464 1.5977118631805562
14229 11289096 0.94385033822814 0.009964309749016447 0.27432 -4.890006969550464 1.5977118631805562
14230 11289096 0.9746215148326735 0.010035429924949602 0.27432 -4.890006969550464 1.5977118631805562
14231 11289096 1.0232795491507096 0.01014382629109075 0.27432 -4.890006969550464 1.5977118631805562
14232 11289096 1.0719375834687457 0.0102522226572319 0.27432 -4.890006969550464 1.5977118631805562
14233 11289096 1.103447272404097 0.010200021741587873 0.28448 -4.890006969550464 1.5977118631805562
14234 11289096 1.1349569613394483 0.010147820825943848 0.29464 -4.890006969550464 1.5977118631805562
14235 11289096 1.1664666502747996 0.010095619910299822 0.3048 -4.890006969550464 1.5977118631805562
14236 11289096 1.2069306021620867 0.008909831125483325 0.3048 -4.890006969550464 1.5977118631805562
14237 11289096 1.2266970290643333 0.006891964724616145 0.3048 -4.890006969550464 1.5977118631805562
14238 11289096 1.2819296514695786 0.005788687172738741 0.3048 -4.890006969550464 1.5977118631805562
14239 11289096 1.3277424080399982 0.011734920982753388 0.3048 -4.890006969550464 1.5977118631805562
14240 11289096 1.3471388118576315 0.00586621519069741 0.3048 -4.890006969550464 1.5977118631805562
14241 11289096 1.3879724672261142 0.008532635851419848 0.3048 -4.890006969550464 1.5977118631805562
14242 11289096 1.4448547644834526 0.00595706102148276 0.3048 -4.890006969550464 1.5977118631805562
14243 11289096 1.4762501815481843 0.006917104838488619 0.3048 -4.890006969550464 1.5977118631805562
14244 11289096 1.5195441872912423 0.003523501662787934 0.3048 -4.890006969550464 1.5977118631805562
14245 11289096 1.5570486996401383 0.0014370385939018737 0.3048 -4.890006969550464 1.5977118631805562
14246 11289096 1.5944045957214938 -1.6580615969707946e-05 0.3048 -4.890006969550464 1.5977118631805562
14247 11289096 1.624601498787644 0.0008098784390449254 0.3048 -4.890006969550464 1.5977118631805562
14248 11289096 1.6547984018537942 0.0016363374940595588 0.3048 -4.890006969550464 1.5977118631805562
14249 11289096 1.6905849992030566 0.002448077419299477 0.3048 -4.890006969550464 1.5977118631805562
14250 11289096 1.72931494438162 -0.0013228206183316382 0.3048 -4.890006969550464 1.5977118631805562
14251 11289096 1.7723233847682613 -0.00286936759879855 0.33528 -4.890006969550464 1.5977118631805562
14252 11289096 1.8334930398458718 -0.005907683736865732 0.33528 -4.890006969550464 1.5977118631805562
14253 11289096 1.8701674166592048 -0.005910663196023985 0.33528 -4.890006969550464 1.5977118631805562
14254 11289096 1.906841793472538 -0.0059136426551822385 0.33528 -4.890006969550464 1.5977118631805562
14255 11289096 1.927229607300536 -0.004394303152714635 0.33528 -4.890006969550464 1.5977118631805562
14256 11289096 1.965519440175136 -0.0059757795692976234 0.35052 -4.890006969550464 1.5977118631805562
14257 11289096 2.003809273049736 -0.007557255985880612 0.36576 -4.890006969550464 1.5977118631805562
14258 11289096 2.0401649471031167 -0.012069863933091507 0.36576 -4.890006969550464 1.5977118631805562
14259 11289096 2.078482082828301 -0.015470497834787933 0.36576 -4.890006969550464 1.5977118631805562
14260 11289096 2.1188154569648825 -0.021398455168464642 0.36576 -4.890006969550464 1.5977118631805562
14261 11289096 2.160916454122389 -0.02463241563964033 0.36576 -4.890006969550464 1.5977118631805562
14262 11289096 2.187321799649227 -0.02589505127684269 0.36576 -4.890006969550464 1.5977118631805562
14263 11289096 2.2137271451760654 -0.02715768691404505 0.36576 -4.890006969550464 1.5977118631805562
14264 11289096 2.256538948249843 -0.0303895679820865 0.36576 -4.890006969550464 1.5977118631805562
14265 11289096 2.3139788625418687 -0.037229361336615446 0.36576 -4.890006969550464 1.5977118631805562
14266 11289096 2.348123674965188 -0.038448515803888944 0.39624000000000004 -4.890006969550464 1.5977118631805562
14267 11289096 2.3936642144635227 -0.04175283498817953 0.39624000000000004 -4.890006969550464 1.5977118631805562
14268 11289096 2.4361204255128515 -0.04498439326159784 0.39624000000000004 -4.890006969550464 1.5977118631805562
14269 11289096 2.4670408440996994 -0.049822994121798164 0.39624000000000004 -4.890006969550464 1.5977118631805562
14270 11289096 2.503348948573297 -0.05665412422585178 0.39624000000000004 -4.890006969550464 1.5977118631805562
14271 11289096 2.5398751713404693 -0.06308900242908191 0.39624000000000004 -4.890006969550464 1.5977118631805562
14272 11289096 2.574899906071948 -0.06868303000450418 0.39624000000000004 -4.890006969550464 1.5977118631805562
14273 11289096 2.6221362433674624 -0.0735909249395155 0.39624000000000004 -4.890006969550464 1.5977118631805562
14274 11289096 2.6566218906587986 -0.0794758237125601 0.42672000000000004 -4.890006969550464 1.5977118631805562
14275 11289096 2.6878288272069466 -0.08452381226279318 0.42672000000000004 -4.890006969550464 1.5977118631805562
14276 11289096 2.724859677837095 -0.09077201728749187 0.42672000000000004 -4.890006969550464 1.5977118631805562
14277 11289096 2.7878470971575826 -0.10047039613967398 0.42672000000000004 -4.890006969550464 1.5977118631805562
14278 11289096 2.822596139777318 -0.1069077302002687 0.42672000000000004 -4.890006969550464 1.5977118631805562
14279 11289096 2.841896792986991 -0.1103462117976787 0.42672000000000004 -4.890006969550464 1.5977118631805562
14280 11289096 2.8611974461966634 -0.1137846933950887 0.42672000000000004 -4.890006969550464 1.5977118631805562
14281 11289096 2.8827257758485514 -0.12127955578930524 0.42672000000000004 -4.890006969550464 1.5977118631805562
14282 11289096 2.930030966827859 -0.125974255176155 0.45720000000000005 -4.890006969550464 1.5977118631805562
14283 11289096 2.9658005804749132 -0.13227674797495928 0.45720000000000005 -4.890006969550464 1.5977118631805562
14284 11289096 3.0176655342649026 -0.14313190815508006 0.45720000000000005 -4.890006969550464 1.5977118631805562
14285 11289096 3.032912161408378 -0.14810858572728322 0.45720000000000005 -4.890006969550464 1.5977118631805562
14286 11289096 3.0851897346314585 -0.15933154285500642 0.45720000000000005 -4.890006969550464 1.5977118631805562
14287 11289096 3.1209556952576563 -0.17217369699616572 0.45720000000000005 -4.890006969550464 1.5977118631805562
14288 11289096 3.1550034868439276 -0.1821185472539896 0.45720000000000005 -4.890006969550464 1.5977118631805562
14289 11289096 3.2007459272881924 -0.19295980799507698 0.45720000000000005 -4.890006969550464 1.5977118631805562
14290 11289096 3.234850481158965 -0.20409091725546488 0.45720000000000005 -4.890006969550464 1.5977118631805562
14291 11289096 3.270906797790192 -0.2106021926721162 0.45720000000000005 -4.890006969550464 1.5977118631805562
14292 11289096 3.300196661251822 -0.2201615692990521 0.45720000000000005 -4.890006969550464 1.5977118631805562
14293 11289096 3.3391161304067793 -0.23286356612357537 0.48768 -4.890006969550464 1.5977118631805562
14294 11289096 3.37524142581454 -0.23916316810215713 0.48768 -4.890006969550464 1.5977118631805562
14295 11289096 3.414562233112517 -0.25199569303818137 0.48768 -4.890006969550464 1.5977118631805562
14296 11289096 3.458697918523213 -0.26639928593252005 0.48768 -4.890006969550464 1.5977118631805562
14297 11289096 3.490373156358088 -0.275451300659284 0.48768 -4.890006969550464 1.5977118631805562
14298 11289096 3.521649287043238 -0.28028445612248365 0.5181600000000001 -4.890006969550464 1.5977118631805562
14299 11289096 3.559803140475383 -0.28853000873439805 0.5181600000000001 -4.890006969550464 1.5977118631805562
14300 11289096 3.6034810845063623 -0.3016151171352186 0.5181600000000001 -4.890006969550464 1.5977118631805562
14301 11289096 3.6396401726265584 -0.3094429040851414 0.5181600000000001 -4.890006969550464 1.5977118631805562
14302 11289096 3.6819701895470613 -0.3125090211375414 0.5181600000000001 -4.890006969550464 1.5977118631805562
14303 11289096 3.72018286716113 -0.31785256745420887 0.5181600000000001 -4.890006969550464 1.5977118631805562
14304 11289096 3.755381372725549 -0.3204602053347637 0.5181600000000001 -4.890006969550464 1.5977118631805562
14305 11289096 3.7653281420717737 -0.3199094319401522 0.5181600000000001 -4.890006969550464 1.5977118631805562
14306 11289096 3.7752749114179984 -0.3193586585455407 0.5181600000000001 -4.890006969550464 1.5977118631805562
14307 11289096 3.826976087112545 -0.3143846103108553 0.5181600000000001 -4.890006969550464 1.5977118631805562
14308 11289096 3.857053454943557 -0.3081953022998247 0.5181600000000001 -4.890006969550464 1.5977118631805562
14309 11289096 3.8914538890354207 -0.3007297679579667 0.54864 -4.890006969550464 1.5977118631805562
14310 11289096 3.936131154986324 -0.28516968876859217 0.54864 -4.890006969550464 1.5977118631805562
14311 11289096 3.970973423780168 -0.2638306888319102 0.54864 -4.890006969550464 1.5977118631805562
14312 11289096 3.997938618824944 -0.2421408506007713 0.54864 -4.890006969550464 1.5977118631805562
14313 11289096 4.02490381386972 -0.22045101236963244 0.54864 -4.890006969550464 1.5977118631805562
14314 11289096 4.051869008914497 -0.19876117413849356 0.54864 -4.890006969550464 1.5977118631805562
14315 11289096 4.078834203959272 -0.1770713359073547 0.54864 -4.890006969550464 1.5977118631805562
14316 11289096 4.105799399004049 -0.1553814976762158 0.54864 -4.890006969550464 1.5977118631805562
14317 11289096 4.135822341689179 -0.11506491785946846 0.54864 -4.890006969550464 1.5977118631805562
14318 11289096 4.165845284374309 -0.0747483380427211 0.54864 -4.890006969550464 1.5977118631805562
14319 11289096 4.175209009466432 -0.040151363440371284 0.54864 -4.890006969550464 1.5977118631805562
14320 11289096 4.184572734558555 -0.005554388838021465 0.54864 -4.890006969550464 1.5977118631805562
14321 11289096 4.193936459650677 0.02904258576432836 0.54864 -4.890006969550464 1.5977118631805562
14322 11289096 4.203300184742799 0.06363956036667817 0.54864 -4.890006969550464 1.5977118631805562
14323 11289096 4.212663909834922 0.09823653496902798 0.54864 -4.890006969550464 1.5977118631805562
14324 11289096 4.222027634927045 0.13283350957137782 0.54864 -4.890006969550464 1.5977118631805562
14325 11289096 4.227074238273301 0.1619082141274951 0.54864 -4.890006969550464 1.5977118631805562
14326 11289096 4.221143549799551 0.22808901254659372 0.54864 -4.890006969550464 1.5977118631805562
14327 11289096 4.212652433933231 0.26827787728247127 0.54864 -4.890006969550464 1.5977118631805562
14328 11289096 4.204161318066911 0.30846674201834884 0.54864 -4.890006969550464 1.5977118631805562
14328 10995703 5.115493698045781 -2.398546857457739 0.9448799999999999 -4.890006969550464 1.5977118631805562
14329 10995703 5.085622639889176 -2.3812163819145065 0.9448799999999999 -4.890006969550464 1.5977118631805562
14329 11289096 4.19567020220059 0.3486556067542264 0.54864 -4.890006969550464 1.5977118631805562
14330 10995703 5.046910904219038 -2.3583170451231066 0.9448799999999999 -4.890006969550464 1.5977118631805562
14330 11289096 4.187179086334271 0.3888444714901039 0.54864 -4.890006969550464 1.5977118631805562
14331 11289096 4.1786879704679505 0.4290333362259815 0.54864 -4.890006969550464 1.5977118631805562
14331 10995703 4.978993713330708 -2.318770594961104 0.9448799999999999 -4.890006969550464 1.5977118631805562
14332 10995703 4.927493893040447 -2.287885015843519 0.9448799999999999 -4.890006969550464 1.5977118631805562
14332 11289096 4.17019685460163 0.46922220096185907 0.54864 -4.890006969550464 1.5977118631805562
14333 11289096 4.162574284336286 0.49483795158066246 0.54864 -4.890006969550464 1.5977118631805562
14333 10995703 4.875994072750186 -2.256999436725934 0.9448799999999999 -4.890006969550464 1.5977118631805562
14334 10995703 4.824494252459925 -2.226113857608349 0.9448799999999999 -4.890006969550464 1.5977118631805562
14334 11289096 4.149701077517426 0.5315703021533238 0.54864 -4.890006969550464 1.5977118631805562
14335 11289096 4.136827870698564 0.5683026527259851 0.54864 -4.890006969550464 1.5977118631805562
14335 10995703 4.774535276716943 -2.196858828858675 0.9448799999999999 -4.890006969550464 1.5977118631805562
14336 11289096 4.124572087594487 0.6123680317071462 0.57912 -4.890006969550464 1.5977118631805562
14336 10995703 4.744665496555876 -2.179526914806464 0.9448799999999999 -4.890006969550464 1.5977118631805562
14337 11289096 4.0976743850148365 0.695904302514015 0.57912 -4.890006969550464 1.5977118631805562
14337 10995703 4.6945693110889914 -2.1506936354979227 0.9448799999999999 -4.890006969550464 1.5977118631805562
14338 10995703 4.6354609878203386 -2.116818642747267 0.9448799999999999 -4.890006969550464 1.5977118631805562
14338 11289096 4.078578037435032 0.7451223675344587 0.57912 -4.890006969550464 1.5977118631805562
14339 10995703 4.594670613656325 -2.0921284853750337 0.9448799999999999 -4.890006969550464 1.5977118631805562
14339 11289096 4.072491454856421 0.7683682992692795 0.57912 -4.890006969550464 1.5977118631805562
14340 11289096 4.052123394967513 0.8392614590351539 0.57912 -4.890006969550464 1.5977118631805562
14340 10995703 4.553880239492311 -2.0674383280028006 0.9448799999999999 -4.890006969550464 1.5977118631805562
14341 11289096 4.042340804672159 0.8745771367207665 0.57912 -4.890006969550464 1.5977118631805562
14341 10995703 4.4715428926046386 -2.0203797686304346 0.9144000000000001 -4.890006969550464 1.5977118631805562
14342 11289096 4.027734401894836 0.914153666987775 0.6096 -4.890006969550464 1.5977118631805562
14342 10995703 4.41983232687636 -1.9883309765311548 0.9144000000000001 -4.890006969550464 1.5977118631805562
14343 10995703 4.379667957536379 -1.9644467220733952 0.92456 -4.890006969550464 1.5977118631805562
14343 11289096 4.015480838731304 0.9582190987912974 0.6096 -4.890006969550464 1.5977118631805562
14344 11289096 3.9968189240921568 1.0016891351307198 0.6096 -4.890006969550464 1.5977118631805562
14344 10995703 4.339503588196397 -1.9405624676156357 0.93472 -4.890006969550464 1.5977118631805562
14345 10995703 4.2993392188564155 -1.9166782131578761 0.9448799999999999 -4.890006969550464 1.5977118631805562
14345 11289096 3.9763459925916704 1.0450494239425014 0.6096 -4.890006969550464 1.5977118631805562
14346 10995703 4.217624301843181 -1.86771633035633 0.9448799999999999 -4.890006969550464 1.5977118631805562
14346 11289096 3.965146719804598 1.0869021158854242 0.6096 -4.890006969550464 1.5977118631805562
14347 10995703 4.1786195748778745 -1.8423205953323136 0.9448799999999999 -4.890006969550464 1.5977118631805562
14347 11289096 3.9489960317936887 1.1299034756444792 0.6096 -4.890006969550464 1.5977118631805562
14348 11289096 3.9270176642973382 1.184969589542024 0.6096 -4.890006969550464 1.5977118631805562
14348 10995703 4.139614847912567 -1.816924860308297 0.9448799999999999 -4.890006969550464 1.5977118631805562
14349 10995703 4.101205815930981 -1.794467981941273 0.9448799999999999 -4.890006969550464 1.5977118631805562
14349 11289096 3.909676504249818 1.2297615042202095 0.6096 -4.890006969550464 1.5977118631805562
14350 10995703 4.030809401609691 -1.751648129332774 0.9448799999999999 -4.890006969550464 1.5977118631805562
14350 11289096 3.9002209796843914 1.252472086961091 0.6096 -4.890006969550464 1.5977118631805562
14351 11289096 3.8884374428564867 1.2830097554659163 0.6096 -4.890006969550464 1.5977118631805562
14351 10995703 4.000942434759247 -1.7343130779368814 0.9448799999999999 -4.890006969550464 1.5977118631805562
14352 10995703 3.9322105660902675 -1.6891147014588255 0.97536 -4.890006969550464 1.5977118631805562
14352 11289096 3.876653906028582 1.3135474239707414 0.6096 -4.890006969550464 1.5977118631805562
14353 10995703 3.8917510593247284 -1.6634176604420587 0.97536 -4.890006969550464 1.5977118631805562
14353 11289096 3.855125069575479 1.3509453395385524 0.6400800000000001 -4.890006969550464 1.5977118631805562
14354 11289096 3.8401378990790196 1.4002261734742911 0.6400800000000001 -4.890006969550464 1.5977118631805562
14354 10995703 3.8536996570780566 -1.6385058970661968 0.97536 -4.890006969550464 1.5977118631805562
14355 10995703 3.773539512433853 -1.584788075392202 0.9448799999999999 -4.890006969550464 1.5977118631805562
14355 11289096 3.8190724229597874 1.4444820351341174 0.6400800000000001 -4.890006969550464 1.5977118631805562
14356 10995703 3.741920142958926 -1.5646605033868333 0.9448799999999999 -4.890006969550464 1.5977118631805562
14356 11289096 3.808219245245155 1.4857554476685892 0.6400800000000001 -4.890006969550464 1.5977118631805562
14357 10995703 3.6901977221232936 -1.5326589881723738 0.9448799999999999 -4.890006969550464 1.5977118631805562
14357 11289096 3.7962205051207283 1.5278700868977786 0.6400800000000001 -4.890006969550464 1.5977118631805562
14358 10995703 3.638475301287661 -1.5006574729579143 0.9448799999999999 -4.890006969550464 1.5977118631805562
14358 11289096 3.781332858156561 1.5692922918350656 0.6400800000000001 -4.890006969550464 1.5977118631805562
14359 11289096 3.7637303077016195 1.6312257051135617 0.6400800000000001 -4.890006969550464 1.5977118631805562
14359 10995703 3.584362835337086 -1.4678170058422952 0.9448799999999999 -4.890006969550464 1.5977118631805562
14360 10995703 3.509224689357117 -1.4232096274522628 0.9448799999999999 -4.890006969550464 1.5977118631805562
14360 11289096 3.7544017562108314 1.6529609308461797 0.6400800000000001 -4.890006969550464 1.5977118631805562
14361 11289096 3.7441295492209523 1.7044417356353307 0.6400800000000001 -4.890006969550464 1.5977118631805562
14361 10995703 3.455767638875984 -1.3883623112218226 0.9448799999999999 -4.890006969550464 1.5977118631805562
14362 10995703 3.424149667121749 -1.3682333223954604 0.9448799999999999 -4.890006969550464 1.5977118631805562
14362 11289096 3.7254147659307923 1.7640518228361335 0.6400800000000001 -4.890006969550464 1.5977118631805562
14363 11289096 3.714735790022943 1.7884475100467754 0.67056 -4.890006969550464 1.5977118631805562
14363 10995703 3.360844521900119 -1.3298211960706816 0.9448799999999999 -4.890006969550464 1.5977118631805562
14364 11289096 3.7030748846615023 1.8359428848214734 0.6400800000000001 -4.890006969550464 1.5977118631805562
14364 10995703 3.308386368308537 -1.2951812752757388 0.9448799999999999 -4.890006969550464 1.5977118631805562
14365 11289096 3.696830592410347 1.875011793316143 0.67056 -4.890006969550464 1.5977118631805562
14365 10995703 3.2559282147169553 -1.260541354480796 0.9448799999999999 -4.890006969550464 1.5977118631805562
14366 11289096 3.6770104316502135 1.9421090103682552 0.67056 -4.890006969550464 1.5977118631805562
14366 10995703 3.2271546218393423 -1.2412225811410005 0.9448799999999999 -4.890006969550464 1.5977118631805562
14367 11289096 3.6688098636308757 1.977494452185589 0.67056 -4.890006969550464 1.5977118631805562
14367 10995703 3.142220894642464 -1.1858206151672326 0.9448799999999999 -4.890006969550464 1.5977118631805562
14368 11289096 3.660609295611538 2.0128798940029227 0.67056 -4.890006969550464 1.5977118631805562
14368 10995703 3.0907386860455164 -1.151730912786893 0.9448799999999999 -4.890006969550464 1.5977118631805562
14369 11289096 3.6505006365358534 2.0485378107477907 0.67056 -4.890006969550464 1.5977118631805562
14369 10995703 3.0496613961859462 -1.1256698031664487 0.9448799999999999 -4.890006969550464 1.5977118631805562
14370 10995703 3.0085841063263765 -1.0996086935460043 0.9448799999999999 -4.890006969550464 1.5977118631805562
14370 11289096 3.6428953384923792 2.0905044505774266 0.67056 -4.890006969550464 1.5977118631805562
14371 11289096 3.6296997567739853 2.13709960090687 0.67056 -4.890006969550464 1.5977118631805562
14371 10995703 2.9675068164668064 -1.07354758392556 0.9448799999999999 -4.890006969550464 1.5977118631805562
14372 10995703 2.8934308998395117 -1.0270588337718258 0.9448799999999999 -4.890006969550464 1.5977118631805562
14372 11289096 3.6176015307384493 2.178897590984549 0.67056 -4.890006969550464 1.5977118631805562
14373 10995703 2.830303562813947 -0.986478998660662 0.9448799999999999 -4.890006969550464 1.5977118631805562
14373 11289096 3.60163048147278 2.222427178972182 0.67056 -4.890006969550464 1.5977118631805562
14374 11289096 3.5927759637438674 2.2632832896744715 0.67056 -4.890006969550464 1.5977118631805562
14374 10995703 2.7888761192780436 -0.9602238722761123 0.9448799999999999 -4.890006969550464 1.5977118631805562
14375 11289096 3.583282250128173 2.3076190188604566 0.67056 -4.890006969550464 1.5977118631805562
14375 10995703 2.74744867574214 -0.9339687458915625 0.9448799999999999 -4.890006969550464 1.5977118631805562
14376 11289096 3.5718992175495172 2.3543238566582807 0.67056 -4.890006969550464 1.5977118631805562
14376 10995703 2.693903864353386 -0.9029397808714933 0.9448799999999999 -4.890006969550464 1.5977118631805562
14377 11289096 3.558060098615763 2.396223333184504 0.7010400000000001 -4.890006969550464 1.5977118631805562
14377 10995703 2.6403590529646324 -0.871910815851424 0.9448799999999999 -4.890006969550464 1.5977118631805562
14378 10995703 2.597706097355309 -0.8447870672511374 0.9448799999999999 -4.890006969550464 1.5977118631805562
14378 11289096 3.5446443121031184 2.4366997116834965 0.7010400000000001 -4.890006969550464 1.5977118631805562
14379 10995703 2.544541389920786 -0.8125957371598511 0.9448799999999999 -4.890006969550464 1.5977118631805562
14379 11289096 3.5353209632122615 2.4774756140538594 0.7010400000000001 -4.890006969550464 1.5977118631805562
14380 10995703 2.491376682486263 -0.7804044070685648 0.9448799999999999 -4.890006969550464 1.5977118631805562
14380 11289096 3.523030478523987 2.520037975503803 0.7010400000000001 -4.890006969550464 1.5977118631805562
14381 10995703 2.4279190733136824 -0.7419315506849983 0.9448799999999999 -4.890006969550464 1.5977118631805562
14381 11289096 3.5128579782695177 2.55875491306921 0.7010400000000001 -4.890006969550464 1.5977118631805562
14382 10995703 2.3842678885152724 -0.7178679383961147 0.9448799999999999 -4.890006969550464 1.5977118631805562
14382 11289096 3.5026854780150485 2.5974718506346166 0.7010400000000001 -4.890006969550464 1.5977118631805562
14383 11289096 3.495607770893268 2.6358794326396993 0.7010400000000001 -4.890006969550464 1.5977118631805562
14383 10995703 2.302711840807439 -0.6684617132147461 0.9448799999999999 -4.890006969550464 1.5977118631805562
14384 11289096 3.479617757062819 2.6807012922638664 0.7010400000000001 -4.890006969550464 1.5977118631805562
14384 10995703 2.2565530984305067 -0.6398400061047929 0.9448799999999999 -4.890006969550464 1.5977118631805562
14385 11289096 3.4702061214081956 2.7241932838971272 0.7010400000000001 -4.890006969550464 1.5977118631805562
14385 10995703 2.210394356053574 -0.6112182989948397 0.9448799999999999 -4.890006969550464 1.5977118631805562
14386 10995703 2.1792407755407055 -0.590766309372543 0.9448799999999999 -4.890006969550464 1.5977118631805562
14386 11289096 3.4590764317317113 2.7689471820644656 0.7010400000000001 -4.890006969550464 1.5977118631805562
14387 11289096 3.449882116892672 2.811200184981381 0.7010400000000001 -4.890006969550464 1.5977118631805562
14387 10995703 2.1272254798228616 -0.5585959868857712 0.9448799999999999 -4.890006969550464 1.5977118631805562
14388 11289096 3.436343452788341 2.852652089155741 0.7010400000000001 -4.890006969550464 1.5977118631805562
14388 10995703 2.058374297850743 -0.5138017217950693 0.9448799999999999 -4.890006969550464 1.5977118631805562
14389 10995703 2.029273422894856 -0.4941359436015106 0.9448799999999999 -4.890006969550464 1.5977118631805562
14389 11289096 3.422554596101329 2.911007761688462 0.7010400000000001 -4.890006969550464 1.5977118631805562
14390 10995703 1.9682843036570141 -0.4568142035343472 0.97536 -4.890006969550464 1.5977118631805562
14390 11289096 3.4134967804985408 2.9362776281099716 0.7010400000000001 -4.890006969550464 1.5977118631805562
14391 11289096 3.40210089253364 2.9904060824885086 0.7010400000000001 -4.890006969550464 1.5977118631805562
14391 10995703 1.9187695420533264 -0.42569204185477283 0.97536 -4.890006969550464 1.5977118631805562
14391 11053746 5.429050537047175 -1.818061915308157 0.78486 -4.890006969550464 1.5977118631805562
14392 11289096 3.390705004568739 3.044534536867046 0.7010400000000001 -4.890006969550464 1.5977118631805562
14392 11053746 5.398170746138029 -1.8133680498617948 0.78486 -4.890006969550464 1.5977118631805562
14392 10995703 1.887846725350883 -0.40508005728262064 0.97536 -4.890006969550464 1.5977118631805562
14393 11289096 3.382932376023605 3.07102044392418 0.7010400000000001 -4.890006969550464 1.5977118631805562
14393 11053746 5.367290955228883 -1.8086741844154324 0.78486 -4.890006969550464 1.5977118631805562
14393 10995703 1.8093241523614152 -0.3545541937121628 0.97536 -4.890006969550464 1.5977118631805562
14394 10995703 1.7712841498475838 -0.32963126480897964 0.97536 -4.890006969550464 1.5977118631805562
14394 11289096 3.375159747478471 3.0975063509813134 0.7010400000000001 -4.890006969550464 1.5977118631805562
14394 11053746 5.295647749301132 -1.794194902137012 0.78486 -4.890006969550464 1.5977118631805562
14395 11053746 5.230139412691409 -1.7799629462199058 0.78486 -4.890006969550464 1.5977118631805562
14395 10995703 1.7012310597036209 -0.28689310824042236 0.97536 -4.890006969550464 1.5977118631805562
14395 11289096 3.3654231057425736 3.1329278121890822 0.7010400000000001 -4.890006969550464 1.5977118631805562
14396 11289096 3.354550428596382 3.1947711669200447 0.7010400000000001 -4.890006969550464 1.5977118631805562
14396 11053746 5.169963315350866 -1.765716801602147 0.78486 -4.890006969550464 1.5977118631805562
14396 10995703 1.6492192202691722 -0.25471927890695834 0.97536 -4.890006969550464 1.5977118631805562
14397 11053746 5.108272671545244 -1.756115642804606 0.78486 -4.890006969550464 1.5977118631805562
14397 10995703 1.6143252111093993 -0.23321746402650967 0.97536 -4.890006969550464 1.5977118631805562
14397 11289096 3.34062561847489 3.2377517871993944 0.7010400000000001 -4.890006969550464 1.5977118631805562
14398 10995703 1.5794312019496264 -0.21171564914606097 0.97536 -4.890006969550464 1.5977118631805562
14398 11053746 5.040505179844225 -1.7433645495068155 0.77724 -4.890006969550464 1.5977118631805562
14398 11289096 3.3313411197735228 3.2786332189166685 0.7010400000000001 -4.890006969550464 1.5977118631805562
14399 11289096 3.3228462867488755 3.3178550221320706 0.7010400000000001 -4.890006969550464 1.5977118631805562
14399 10995703 1.5085868953410038 -0.17140350759158676 0.97536 -4.890006969550464 1.5977118631805562
14399 11053746 4.990281563515898 -1.7339970819648538 0.77724 -4.890006969550464 1.5977118631805562
14400 11289096 3.30890039016031 3.362127820229679 0.73152 -4.890006969550464 1.5977118631805562
14400 11053746 4.9570401424177 -1.727012853089995 0.77724 -4.890006969550464 1.5977118631805562
14400 10995703 1.4580495063983117 -0.139884432673965 0.97536 -4.890006969550464 1.5977118631805562
14401 11053746 4.863805884966126 -1.7079418387690775 0.77724 -4.890006969550464 1.5977118631805562
14401 10995703 1.4075121174556193 -0.10836535775634326 0.97536 -4.890006969550464 1.5977118631805562
14401 11289096 3.299187891060135 3.4112098643025544 0.73152 -4.890006969550464 1.5977118631805562
14402 10995703 1.3518112807875267 -0.0749833967205356 0.96012 -4.890006969550464 1.5977118631805562
14402 11289096 3.2896319873303312 3.4553343809852253 0.73152 -4.890006969550464 1.5977118631805562
14402 11053746 4.796221486935737 -1.6973505295139348 0.77724 -4.890006969550464 1.5977118631805562
14403 10995703 1.296110444119434 -0.04160143568472793 0.9448799999999999 -4.890006969550464 1.5977118631805562
14403 11289096 3.2776610272165074 3.5029344833449674 0.73152 -4.890006969550464 1.5977118631805562
14403 11053746 4.726607918638188 -1.6848120086431335 0.77724 -4.890006969550464 1.5977118631805562
14404 11289096 3.2632292293006477 3.5674596067037543 0.73152 -4.890006969550464 1.5977118631805562
14404 11053746 4.6700785354385 -1.6716338312739116 0.77724 -4.890006969550464 1.5977118631805562
14404 10995703 1.2672760914440797 -0.022485837603972436 0.9448799999999999 -4.890006969550464 1.5977118631805562
14405 10995703 1.2262454671446592 0.0014318862840885654 0.9448799999999999 -4.890006969550464 1.5977118631805562
14405 11289096 3.2547416420275628 3.586586224360522 0.73152 -4.890006969550464 1.5977118631805562
14405 11053746 4.5800995497365 -1.6586431794413186 0.76962 -4.890006969550464 1.5977118631805562
14406 11289096 3.241829960405428 3.631573420397946 0.73152 -4.890006969550464 1.5977118631805562
14406 11053746 4.525886255812727 -1.6468031654212205 0.76962 -4.890006969550464 1.5977118631805562
14406 10995703 1.1739264264375775 0.03225057936591163 0.9448799999999999 -4.890006969550464 1.5977118631805562
14407 10995703 1.1216073857304958 0.06306927244773469 0.9448799999999999 -4.890006969550464 1.5977118631805562
14407 11289096 3.2289182787832935 3.6765606164353706 0.73152 -4.890006969550464 1.5977118631805562
14407 11053746 4.4793374728964315 -1.6395063168958612 0.76962 -4.890006969550464 1.5977118631805562
14408 11289096 3.216006597161159 3.721547812472795 0.73152 -4.890006969550464 1.5977118631805562
14408 10995703 1.063353950742714 0.09950750120749172 0.9448799999999999 -4.890006969550464 1.5977118631805562
14408 11053746 4.432788689980136 -1.632209468370502 0.76962 -4.890006969550464 1.5977118631805562
14409 11289096 3.2030949155390243 3.766535008510219 0.73152 -4.890006969550464 1.5977118631805562
14409 10995703 1.0124262460702589 0.13390344250355685 0.9448799999999999 -4.890006969550464 1.5977118631805562
14409 11053746 4.386348781907046 -1.625122794188385 0.76962 -4.890006969550464 1.5977118631805562
14410 10995703 0.9427835408781754 0.17897069668400717 0.97536 -4.890006969550464 1.5977118631805562
14410 11289096 3.1907558971455243 3.810284041067422 0.762 -4.890006969550464 1.5977118631805562
14410 11053746 4.339908873833956 -1.6180361200062683 0.76962 -4.890006969550464 1.5977118631805562
14411 11053746 4.22671031627509 -1.600271051731889 0.76962 -4.890006969550464 1.5977118631805562
14411 10995703 0.8930433426130472 0.21292163706638578 0.97536 -4.890006969550464 1.5977118631805562
14411 11289096 3.1706236302151707 3.8535408770994963 0.762 -4.890006969550464 1.5977118631805562
14412 11289096 3.1613882865155576 3.8942905437800097 0.762 -4.890006969550464 1.5977118631805562
14412 11053746 4.159079638980712 -1.5911770329798751 0.77724 -4.890006969550464 1.5977118631805562
14412 10995703 0.843303144347919 0.24687257744876442 0.97536 -4.890006969550464 1.5977118631805562
14413 11053746 4.112999769812616 -1.587476603123374 0.7734300000000001 -4.890006969550464 1.5977118631805562
14413 11289096 3.149420263421522 3.9418906726138445 0.762 -4.890006969550464 1.5977118631805562
14413 10995703 0.7998020242321262 0.2746389624567255 0.97536 -4.890006969550464 1.5977118631805562
14414 11289096 3.1338489938388605 3.983891963612861 0.762 -4.890006969550464 1.5977118631805562
14414 10995703 0.7563009041163333 0.3024053474646865 0.97536 -4.890006969550464 1.5977118631805562
14414 11053746 4.066919900644519 -1.5837761732668731 0.76962 -4.890006969550464 1.5977118631805562
14415 10995703 0.7127997840005406 0.33017173247264753 0.97536 -4.890006969550464 1.5977118631805562
14415 11053746 3.9959633771861673 -1.5753478545018849 0.76962 -4.890006969550464 1.5977118631805562
14415 11289096 3.123280154519543 4.031969919060883 0.762 -4.890006969550464 1.5977118631805562
14416 11053746 3.9280690182082063 -1.5656983998994511 0.76962 -4.890006969550464 1.5977118631805562
14416 10995703 0.6692986638847478 0.35793811748060855 0.97536 -4.890006969550464 1.5977118631805562
14416 11289096 3.114901879709886 4.056318427414295 0.762 -4.890006969550464 1.5977118631805562
14417 10995703 0.6257975437689549 0.3857045024885696 0.97536 -4.890006969550464 1.5977118631805562
14417 11053746 3.8968224241313 -1.5607615435676552 0.77724 -4.890006969550464 1.5977118631805562
14417 11289096 3.0973016111165297 4.121996804713456 0.762 -4.890006969550464 1.5977118631805562
14418 11289096 3.0849303605113754 4.165640319063212 0.762 -4.890006969550464 1.5977118631805562
14418 11053746 3.8038034543993913 -1.5502736346985848 0.76962 -4.890006969550464 1.5977118631805562
14418 10995703 0.5674702244383862 0.42462569857070287 0.9448799999999999 -4.890006969550464 1.5977118631805562
14419 11053746 3.7387086982639115 -1.5363960735187456 0.762 -4.890006969550464 1.5977118631805562
14419 11289096 3.076422284779186 4.210241831347009 0.762 -4.890006969550464 1.5977118631805562
14419 10995703 0.5265574195270194 0.44780925275927275 0.9448799999999999 -4.890006969550464 1.5977118631805562
14420 10995703 0.4656842948715124 0.48546059176114154 0.9448799999999999 -4.890006969550464 1.5977118631805562
14420 11053746 3.669553518360506 -1.5251647024862802 0.762 -4.890006969550464 1.5977118631805562
14420 11289096 3.0611947817204035 4.2750288695364915 0.762 -4.890006969550464 1.5977118631805562
14421 11289096 3.046502639047638 4.323519555130204 0.762 -4.890006969550464 1.5977118631805562
14421 10995703 0.4164093638509614 0.5167519126452383 0.9448799999999999 -4.890006969550464 1.5977118631805562
14421 11053746 3.6118760033948005 -1.5168597449387247 0.762 -4.890006969550464 1.5977118631805562
14422 10995703 0.34597921656283515 0.5593972465966179 0.9448799999999999 -4.890006969550464 1.5977118631805562
14422 11053746 3.570371160434951 -1.5066178066118487 0.75819 -4.890006969550464 1.5977118631805562
14422 11289096 3.042801483812581 4.3483268145443486 0.77724 -4.890006969550464 1.5977118631805562
14423 11289096 3.0391003285775238 4.373134073958493 0.7924800000000001 -4.890006969550464 1.5977118631805562
14423 10995703 0.2960496247097749 0.5886838550125263 0.9448799999999999 -4.890006969550464 1.5977118631805562
14423 11053746 3.528866317475101 -1.4963758682849726 0.75438 -4.890006969550464 1.5977118631805562
14424 11289096 3.0291530362107055 4.42147708617395 0.7924800000000001 -4.890006969550464 1.5977118631805562
14424 10995703 0.27824171098002426 0.5994109830331728 0.9448799999999999 -4.890006969550464 1.5977118631805562
14424 11053746 3.478124692667407 -1.4858646159670883 0.75057 -4.890006969550464 1.5977118631805562
14425 11053746 3.4273830678597133 -1.4753533636492038 0.74676 -4.890006969550464 1.5977118631805562
14425 11289096 3.013497346929274 4.492012101576537 0.7924800000000001 -4.890006969550464 1.5977118631805562
14425 10995703 0.1959498771240077 0.6465192476195497 0.9448799999999999 -4.890006969550464 1.5977118631805562
14426 10995703 0.14581421142750717 0.6751735896642966 0.9448799999999999 -4.890006969550464 1.5977118631805562
14426 11289096 3.0094165961500368 4.51484064236445 0.7924800000000001 -4.890006969550464 1.5977118631805562
14426 11053746 3.3928710533204356 -1.464092242050891 0.73914 -4.890006969550464 1.5977118631805562
14427 11053746 3.3084907854535537 -1.445085826924619 0.73914 -4.890006969550464 1.5977118631805562
14427 10995703 0.11027258937220963 0.6954948415248482 0.9448799999999999 -4.890006969550464 1.5977118631805562
14427 11289096 3.009296441425037 4.580768772248196 0.7924800000000001 -4.890006969550464 1.5977118631805562
14428 11053746 3.2266115553446646 -1.4238573786723607 0.73152 -4.890006969550464 1.5977118631805562
14428 11289096 3.005983338258896 4.603229800195221 0.7924800000000001 -4.890006969550464 1.5977118631805562
14428 10995703 0.07473096731691209 0.7158160933853998 0.9448799999999999 -4.890006969550464 1.5977118631805562
14429 11053746 3.1965140852952354 -1.4140357843148077 0.73152 -4.890006969550464 1.5977118631805562
14429 11289096 3.0064016960108244 4.602474719137479 0.7924617785084442 -4.890006969550464 1.5977118631805562
14429 10995703 -0.004358202124470134 0.7645676265989677 0.9448799999999999 -4.890006969550464 1.5977118631805562
14430 10995703 -0.04033920278829095 0.7862602236687688 0.9448799999999999 -4.890006969550464 1.5977118631805562
14430 11289096 3.0068200537627527 4.6017196380797385 0.7924435570168884 -4.890006969550464 1.5977118631805562
14430 11053746 3.1148187466840964 -1.392515515798358 0.7239000000000001 -4.890006969550464 1.5977118631805562
14431 11289096 3.007238411514681 4.600964557021997 0.7924253355253326 -4.890006969550464 1.5977118631805562
14431 11053746 3.063119088977028 -1.3778630335272302 0.7239000000000001 -4.890006969550464 1.5977118631805562
14431 10995703 -0.07632020345211177 0.8079528207385699 0.9448799999999999 -4.890006969550464 1.5977118631805562
14432 11289096 3.0076567692666094 4.600209475964256 0.7924071140337768 -4.890006969550464 1.5977118631805562
14432 11053746 3.0093453232695335 -1.3603137792410207 0.7162800000000001 -4.890006969550464 1.5977118631805562
14432 10995703 -0.13131992720447616 0.8434574991184092 0.9448799999999999 -4.890006969550464 1.5977118631805562
14433 11289096 3.0080751270185377 4.599454394906514 0.792388892542221 -4.890006969550464 1.5977118631805562
14433 10995703 -0.18631965095684055 0.8789621774982483 0.9448799999999999 -4.890006969550464 1.5977118631805562
14433 11053746 2.9555716915899337 -1.3427641142769688 0.7162800000000001 -4.890006969550464 1.5977118631805562
14434 11289096 3.008493484770466 4.5986993138487735 0.7923706710506652 -4.890006969550464 1.5977118631805562
14434 11053746 2.9017981939417368 -1.325214038636097 0.7162800000000001 -4.890006969550464 1.5977118631805562
14434 10995703 -0.22665234166037784 0.9049993689941729 0.9448799999999999 -4.890006969550464 1.5977118631805562
14435 11053746 2.8480248303275775 -1.3076635523190465 0.7086600000000001 -4.890006969550464 1.5977118631805562
14435 11289096 3.008911842522394 4.597944232791032 0.7923524495591093 -4.890006969550464 1.5977118631805562
14435 10995703 -0.30525511632511804 0.9552319912738815 0.9448799999999999 -4.890006969550464 1.5977118631805562
14436 11289096 3.0093302002743223 4.59718915173329 0.7923342280675535 -4.890006969550464 1.5977118631805562
14436 11053746 2.7693714951098745 -1.2819919520827405 0.7086600000000001 -4.890006969550464 1.5977118631805562
14436 10995703 -0.3407860159791598 0.9782982851239626 0.9448799999999999 -4.890006969550464 1.5977118631805562
14437 11053746 2.7155984615929745 -1.264440454403777 0.7086600000000001 -4.890006969550464 1.5977118631805562
14437 11289096 3.0097485580262506 4.596434070675549 0.7923160065759977 -4.890006969550464 1.5977118631805562
14437 10995703 -0.3763169156332016 1.0013645789740435 0.9448799999999999 -4.890006969550464 1.5977118631805562
14438 10995703 -0.4459458946234247 1.046445470703882 0.9448799999999999 -4.890006969550464 1.5977118631805562
14438 11053746 2.6681916772975867 -1.2437098172006864 0.7010400000000001 -4.890006969550464 1.5977118631805562
14438 11289096 3.010166915778179 4.595678989617808 0.7922977850844418 -4.890006969550464 1.5977118631805562
14439 11053746 2.640721685086997 -1.2326405511073597 0.7010400000000001 -4.890006969550464 1.5977118631805562
14439 10995703 -0.497621554004982 1.0785301249580697 0.9448799999999999 -4.890006969550464 1.5977118631805562
14439 11289096 3.0105852735301073 4.594923908560067 0.7922795635928861 -4.890006969550464 1.5977118631805562
14440 10995703 -0.526677026205105 1.0983119339078349 0.9448799999999999 -4.890006969550464 1.5977118631805562
14440 11289096 3.0110036312820356 4.594168827502325 0.7922613421013303 -4.890006969550464 1.5977118631805562
14440 11053746 2.6111074923697775 -1.2213384425962248 0.69723 -4.890006969550464 1.5977118631805562
14441 11053746 2.581493299652558 -1.21003633408509 0.69342 -4.890006969550464 1.5977118631805562
14441 10995703 -0.57611773915616 1.1290824015978362 0.9448799999999999 -4.890006969550464 1.5977118631805562
14441 11289096 3.011421989033964 4.593413746444584 0.7922431206097744 -4.890006969550464 1.5977118631805562
14442 11053746 2.5011960491491454 -1.1730776397293499 0.6858000000000001 -4.890006969550464 1.5977118631805562
14442 11289096 3.0118403467858923 4.592658665386843 0.7922248991182186 -4.890006969550464 1.5977118631805562
14442 10995703 -0.6452055002954613 1.174456280263717 0.9448799999999999 -4.890006969550464 1.5977118631805562
14443 10995703 -0.6972808629556908 1.2066735644075075 0.9448799999999999 -4.890006969550464 1.5977118631805562
14443 11289096 3.0122587045378206 4.591903584329101 0.7922066776266627 -4.890006969550464 1.5977118631805562
14443 11053746 2.4529849550176284 -1.1466505490880698 0.6819900000000001 -4.890006969550464 1.5977118631805562
14444 11053746 2.4047738608861113 -1.1202234584467898 0.6781800000000001 -4.890006969550464 1.5977118631805562
14444 10995703 -0.7467203989220068 1.2374452221148748 0.9448799999999999 -4.890006969550464 1.5977118631805562
14444 11289096 3.012677062289749 4.59114850327136 0.7921884561351069 -4.890006969550464 1.5977118631805562
14445 11289096 3.0130954200416773 4.5903934222136185 0.7921702346435511 -4.890006969550464 1.5977118631805562
14445 10995703 -0.7890307346344395 1.2655747216999658 0.9448799999999999 -4.890006969550464 1.5977118631805562
14445 11053746 2.3341677001305503 -1.0835057038128342 0.6781800000000001 -4.890006969550464 1.5977118631805562
14446 11289096 3.0135137777936056 4.589638341155878 0.7921520131519952 -4.890006969550464 1.5977118631805562
14446 11053746 2.290206476620498 -1.056303731706753 0.67056 -4.890006969550464 1.5977118631805562
14446 10995703 -0.8313410703468721 1.2937042212850567 0.9448799999999999 -4.890006969550464 1.5977118631805562
14447 11289096 3.0139321355455335 4.588883260098136 0.7921337916604395 -4.890006969550464 1.5977118631805562
14447 11053746 2.2370973772251963 -1.0244793292605763 0.67056 -4.890006969550464 1.5977118631805562
14447 10995703 -0.8736514060593048 1.3218337208701476 0.9448799999999999 -4.890006969550464 1.5977118631805562
14448 11289096 3.014350493297462 4.588128179040395 0.7921155701688837 -4.890006969550464 1.5977118631805562
14448 10995703 -0.9205447744338051 1.352241661411337 0.9448799999999999 -4.890006969550464 1.5977118631805562
14448 11053746 2.2033755136382522 -0.9999185905425674 0.6667500000000001 -4.890006969550464 1.5977118631805562
14449 11053746 2.169653650051308 -0.9753578518245584 0.6629400000000001 -4.890006969550464 1.5977118631805562
14449 10995703 -0.9982076584415753 1.4053317729661892 0.9448799999999999 -4.890006969550464 1.5977118631805562
14449 11289096 3.01476885104939 4.5873730979826535 0.7920973486773278 -4.890006969550464 1.5977118631805562
14450 11289096 3.0151872088013185 4.586618016924912 0.792079127185772 -4.890006969550464 1.5977118631805562
14450 10995703 -1.035911410006875 1.4301647983509342 0.9448799999999999 -4.890006969550464 1.5977118631805562
14450 11053746 2.1078974491020994 -0.9278588535715259 0.65532 -4.890006969550464 1.5977118631805562
14451 10995703 -1.0758825870101743 1.4570250740919524 0.9448799999999999 -4.890006969550464 1.5977118631805562
14451 11289096 3.015605566553247 4.585862935867171 0.7920609056942162 -4.890006969550464 1.5977118631805562
14451 11053746 2.068827031095222 -0.8938409322548367 0.65532 -4.890006969550464 1.5977118631805562
14452 11289096 3.016023924305175 4.585107854809429 0.7920426842026603 -4.890006969550464 1.5977118631805562
14452 10995703 -1.1158537640134736 1.4838853498329707 0.9448799999999999 -4.890006969550464 1.5977118631805562
14452 11053746 2.0356998921403386 -0.8552213981238704 0.65532 -4.890006969550464 1.5977118631805562
14453 11053746 1.9946733318115886 -0.8149567812837956 0.6477 -4.890006969550464 1.5977118631805562
14453 10995703 -1.1737762729671666 1.5229269927014186 0.9448799999999999 -4.890006969550464 1.5977118631805562
14453 11289096 3.0164422820571035 4.5843527737516885 0.7920244627111045 -4.890006969550464 1.5977118631805562
14454 11053746 1.9593833652444193 -0.7707239860305729 0.6477 -4.890006969550464 1.5977118631805562
14454 11289096 3.016860639809032 4.583597692693947 0.7920062412195488 -4.890006969550464 1.5977118631805562
14454 10995703 -1.2207711051314296 1.553020275150473 0.9448799999999999 -4.890006969550464 1.5977118631805562
14455 10995703 -1.261097697148345 1.579063347015663 0.9448799999999999 -4.890006969550464 1.5977118631805562
14455 11053746 1.928908992310943 -0.728063359668845 0.6477 -4.890006969550464 1.5977118631805562
14455 11289096 3.01727899756096 4.582842611636206 0.7919880197279929 -4.890006969550464 1.5977118631805562
14456 11289096 3.0176973553128885 4.582087530578464 0.7919697982364371 -4.890006969550464 1.5977118631805562
14456 10995703 -1.3275086284055784 1.62310321401345 0.9448799999999999 -4.890006969550464 1.5977118631805562
14456 11053746 1.8935619357216795 -0.6676901024909008 0.6400800000000001 -4.890006969550464 1.5977118631805562
14457 10995703 -1.3589671645250425 1.643675708271917 0.9448799999999999 -4.890006969550464 1.5977118631805562
14457 11289096 3.018115713064817 4.581332449520723 0.7919515767448813 -4.890006969550464 1.5977118631805562
14457 11053746 1.8790836219204736 -0.6440372632008178 0.6400800000000001 -4.890006969550464 1.5977118631805562
14458 11289096 3.018534070816745 4.580577368462982 0.7919333552533254 -4.890006969550464 1.5977118631805562
14458 11053746 1.8646053081192677 -0.6203844239107348 0.6400800000000001 -4.890006969550464 1.5977118631805562
14458 10995703 -1.4261793621962802 1.687978928669007 0.9448799999999999 -4.890006969550464 1.5977118631805562
14459 11053746 1.8421878027193879 -0.5693728666762422 0.6400800000000001 -4.890006969550464 1.5977118631805562
14459 11289096 3.018952428568673 4.57982228740524 0.7919151337617696 -4.890006969550464 1.5977118631805562
14459 10995703 -1.4663219499993418 1.7134960085259194 0.9448799999999999 -4.890006969550464 1.5977118631805562
14460 10995703 -1.5099635367785205 1.741618758869481 0.9448799999999999 -2.0372626117500676 0.28971929235950594
14460 11053746 1.820849035071478 -0.5177788210221254 0.6400800000000001 -2.0372626117500676 0.28971929235950594
14460 11289096 3.0193707863206014 4.579067206347499 0.7918969122702137 -2.0372626117500676 0.28971929235950594
14461 11053746 1.8041753282162092 -0.4695771961837577 0.6400800000000001 -2.0372626117500676 0.28971929235950594
14461 11289096 3.0197891440725297 4.578312125289758 0.791878690778658 -2.0372626117500676 0.28971929235950594
14461 10995703 -1.553605123557699 1.7697415092130424 0.9448799999999999 -2.0372626117500676 0.28971929235950594
14462 11053746 1.7875019834251318 -0.4213755520232694 0.6400800000000001 -2.0372626117500676 0.28971929235950594
14462 11289096 3.020207501824458 4.577557044232017 0.7918604692871022 -2.0372626117500676 0.28971929235950594
14462 10995703 -1.6070971719344038 1.8049435193999421 0.92964 -2.0372626117500676 0.28971929235950594
14463 10995703 -1.6605892203111086 1.8401455295868419 0.9144000000000001 -2.0372626117500676 0.28971929235950594
14463 11053746 1.774800253567987 -0.3678119901635659 0.63246 -2.0372626117500676 0.28971929235950594
14463 11289096 3.0206258595763864 4.576801963174275 0.7918422477955464 -2.0372626117500676 0.28971929235950594
14464 11289096 3.0210442173283147 4.576046882116533 0.7918240263039905 -2.0372626117500676 0.28971929235950594
14464 11053746 1.76214292847774 -0.31683288637175744 0.63246 -2.0372626117500676 0.28971929235950594
14464 10995703 -1.7192098076206028 1.8765005151744834 0.9144000000000001 -2.0372626117500676 0.28971929235950594
14465 11289096 3.021462575080243 4.575291801058793 0.7918058048124347 -2.0372626117500676 0.28971929235950594
14465 10995703 -1.7628497964941698 1.9046248216192903 0.9144000000000001 -2.0372626117500676 0.28971929235950594
14465 11053746 1.7522821222860219 -0.2681688379242826 0.63246 -2.0372626117500676 0.28971929235950594
14466 10995703 -1.8064897853677369 1.9327491280640972 0.9144000000000001 -2.0372626117500676 0.28971929235950594
14466 11053746 1.7463792244480558 -0.21717583582581876 0.63246 -2.0372626117500676 0.28971929235950594
14466 11289096 3.0218809328321714 4.574536720001051 0.7917875833208788 -2.0372626117500676 0.28971929235950594
14467 11289096 3.0222992905840997 4.57378163894331 0.791769361829323 -2.0372626117500676 0.28971929235950594
14467 10995703 -1.8442235448207203 1.9574809040323269 0.9144000000000001 -2.0372626117500676 0.28971929235950594
14467 11053746 1.739498198315906 -0.17135395076333296 0.63246 -2.0372626117500676 0.28971929235950594
14468 11053746 1.732193002383298 -0.12574393580729987 0.6400800000000001 -2.0372626117500676 0.28971929235950594
14468 11289096 3.022717648336028 4.573026557885568 0.7917511403377673 -2.0372626117500676 0.28971929235950594
14468 10995703 -1.8938834161535534 1.9889195208383177 0.9144000000000001 -2.0372626117500676 0.28971929235950594
14469 11053746 1.725025954825467 -0.07971168490868571 0.6400800000000001 -2.0372626117500676 0.28971929235950594
14469 11289096 3.0231360060879564 4.572271476827827 0.7917329188462114 -2.0372626117500676 0.28971929235950594
14469 10995703 -1.943222056991144 2.0202534868428166 0.9144000000000001 -2.0372626117500676 0.28971929235950594
14470 11053746 1.7180422208120718 -0.03420652814802472 0.6400800000000001 -2.0372626117500676 0.28971929235950594
14470 11289096 3.0235543638398847 4.571516395770086 0.7917146973546556 -2.0372626117500676 0.28971929235950594
14470 10995703 -2.000027372417845 2.0575368382600123 0.92964 -2.0372626117500676 0.28971929235950594
14471 11289096 3.0239727215918126 4.570761314712344 0.7916964758630998 -2.0372626117500676 0.28971929235950594
14471 10995703 -2.0568326878445458 2.0948201896772085 0.9448799999999999 -2.0372626117500676 0.28971929235950594
14471 11053746 1.716955248581838 0.01521390318790497 0.6400800000000001 -2.0372626117500676 0.28971929235950594
14472 11053746 1.7097889157971373 0.061246104065100115 0.6400800000000001 -2.0372626117500676 0.28971929235950594
14472 11289096 3.024391079343741 4.5700062336546035 0.7916782543715439 -2.0372626117500676 0.28971929235950594
14472 10995703 -2.1122601888592145 2.133055710124879 0.9448799999999999 -2.0372626117500676 0.28971929235950594
14473 11289096 3.0248094370956693 4.569251152596862 0.7916600328799881 -2.0372626117500676 0.28971929235950594
14473 11053746 1.7082398048720684 0.10544372517836931 0.6400800000000001 -2.0372626117500676 0.28971929235950594
14473 10995703 -2.1385008408990345 2.1519253080088943 0.9448799999999999 -2.0372626117500676 0.28971929235950594
14474 11289096 3.0252277948475976 4.568496071539121 0.7916418113884323 -2.0372626117500676 0.28971929235950594
14474 10995703 -2.1853509246126306 2.1824471492459487 0.9448799999999999 -2.0372626117500676 0.28971929235950594
14474 11053746 1.7060196134248524 0.1413325170142544 0.6362700000000001 -2.0372626117500676 0.28971929235950594
14475 11053746 1.7037994219776365 0.17722130885013948 0.63246 -2.0372626117500676 0.28971929235950594
14475 10995703 -2.241537186774595 2.218361758877265 0.9448799999999999 -2.0372626117500676 0.28971929235950594
14475 11289096 3.025646152599526 4.567740990481379 0.7916235898968764 -2.0372626117500676 0.28971929235950594
14476 11289096 3.0260645103514543 4.566985909423638 0.7916053684053207 -2.0372626117500676 0.28971929235950594
14476 10995703 -2.2885358664683544 2.248699451795828 0.9448799999999999 -2.0372626117500676 0.28971929235950594
14476 11053746 1.7013681200572648 0.22170716572970792 0.63246 -2.0372626117500676 0.28971929235950594
14477 11053746 1.6952622654467584 0.28865503828647393 0.6248400000000001 -2.0372626117500676 0.28971929235950594
14477 10995703 -2.338250495975556 2.2796927617167184 0.9448799999999999 -2.0372626117500676 0.28971929235950594
14477 11289096 3.0264828681033826 4.566230828365897 0.7915871469137649 -2.0372626117500676 0.28971929235950594
14478 10995703 -2.3947598515297157 2.313260954468221 0.9448799999999999 -2.0372626117500676 0.28971929235950594
14478 11289096 3.026901225855311 4.565475747308155 0.791568925422209 -2.0372626117500676 0.28971929235950594
14478 11053746 1.6954272049912662 0.3092788520452834 0.6248400000000001 -2.0372626117500676 0.28971929235950594
14479 10995703 -2.441608213101282 2.3437844889944515 0.9448799999999999 -2.0372626117500676 0.28971929235950594
14479 11053746 1.6914326214991031 0.3775232569807505 0.61722 -2.0372626117500676 0.28971929235950594
14479 11289096 3.0273195836072393 4.564720666250414 0.7915507039306532 -2.0372626117500676 0.28971929235950594
14480 11289096 3.0277379413591676 4.563965585192673 0.7915324824390974 -2.0372626117500676 0.28971929235950594
14480 10995703 -2.475537118020032 2.364938596060087 0.9448799999999999 -2.0372626117500676 0.28971929235950594
14480 11053746 1.6897341110358148 0.4049473881384774 0.61722 -2.0372626117500676 0.28971929235950594
14481 11053746 1.6868809023344795 0.46580971324005027 0.61722 -2.0372626117500676 0.28971929235950594
14481 11289096 3.028156299111096 4.563210504134932 0.7915142609475415 -2.0372626117500676 0.28971929235950594
14481 10995703 -2.509466022938782 2.386092703125722 0.9448799999999999 -2.0372626117500676 0.28971929235950594
14482 11289096 3.0285746568630243 4.56245542307719 0.7914960394559857 -2.0372626117500676 0.28971929235950594
14482 11053746 1.6818876992825393 0.5168569847150519 0.6096 -2.0372626117500676 0.28971929235950594
14482 10995703 -2.557177251371084 2.413978499583686 0.9448799999999999 -2.0372626117500676 0.28971929235950594
14483 10995703 -2.6318177920315726 2.458625247354202 0.9448799999999999 -2.0372626117500676 0.28971929235950594
14483 11053746 1.6797752369722319 0.5602752354911703 0.6076950000000001 -2.0372626117500676 0.28971929235950594
14483 11289096 3.0289930146149526 4.561700342019448 0.79147781796443 -2.0372626117500676 0.28971929235950594
14484 11053746 1.6776627746619241 0.6036934862672887 0.60579 -2.0372626117500676 0.28971929235950594
14484 11289096 3.0294113723668805 4.560945260961708 0.7914595964728741 -2.0372626117500676 0.28971929235950594
14484 10995703 -2.6703582040157965 2.4812901212976697 0.9448799999999999 -2.0372626117500676 0.28971929235950594
14485 10995703 -2.7088986160000204 2.5039549952411373 0.9448799999999999 -2.0372626117500676 0.28971929235950594
14485 11053746 1.672623005991547 0.6492946379704541 0.603885 -2.0372626117500676 0.28971929235950594
14485 11289096 3.029829730118809 4.560190179903966 0.7914413749813183 -2.0372626117500676 0.28971929235950594
14486 11053746 1.66758323732117 0.6948957896736193 0.6019800000000001 -2.0372626117500676 0.28971929235950594
14486 10995703 -2.74757018677861 2.5268969089803526 0.9448799999999999 -2.0372626117500676 0.28971929235950594
14486 11289096 3.030248087870737 4.559435098846225 0.7914231534897624 -2.0372626117500676 0.28971929235950594
14487 11053746 1.6616721876606353 0.7295373147336769 0.59436 -2.0372626117500676 0.28971929235950594
14487 11289096 3.0306664456226655 4.558680017788483 0.7914049319982066 -2.0372626117500676 0.28971929235950594
14487 10995703 -2.813882535058898 2.565781805010754 0.9448799999999999 -2.0372626117500676 0.28971929235950594
14488 11053746 1.6552427528083515 0.7750960279714796 0.59436 -2.0372626117500676 0.28971929235950594
14488 11289096 3.031084803374594 4.557924936730743 0.7913867105066508 -2.0372626117500676 0.28971929235950594
14488 10995703 -2.867601731296512 2.5997271127997386 0.9448799999999999 -2.0372626117500676 0.28971929235950594
14489 10995703 -2.9213209275341256 2.633672420588723 0.9448799999999999 -2.0372626117500676 0.28971929235950594
14489 11053746 1.6430976153804149 0.812942261656078 0.58674 -2.0372626117500676 0.28971929235950594
14490 11053746 1.6297750840649523 0.8547947330831498 0.58674 -2.0372626117500676 0.28971929235950594
14490 10995703 -2.9637675299087785 2.6613574307753405 0.9448799999999999 -2.0372626117500676 0.28971929235950594
14491 10995703 -3.0062141322834313 2.689042440961958 0.9448799999999999 -2.0372626117500676 0.28971929235950594
14491 11053746 1.5965910297494672 0.919023452973928 0.58674 -2.0372626117500676 0.28971929235950594
14492 11053746 1.5832787740883978 0.9448678577471937 0.58674 -2.0372626117500676 0.28971929235950594
14492 10995703 -3.03780323687098 2.709200231889126 0.9448799999999999 -2.0372626117500676 0.28971929235950594
14493 11053746 1.55222809166291 0.9816472644231448 0.58674 -2.0372626117500676 0.28971929235950594
14493 10995703 -3.1067858835932736 2.7545718182434977 0.9144000000000001 -2.0372626117500676 0.28971929235950594
14494 11053746 1.522464661298973 1.011493489652703 0.58674 -2.0372626117500676 0.28971929235950594
14494 10995703 -3.153053173472732 2.7871315192144026 0.9144000000000001 -2.0372626117500676 0.28971929235950594
14495 11053746 1.4927012309350358 1.0413397148822614 0.58674 -2.0372626117500676 0.28971929235950594
14495 10995703 -3.21397537055652 2.8248407216807307 0.9144000000000001 -2.0372626117500676 0.28971929235950594
14496 10995703 -3.2145696719539294 2.8230096937454783 0.9141201836065574 -2.0372626117500676 0.28971929235950594
14496 11053746 1.4339290351436542 1.0843139832425805 0.58674 -2.0372626117500676 0.28971929235950594
14497 11053746 1.413469043887064 1.0964306308564706 0.58674 -2.0372626117500676 0.28971929235950594
14497 10995703 -3.2151639733513386 2.8211786658102254 0.9138403672131149 -2.0372626117500676 0.28971929235950594
14498 10995703 -3.215758274748748 2.819347637874973 0.9135605508196722 -2.0372626117500676 0.28971929235950594
14498 11053746 1.393009052630474 1.1085472784703607 0.58674 -2.0372626117500676 0.28971929235950594
14499 11053746 1.328735186608953 1.1455512004351822 0.57912 -2.0372626117500676 0.28971929235950594
14499 10995703 -3.216352576146157 2.81751660993972 0.9132807344262296 -2.0372626117500676 0.28971929235950594
14500 10995703 -3.2169468775435663 2.8156855820044675 0.9130009180327869 -2.0372626117500676 0.28971929235950594
14500 11053746 1.293138196884953 1.1599851240418892 0.57912 -2.0372626117500676 0.28971929235950594
14501 10995703 -3.2175411789409756 2.813854554069215 0.9127211016393444 -2.0372626117500676 0.28971929235950594
14501 11053746 1.2524980362016487 1.175833330207249 0.57912 -2.0372626117500676 0.28971929235950594
14502 11053746 1.2148152467301037 1.1909491945780057 0.57912 -2.0372626117500676 0.28971929235950594
14502 10995703 -3.218135480338385 2.812023526133962 0.9124412852459017 -2.0372626117500676 0.28971929235950594
14503 10995703 -3.218729781735794 2.8101924981987096 0.9121614688524591 -2.0372626117500676 0.28971929235950594
14503 11053746 1.1642448413139639 1.204668457085483 0.57912 -2.0372626117500676 0.28971929235950594
14504 11053746 1.11616842175707 1.2124327970800617 0.57912 -2.0372626117500676 0.28971929235950594
14504 10995703 -3.2193240831332033 2.808361470263457 0.9118816524590165 -2.0372626117500676 0.28971929235950594
14505 10995703 -3.2199183845306125 2.8065304423282043 0.9116018360655739 -2.0372626117500676 0.28971929235950594
14505 11053746 1.0695841298746067 1.2220464638981898 0.57912 -2.0372626117500676 0.28971929235950594
14506 11053746 1.0303674943271484 1.2270332653240308 0.57912 -2.0372626117500676 0.28971929235950594
14506 10995703 -3.2205126859280218 2.804699414392952 0.9113220196721312 -2.0372626117500676 0.28971929235950594
14507 11053746 0.9895027901219414 1.2351290314080625 0.57912 -2.0372626117500676 0.28971929235950594
14507 10995703 -3.221106987325431 2.802868386457699 0.9110422032786887 -2.0372626117500676 0.28971929235950594
14508 10995703 -3.2217012887228402 2.8010373585224464 0.910762386885246 -2.0372626117500676 0.28971929235950594
14508 11053746 0.9474180815163817 1.2381327690702657 0.57912 -2.0372626117500676 0.28971929235950594
14509 11053746 0.8994668679152986 1.2449230459368563 0.57912 -2.0372626117500676 0.28971929235950594
14509 10995703 -3.2222955901202495 2.799206330587194 0.9104825704918034 -2.0372626117500676 0.28971929235950594
14510 10995703 -3.2228898915176587 2.797375302651941 0.9102027540983607 -2.0372626117500676 0.28971929235950594
14510 11053746 0.836424001211397 1.2476495672595365 0.57912 -2.0372626117500676 0.28971929235950594
14511 11053746 0.7959565497061323 1.2515276152670713 0.58674 -2.0372626117500676 0.28971929235950594
14511 10995703 -3.223484192915068 2.7955442747166885 0.9099229377049182 -2.0372626117500676 0.28971929235950594
14512 11053746 0.7749160709596968 1.2550739349744626 0.58674 -2.0372626117500676 0.28971929235950594
14512 10995703 -3.224078494312477 2.7937132467814356 0.9096431213114755 -2.0372626117500676 0.28971929235950594
14513 11053746 0.7538755922132614 1.2586202546818541 0.58674 -2.0372626117500676 0.28971929235950594
14513 10995703 -3.2246727957098864 2.791882218846183 0.9093633049180329 -2.0372626117500676 0.28971929235950594
14514 10995703 -3.2252670971072956 2.7900511909109307 0.9090834885245903 -2.0372626117500676 0.28971929235950594
14514 11053746 0.6900213615564392 1.2643002518060922 0.57912 -2.0372626117500676 0.28971929235950594
14515 10995703 -3.225861398504705 2.7882201629756778 0.9088036721311477 -2.0372626117500676 0.28971929235950594
14515 11053746 0.6516157422647157 1.2663369781798404 0.57912 -2.0372626117500676 0.28971929235950594
14516 10995703 -3.226455699902114 2.7863891350404253 0.908523855737705 -2.0372626117500676 0.28971929235950594
14516 11053746 0.6195072395276863 1.2713395709356177 0.57912 -2.0372626117500676 0.28971929235950594
14517 10995703 -3.2270500012995234 2.784558107105173 0.9082440393442623 -2.0372626117500676 0.28971929235950594
14517 11053746 0.5631583172832406 1.2728153378618818 0.58674 -2.0372626117500676 0.28971929235950594
14518 11053746 0.5264261647563988 1.274539432252853 0.58674 -2.0372626117500676 0.28971929235950594
14518 10995703 -3.2276443026969326 2.78272707916992 0.9079642229508198 -2.0372626117500676 0.28971929235950594
14519 10995703 -3.228238604094342 2.7808960512346674 0.9076844065573771 -2.0372626117500676 0.28971929235950594
14519 11053746 0.48180258620983607 1.2727677312582044 0.58674 -2.0372626117500676 0.28971929235950594
14520 10995703 -3.228832905491751 2.7790650232994145 0.9074045901639345 -2.0372626117500676 0.28971929235950594
14520 11053746 0.4445769198686322 1.2740693632575424 0.59436 -2.0372626117500676 0.28971929235950594
14521 10995703 -3.2294272068891603 2.777233995364162 0.9071247737704919 -2.0372626117500676 0.28971929235950594
14521 11053746 0.4105491525742336 1.2745596083163917 0.59436 -2.0372626117500676 0.28971929235950594
14522 11053746 0.3644524660176216 1.2788779577572051 0.59436 -2.0372626117500676 0.28971929235950594
14522 10995703 -3.2300215082865695 2.7754029674289096 0.9068449573770493 -2.0372626117500676 0.28971929235950594
14523 11053746 0.3173639492325525 1.2774455511725546 0.59436 -2.0372626117500676 0.28971929235950594
14523 10995703 -3.2306158096839788 2.7735719394936567 0.9065651409836066 -2.0372626117500676 0.28971929235950594
14524 10995703 -3.231210111081388 2.771740911558404 0.9062853245901641 -2.0372626117500676 0.28971929235950594
14524 11053746 0.28829837276560494 1.2815718671742702 0.5981700000000001 -2.0372626117500676 0.28971929235950594
14525 10995703 -3.2318044124787972 2.7699098836231513 0.9060055081967214 -2.0372626117500676 0.28971929235950594
14525 11053746 0.25923279629865736 1.2856981831759855 0.6019800000000001 -2.0372626117500676 0.28971929235950594
14526 10995703 -3.2323987138762065 2.768078855687899 0.9057256918032788 -2.0372626117500676 0.28971929235950594
14526 11053746 0.21554285599009304 1.289230766661172 0.6019800000000001 -2.0372626117500676 0.28971929235950594
14527 11053746 0.1577395970467591 1.293054244941695 0.6096 -2.0372626117500676 0.28971929235950594
14527 10995703 -3.2329930152736157 2.7662478277526463 0.9054458754098361 -2.0372626117500676 0.28971929235950594
14528 10995703 -3.233587316671025 2.7644167998173934 0.9051660590163936 -2.0372626117500676 0.28971929235950594
14528 11053746 0.1152530041816715 1.296194062116489 0.6096 -2.0372626117500676 0.28971929235950594
14529 11053746 0.0679526391661841 1.3009077379967167 0.6096 -2.0372626117500676 0.28971929235950594
14529 10995703 -3.234181618068434 2.762585771882141 0.9048862426229509 -2.0372626117500676 0.28971929235950594
14530 10995703 -3.2347759194658434 2.7607547439468885 0.9046064262295083 -2.0372626117500676 0.28971929235950594
14530 11053746 0.02431436002433074 1.299167080384482 0.6096 -2.0372626117500676 0.28971929235950594
14531 10995703 -3.2353702208632527 2.7589237160116356 0.9043266098360657 -2.0372626117500676 0.28971929235950594
14531 11053746 -0.017736716502408933 1.3022821125654958 0.6096 -2.0372626117500676 0.28971929235950594
14532 10995703 -3.235964522260662 2.757092688076383 0.9040467934426231 -2.0372626117500676 0.28971929235950594
14532 11053746 -0.0602234801304844 1.3054229833467466 0.6096 -2.0372626117500676 0.28971929235950594
14533 11053746 -0.10913719814106448 1.313352397130269 0.6096 -2.0372626117500676 0.28971929235950594
14533 10995703 -3.236558823658071 2.75526166014113 0.9037669770491804 -2.0372626117500676 0.28971929235950594
14534 11053746 -0.15479006206950197 1.314958551008141 0.6096 -2.0372626117500676 0.28971929235950594
14534 10995703 -3.2371531250554804 2.7534306322058777 0.9034871606557378 -2.0372626117500676 0.28971929235950594
14535 10995703 -3.2377474264528896 2.751599604270625 0.9032073442622952 -2.0372626117500676 0.28971929235950594
14535 11053746 -0.22231179121676048 1.3230137713731018 0.6096 -2.0372626117500676 0.28971929235950594
14536 10995703 -3.238341727850299 2.7497685763353723 0.9029275278688526 -2.0372626117500676 0.28971929235950594
14536 11053746 -0.24064799659223057 1.3253284032977506 0.6096 -2.0372626117500676 0.28971929235950594
14537 10995703 -3.238936029247708 2.74793754840012 0.9026477114754099 -2.0372626117500676 0.28971929235950594
14537 11053746 -0.25898420196770067 1.3276430352223996 0.6096 -2.0372626117500676 0.28971929235950594
14538 10995703 -3.2395303306451173 2.746106520464867 0.9023678950819674 -2.0372626117500676 0.28971929235950594
14538 11053746 -0.3014711347774668 1.3307853560205145 0.6096 -2.0372626117500676 0.28971929235950594
14539 10995703 -3.2401246320425265 2.7442754925296144 0.9020880786885247 -2.0372626117500676 0.28971929235950594
14539 11053746 -0.3504884512819435 1.3383997883729737 0.6019800000000001 -2.0372626117500676 0.28971929235950594
14540 11053746 -0.38963677632161553 1.3436055747154525 0.6019800000000001 -2.0372626117500676 0.28971929235950594
14540 10995703 -3.2407189334399362 2.742444464594362 0.901808262295082 -2.0372626117500676 0.28971929235950594
14541 11053746 -0.45296616753875196 1.348189166475748 0.6019800000000001 -2.0372626117500676 0.28971929235950594
14541 10995703 -3.2413132348373455 2.740613436659109 0.9015284459016395 -2.0372626117500676 0.28971929235950594
14542 11053746 -0.4905462924011168 1.351130202515478 0.6019800000000001 -2.0372626117500676 0.28971929235950594
14542 10995703 -3.2419075362347547 2.7387824087238566 0.9012486295081968 -2.0372626117500676 0.28971929235950594
14543 11053746 -0.5318926243591429 1.3593921796173047 0.59436 -2.0372626117500676 0.28971929235950594
14543 10995703 -3.242501837632164 2.736951380788604 0.9009688131147542 -2.0372626117500676 0.28971929235950594
14544 10995703 -3.243096139029573 2.735120352853351 0.9006889967213115 -2.0372626117500676 0.28971929235950594
14544 11053746 -0.583252379110512 1.3639185734510693 0.59436 -2.0372626117500676 0.28971929235950594
14545 10995703 -3.2436904404269824 2.7332893249180987 0.900409180327869 -2.0372626117500676 0.28971929235950594
14545 11053746 -0.6233886754715987 1.3674624758540437 0.59436 -2.0372626117500676 0.28971929235950594
14546 10848262 0.22467514317440074 0.005078799126758543 0.24384 -2.0372626117500676 0.28971929235950594
14546 10995703 -3.2442847418243916 2.731458296982846 0.9001293639344263 -2.0372626117500676 0.28971929235950594
14546 11053746 -0.672501197897456 1.3720725016413442 0.58674 -2.0372626117500676 0.28971929235950594
14547 10848262 0.2565663270020961 0.007273963736340358 0.25908 -2.0372626117500676 0.28971929235950594
14547 10995703 -3.244879043221801 2.7296272690475933 0.8998495475409837 -2.0372626117500676 0.28971929235950594
14547 11053746 -0.7150229318315602 1.3751117585497477 0.58674 -2.0372626117500676 0.28971929235950594
14548 11053746 -0.7623238683896554 1.3798309916807063 0.57912 -2.0372626117500676 0.28971929235950594
14548 10848262 0.28845751082979143 0.009469128345922173 0.27432 -2.0372626117500676 0.28971929235950594
14548 10995703 -3.24547334461921 2.727796241112341 0.8995697311475411 -2.0372626117500676 0.28971929235950594
14549 10848262 0.3208735818197309 0.008922770751034273 0.27432 -2.0372626117500676 0.28971929235950594
14549 11053746 -0.8095903187639446 1.384656090434011 0.57912 -2.0372626117500676 0.28971929235950594
14549 10995703 -3.2460676460166193 2.725965213177088 0.8992899147540985 -2.0372626117500676 0.28971929235950594
14550 10848262 0.3532896528096704 0.008376413156146373 0.27432 -2.0372626117500676 0.28971929235950594
14550 10995703 -3.2466619474140286 2.7241341852418355 0.8990100983606558 -2.0372626117500676 0.28971929235950594
14550 11053746 -0.8520776421671308 1.387801720526201 0.5715 -2.0372626117500676 0.28971929235950594
14551 11053746 -0.9313674101134777 1.3924681708333522 0.5715 -2.0372626117500676 0.28971929235950594
14551 10848262 0.3861893363181206 0.010125625925428233 0.27432 -2.0372626117500676 0.28971929235950594
14551 10995703 -3.247256248811438 2.722303157306583 0.8987302819672132 -2.0372626117500676 0.28971929235950594
14552 11053746 -0.9683936273437028 1.398735629297317 0.56388 -2.0372626117500676 0.28971929235950594
14552 10848262 0.4226152977988973 0.005815817451455166 0.27432 -2.0372626117500676 0.28971929235950594
14552 10995703 -3.247850550208847 2.72047212937133 0.8984504655737706 -2.0372626117500676 0.28971929235950594
14553 10995703 -3.2484448516062563 2.7186411014360776 0.898170649180328 -2.0372626117500676 0.28971929235950594
14553 10848262 0.45599635229773716 0.007408017454371543 0.27432 -2.0372626117500676 0.28971929235950594
14553 11053746 -1.012789917762037 1.3971319583833486 0.56388 -2.0372626117500676 0.28971929235950594
14554 10995703 -3.2490391530036655 2.7168100735008247 0.8978908327868853 -2.0372626117500676 0.28971929235950594
14554 10848262 0.49055559581029046 0.005811467118565297 0.27432 -2.0372626117500676 0.28971929235950594
14554 11053746 -1.045566992316154 1.3995565664365852 0.56388 -2.0372626117500676 0.28971929235950594
14555 11053746 -1.0783440668702708 1.401981174489822 0.56388 -2.0372626117500676 0.28971929235950594
14555 10995703 -3.2496334544010748 2.7149790455655722 0.8976110163934428 -2.0372626117500676 0.28971929235950594
14555 10848262 0.5259426435907257 0.006748447660881007 0.27432 -2.0372626117500676 0.28971929235950594
14556 10848262 0.5610754932422993 0.005548917259321384 0.27432 -2.0372626117500676 0.28971929235950594
14556 11053746 -1.1285616822510443 1.4032168390636857 0.56388 -2.0372626117500676 0.28971929235950594
14557 10848262 0.5947682084742465 0.009726904629236643 0.27432 -2.0372626117500676 0.28971929235950594
14557 11053746 -1.1657095447609256 1.4036831463724193 0.55626 -2.0372626117500676 0.28971929235950594
14558 11053746 -1.2166095159722057 1.4001184882264666 0.55626 -2.0372626117500676 0.28971929235950594
14558 10848262 0.6304612351398069 0.006709139279090795 0.28956000000000004 -2.0372626117500676 0.28971929235950594
14559 11053746 -1.2556037313976771 1.4003712638276127 0.55626 -2.0372626117500676 0.28971929235950594
14559 10848262 0.6661542618053672 0.0036913739289449465 0.3048 -2.0372626117500676 0.28971929235950594
14560 10848262 0.7040286185063799 0.003816424585289427 0.3048 -2.0372626117500676 0.28971929235950594
14560 11053746 -1.3158139783236347 1.3873507201348365 0.54864 -2.0372626117500676 0.28971929235950594
14561 10848262 0.7393351215417218 0.004780687980117271 0.3048 -2.0372626117500676 0.28971929235950594
14561 11053746 -1.3543530493675637 1.3754205947991889 0.54864 -2.0372626117500676 0.28971929235950594
14562 11053746 -1.3916612653221903 1.357479683308523 0.54864 -2.0372626117500676 0.28971929235950594
14562 10848262 0.7759645217045408 0.004086271126802606 0.3048 -2.0372626117500676 0.28971929235950594
14563 11053746 -1.425769714101224 1.3403616547917891 0.54864 -2.0372626117500676 0.28971929235950594
14563 10848262 0.8125939218673598 0.0033918542734879403 0.3048 -2.0372626117500676 0.28971929235950594
14564 10848262 0.8500900719830702 0.003991667908918403 0.3048 -2.0372626117500676 0.28971929235950594
14564 11053746 -1.4690706452608226 1.3070889589598538 0.54102 -2.0372626117500676 0.28971929235950594
14565 11053746 -1.4869087768765545 1.2858172138507076 0.54102 -2.0372626117500676 0.28971929235950594
14565 10848262 0.8875608821409057 0.001796104124876144 0.3048 -2.0372626117500676 0.28971929235950594
14566 11053746 -1.5047469084922864 1.2645454687415614 0.54102 -2.0372626117500676 0.28971929235950594
14566 10848262 0.9233485898347603 0.002603978006359031 0.33528 -2.0372626117500676 0.28971929235950594
14567 10848262 0.9603491277417355 0.0003287671282577592 0.33528 -2.0372626117500676 0.28971929235950594
14567 11053746 -1.525893089956113 1.2338402526912482 0.54102 -2.0372626117500676 0.28971929235950594
14568 10848262 0.9979813054498621 -0.0006922047813251106 0.33528 -2.0372626117500676 0.28971929235950594
14568 11053746 -1.5514212538011598 1.192183422851813 0.5334 -2.0372626117500676 0.28971929235950594
14569 11053746 -1.5656079463435908 1.16130474877791 0.5334 -2.0372626117500676 0.28971929235950594
14569 10848262 1.0356134831579886 -0.0017131766909079804 0.33528 -2.0372626117500676 0.28971929235950594
14570 10848262 1.0703213286920126 -0.00312199770393079 0.36576 -2.0372626117500676 0.28971929235950594
14570 11053746 -1.5771003544346545 1.1302457535055717 0.5334 -2.0372626117500676 0.28971929235950594
14571 11053746 -1.589313076688953 1.0725491003532446 0.5334 -2.0372626117500676 0.28971929235950594
14571 10848262 1.1016058671263924 0.0018448492476892397 0.36576 -2.0372626117500676 0.28971929235950594
14572 11053746 -1.6011395641632171 1.0401973100155242 0.52578 -2.0372626117500676 0.28971929235950594
14572 10848262 1.1455741532272483 -0.004925440223730315 0.36576 -2.0372626117500676 0.28971929235950594
14573 10848262 1.1837688286707968 -0.004902686710675397 0.36576 -2.0372626117500676 0.28971929235950594
14573 11053746 -1.6072258422325836 1.0042151577995484 0.52578 -2.0372626117500676 0.28971929235950594
14574 11053746 -1.614384361611388 0.9633259521395992 0.5181600000000001 -2.0372626117500676 0.28971929235950594
14574 10848262 1.2224522616541578 -0.01017970301075291 0.36576 -2.0372626117500676 0.28971929235950594
14575 11053746 -1.6154382003704482 0.9261649569581785 0.5181600000000001 -2.0372626117500676 0.28971929235950594
14575 10848262 1.259521483032491 -0.012242230793211795 0.39624000000000004 -2.0372626117500676 0.28971929235950594
14576 11053746 -1.6164574110985577 0.8891094923958569 0.5181600000000001 -2.0372626117500676 0.28971929235950594
14576 10848262 1.2864380688623744 -0.0059646188049650994 0.39624000000000004 -2.0372626117500676 0.28971929235950594
14577 11053746 -1.6185682100415357 0.8500743210189702 0.51054 -2.0372626117500676 0.28971929235950594
14577 10848262 1.326638640364255 -0.006596417561677545 0.39624000000000004 -2.0372626117500676 0.28971929235950594
14578 10848262 1.3639083172028266 -0.008723832707771488 0.39624000000000004 -2.0372626117500676 0.28971929235950594
14578 11053746 -1.616999601686046 0.8385782316763432 0.51054 -2.0372626117500676 0.28971929235950594
14579 10848262 1.4011779940413982 -0.010851247853865431 0.39624000000000004 -2.0372626117500676 0.28971929235950594
14579 11053746 -1.6181677016071814 0.777444051973212 0.50292 -2.0372626117500676 0.28971929235950594
14580 11053746 -1.6191459739286924 0.7438610089068148 0.50038 -2.0372626117500676 0.28971929235950594
14580 10848262 1.4393378448204845 -0.010932679029763442 0.39624000000000004 -2.0372626117500676 0.28971929235950594
14581 10848262 1.4771998338486203 -0.010566067540160817 0.41148000000000007 -2.0372626117500676 0.28971929235950594
14581 11053746 -1.6201242462502032 0.7102779658404178 0.49784 -2.0372626117500676 0.28971929235950594
14582 11053746 -1.6211025185717143 0.6766949227740207 0.4953 -2.0372626117500676 0.28971929235950594
14582 10848262 1.515061822876756 -0.010199456050558192 0.42672000000000004 -2.0372626117500676 0.28971929235950594
14583 11053746 -1.6162068801990854 0.6373542673296331 0.48768 -2.0372626117500676 0.28971929235950594
14583 10848262 1.5556633025980504 -0.010961007849427593 0.42672000000000004 -2.0372626117500676 0.28971929235950594
14584 11053746 -1.6179717010564076 0.5993744492113466 0.48768 -2.0372626117500676 0.28971929235950594
14584 10848262 1.5944780267128904 -0.009035938679990377 0.42672000000000004 -2.0372626117500676 0.28971929235950594
14585 10848262 1.6331843202156675 -0.013967814398072542 0.42672000000000004 -2.0372626117500676 0.28971929235950594
14585 11053746 -1.615500791359209 0.5553355395947962 0.48768 -2.0372626117500676 0.28971929235950594
14586 10848262 1.671815861103421 -0.011515239827548762 0.42672000000000004 -2.0372626117500676 0.28971929235950594
14586 11053746 -1.6131128376722297 0.5381968981503734 0.48387 -2.0372626117500676 0.28971929235950594
14587 11053746 -1.6107248839852504 0.5210582567059506 0.48006 -2.0372626117500676 0.28971929235950594
14587 10848262 1.708622746493189 -0.01097813663382477 0.44196 -2.0372626117500676 0.28971929235950594
14588 11053746 -1.6081374686550607 0.4733008959473566 0.47624999999999995 -2.0372626117500676 0.28971929235950594
14588 10848262 1.7454296318829567 -0.010441033440100778 0.45720000000000005 -2.0372626117500676 0.28971929235950594
14589 11053746 -1.605550053324871 0.42554353518876253 0.47243999999999997 -2.0372626117500676 0.28971929235950594
14589 10848262 1.7816078790378742 -0.007069863817578875 0.45720000000000005 -2.0372626117500676 0.28971929235950594
14590 11053746 -1.6009504089494786 0.39208349182223473 0.46863 -2.0372626117500676 0.28971929235950594
14590 10848262 1.8195234371666855 -0.0032728506490741216 0.45720000000000005 -2.0372626117500676 0.28971929235950594
14591 11053746 -1.5963507645740862 0.35862344845570693 0.46482000000000007 -2.0372626117500676 0.28971929235950594
14591 10848262 1.8574389952954968 0.0005241625194306321 0.45720000000000005 -2.0372626117500676 0.28971929235950594
14592 11053746 -1.5899671966943572 0.3455525646265951 0.45720000000000005 -2.0372626117500676 0.28971929235950594
14592 10848262 1.892743841344355 0.0014941593798728503 0.45720000000000005 -2.0372626117500676 0.28971929235950594
14593 11053746 -1.5792715227538647 0.29298174968952917 0.44958000000000004 -2.0372626117500676 0.28971929235950594
14593 10848262 1.9317130354386678 0.003896207899952306 0.47244 -2.0372626117500676 0.28971929235950594
14594 10848262 1.9706822295329804 0.0062982564200317614 0.48768 -2.0372626117500676 0.28971929235950594
14594 11053746 -1.5670601851152826 0.26188098782990055 0.44958000000000004 -2.0372626117500676 0.28971929235950594
14595 10848262 2.0067797710877837 0.00969677329412913 0.48768 -2.0372626117500676 0.28971929235950594
14595 11053746 -1.5499427822616345 0.2289419409758063 0.44196 -2.0372626117500676 0.28971929235950594
14596 11053746 -1.5267360940688264 0.18583264920484674 0.43434000000000006 -2.0372626117500676 0.28971929235950594
14596 10848262 2.0429343049819373 0.01272637362913201 0.48768 -2.0372626117500676 0.28971929235950594
14597 10848262 2.079565396150394 0.016944029893439905 0.48768 -2.0372626117500676 0.28971929235950594
14597 11053746 -1.5038455236654016 0.15696436716615844 0.43434000000000006 -2.0372626117500676 0.28971929235950594
14598 10848262 2.1161964873188506 0.0211616861577478 0.48768 -2.0372626117500676 0.28971929235950594
14598 11053746 -1.4840553623560593 0.13436797339612513 0.42672000000000004 -2.0372626117500676 0.28971929235950594
14599 11053746 -1.4661825885727864 0.11975962909584797 0.42291 -2.0372626117500676 0.28971929235950594
14599 10848262 2.1566138577267284 0.020930638249406525 0.48768 -2.0372626117500676 0.28971929235950594
14600 11053746 -1.4483098147895137 0.10515128479557082 0.41910000000000003 -2.0372626117500676 0.28971929235950594
14600 10848262 2.1975013134631682 0.037368406530047776 0.5181600000000001 -2.0372626117500676 0.28971929235950594
14601 11053746 -1.4220371751086658 0.0904246975652232 0.41529000000000005 -2.0372626117500676 0.28971929235950594
14601 10848262 2.2344857862447247 0.039134941935522666 0.5181600000000001 -2.0372626117500676 0.28971929235950594
14602 10848262 2.2714702590262816 0.040901477340997555 0.5181600000000001 -2.0372626117500676 0.28971929235950594
14602 11053746 -1.3957645354278176 0.07569811033487558 0.41148 -2.0372626117500676 0.28971929235950594
14603 10848262 2.3099415793927065 0.04586268648577166 0.5181600000000001 -2.0372626117500676 0.28971929235950594
14603 11053746 -1.3617823708069083 0.0587424598788123 0.41148 -2.0372626117500676 0.28971929235950594
14604 11053746 -1.3220620113731767 0.04575226286079978 0.40386 -2.0372626117500676 0.28971929235950594
14604 10848262 2.348412899759131 0.05082389563054576 0.5181600000000001 -2.0372626117500676 0.28971929235950594
14605 10848262 2.3862275323394355 0.05132701092706424 0.5181600000000001 -2.0372626117500676 0.28971929235950594
14605 11053746 -1.2929413262358895 0.039733867490670954 0.39624000000000004 -2.0372626117500676 0.28971929235950594
14606 10848262 2.4272303054665283 0.052892105294183284 0.5181600000000001 -2.0372626117500676 0.28971929235950594
14606 11053746 -1.2537512321063795 0.03462874060724094 0.38862 -2.0372626117500676 0.28971929235950594
14607 11053746 -1.2225424261260567 0.029563482459457807 0.38862 -2.0372626117500676 0.28971929235950594
14607 10848262 2.466365287365798 0.056352345919742086 0.5334000000000001 -2.0372626117500676 0.28971929235950594
14608 10848262 2.5055002692650676 0.05981258654530089 0.54864 -2.0372626117500676 0.28971929235950594
14608 11053746 -1.195242241639418 0.026127065884184536 0.381 -2.0372626117500676 0.28971929235950594
14609 10848262 2.546103131999909 0.06396214279701451 0.54864 -2.0372626117500676 0.28971929235950594
14609 11053746 -1.157415425263485 0.02228613997544135 0.381 -2.0372626117500676 0.28971929235950594
14610 11053746 -1.126573329154555 0.017458058978028296 0.37338 -2.0372626117500676 0.28971929235950594
14610 10848262 2.58670599473475 0.06811169904872813 0.54864 -2.0372626117500676 0.28971929235950594
14611 11053746 -1.0828921024526228 0.01929742455315539 0.37338 -2.0372626117500676 0.28971929235950594
14611 10848262 2.6280982447068926 0.0697842896279989 0.54864 -2.0372626117500676 0.28971929235950594
14612 10848262 2.666727690038906 0.07224225660128888 0.54864 -2.0372626117500676 0.28971929235950594
14612 11053746 -1.0652471159929764 0.016214713397142283 0.37338 -2.0372626117500676 0.28971929235950594
14613 11053746 -1.0271770441962187 0.014748464019187474 0.37338 -2.0372626117500676 0.28971929235950594
14613 10848262 2.7058858515525297 0.07686415509543573 0.54864 -2.0372626117500676 0.28971929235950594
14614 10848262 2.7466230455440153 0.07653167287810045 0.54864 -2.0372626117500676 0.28971929235950594
14614 11053746 -0.9931226558177644 0.011324095604517942 0.36576 -2.0372626117500676 0.28971929235950594
14615 10848262 2.788600843995613 0.07999982931781854 0.54864 -2.0372626117500676 0.28971929235950594
14615 11053746 -0.9778030201794956 0.010637678821250413 0.36576 -2.0372626117500676 0.28971929235950594
14616 11053746 -0.9624833845412268 0.009951262037982883 0.36576 -2.0372626117500676 0.28971929235950594
14616 10848262 2.829992683247222 0.08167359417430795 0.54864 -2.0372626117500676 0.28971929235950594
14617 10848262 2.871738833609011 0.081713401588945 0.54864 -2.0372626117500676 0.28971929235950594
14617 11053746 -0.9290675462218136 0.010007374257827356 0.35814000000000007 -2.0372626117500676 0.28971929235950594
14618 10848262 2.9134849839707995 0.08175320900358204 0.54864 -2.0372626117500676 0.28971929235950594
14618 11053746 -0.8857688525244238 0.008234202575504307 0.35814000000000007 -2.0372626117500676 0.28971929235950594
14619 11053746 -0.8593057576647858 0.004955909168555622 0.35052000000000005 -2.0372626117500676 0.28971929235950594
14619 10848262 2.9556347297033447 0.08575018701314305 0.54864 -2.0372626117500676 0.28971929235950594
14620 10848262 2.9878647786240666 0.06751945444697224 0.54864 -2.0372626117500676 0.28971929235950594
14620 11053746 -0.8308668388524927 0.0050040681074262905 0.35052000000000005 -2.0372626117500676 0.28971929235950594
14621 10848262 3.0333817130932044 0.06551144604292045 0.57912 -2.0372626117500676 0.28971929235950594
14621 11053746 -0.798786705840572 -0.00011058623323537131 0.34290000000000004 -2.0372626117500676 0.28971929235950594
14622 11053746 -0.7659215205370369 -0.0001073867492547842 0.34290000000000004 -2.0372626117500676 0.28971929235950594
14622 10848262 3.0776703621345085 0.061101057502946005 0.54864 -2.0372626117500676 0.28971929235950594
14623 11053746 -0.7321158979515872 5.581064765067256e-05 0.33528 -2.0372626117500676 0.28971929235950594
14623 10848262 3.119836056029061 0.053587501626676054 0.54864 -2.0372626117500676 0.28971929235950594
14624 11053746 -0.7161190706766167 8.317290944506728e-05 0.33528 -2.0372626117500676 0.28971929235950594
14624 10848262 3.162001749923614 0.0460739457504061 0.54864 -2.0372626117500676 0.28971929235950594
14625 10848262 3.206790249961484 0.033674575417067504 0.54864 -2.0372626117500676 0.28971929235950594
14625 11053746 -0.6712693783841841 0.0014259851860240758 0.33528 -2.0372626117500676 0.28971929235950594
14626 10848262 3.2501167751255386 0.020876713289471965 0.5638799999999999 -2.0372626117500676 0.28971929235950594
14626 11053746 -0.6205441201277 0.00715713593311032 0.32766 -2.0372626117500676 0.28971929235950594
14627 10848262 3.293443300289593 0.008078851161876427 0.57912 -2.0372626117500676 0.28971929235950594
14627 11053746 -0.6039968949678147 0.007238446096049095 0.32766 -2.0372626117500676 0.28971929235950594
14628 11053746 -0.5631941368353695 0.00978810916314185 0.32004000000000005 -2.0372626117500676 0.28971929235950594
14628 10848262 3.3399846697858937 -0.007111184901769013 0.57912 -2.0372626117500676 0.28971929235950594
14629 11053746 -0.5324156168117931 0.01047447129919113 0.32004000000000005 -2.0372626117500676 0.28971929235950594
14629 10848262 3.3817115002371194 -0.02072957630435715 0.57912 -2.0372626117500676 0.28971929235950594
14630 11053746 -0.4970399732573063 0.010008563001446008 0.32004000000000005 -2.0372626117500676 0.28971929235950594
14630 10848262 3.4242459053111167 -0.035954471897477386 0.57912 -2.0372626117500676 0.28971929235950594
14631 11053746 -0.45125027558135744 0.01151263927664889 0.31242000000000003 -2.0372626117500676 0.28971929235950594
14631 10848262 3.466780310385114 -0.05117936749059762 0.57912 -2.0372626117500676 0.28971929235950594
14632 11053746 -0.4232001833988477 0.013091385653707849 0.3048 -2.0372626117500676 0.28971929235950594
14632 10848262 3.5081061796447663 -0.06466606960410062 0.57912 -2.0372626117500676 0.28971929235950594
14633 11053746 -0.3919917852029109 0.008029795192854766 0.3048 -2.0372626117500676 0.28971929235950594
14633 10848262 3.554648030112877 -0.07985468635545992 0.57912 -2.0372626117500676 0.28971929235950594
14634 11053746 -0.3760814475866322 0.007794059427005229 0.30099 -2.0372626117500676 0.28971929235950594
14634 10848262 3.598128064513701 -0.09626324308697645 0.6096 -2.0372626117500676 0.28971929235950594
14635 10848262 3.6322321499169243 -0.1073924269346879 0.6096 -2.0372626117500676 0.28971929235950594
14635 11053746 -0.3601711099703535 0.007558323661155691 0.29718 -2.0372626117500676 0.28971929235950594
14636 10848262 3.678378166868839 -0.1237941387569986 0.6096 -2.0372626117500676 0.28971929235950594
14636 11053746 -0.31127542830108434 0.007697379778124097 0.28956 -2.0372626117500676 0.28971929235950594
14637 11053746 -0.27514893954785413 0.0013791017886960744 0.28956 -2.0372626117500676 0.28971929235950594
14637 10848262 3.724524183820754 -0.1401958505793093 0.6096 -2.0372626117500676 0.28971929235950594
14638 10848262 3.768659168287158 -0.15459749986850282 0.6096 -2.0372626117500676 0.28971929235950594
14638 11053746 -0.24344073963728796 0.003281524368108718 0.28194 -2.0372626117500676 0.28971929235950594
14639 10848262 3.8084942789649765 -0.16993190976445813 0.6096 -2.0372626117500676 0.28971929235950594
14639 11053746 -0.22632238838054497 0.0013076377829530916 0.28194 -2.0372626117500676 0.28971929235950594
14640 10848262 3.848329389642795 -0.18526631966041343 0.6096 -2.0372626117500676 0.28971929235950594
14640 11053746 -0.17680587304853557 0.0033475819921427175 0.27432 -2.0372626117500676 0.28971929235950594
14641 11053746 -0.1439414750507395 0.0033536605214571635 0.2667 -2.0372626117500676 0.28971929235950594
14641 10848262 3.888541619905297 -0.2035268695732281 0.6400800000000001 -2.0372626117500676 0.28971929235950594
14642 10848262 3.931563756780312 -0.22025092267339844 0.6096 -2.0372626117500676 0.28971929235950594
14642 11053746 -0.10616788722435722 0.0047928549597951176 0.25908000000000003 -2.0372626117500676 0.28971929235950594
14643 10848262 3.9804144762565405 -0.22836338006595072 0.6400800000000001 -2.0372626117500676 0.28971929235950594
14643 11053746 -0.0773413620899911 0.003315098014157608 0.25908000000000003 -2.0372626117500676 0.28971929235950594
14644 10848262 4.019754573267616 -0.24902516664535904 0.6400800000000001 -2.0372626117500676 0.28971929235950594
14644 11053746 -0.06367433755153362 0.0016518635028270057 0.25146 -2.0372626117500676 0.28971929235950594
14645 11053746 -0.028044996785864806 0.0033250527635479837 0.24765 -2.0372626117500676 0.28971929235950594
14645 10848262 4.051134613693794 -0.2766681105693227 0.6400800000000001 -2.0372626117500676 0.28971929235950594
14646 11053746 0.007584343979804009 0.004998242024268962 0.24384 -2.0372626117500676 0.28971929235950594
14646 10848262 4.088940111441969 -0.2941420764113589 0.6400800000000001 -2.0372626117500676 0.28971929235950594
14647 11053746 0.038990573860074096 0.0032619075888862814 0.24384 -2.0372626117500676 0.28971929235950594
14647 10848262 4.127740989301824 -0.31672975909776946 0.6400800000000001 -2.0372626117500676 0.28971929235950594
14648 11053746 0.07401749406896826 0.0026401494499807185 0.2413 -2.0372626117500676 0.28971929235950594
14648 10848262 4.167230982573095 -0.33720564843792256 0.6553200000000001 -2.0372626117500676 0.28971929235950594
14649 10848262 4.206720975844365 -0.35768153777807565 0.67056 -2.0372626117500676 0.28971929235950594
14649 11053746 0.10904441427786242 0.0020183913110751557 0.23876 -2.0372626117500676 0.28971929235950594
14650 11053746 0.14407133448675657 0.0013966331721695924 0.23621999999999999 -2.0372626117500676 0.28971929235950594
14650 10848262 4.244043573065584 -0.3799028251201795 0.67056 -2.0372626117500676 0.28971929235950594
14651 11053746 0.1638293443247959 0.0020658246454707263 0.23621999999999999 -2.0372626117500676 0.28971929235950594
14651 10848262 4.2813661702868036 -0.4021241124622833 0.67056 -2.0372626117500676 0.28971929235950594
14652 11053746 0.19294434668833071 0.0028314575588025553 0.23621999999999999 -2.0372626117500676 0.28971929235950594
14652 10848262 4.318197177609115 -0.4214980431396217 0.67056 -2.0372626117500676 0.28971929235950594
14653 10848262 4.351323209942467 -0.4451531566273689 0.67056 -2.0372626117500676 0.28971929235950594
14653 11053746 0.22205934905186553 0.0035970904721343844 0.23621999999999999 -2.0372626117500676 0.28971929235950594
14654 10848262 4.390882995014984 -0.4654167575497251 0.67056 -2.0372626117500676 0.28971929235950594
14654 11053746 0.25530719947585234 0.003421192559589392 0.23621999999999999 -2.0372626117500676 0.28971929235950594
14655 11053746 0.28855504989983916 0.0032452946470444 0.23621999999999999 -2.0372626117500676 0.28971929235950594
14655 10848262 4.4265201817663025 -0.48954011974499057 0.67056 -2.0372626117500676 0.28971929235950594
14656 10848262 4.460965912428322 -0.5118727857506248 0.67056 -2.0372626117500676 0.28971929235950594
14656 11053746 0.3160230583224814 0.0025051161173550718 0.23621999999999999 -2.0372626117500676 0.28971929235950594
14657 11053746 0.34349106674512364 0.0017649375876657436 0.23621999999999999 -2.0372626117500676 0.28971929235950594
14657 10848262 4.495411643090342 -0.534205451756259 0.67056 -2.0372626117500676 0.28971929235950594
14658 11053746 0.36718173853297104 0.002171810319373184 0.23621999999999999 -2.0372626117500676 0.28971929235950594
14658 10848262 4.530946089038926 -0.5586450158927729 0.7010400000000001 -2.0372626117500676 0.28971929235950594
14659 11053746 0.39087241032081843 0.002578683051080624 0.23621999999999999 -2.0372626117500676 0.28971929235950594
14659 10848262 4.5641420965649875 -0.5820879867708 0.7010400000000001 -2.0372626117500676 0.28971929235950594
14660 11053746 0.4145630821086659 0.0029855557827880644 0.23621999999999999 -2.0372626117500676 0.28971929235950594
14660 10848262 4.60057225376956 -0.6037822371049149 0.7010400000000001 -2.0372626117500676 0.28971929235950594
14661 11053746 0.4382537538965133 0.0033924285144955046 0.23621999999999999 -2.0372626117500676 0.28971929235950594
14661 10848262 4.636297052956735 -0.6268229617911614 0.7010400000000001 -2.0372626117500676 0.28971929235950594
14662 11053746 0.4532640582374754 0.0038030012690556253 0.23621999999999999 -2.0372626117500676 0.28971929235950594
14662 10848262 4.672021852143909 -0.6498636864774078 0.7010400000000001 -2.0372626117500676 0.28971929235950594
14663 10848262 4.7073739924293365 -0.6737753665814387 0.7010400000000001 -2.0372626117500676 0.28971929235950594
14663 11053746 0.46827436257843746 0.004213574023615746 0.23621999999999999 -2.0372626117500676 0.28971929235950594
14664 10848262 4.7438048590644994 -0.6954688806485602 0.7010400000000001 -2.0372626117500676 0.28971929235950594
14664 11053746 0.47969092848786515 0.005856973400801865 0.24003 -2.0372626117500676 0.28971929235950594
14665 11053746 0.49110749439729284 0.007500372777987985 0.24384 -2.0372626117500676 0.28971929235950594
14665 10848262 4.779375187434029 -0.719801536793041 0.7010400000000001 -2.0372626117500676 0.28971929235950594
14666 11053746 0.5170995297151105 0.004147223089298838 0.24384 -2.0372626117500676 0.28971929235950594
14666 10848262 4.814945515803558 -0.7441341929375219 0.7010400000000001 -2.0372626117500676 0.28971929235950594
14667 10848262 4.850332859287022 -0.7679395848000159 0.7010400000000001 -2.0372626117500676 0.28971929235950594
14668 10848262 4.887245551421932 -0.7914244124240994 0.71628 -2.0372626117500676 0.28971929235950594
14669 10848262 4.924158243556842 -0.8149092400481831 0.73152 -2.0372626117500676 0.28971929235950594
14670 10848262 4.960194352170818 -0.837815692037506 0.73152 -2.0372626117500676 0.28971929235950594
14671 10848262 4.996230460784795 -0.860722144026829 0.73152 -2.0372626117500676 0.28971929235950594
14672 10848262 5.0318709214495465 -0.8848424693514833 0.73152 -2.0372626117500676 0.28971929235950594
14673 10848262 5.068824701759384 -0.9083394371825648 0.73152 -2.0372626117500676 0.28971929235950594
14674 10848262 5.105778482069223 -0.9318364050136464 0.73152 -2.0372626117500676 0.28971929235950594
14675 10848262 5.141087112242531 -0.9556141787854843 0.73152 -2.0372626117500676 0.28971929235950594
14676 10848262 5.17738244879302 -0.9777277792701112 0.73152 -2.0372626117500676 0.28971929235950594
14677 10848262 5.213815661732307 -0.9994188776548573 0.73152 -2.0372626117500676 0.28971929235950594
14678 10848262 5.250283470043368 -1.021004209348699 0.73152 -2.0372626117500676 0.28971929235950594
14679 10848262 5.287050058447833 -1.0405842545415978 0.73152 -2.0372626117500676 0.28971929235950594
14680 10848262 5.325673496966395 -1.0634559449256613 0.762 -2.0372626117500676 0.28971929235950594
14681 10848262 5.36496854669595 -1.083859729692887 0.762 -2.0372626117500676 0.28971929235950594
14682 10848262 5.404263596425506 -1.1042635144601125 0.762 -2.0372626117500676 0.28971929235950594
14683 10848262 5.4445512247966565 -1.1223040395650603 0.762 -2.0372626117500676 0.28971929235950594
14684 10848262 5.484047304866886 -1.142772684431738 0.762 -2.0372626117500676 0.28971929235950594
14685 10848262 5.525951257286288 -1.1640260448178055 0.762 -2.0372626117500676 0.28971929235950594
14686 10848262 5.567030972204214 -1.1796375150760923 0.762 -2.0372626117500676 0.28971929235950594
14687 10848262 5.6095892002044865 -1.1988843420955515 0.762 -2.0372626117500676 0.28971929235950594
14688 10848262 5.652354089272582 -1.2174974244866161 0.762 -2.0372626117500676 0.28971929235950594
