35454 10608166 1.0923181401172575 0.0019584434496282416 0.35052000000000005 2.5465782646875845 -0.36214911544938266
35455 10608166 1.0502740573444165 0.0027267887280104618 0.35433000000000003 2.5465782646875845 -0.36214911544938266
35456 10608166 1.0082299745715755 0.003495134006392682 0.35814 2.5465782646875845 -0.36214911544938266
35457 10608166 0.9661858917987346 0.004263479284774902 0.36195 2.5465782646875845 -0.36214911544938266
35458 10608166 0.9241418090258936 0.005031824563157122 0.36576 2.5465782646875845 -0.36214911544938266
35459 10608166 0.883585592355964 0.005198857514674615 0.3685309090909091 2.5465782646875845 -0.36214911544938266
35460 10608166 0.8430293756860345 0.005365890466192107 0.3713018181818182 2.5465782646875845 -0.36214911544938266
35461 10608166 0.8024731590161049 0.0055329234177096 0.3740727272727273 2.5465782646875845 -0.36214911544938266
35462 10608166 0.7619169423461754 0.0056999563692270916 0.3768436363636364 2.5465782646875845 -0.36214911544938266
35463 10608166 0.7213607256762458 0.005866989320744584 0.3796145454545455 2.5465782646875845 -0.36214911544938266
35464 10608166 0.6808045090063162 0.006034022272262077 0.38238545454545453 2.5465782646875845 -0.36214911544938266
35465 10608166 0.6402482923363867 0.006201055223779569 0.38515636363636363 2.5465782646875845 -0.36214911544938266
35466 10608166 0.5996920756664571 0.006368088175297061 0.38792727272727273 2.5465782646875845 -0.36214911544938266
35467 10608166 0.5591358589965275 0.006535121126814553 0.39069818181818183 2.5465782646875845 -0.36214911544938266
35468 10608166 0.518579642326598 0.006702154078332046 0.39346909090909093 2.5465782646875845 -0.36214911544938266
35469 10608166 0.47802342565666844 0.006869187029849538 0.39624000000000004 2.5465782646875845 -0.36214911544938266
35470 10608166 0.44871901850451856 0.005521945776537661 0.39624000000000004 2.5465782646875845 -0.36214911544938266
35471 10608166 0.4194146113523687 0.0041747045232257834 0.39624000000000004 2.5465782646875845 -0.36214911544938266
35472 10608166 0.3833411700278512 0.0052149435214836615 0.40386 2.5465782646875845 -0.36214911544938266
35473 10608166 0.33835546890390467 0.003443250555862337 0.40386 2.5465782646875845 -0.36214911544938266
35474 10608166 0.2743526633292268 0.00870456156005725 0.41148 2.5465782646875845 -0.36214911544938266
35475 10608166 0.22250968750989658 0.007013222438004771 0.41148 2.5465782646875845 -0.36214911544938266
35476 10608166 0.1849636800196566 0.009324348141687915 0.41529000000000005 2.5465782646875845 -0.36214911544938266
35477 10608166 0.14741767252941662 0.011635473845371058 0.41910000000000003 2.5465782646875845 -0.36214911544938266
35478 10608166 0.11357873865822987 0.011362535143056601 0.41910000000000003 2.5465782646875845 -0.36214911544938266
35479 10608166 0.06905152612431675 0.00990986300762528 0.41910000000000003 2.5465782646875845 -0.36214911544938266
35480 10608166 0.015572976985649634 0.013135608167715307 0.41910000000000003 2.5465782646875845 -0.36214911544938266
35481 10608166 -0.03554795012019063 0.011618883891837767 0.42672000000000004 2.5465782646875845 -0.36214911544938266
35482 10608166 -0.08379646884669534 0.016173483127314897 0.42672000000000004 2.5465782646875845 -0.36214911544938266
35483 10608166 -0.13426204694644617 0.016662996554127257 0.43434000000000006 2.5465782646875845 -0.36214911544938266
35484 10608166 -0.20397729629193107 0.0207579785570616 0.43434000000000006 2.5465782646875845 -0.36214911544938266
35485 10608166 -0.24911090333609742 0.021257822496346307 0.43434000000000006 2.5465782646875845 -0.36214911544938266
35486 10608166 -0.2767940398378801 0.019441683637652946 0.44196 2.5465782646875845 -0.36214911544938266
35487 10608166 -0.32739396012577515 0.023598179402353286 0.44196 2.5465782646875845 -0.36214911544938266
35488 10608166 -0.39761673389881813 0.02505687175669899 0.44958000000000004 2.5465782646875845 -0.36214911544938266
35489 10608166 -0.446557401069416 0.02586776291447415 0.45720000000000005 2.5465782646875845 -0.36214911544938266
35490 10608166 -0.47335565476510644 0.026216575505321305 0.46101000000000003 2.5465782646875845 -0.36214911544938266
35491 10608166 -0.5001539084607969 0.026565388096168457 0.46482000000000007 2.5465782646875845 -0.36214911544938266
35492 10608166 -0.548900577055258 0.02661250626817288 0.46482000000000007 2.5465782646875845 -0.36214911544938266
35493 10608166 -0.6029949426972239 0.02280025886660339 0.47243999999999997 2.5465782646875845 -0.36214911544938266
35494 10608166 -0.6530257175007137 0.023267841975188525 0.48006 2.5465782646875845 -0.36214911544938266
35495 10608166 -0.7041176803243272 0.01777365561679764 0.48768 2.5465782646875845 -0.36214911544938266
35496 10608166 -0.7456024458936998 0.02128943592128571 0.48768 2.5465782646875845 -0.36214911544938266
35497 10608166 -0.7912717588218696 0.014723841062106363 0.4953 2.5465782646875845 -0.36214911544938266
35498 10608166 -0.8304700420632924 0.011650747636054254 0.4953 2.5465782646875845 -0.36214911544938266
35499 10608166 -0.8806694792841356 0.004814314258804936 0.50292 2.5465782646875845 -0.36214911544938266
35500 10608166 -0.9256575936657703 0.003050623425724236 0.51054 2.5465782646875845 -0.36214911544938266
35501 10608166 -0.9721298794394924 -0.003251435725280999 0.51054 2.5465782646875845 -0.36214911544938266
35502 10608166 -1.0270425998490595 -0.00983100583386945 0.5181600000000001 2.5465782646875845 -0.36214911544938266
35503 10608166 -1.0903889810847869 -0.02101306470346445 0.52578 2.5465782646875845 -0.36214911544938266
35504 10608166 -1.139805767479418 -0.024365133991586713 0.5334 2.5465782646875845 -0.36214911544938266
35505 10608166 -1.1680294482081062 -0.026468803516055323 0.54102 2.5465782646875845 -0.36214911544938266
35506 10608166 -1.2412939875036655 -0.03592524100048125 0.54102 2.5465782646875845 -0.36214911544938266
35507 10608166 -1.2693107335511786 -0.03739521661783188 0.54864 2.5465782646875845 -0.36214911544938266
35508 10608166 -1.3340851179093105 -0.04261713021843852 0.55626 2.5465782646875845 -0.36214911544938266
35509 10608166 -1.3750276057949786 -0.04558457213083636 0.56388 2.5465782646875845 -0.36214911544938266
35510 10608166 -1.4150158433160778 -0.05140501297616293 0.56769 2.5465782646875845 -0.36214911544938266
35511 10608166 -1.4550040808371767 -0.0572254538214895 0.5715 2.5465782646875845 -0.36214911544938266
35512 10608166 -1.4822931448932062 -0.058845019464007525 0.57531 2.5465782646875845 -0.36214911544938266
35513 10608166 -1.5095822089492354 -0.060464585106525554 0.57912 2.5465782646875845 -0.36214911544938266
35514 10608166 -1.5716524973142725 -0.0669195511519323 0.57912 2.5465782646875845 -0.36214911544938266
35515 10608166 -1.622186522313546 -0.07340845762086137 0.58674 2.5465782646875845 -0.36214911544938266
35516 10608166 -1.6680656026329996 -0.0806017391168761 0.58674 2.5465782646875845 -0.36214911544938266
35517 10608166 -1.706609971055607 -0.08166462726454096 0.59436 2.5465782646875845 -0.36214911544938266
35518 10608166 -1.7522476423328952 -0.0881185406850851 0.6019800000000001 2.5465782646875845 -0.36214911544938266
35519 10608166 -1.8044515289628313 -0.09020445538144675 0.6019800000000001 2.5465782646875845 -0.36214911544938266
35520 10608166 -1.8531528015439565 -0.0978756639418348 0.6096 2.5465782646875845 -0.36214911544938266
35521 10608166 -1.8803680455119507 -0.09960572519755276 0.6096 2.5465782646875845 -0.36214911544938266
35522 10608166 -1.9227797203417618 -0.11248861078495312 0.61722 2.5465782646875845 -0.36214911544938266
35523 10608166 -1.9665035756332003 -0.12938198826764216 0.61722 2.5465782646875845 -0.36214911544938266
35524 10608166 -2.024738494952709 -0.15940476816088459 0.6248400000000001 2.5465782646875845 -0.36214911544938266
35525 10608166 -2.061884901643653 -0.19013346362915376 0.63246 2.5465782646875845 -0.36214911544938266
35526 10608166 -2.094147717392736 -0.22222597829524474 0.63246 2.5465782646875845 -0.36214911544938266
35527 10608166 -2.1267636491749835 -0.261914392423953 0.6400800000000001 2.5465782646875845 -0.36214911544938266
35528 10608166 -2.1457215832124965 -0.2921667869363012 0.6438900000000001 2.5465782646875845 -0.36214911544938266
35529 10608166 -2.1646795172500095 -0.32241918144864945 0.6477 2.5465782646875845 -0.36214911544938266
35530 10608166 -2.185239211782009 -0.36897261734459996 0.6477 2.5465782646875845 -0.36214911544938266
35531 10608166 -2.207885523913492 -0.4395552339637456 0.65151 2.5465782646875845 -0.36214911544938266
35532 10608166 -2.214924709232254 -0.4794026960180279 0.6534150000000001 2.5465782646875845 -0.36214911544938266
35533 10608166 -2.221963894551016 -0.5192501580723101 0.65532 2.5465782646875845 -0.36214911544938266
35534 10608166 -2.2258887947443577 -0.5909915227761764 0.6629400000000001 2.5465782646875845 -0.36214911544938266
35535 10608166 -2.227077150378424 -0.6369884345534269 0.6629400000000001 2.5465782646875845 -0.36214911544938266
35536 10608166 -2.22782308771061 -0.6973845693451712 0.6629400000000001 2.5465782646875845 -0.36214911544938266
35537 10608166 -2.2243928376771684 -0.7466449027083545 0.67056 2.5465782646875845 -0.36214911544938266
35538 10608166 -2.2187964562932114 -0.7974316633541058 0.67056 2.5465782646875845 -0.36214911544938266
35539 10608166 -2.21995876563086 -0.8514989100126156 0.67056 2.5465782646875845 -0.36214911544938266
35540 10608166 -2.2108138054902575 -0.9088209997841413 0.67056 2.5465782646875845 -0.36214911544938266
35541 10608166 -2.2041808063441515 -0.9564414616020255 0.6781800000000001 2.5465782646875845 -0.36214911544938266
35542 10608166 -2.1887455370250626 -1.009745344129848 0.6781800000000001 2.5465782646875845 -0.36214911544938266
35543 10608166 -2.16439568224723 -1.0711060379567015 0.6781800000000001 2.5465782646875845 -0.36214911544938266
35544 10608166 -2.1419605661980325 -1.1220256756111118 0.6781800000000001 2.5465782646875845 -0.36214911544938266
35545 10608166 -2.10302476278419 -1.1768234763225667 0.6781800000000001 2.5465782646875845 -0.36214911544938266
35546 10608166 -2.0683425219619638 -1.2201814643609104 0.6858000000000001 2.5465782646875845 -0.36214911544938266
35547 10608166 -2.03195967139189 -1.261057579312886 0.6858000000000001 2.5465782646875845 -0.36214911544938266
35548 10608166 -1.981033131262098 -1.3020166585361388 0.69342 2.5465782646875845 -0.36214911544938266
35549 10608166 -1.9059368641892431 -1.3511137856595237 0.69342 2.5465782646875845 -0.36214911544938266
35550 10608166 -1.854708936466576 -1.3792012084914973 0.7010400000000001 2.5465782646875845 -0.36214911544938266
35551 10608166 -1.8319341348892062 -1.3937766792230406 0.7010400000000001 2.5465782646875845 -0.36214911544938266
35552 10608166 -1.7997805705150292 -1.4061615256183726 0.7010400000000001 2.5465782646875845 -0.36214911544938266
35553 10608166 -1.767627006140852 -1.4185463720137046 0.7010400000000001 2.5465782646875845 -0.36214911544938266
35554 10608166 -1.6874472028393133 -1.444767339828064 0.69342 2.5465782646875845 -0.36214911544938266
35555 10608166 -1.596379575580064 -1.4681216743526893 0.69342 2.5465782646875845 -0.36214911544938266
35556 10608166 -1.5483013188032804 -1.4759568615546144 0.6896100000000001 2.5465782646875845 -0.36214911544938266
35557 10608166 -1.5002230620264967 -1.4837920487565397 0.6858000000000001 2.5465782646875845 -0.36214911544938266
35558 10608166 -1.4058916630391962 -1.5009673156247298 0.6858000000000001 2.5465782646875845 -0.36214911544938266
35559 10608166 -1.3321648059388724 -1.5118716619640726 0.6858000000000001 2.5465782646875845 -0.36214911544938266
35560 10608166 -1.275991861864388 -1.5166853531810032 0.6858000000000001 2.5465782646875845 -0.36214911544938266
35561 10608166 -1.2089635952747606 -1.5279686114763753 0.6858000000000001 2.5465782646875845 -0.36214911544938266
35562 10608166 -1.1405084300115569 -1.534343392738838 0.6781800000000001 2.5465782646875845 -0.36214911544938266
35563 10608166 -1.1028213074353304 -1.5359159995616751 0.6781800000000001 2.5465782646875845 -0.36214911544938266
35564 10608166 -1.0319254589208806 -1.5446065417501338 0.6781800000000001 2.5465782646875845 -0.36214911544938266
35565 10608166 -0.9620827794302846 -1.5510827690402118 0.6858000000000001 2.5465782646875845 -0.36214911544938266
35566 10608166 -0.8974571732002719 -1.555852854513162 0.6781800000000001 2.5465782646875845 -0.36214911544938266
35567 10608166 -0.8246329748267045 -1.5627182833798294 0.6781800000000001 2.5465782646875845 -0.36214911544938266
35568 10608166 -0.7144558334334958 -1.5724463744956976 0.6781800000000001 2.5465782646875845 -0.36214911544938266
35569 10608166 -0.6499107897049672 -1.5771879633487582 0.6781800000000001 2.5465782646875845 -0.36214911544938266
35570 10608166 -0.5840816424763073 -1.5823487106079468 0.67056 2.5465782646875845 -0.36214911544938266
35571 10608166 -0.5190551967880828 -1.587246511086834 0.67056 2.5465782646875845 -0.36214911544938266
35572 10608166 -0.48364482948519094 -1.588305421999871 0.67056 2.5465782646875845 -0.36214911544938266
35573 10608166 -0.4482344621822991 -1.589364332912908 0.67056 2.5465782646875845 -0.36214911544938266
35574 10608166 -0.3796999263251861 -1.5957579843233447 0.67056 2.5465782646875845 -0.36214911544938266
35575 10608166 -0.2863589493698908 -1.6037156987066872 0.6629400000000001 2.5465782646875845 -0.36214911544938266
35576 10608166 -0.22126390596030654 -1.6083996527522124 0.6629400000000001 2.5465782646875845 -0.36214911544938266
35577 10608166 -0.15971894536367226 -1.6065487652448873 0.6629400000000001 2.5465782646875845 -0.36214911544938266
35578 10608166 -0.12407579629549914 -1.6100187205776157 0.6629400000000001 2.5465782646875845 -0.36214911544938266
35579 10608166 -0.05668589528919599 -1.6131146220329493 0.65532 2.5465782646875845 -0.36214911544938266
35580 10608166 0.031613164917325465 -1.614747639846984 0.6477 2.5465782646875845 -0.36214911544938266
35581 10608166 0.0962141776025558 -1.6198515506177409 0.65532 2.5465782646875845 -0.36214911544938266
35582 10608166 0.14158532709868366 -1.6201901322970542 0.65532 2.5465782646875845 -0.36214911544938266
35583 10608166 0.18695647659481152 -1.6205287139763673 0.65532 2.5465782646875845 -0.36214911544938266
35584 10608166 0.2502730507133535 -1.6252116129693917 0.65532 2.5465782646875845 -0.36214911544938266
35585 10608166 0.3088082935483121 -1.628214948875837 0.65532 2.5465782646875845 -0.36214911544938266
35586 10608166 0.36105227778477733 -1.624372473254005 0.65532 2.5465782646875845 -0.36214911544938266
35587 10608166 0.4277972628235242 -1.6297067119875746 0.65532 2.5465782646875845 -0.36214911544938266
35588 10608166 0.4863779818505084 -1.6328403624368435 0.65532 2.5465782646875845 -0.36214911544938266
35589 10608166 0.5660487076343003 -1.637489563942758 0.65532 2.5465782646875845 -0.36214911544938266
35590 10608166 0.6245834472709346 -1.6404902911571677 0.65532 2.5465782646875845 -0.36214911544938266
35591 10608166 0.6760858919385191 -1.6459830927926662 0.6477 2.5465782646875845 -0.36214911544938266
35592 10608166 0.7472020730109447 -1.6485367470600145 0.65532 2.5465782646875845 -0.36214911544938266
35593 10608166 0.8069184793993827 -1.6506369986754812 0.65532 2.5465782646875845 -0.36214911544938266
35594 10608166 0.8622423582002063 -1.6525870281553885 0.65532 2.5465782646875845 -0.36214911544938266
35595 10608166 0.9172682748869918 -1.6540888585401923 0.65532 2.5465782646875845 -0.36214911544938266
35596 10608166 0.9468615078706781 -1.656628881494602 0.65151 2.5465782646875845 -0.36214911544938266
35597 10608166 0.9764547408543645 -1.6591689044490117 0.6477 2.5465782646875845 -0.36214911544938266
35598 10608166 1.0372147389884896 -1.6607904529764033 0.6477 4.6273977947847325 0.15401055295466892
35599 10608166 1.0915180110063174 -1.6620549892541103 0.6477 4.6273977947847325 0.15401055295466892
35600 10608166 1.1719611768879843 -1.6588893361375723 0.6477 4.6273977947847325 0.15401055295466892
35601 10608166 1.214461742210929 -1.6620224649794184 0.6400800000000001 4.6273977947847325 0.15401055295466892
35602 10608166 1.269580788573392 -1.6605148134112715 0.6400800000000001 4.6273977947847325 0.15401055295466892
35603 10608166 1.3261918257888243 -1.6571576090634366 0.6400800000000001 4.6273977947847325 0.15401055295466892
35604 10608166 1.3738332566672382 -1.6554267783800294 0.6400800000000001 4.6273977947847325 0.15401055295466892
35605 10608166 1.4377242101905803 -1.6556144370360488 0.6400800000000001 4.6273977947847325 0.15401055295466892
35606 10608166 1.4988526513124174 -1.6533807812490096 0.6400800000000001 4.6273977947847325 0.15401055295466892
35607 10608166 1.5477542483714104 -1.6532286263727969 0.6400800000000001 4.6273977947847325 0.15401055295466892
35608 10608166 1.6030227130590415 -1.6498983254455648 0.63246 4.6273977947847325 0.15401055295466892
35609 10608166 1.6556737929644603 -1.6505025884001758 0.63246 4.6273977947847325 0.15401055295466892
35610 10608166 1.7066309450210484 -1.645413314131402 0.63246 4.6273977947847325 0.15401055295466892
35611 10608166 1.7560589810133378 -1.6463663200381604 0.63246 4.6273977947847325 0.15401055295466892
35612 10608166 1.79841714506097 -1.646529088923518 0.63246 4.6273977947847325 0.15401055295466892
35613 10608166 1.840775309108602 -1.6466918578088754 0.63246 4.6273977947847325 0.15401055295466892
35614 10608166 1.8877668863200578 -1.6462642836528203 0.62865 4.6273977947847325 0.15401055295466892
35615 10608166 1.9347584635315138 -1.6458367094967652 0.6248400000000001 4.6273977947847325 0.15401055295466892
35616 10608166 1.988727073049616 -1.6475697975518953 0.6248400000000001 4.6273977947847325 0.15401055295466892
35617 10608166 2.037306672632673 -1.6473094528303733 0.6248400000000001 4.6273977947847325 0.15401055295466892
35618 10608166 2.090954052715346 -1.6489369457386522 0.6248400000000001 4.6273977947847325 0.15401055295466892
35619 10608166 2.1414398605483584 -1.6439246724913377 0.61722 4.6273977947847325 0.15401055295466892
35620 10608166 2.2062226605534185 -1.6454485594210924 0.61722 4.6273977947847325 0.15401055295466892
35621 10608166 2.255639828124889 -1.6437080349686652 0.61722 4.6273977947847325 0.15401055295466892
35622 10608166 2.29941093775847 -1.6486516965038998 0.61722 4.6273977947847325 0.15401055295466892
35623 10608166 2.3495380723397963 -1.6485441385186295 0.61722 4.6273977947847325 0.15401055295466892
35624 10608166 2.4119025188551424 -1.6465900748863815 0.6096 4.6273977947847325 0.15401055295466892
35625 10608166 2.464067445058308 -1.6527541409998492 0.6096 4.6273977947847325 0.15401055295466892
35626 10608166 2.5156184473298766 -1.6485544744923486 0.6096 4.6273977947847325 0.15401055295466892
35627 10608166 2.528066296405137 -1.6498724427638054 0.60579 4.6273977947847325 0.15401055295466892
35628 10608166 2.5405141454803974 -1.6511904110352624 0.6019800000000001 4.6273977947847325 0.15401055295466892
35629 10608166 2.6352264218224404 -1.6548869073078325 0.6019800000000001 4.6273977947847325 0.15401055295466892
35630 10608166 2.6807431187370794 -1.6542068908745577 0.6019800000000001 4.6273977947847325 0.15401055295466892
35631 10608166 2.7536584163665765 -1.6498530584577746 0.59436 4.6273977947847325 0.15401055295466892
35632 10608166 2.7925694146684505 -1.6490021770358148 0.59436 4.6273977947847325 0.15401055295466892
35633 10608166 2.8314804129703246 -1.6481512956138549 0.59436 4.6273977947847325 0.15401055295466892
35634 10608166 2.881583430395053 -1.6483828843108725 0.58674 4.6273977947847325 0.15401055295466892
35635 10608166 2.931709452763542 -1.6482712162449322 0.58674 4.6273977947847325 0.15401055295466892
35636 10608166 2.9810554683550343 -1.6483719255105578 0.58674 4.6273977947847325 0.15401055295466892
35637 10608166 3.0644643900038284 -1.6404310305996634 0.58674 4.6273977947847325 0.15401055295466892
35638 10608166 3.1133285399453072 -1.6403736662495108 0.57912 4.6273977947847325 0.15401055295466892
35639 10608166 3.1385701478637333 -1.6378639048613757 0.57912 4.6273977947847325 0.15401055295466892
35640 10608166 3.1638117557821595 -1.6353541434732406 0.57912 4.6273977947847325 0.15401055295466892
35641 10608166 3.2142603690961877 -1.6304398347080544 0.57912 4.6273977947847325 0.15401055295466892
35642 10608166 3.2572579405220328 -1.618421386348535 0.57912 4.6273977947847325 0.15401055295466892
35643 10608166 3.3226444602350087 -1.5963033616969797 0.5715 4.6273977947847325 0.15401055295466892
35644 10608166 3.3662289186700054 -1.5784017149379308 0.5715 4.6273977947847325 0.15401055295466892
35645 10608166 3.3992534243672976 -1.5561197593642366 0.5715 4.6273977947847325 0.15401055295466892
35646 10608166 3.4535710745861268 -1.5107648949877726 0.56388 4.6273977947847325 0.15401055295466892
35647 10608166 3.4683573327017108 -1.499469489604324 0.56388 4.6273977947847325 0.15401055295466892
35648 10608166 3.5011229087440876 -1.4643703688098126 0.56388 4.6273977947847325 0.15401055295466892
35649 10608166 3.53559333041669 -1.410436793693875 0.56388 4.6273977947847325 0.15401055295466892
35650 10608166 3.554543855550322 -1.3673256700653729 0.55626 4.6273977947847325 0.15401055295466892
35651 10608166 3.5649418195569886 -1.3398801729175802 0.5543549999999999 4.6273977947847325 0.15401055295466892
35652 10608166 3.575339783563655 -1.3124346757697878 0.55245 4.6273977947847325 0.15401055295466892
35653 10608166 3.5851591148374027 -1.2704326062416986 0.5505450000000001 4.6273977947847325 0.15401055295466892
35654 10608166 3.59497844611115 -1.2284305367136097 0.54864 4.6273977947847325 0.15401055295466892
35655 10608166 3.609376927860442 -1.1843014011401836 0.54864 4.6273977947847325 0.15401055295466892
35656 10608166 3.617089606591871 -1.1416119592006955 0.54102 4.6273977947847325 0.15401055295466892
35657 10608166 3.624640419404791 -1.1021404110352984 0.54102 4.6273977947847325 0.15401055295466892
35658 10608166 3.6342580677000225 -1.0563345514151663 0.54102 4.6273977947847325 0.15401055295466892
35659 10608166 3.6454531364981175 -1.0220236356469108 0.54102 4.6273977947847325 0.15401055295466892
35660 10608166 3.654974751963457 -0.9601832751738985 0.5334 4.6273977947847325 0.15401055295466892
35661 10608166 3.6609684454508375 -0.9418137443362348 0.5334 4.6273977947847325 0.15401055295466892
35662 10608166 3.6717647796190542 -0.8760672604803764 0.5334 4.6273977947847325 0.15401055295466892
35663 10608166 3.6792704950781747 -0.8356464663142227 0.5334 4.6273977947847325 0.15401055295466892
35664 10608166 3.6847211881518183 -0.8009797702654669 0.5334 4.6273977947847325 0.15401055295466892
35665 10608166 3.6922919847855686 -0.7437593323436964 0.52578 4.6273977947847325 0.15401055295466892
35666 10608166 3.6937178347049326 -0.7223808015089841 0.52578 4.6273977947847325 0.15401055295466892
35667 10608166 3.6951436846242967 -0.7010022706742717 0.52578 4.6273977947847325 0.15401055295466892
35668 10608166 3.698682562240874 -0.6602215867033846 0.5181600000000001 4.6273977947847325 0.15401055295466892
35669 10608166 3.702294230312188 -0.6110541922236726 0.5181600000000001 4.6273977947847325 0.15401055295466892
35670 10608166 3.7006049443103963 -0.5699692892675438 0.5181600000000001 4.6273977947847325 0.15401055295466892
35671 10608166 3.70358280662479 -0.5281878090453568 0.51054 4.6273977947847325 0.15401055295466892
35672 10608166 3.7007240498496508 -0.46347566199010015 0.51054 4.6273977947847325 0.15401055295466892
35673 10608166 3.697781832996263 -0.4300418545065471 0.51054 4.6273977947847325 0.15401055295466892
35674 10608166 3.695624247171496 -0.38658457727600615 0.51054 4.6273977947847325 0.15401055295466892
35675 10608166 3.687856464128685 -0.3505247826483573 0.50292 4.6273977947847325 0.15401055295466892
35676 10608166 3.675154402068898 -0.2996550211861124 0.50292 4.6273977947847325 0.15401055295466892
35677 10608166 3.6616672209129 -0.26044383365933 0.50292 4.6273977947847325 0.15401055295466892
35678 10608166 3.6508189842338705 -0.24090053745463771 0.50292 4.6273977947847325 0.15401055295466892
35679 10608166 3.619567925967454 -0.1870146479137034 0.4953 4.6273977947847325 0.15401055295466892
35680 10608166 3.5951156056644535 -0.1571911447410507 0.4953 4.6273977947847325 0.15401055295466892
35681 10608166 3.5800221386862985 -0.1442639458596208 0.49149 4.6273977947847325 0.15401055295466892
35682 10608166 3.5649286717081434 -0.1313367469781909 0.48768 4.6273977947847325 0.15401055295466892
35683 10608166 3.541595071538679 -0.1116903354027873 0.48768 4.6273977947847325 0.15401055295466892
35684 10608166 3.4927110431070076 -0.08055155548842333 0.48006 4.6273977947847325 0.15401055295466892
35685 10608166 3.4497832681421006 -0.060818119692942624 0.48006 4.6273977947847325 0.15401055295466892
35686 10608166 3.418083634421758 -0.05619658859630475 0.48006 4.6273977947847325 0.15401055295466892
35687 10608166 3.3798075435933637 -0.04288698632259183 0.48006 4.6273977947847325 0.15401055295466892
35688 10608166 3.33893743255694 -0.03480489090083397 0.47243999999999997 4.6273977947847325 0.15401055295466892
35689 10608166 3.29644793082769 -0.03168431165731414 0.47243999999999997 4.6273977947847325 0.15401055295466892
35690 10608166 3.2543251565882967 -0.02879999836953198 0.47243999999999997 4.6273977947847325 0.15401055295466892
35691 10608166 3.2123057141144216 -0.025598727803916616 0.46482000000000007 4.6273977947847325 0.15401055295466892
35692 10608166 3.17455284138879 -0.019934905381993523 0.46482000000000007 4.6273977947847325 0.15401055295466892
35693 10608166 3.147053005905111 -0.019311260085206255 0.46482000000000007 4.6273977947847325 0.15401055295466892
35694 10608166 3.1195531704214323 -0.018687614788418988 0.46482000000000007 4.6273977947847325 0.15401055295466892
35695 10608166 3.0912364902271046 -0.012949342003496206 0.46482000000000007 4.6273977947847325 0.15401055295466892
35696 10608166 3.059360677746791 -0.015394480033905117 0.46482000000000007 4.6273977947847325 0.15401055295466892
35697 10608166 3.026386942644571 -0.01304210133425801 0.46482000000000007 4.6273977947847325 0.15401055295466892
35698 10608166 2.9887117963466023 -0.011491253897126047 0.46482000000000007 4.6273977947847325 0.15401055295466892
35699 10608166 2.9398467810683684 -0.008857480132381107 0.45720000000000005 4.6273977947847325 0.15401055295466892
35700 10608166 2.90301828175782 -0.010152544407409286 0.45720000000000005 4.6273977947847325 0.15401055295466892
35701 10608166 2.873392014321479 -0.008424960022524436 0.45720000000000005 4.6273977947847325 0.15401055295466892
35702 10608166 2.837617904633656 -0.010297546557686915 0.44958000000000004 4.6273977947847325 0.15401055295466892
35703 10608166 2.8098125109540852 -0.011967694342672641 0.44958000000000004 4.6273977947847325 0.15401055295466892
35704 10608166 2.7820071172745147 -0.013637842127658367 0.44958000000000004 4.6273977947847325 0.15401055295466892
35705 10608166 2.745719974943763 -0.01055302423037649 0.44196 4.6273977947847325 0.15401055295466892
35706 10608166 2.728371384705051 -0.01201529015050376 0.44196 4.6273977947847325 0.15401055295466892
35707 10608166 2.684731585205999 -0.013772521051607894 0.44196 4.6273977947847325 0.15401055295466892
35708 10608166 2.6474572295677143 -0.012350844910372832 0.43434000000000006 4.6273977947847325 0.15401055295466892
35709 10608166 2.617244817475898 -0.012416816907261458 0.43434000000000006 4.6273977947847325 0.15401055295466892
35710 10608166 2.5837563109905557 -0.0075580891672923645 0.43434000000000006 4.6273977947847325 0.15401055295466892
35711 10608166 2.546481857155053 -0.006135881475491295 0.42672000000000004 4.6273977947847325 0.15401055295466892
35712 10608166 2.49921135701592 -0.001333039541686315 0.42672000000000004 4.6273977947847325 0.15401055295466892
35713 10608166 2.482895510018238 -0.0012628503227375687 0.42672000000000004 4.6273977947847325 0.15401055295466892
35714 10608166 2.458576273077256 -0.0014999665752783442 0.42672000000000004 4.6273977947847325 0.15401055295466892
35715 10608166 2.4342570361362736 -0.0017370828278191197 0.42672000000000004 4.6273977947847325 0.15401055295466892
35716 10608166 2.4014454073457423 0.0038360327325327737 0.42672000000000004 4.6273977947847325 0.15401055295466892
35717 10608166 2.365374432314542 0.004866191614581711 0.41910000000000003 4.6273977947847325 0.15401055295466892
35718 10608166 2.3227998229419353 0.002295918298426153 0.41910000000000003 4.6273977947847325 0.15401055295466892
35719 10608166 2.284688181431303 0.0038759491059857376 0.41910000000000003 4.6273977947847325 0.15401055295466892
35720 10608166 2.2497710390149823 -0.0010774594607631804 0.41148 4.6273977947847325 0.15401055295466892
35721 10608166 2.212691716939688 0.001217221589365186 0.41148 4.6273977947847325 0.15401055295466892
35722 10608166 2.1663447770445554 -0.0009381631644943267 0.41148 4.6273977947847325 0.15401055295466892
35723 10608166 2.1363042081161217 -0.00047426613307935406 0.41148 4.6273977947847325 0.15401055295466892
35724 10608166 2.0948667098866753 0.0004404367546600729 0.41148 4.6273977947847325 0.15401055295466892
35725 10608166 2.07806915263948 0.000668798588389169 0.40767 4.6273977947847325 0.15401055295466892
35726 10608166 2.0612715953922844 0.000897160422118265 0.40386 4.6273977947847325 0.15401055295466892
35727 10608166 2.0119214386316107 0.0004243267717481125 0.40386 4.6273977947847325 0.15401055295466892
35728 10608166 1.9737981007191217 0.002243359952705054 0.40386 4.6273977947847325 0.15401055295466892
35729 10608166 1.9407639648770991 0.0016996613039843567 0.39624000000000004 4.6273977947847325 0.15401055295466892
35730 10608166 1.9100134422212875 0.003798149817427071 0.39624000000000004 4.6273977947847325 0.15401055295466892
35731 10608166 1.873504381366055 0.0024036017675313492 0.39624000000000004 4.6273977947847325 0.15401055295466892
35732 10608166 1.82900297178918 0.0004652339166103525 0.38862 4.6273977947847325 0.15401055295466892
35733 10608166 1.80100381221795 0.002016063375809729 0.38862 4.6273977947847325 0.15401055295466892
35734 10608166 1.7836764469957402 -0.0007361196936207792 0.38862 4.6273977947847325 0.15401055295466892
35735 10608166 1.7357499798958251 0.0020661348640989563 0.381 4.6273977947847325 0.15401055295466892
35736 10608166 1.7032891151927374 0.001920387475067356 0.37719 4.6273977947847325 0.15401055295466892
35737 10608166 1.6708282504896497 0.0017746400860357558 0.37338 4.6273977947847325 0.15401055295466892
35738 10608166 1.622005193251952 0.0018330545478236204 0.37338 4.6273977947847325 0.15401055295466892
35739 10608166 1.58950972776054 0.001582191522995574 0.37338 4.6273977947847325 0.15401055295466892
35740 10608166 1.5618633239544177 -0.00013554639555714287 0.36576 4.6273977947847325 0.15401055295466892
35741 10608166 1.5431110670660355 0.0009076723131376807 0.36576 4.6273977947847325 0.15401055295466892
35742 10608166 1.5243588101776535 0.0019508910218325043 0.36576 4.6273977947847325 0.15401055295466892
35743 10608166 1.4914964836973799 0.0019370886680730448 0.36576 4.6273977947847325 0.15401055295466892
35744 10608166 1.4433031308130406 0.0012068215844097119 0.35814000000000007 4.6273977947847325 0.15401055295466892
35745 10608166 1.4188741504944546 0.0011840309759717782 0.35814000000000007 4.6273977947847325 0.15401055295466892
35746 10608166 1.3944451701758687 0.0011612403675338445 0.35814000000000007 4.6273977947847325 0.15401055295466892
35747 10608166 1.3680975340568553 0.0016737819595773423 0.35814000000000007 4.6273977947847325 0.15401055295466892
35748 10608166 1.3417498979378417 0.00218632355162084 0.35814000000000007 4.6273977947847325 0.15401055295466892
35749 10608166 1.3154022618188284 0.002698865143664338 0.35814000000000007 4.6273977947847325 0.15401055295466892
35750 10608166 1.289054625699815 0.0032114067357078358 0.35814000000000007 4.6273977947847325 0.15401055295466892
35751 10608166 1.2627069895808016 0.0037239483277513334 0.35814000000000007 4.6273977947847325 0.15401055295466892
35752 10608166 1.236359353461788 0.004236489919794832 0.35814000000000007 4.6273977947847325 0.15401055295466892
35753 10608166 1.2100117173427747 0.0047490315118383294 0.35814000000000007 4.6273977947847325 0.15401055295466892
35754 10608166 1.1872349214028604 0.0038952046556864905 0.35814000000000007 4.6273977947847325 0.15401055295466892
35755 10608166 1.1644581254629462 0.0030413777995346516 0.35814000000000007 4.6273977947847325 0.15401055295466892
35756 10608166 1.141681329523032 0.0021875509433828128 0.35814000000000007 4.6273977947847325 0.15401055295466892
35757 10608166 1.1241046388563984 0.003840749940590943 0.35814000000000007 4.6273977947847325 0.15401055295466892
35758 10608166 1.1134587470585888 0.00469008813711571 0.35814000000000007 4.6273977947847325 0.15401055295466892
35759 10608166 1.1028128552607794 0.005539426333640476 0.35814000000000007 4.6273977947847325 0.15401055295466892
35760 10608166 1.1037256118640397 0.005538770396697491 0.35814000000000007 4.6273977947847325 0.15401055295466892
35761 10608166 1.1046383684673 0.0055381144597545055 0.35814000000000007 4.6273977947847325 0.15401055295466892
35762 10608166 1.1055511250705603 0.00553745852281152 0.35814000000000007 4.6273977947847325 0.15401055295466892
35763 10608166 1.1064638816738206 0.0055368025858685355 0.35814000000000007 4.6273977947847325 0.15401055295466892
35764 10608166 1.1073766382770809 0.00553614664892555 0.35814000000000007 4.6273977947847325 0.15401055295466892
35765 10608166 1.1082893948803412 0.005535490711982565 0.35814000000000007 4.6273977947847325 0.15401055295466892
35766 10608166 1.1092021514836015 0.005534834775039579 0.35814000000000007 4.6273977947847325 0.15401055295466892
35767 10608166 1.1101149080868618 0.005534178838096594 0.35814000000000007 4.6273977947847325 0.15401055295466892
35768 10608166 1.111027664690122 0.005533522901153608 0.35814000000000007 4.6273977947847325 0.15401055295466892
35769 10608166 1.1119404212933823 0.005532866964210623 0.35814000000000007 4.6273977947847325 0.15401055295466892
35770 10608166 1.1128531778966424 0.005532211027267637 0.35814000000000007 4.6273977947847325 0.15401055295466892
35771 10608166 1.1137659344999027 0.005531555090324653 0.35814000000000007 4.6273977947847325 0.15401055295466892
35772 10608166 1.114678691103163 0.005530899153381667 0.35814000000000007 4.6273977947847325 0.15401055295466892
35773 10608166 1.1155914477064233 0.005530243216438682 0.35814000000000007 4.6273977947847325 0.15401055295466892
35774 10608166 1.1165042043096836 0.005529587279495696 0.35814000000000007 4.6273977947847325 0.15401055295466892
35775 10608166 1.1174169609129438 0.005528931342552711 0.35814000000000007 4.6273977947847325 0.15401055295466892
35776 10608166 1.1183297175162041 0.0055282754056097255 0.35814000000000007 4.6273977947847325 0.15401055295466892
35777 10608166 1.1192424741194644 0.00552761946866674 0.35814000000000007 4.6273977947847325 0.15401055295466892
35778 10608166 1.1201552307227247 0.005526963531723755 0.35814000000000007 4.6273977947847325 0.15401055295466892
35779 10608166 1.121067987325985 0.00552630759478077 0.35814000000000007 4.6273977947847325 0.15401055295466892
35780 10608166 1.1219807439292453 0.005525651657837785 0.35814000000000007 4.6273977947847325 0.15401055295466892
35781 10608166 1.1228935005325056 0.005524995720894799 0.35814000000000007 4.6273977947847325 0.15401055295466892
35782 10608166 1.1238062571357659 0.005524339783951814 0.35814000000000007 4.6273977947847325 0.15401055295466892
35783 10608166 1.1247190137390262 0.005523683847008828 0.35814000000000007 4.6273977947847325 0.15401055295466892
35784 10608166 1.1256317703422865 0.005523027910065843 0.35814000000000007 4.6273977947847325 0.15401055295466892
35785 10608166 1.1265445269455467 0.005522371973122857 0.35814000000000007 4.6273977947847325 0.15401055295466892
35786 10608166 1.127457283548807 0.005521716036179873 0.35814000000000007 4.6273977947847325 0.15401055295466892
35787 10608166 1.1283700401520673 0.005521060099236887 0.35814000000000007 4.6273977947847325 0.15401055295466892
35788 10608166 1.1292827967553276 0.005520404162293902 0.35814000000000007 4.6273977947847325 0.15401055295466892
35789 10608166 1.130195553358588 0.005519748225350916 0.35814000000000007 4.6273977947847325 0.15401055295466892
35790 10608166 1.1311083099618482 0.005519092288407931 0.35814000000000007 4.6273977947847325 0.15401055295466892
35791 10608166 1.1320210665651085 0.0055184363514649455 0.35814000000000007 4.6273977947847325 0.15401055295466892
35792 10608166 1.1329338231683685 0.00551778041452196 0.35814000000000007 4.6273977947847325 0.15401055295466892
35793 10608166 1.1338465797716288 0.005517124477578975 0.35814000000000007 4.6273977947847325 0.15401055295466892
35794 10608166 1.1347593363748891 0.00551646854063599 0.35814000000000007 4.6273977947847325 0.15401055295466892
35795 10608166 1.1356720929781494 0.005515812603693005 0.35814000000000007 4.6273977947847325 0.15401055295466892
35796 10608166 1.1365848495814097 0.005515156666750019 0.35814000000000007 4.6273977947847325 0.15401055295466892
35797 10608166 1.13749760618467 0.005514500729807034 0.35814000000000007 4.6273977947847325 0.15401055295466892
35798 10608166 1.1384103627879303 0.005513844792864048 0.35814000000000007 4.6273977947847325 0.15401055295466892
35799 10608166 1.1393231193911906 0.005513188855921063 0.35814000000000007 4.6273977947847325 0.15401055295466892
35800 10608166 1.1402358759944509 0.005512532918978077 0.35814000000000007 4.6273977947847325 0.15401055295466892
35801 10608166 1.1411486325977112 0.005511876982035092 0.35814000000000007 4.6273977947847325 0.15401055295466892
35802 10608166 1.1420613892009714 0.005511221045092107 0.35814000000000007 4.6273977947847325 0.15401055295466892
35803 10608166 1.1429741458042317 0.005510565108149122 0.35814000000000007 4.6273977947847325 0.15401055295466892
35804 10608166 1.143886902407492 0.005509909171206136 0.35814000000000007 4.6273977947847325 0.15401055295466892
35805 10608166 1.1447996590107523 0.005509253234263151 0.35814000000000007 4.6273977947847325 0.15401055295466892
35806 10608166 1.1457124156140126 0.0055085972973201655 0.35814000000000007 4.6273977947847325 0.15401055295466892
35807 10608166 1.146625172217273 0.00550794136037718 0.35814000000000007 4.6273977947847325 0.15401055295466892
35808 10608166 1.1475379288205332 0.005507285423434195 0.35814000000000007 4.6273977947847325 0.15401055295466892
35809 10608166 1.1484506854237935 0.00550662948649121 0.35814000000000007 4.6273977947847325 0.15401055295466892
35810 10608166 1.1493634420270538 0.005505973549548225 0.35814000000000007 4.6273977947847325 0.15401055295466892
35811 10608166 1.150276198630314 0.005505317612605239 0.35814000000000007 4.6273977947847325 0.15401055295466892
35812 10608166 1.1511889552335743 0.005504661675662254 0.35814000000000007 4.6273977947847325 0.15401055295466892
35813 10608166 1.1521017118368344 0.005504005738719268 0.35814000000000007 4.6273977947847325 0.15401055295466892
35814 10608166 1.1530144684400947 0.005503349801776283 0.35814000000000007 4.6273977947847325 0.15401055295466892
35815 10608166 1.153927225043355 0.005502693864833297 0.35814000000000007 4.6273977947847325 0.15401055295466892
35816 10608166 1.1548399816466153 0.005502037927890312 0.35814000000000007 4.6273977947847325 0.15401055295466892
35817 10608166 1.1557527382498756 0.005501381990947327 0.35814000000000007 4.6273977947847325 0.15401055295466892
35818 10608166 1.1566654948531359 0.005500726054004342 0.35814000000000007 4.6273977947847325 0.15401055295466892
35819 10608166 1.1575782514563961 0.005500070117061356 0.35814000000000007 4.6273977947847325 0.15401055295466892
