21897 10520887 0.15542549353372537 0.0035272889357869652 0.24384 -3.5990871737214585 -0.11978598563140697
21898 10520887 0.1778495232110206 0.004201445745817808 0.24384 -3.5990871737214585 -0.11978598563140697
21899 10520887 0.20027355288831583 0.0048756025558486515 0.24384 -3.5990871737214585 -0.11978598563140697
21900 10520887 0.2124301066100548 0.0067440964639872425 0.24384 -3.5990871737214585 -0.11978598563140697
21901 10520887 0.24073887638953462 0.0036843024946328073 0.24384 -3.5990871737214585 -0.11978598563140697
21902 10520887 0.2763504914563413 0.005306239599148582 0.24384 -3.5990871737214585 -0.11978598563140697
21903 10520887 0.31196210652314793 0.006928176703664357 0.24384 -3.5990871737214585 -0.11978598563140697
21904 10520887 0.342837018160342 0.007644952802323773 0.24384 -3.5990871737214585 -0.11978598563140697
21905 10520887 0.3737119297975361 0.00836172890098319 0.24384 -3.5990871737214585 -0.11978598563140697
21906 10520887 0.4049707504882452 0.008894813515806288 0.24384 -3.5990871737214585 -0.11978598563140697
21907 10520887 0.4398749887539023 0.008353578039046794 0.24384 -3.5990871737214585 -0.11978598563140697
21908 10520887 0.4768278980002149 0.006533654168937233 0.24722666666666668 -3.5990871737214585 -0.11978598563140697
21909 10520887 0.5137808072465275 0.004713730298827672 0.25061333333333335 -3.5990871737214585 -0.11978598563140697
21910 10520887 0.5507337164928401 0.002893806428718111 0.254 -3.5990871737214585 -0.11978598563140697
21911 10520887 0.5876866257391528 0.00107388255860855 0.25738666666666665 -3.5990871737214585 -0.11978598563140697
21912 10520887 0.6246395349854653 -0.0007460413115010119 0.26077333333333336 -3.5990871737214585 -0.11978598563140697
21913 10520887 0.661592444231778 -0.002565965181610572 0.26416 -3.5990871737214585 -0.11978598563140697
21914 10520887 0.6985453534780905 -0.004385889051720132 0.26754666666666665 -3.5990871737214585 -0.11978598563140697
21915 10520887 0.7354982627244031 -0.006205812921829694 0.27093333333333336 -3.5990871737214585 -0.11978598563140697
21916 10520887 0.7724511719707158 -0.008025736791939256 0.27432 -3.5990871737214585 -0.11978598563140697
21917 10520887 0.8073391952401372 -0.00956438124113397 0.280416 -3.5990871737214585 -0.11978598563140697
21918 10520887 0.8422272185095587 -0.011103025690328686 0.286512 -3.5990871737214585 -0.11978598563140697
21919 10520887 0.8771152417789801 -0.0126416701395234 0.29260800000000003 -3.5990871737214585 -0.11978598563140697
21920 10520887 0.9120032650484016 -0.014180314588718115 0.298704 -3.5990871737214585 -0.11978598563140697
21921 10520887 0.9468912883178231 -0.01571895903791283 0.3048 -3.5990871737214585 -0.11978598563140697
21922 10520887 0.9782260848926851 -0.017836764021652508 0.3048 -3.5990871737214585 -0.11978598563140697
21923 10520887 1.009560881467547 -0.019954569005392185 0.3048 -3.5990871737214585 -0.11978598563140697
21924 10520887 1.040895678042409 -0.022072373989131863 0.3048 -3.5990871737214585 -0.11978598563140697
21925 10520887 1.072230474617271 -0.02419017897287154 0.3048 -3.5990871737214585 -0.11978598563140697
21926 10520887 1.0933293772532817 -0.02348939302773917 0.3048 -3.5990871737214585 -0.11978598563140697
21927 10520887 1.1305153346958594 -0.026010861948822173 0.310896 -3.5990871737214585 -0.11978598563140697
21928 10520887 1.167701292138437 -0.028532330869905177 0.316992 -3.5990871737214585 -0.11978598563140697
21929 10520887 1.2048872495810148 -0.031053799790988178 0.32308800000000004 -3.5990871737214585 -0.11978598563140697
21930 10520887 1.2420732070235925 -0.033575268712071185 0.32918400000000003 -3.5990871737214585 -0.11978598563140697
21931 10520887 1.2792591644661702 -0.036096737633154186 0.33528 -3.5990871737214585 -0.11978598563140697
21932 10520887 1.3268119004780519 -0.041408225069474905 0.33528 -3.5990871737214585 -0.11978598563140697
21933 10520887 1.354591103312466 -0.042684406293195885 0.33528 -3.5990871737214585 -0.11978598563140697
21934 10520887 1.3823703061468802 -0.043960587516916866 0.33528 -3.5990871737214585 -0.11978598563140697
21935 10520887 1.4275109488009428 -0.04714005767689955 0.33528 -3.5990871737214585 -0.11978598563140697
21936 10520887 1.4586307348273386 -0.047024572007365734 0.33528 -3.5990871737214585 -0.11978598563140697
21937 10520887 1.5116578071140003 -0.0532468348202107 0.33528 -3.5990871737214585 -0.11978598563140697
21938 10520887 1.5404391428605817 -0.0521335582031896 0.36576 -3.5990871737214585 -0.11978598563140697
21939 10520887 1.5821629720269015 -0.054897010872908464 0.36576 -3.5990871737214585 -0.11978598563140697
21940 10520887 1.6147577949960943 -0.06005240530975267 0.36576 -3.5990871737214585 -0.11978598563140697
21941 10520887 1.664723563968359 -0.06585779930323588 0.36576 -3.5990871737214585 -0.11978598563140697
21942 10520887 1.7013348432423143 -0.06660030541150563 0.36576 -3.5990871737214585 -0.11978598563140697
21943 10520887 1.7207751756286003 -0.0675757040627193 0.381 -3.5990871737214585 -0.11978598563140697
21944 10520887 1.740215508014886 -0.06855110271393297 0.39624000000000004 -3.5990871737214585 -0.11978598563140697
21945 10520887 1.7724239460274045 -0.06890670880321323 0.39624000000000004 -3.5990871737214585 -0.11978598563140697
21946 10520887 1.804973532476507 -0.07311189662874387 0.39624000000000004 -3.5990871737214585 -0.11978598563140697
21947 10520887 1.847717134540909 -0.07655736809198047 0.39624000000000004 -3.5990871737214585 -0.11978598563140697
21948 10520887 1.886655316387078 -0.07805890347311603 0.39624000000000004 -3.5990871737214585 -0.11978598563140697
21949 10520887 1.9203876823648103 -0.07972930976816625 0.39624000000000004 -3.5990871737214585 -0.11978598563140697
21950 10520887 1.9580644454932228 -0.08128572588825879 0.39624000000000004 -3.5990871737214585 -0.11978598563140697
21951 10520887 1.9957412086216353 -0.08284214200835133 0.39624000000000004 -3.5990871737214585 -0.11978598563140697
21952 10520887 2.013056065181363 -0.08148722102774858 0.39624000000000004 -3.5990871737214585 -0.11978598563140697
21953 10520887 2.0676338899994704 -0.08295495520098656 0.39624000000000004 -3.5990871737214585 -0.11978598563140697
21954 10520887 2.0982704414138595 -0.08431455412849212 0.42672000000000004 -3.5990871737214585 -0.11978598563140697
21955 10520887 2.1130495962918596 -0.08528552723413008 0.42672000000000004 -3.5990871737214585 -0.11978598563140697
21956 10520887 2.12782875116986 -0.08625650033976803 0.42672000000000004 -3.5990871737214585 -0.11978598563140697
21957 10520887 2.1827369981109577 -0.0905181665334486 0.42672000000000004 -3.5990871737214585 -0.11978598563140697
21958 10520887 2.2136481112658615 -0.0926678677903332 0.42672000000000004 -3.5990871737214585 -0.11978598563140697
21959 10520887 2.2657783178952005 -0.10162914959317776 0.42672000000000004 -3.5990871737214585 -0.11978598563140697
21960 10520887 2.2987876182088023 -0.10387949541602054 0.42672000000000004 -3.9120055756403715 1.278169490544445
21961 10520887 2.339075485787376 -0.10967442324245033 0.42672000000000004 -3.9120055756403715 1.278169490544445
21962 10520887 2.3725398276945775 -0.11732987225569796 0.42672000000000004 -3.9120055756403715 1.278169490544445
21963 10520887 2.406075799133082 -0.12068624298704483 0.42672000000000004 -3.9120055756403715 1.278169490544445
21964 10520887 2.447247419759948 -0.12513363895321308 0.45720000000000005 -3.9120055756403715 1.278169490544445
21965 10520887 2.473875028247495 -0.128570473695701 0.45720000000000005 -3.9120055756403715 1.278169490544445
21966 10520887 2.500502636735042 -0.1320073084381889 0.45720000000000005 -3.9120055756403715 1.278169490544445
21967 10520887 2.5323178963885593 -0.13655358103867646 0.45720000000000005 -3.9120055756403715 1.278169490544445
21968 10520887 2.5720321815647926 -0.1427440153805591 0.45720000000000005 -3.9120055756403715 1.278169490544445
21969 10520887 2.6008886430951166 -0.14819308978731635 0.45720000000000005 -3.9120055756403715 1.278169490544445
21970 10520887 2.6389980237213884 -0.1538591893741106 0.45720000000000005 -3.9120055756403715 1.278169490544445
21971 10520887 2.6794679742272898 -0.16181434397948227 0.48768 -3.9120055756403715 1.278169490544445
21972 10520887 2.712890660793625 -0.16279595562497748 0.48768 -3.9120055756403715 1.278169490544445
21973 10520887 2.7553126432246025 -0.16613115351191257 0.48768 -3.9120055756403715 1.278169490544445
21974 10520887 2.806906232828009 -0.1712919391216053 0.48768 -3.9120055756403715 1.278169490544445
21975 10520887 2.8392171843120124 -0.17132598994342516 0.48768 -3.9120055756403715 1.278169490544445
21976 10520887 2.872207935527296 -0.1657409868531425 0.48768 -3.9120055756403715 1.278169490544445
21977 10520887 2.9093053629175447 -0.15682373571873634 0.48768 -3.9120055756403715 1.278169490544445
21978 10520887 2.944568831081437 -0.14672360622107664 0.48768 -3.9120055756403715 1.278169490544445
21979 10520887 2.95884911336937 -0.13765909407137283 0.48768 -3.9120055756403715 1.278169490544445
21980 10520887 2.9731293956573035 -0.12859458192166903 0.48768 -3.9120055756403715 1.278169490544445
21981 10520887 3.0124366015234534 -0.10474490135036038 0.48768 -3.9120055756403715 1.278169490544445
21982 10520887 3.0338018031520564 -0.07737491819410966 0.48768 -3.9120055756403715 1.278169490544445
21983 10520887 3.057849910990967 -0.049946118352873464 0.5181600000000001 -3.9120055756403715 1.278169490544445
21984 10520887 3.0832267757492966 -0.004844554231093229 0.5181600000000001 -3.9120055756403715 1.278169490544445
21985 10520887 3.0890796285328364 0.02396758184371281 0.5181600000000001 -3.9120055756403715 1.278169490544445
21986 10520887 3.0939676777649683 0.049823800202716845 0.5181600000000001 -3.9120055756403715 1.278169490544445
21987 10520887 3.0988557269971 0.07568001856172088 0.5181600000000001 -3.9120055756403715 1.278169490544445
21988 10520887 3.1052255363835117 0.10607566140544475 0.54864 -3.9120055756403715 1.278169490544445
21989 10520887 3.1096951212249575 0.14153057131108768 0.54864 -3.9120055756403715 1.278169490544445
21990 10520887 3.111816482630478 0.19971339838609034 0.54864 -3.9120055756403715 1.278169490544445
21991 10520887 3.1147749640003344 0.23869880341552582 0.54864 -3.9120055756403715 1.278169490544445
21992 10520887 3.116335479847881 0.25980040991217124 0.54864 -3.9120055756403715 1.278169490544445
21993 10520887 3.1178959956954273 0.2809020164088166 0.54864 -3.9120055756403715 1.278169490544445
21994 10520887 3.123936363744268 0.33476847062554727 0.54864 -3.9120055756403715 1.278169490544445
21995 10520887 3.121486159241864 0.3778557632649444 0.54864 -3.9120055756403715 1.278169490544445
21996 10520887 3.1227359280490647 0.4154131257011894 0.54864 -3.9120055756403715 1.278169490544445
21997 10520887 3.1204130582066503 0.45997753052693113 0.54864 -3.9120055756403715 1.278169490544445
21998 10520887 3.123889127727291 0.5005463397593326 0.54864 -3.9120055756403715 1.278169490544445
21999 10520887 3.114788528427887 0.5597058329506871 0.54864 -3.9120055756403715 1.278169490544445
22000 10520887 3.1119730017839435 0.603847102303097 0.54864 -3.9120055756403715 1.278169490544445
22001 10520887 3.107755501471284 0.6243818048847606 0.54864 -3.9120055756403715 1.278169490544445
22002 10520887 3.1035380011586247 0.6449165074664241 0.54864 -3.9120055756403715 1.278169490544445
22003 10520887 3.089840738828932 0.7035909104259976 0.54864 -3.9120055756403715 1.278169490544445
22004 10520887 3.079110208839456 0.7398026141934976 0.54864 -3.9120055756403715 1.278169490544445
22005 10520887 3.0585912142407903 0.7792098200889095 0.54864 -3.9120055756403715 1.278169490544445
22006 10520887 3.0389577768690392 0.8224166893031967 0.54864 -3.9120055756403715 1.278169490544445
22007 10520887 3.0180355170569158 0.8578672171491307 0.54864 -3.9120055756403715 1.278169490544445
22008 10520887 2.99458581162141 0.8850312099488544 0.54864 -3.9120055756403715 1.278169490544445
22009 10520887 2.9471418556455333 0.9300751081936989 0.54864 -3.9120055756403715 1.278169490544445
22010 10520887 2.925376997492182 0.9558717021652414 0.54864 -3.9120055756403715 1.278169490544445
22011 10520887 2.8939787928881833 0.9766362333852185 0.54864 -3.9120055756403715 1.278169490544445
22012 10520887 2.8736607541555026 0.9886434412069034 0.54864 -3.9120055756403715 1.278169490544445
22013 10520887 2.853342715422822 1.0006506490285882 0.54864 -3.9120055756403715 1.278169490544445
22014 10520887 2.8062408025075785 1.024440060394373 0.54864 -3.9120055756403715 1.278169490544445
22015 10520887 2.7560155869537066 1.0408386448332496 0.54864 -3.9120055756403715 1.278169490544445
22016 10520887 2.6895112432520234 1.057412928166312 0.54864 -3.9120055756403715 1.278169490544445
22017 10520887 2.646189798636698 1.0606939400036102 0.54864 -3.9120055756403715 1.278169490544445
22018 10520887 2.592300329324229 1.0669586873798211 0.54864 -3.9120055756403715 1.278169490544445
22019 10520887 2.517552900139719 1.067534983336301 0.54864 -3.9120055756403715 1.278169490544445
22020 10520887 2.5052227454801703 1.0672973453844734 0.54864 -3.9120055756403715 1.278169490544445
22021 10520887 2.4928925908206216 1.067059707432646 0.54864 -3.9120055756403715 1.278169490544445
22022 10520887 2.393450007993739 1.0670565564004417 0.54864 -3.9120055756403715 1.278169490544445
22023 10520887 2.348059846007331 1.064005566794025 0.54864 -3.9120055756403715 1.278169490544445
22024 10520887 2.3044246309522864 1.062250861231671 0.54864 -3.9120055756403715 1.278169490544445
22025 10520887 2.227931945993773 1.060479336570782 0.54864 -3.9120055756403715 1.278169490544445
22026 10520887 2.2043607190769086 1.0603502562125087 0.54864 -3.9120055756403715 1.278169490544445
22027 10520887 2.180789492160044 1.060221175854235 0.54864 -3.9120055756403715 1.278169490544445
22028 10520887 2.11901711979316 1.0586666003992633 0.54864 -3.9120055756403715 1.278169490544445
22029 10520887 2.0745333819296707 1.0573071058166306 0.54864 -3.9120055756403715 1.278169490544445
22030 10520887 2.0179181042975074 1.0536017052653375 0.54864 -3.9120055756403715 1.278169490544445
22031 10520887 1.951331370605441 1.053620860375254 0.54864 -3.9120055756403715 1.278169490544445
22032 10520887 1.9015400708506494 1.0534117797594535 0.54864 -3.9120055756403715 1.278169490544445
22033 10520887 1.845831410971532 1.0513974726818753 0.54864 -3.9120055756403715 1.278169490544445
22034 10520887 1.81808843987629 1.053449922643084 0.54864 -3.9120055756403715 1.278169490544445
22035 10520887 1.7188883578452872 1.0449647788608223 0.54864 -3.9120055756403715 1.278169490544445
22036 10520887 1.6950825864042018 1.0460236723434653 0.54864 -3.9120055756403715 1.278169490544445
22037 10520887 1.6712768149631168 1.0470825658261083 0.54864 -3.9120055756403715 1.278169490544445
22038 10520887 1.6221042659252878 1.0471404358876004 0.54864 -3.9120055756403715 1.278169490544445
22039 10520887 1.5420968100774655 1.0403319867611858 0.54864 -3.9120055756403715 1.278169490544445
22040 10520887 1.49429779309579 1.0380727425526983 0.54864 -3.9120055756403715 1.278169490544445
22041 10520887 1.4409950410908783 1.0352752926733397 0.54864 -3.9120055756403715 1.278169490544445
22042 10520887 1.3840345486481551 1.0321544403608822 0.54864 -3.9120055756403715 1.278169490544445
22043 10520887 1.3285405857359334 1.0280875599089039 0.54864 -3.9120055756403715 1.278169490544445
22044 10520887 1.2732533810662492 1.0246544643684197 0.54864 -3.9120055756403715 1.278169490544445
22045 10520887 1.2247400037192921 1.019125413902963 0.54864 -3.9120055756403715 1.278169490544445
22046 10520887 1.1961507031944538 1.0177766184038641 0.54864 -3.9120055756403715 1.278169490544445
22047 10520887 1.1675614026696155 1.016427822904765 0.54864 -3.9120055756403715 1.278169490544445
22048 10520887 1.0846988077490771 1.0114913305358881 0.54864 -3.9120055756403715 1.278169490544445
22049 10520887 1.017795278149069 1.0064814558038147 0.54864 -3.9120055756403715 1.278169490544445
22050 10520887 0.9577622125508953 1.004834881910599 0.54864 -3.9120055756403715 1.278169490544445
22051 10520887 0.9251534444683416 1.0028727356864968 0.54864 -3.9120055756403715 1.278169490544445
22052 10520887 0.8344442467414604 0.9943108974708735 0.54864 -3.9120055756403715 1.278169490544445
22053 10520887 0.7840130067978075 0.9867240878257686 0.54864 -3.9120055756403715 1.278169490544445
22054 10520887 0.7292939993610669 0.9796041411732433 0.54864 -3.9120055756403715 1.278169490544445
22055 10520887 0.6985890360116497 0.9787148293642858 0.5638799999999999 -3.9120055756403715 1.278169490544445
22056 10520887 0.6678840726622325 0.9778255175553283 0.57912 -3.9120055756403715 1.278169490544445
22057 10520887 0.616593754623974 0.9716887491929477 0.54864 -3.9120055756403715 1.278169490544445
22058 10520887 0.5414888038857287 0.9646898537690195 0.57912 -3.9120055756403715 1.278169490544445
22059 10520887 0.49303027547529443 0.9587966669220058 0.57912 -3.9120055756403715 1.278169490544445
22060 10520887 0.43886382519561534 0.9550029382062909 0.57912 -3.9120055756403715 1.278169490544445
22061 10520887 0.3873336689921738 0.9505815910370017 0.57912 -3.9120055756403715 1.278169490544445
22062 10520887 0.3361347250965685 0.9450008342816656 0.57912 -3.9120055756403715 1.278169490544445
22063 10520887 0.2803703445201905 0.9374076797953622 0.57912 -3.9120055756403715 1.278169490544445
22064 10520887 0.2183122556690289 0.9309374012904809 0.54864 -3.9120055756403715 1.278169490544445
22065 10520887 0.17686155334293563 0.9284218963097183 0.54864 -3.9120055756403715 1.278169490544445
22066 10520887 0.13541085101684236 0.9259063913289557 0.54864 -3.9120055756403715 1.278169490544445
22067 10520887 0.08018905522863107 0.9226936589319981 0.54864 -3.9120055756403715 1.278169490544445
22068 10520887 0.02893552268948163 0.9207544396517627 0.54864 -3.9120055756403715 1.278169490544445
22069 10520887 -0.04678890465238417 0.9159495527094402 0.54864 -3.9120055756403715 1.278169490544445
22070 10520887 -0.07792862766256281 0.917132999780185 0.54864 -3.9120055756403715 1.278169490544445
22071 10520887 -0.13450543494680156 0.9124953710853217 0.54864 -3.9120055756403715 1.278169490544445
22072 10520887 -0.21105271215636656 0.9108818582948549 0.54864 -3.9120055756403715 1.278169490544445
22073 10520887 -0.24074927798997958 0.9107763252976958 0.54864 -3.9120055756403715 1.278169490544445
22074 10520887 -0.2746766897205535 0.9107689958428906 0.54864 -3.9120055756403715 1.278169490544445
22075 10520887 -0.3086041014511274 0.9107616663880854 0.54864 -3.9120055756403715 1.278169490544445
22076 10520887 -0.3884475095658213 0.9153682120628949 0.54864 -3.9120055756403715 1.278169490544445
22077 10520887 -0.43093673652693076 0.918511260213656 0.54864 -3.9120055756403715 1.278169490544445
22078 10520887 -0.47979298365071665 0.9184787420453783 0.54864 -3.9120055756403715 1.278169490544445
22079 10520887 -0.5553504713237056 0.9318503886720241 0.54864 -3.9120055756403715 1.278169490544445
22080 10520887 -0.6080630434000687 0.9390382148537059 0.5181600000000001 -3.9120055756403715 1.278169490544445
22081 10520887 -0.6340137061137372 0.9465888855165528 0.5181600000000001 -3.9120055756403715 1.278169490544445
22082 10520887 -0.6667541026103475 0.9523874768558638 0.5181600000000001 -3.9120055756403715 1.278169490544445
22083 10520887 -0.6994944991069578 0.9581860681951747 0.5181600000000001 -3.9120055756403715 1.278169490544445
22084 10520887 -0.7748962662941916 0.9774678304082318 0.5181600000000001 -3.9120055756403715 1.278169490544445
22085 10520887 -0.8257709876196497 0.9875614115390788 0.5181600000000001 -3.9120055756403715 1.278169490544445
22086 10520887 -0.8855487107073985 1.003020401102101 0.5181600000000001 -3.9120055756403715 1.278169490544445
22087 10520887 -0.9373115394611331 1.0185460793325019 0.5181600000000001 -3.9120055756403715 1.278169490544445
22088 10520887 -0.9605946865205293 1.0223047504204081 0.5181600000000001 -3.9120055756403715 1.278169490544445
22089 10520887 -1.025921257504388 1.038177610902619 0.5181600000000001 -3.9120055756403715 1.278169490544445
22090 10520887 -1.0776325996293306 1.0484298547579276 0.54864 -3.9120055756403715 1.278169490544445
22091 10520887 -1.0951026243434456 1.05204039019879 0.54864 -3.9120055756403715 1.278169490544445
22092 10520887 -1.1125726490575605 1.0556509256396522 0.54864 -3.9120055756403715 1.278169490544445
22093 10520887 -1.1630328527126401 1.0670135191240602 0.54864 -3.9120055756403715 1.278169490544445
22094 10520887 -1.215735663436922 1.082381461177655 0.5181600000000001 -3.9120055756403715 1.278169490544445
22095 10520887 -1.2525545047501152 1.0909187881625944 0.5181600000000001 -3.9120055756403715 1.278169490544445
22096 10520887 -1.272924948673631 1.0948942573977305 0.5181600000000001 -3.9120055756403715 1.278169490544445
22097 10520887 -1.2932953925971467 1.0988697266328666 0.5181600000000001 -3.9120055756403715 1.278169490544445
22098 10520887 -1.3538645268056249 1.113540220561102 0.5181600000000001 -3.9120055756403715 1.278169490544445
22099 10520887 -1.373119970737107 1.119838557284983 0.5181600000000001 -3.9120055756403715 1.278169490544445
22100 10520887 -1.4274105734037243 1.1303529303461095 0.5181600000000001 -3.9120055756403715 1.278169490544445
22101 10520887 -1.4645847114468349 1.1388907943112774 0.5181600000000001 -3.9120055756403715 1.278169490544445
22102 10520887 -1.5205834457808913 1.1496141306615477 0.5181600000000001 -3.9120055756403715 1.278169490544445
22103 10520887 -1.5559802832532654 1.1581553105248736 0.48768 -3.9120055756403715 1.278169490544445
22104 10520887 -1.6016952873079549 1.167735240347613 0.48768 -3.9120055756403715 1.278169490544445
22105 10520887 -1.644105628903309 1.1792722616799713 0.48768 -3.9120055756403715 1.278169490544445
22106 10520887 -1.663526384556341 1.181536124603577 0.48768 -3.9120055756403715 1.278169490544445
22107 10520887 -1.6829471402093732 1.1837999875271825 0.48768 -3.9120055756403715 1.278169490544445
22108 10520887 -1.7452077431565718 1.1933021244937774 0.48768 -3.9120055756403715 1.278169490544445
22109 10520887 -1.7837466581075392 1.192239848519555 0.48768 -3.9120055756403715 1.278169490544445
22110 10520887 -1.8261244950583906 1.193017921066593 0.48768 -3.9120055756403715 1.278169490544445
22111 10520887 -1.866942575161555 1.1849901456878915 0.48768 -3.9120055756403715 1.278169490544445
22112 10520887 -1.907829851804786 1.1767515132419955 0.48768 -3.9120055756403715 1.278169490544445
22113 10520887 -1.9435074416661073 1.1627190895616242 0.48768 -3.9120055756403715 1.278169490544445
22114 10520887 -1.986820325005364 1.1497828226504392 0.48768 -3.9120055756403715 1.278169490544445
22115 10520887 -2.0208907397997597 1.1284479625727637 0.48768 -3.9120055756403715 1.278169490544445
22116 10520887 -2.0645568678536526 1.0995033100673357 0.45720000000000005 -3.9120055756403715 1.278169490544445
22117 10520887 -2.0840467546659394 1.079298557886525 0.45720000000000005 -3.9120055756403715 1.278169490544445
22118 10520887 -2.103536641478226 1.0590938057057147 0.45720000000000005 -3.9120055756403715 1.278169490544445
22119 10520887 -2.1345843353061795 1.0347838900517852 0.45720000000000005 -3.9120055756403715 1.278169490544445
22120 10520887 -2.1577920467747314 0.9991455588193353 0.45720000000000005 -3.9120055756403715 1.278169490544445
22121 10520887 -2.1774906357285477 0.9728749276943757 0.45720000000000005 -3.9120055756403715 1.278169490544445
22122 10520887 -2.191615849968507 0.9381206290637566 0.45720000000000005 -3.9120055756403715 1.278169490544445
22123 10520887 -2.2099669731920626 0.9075533018259659 0.45720000000000005 -3.9120055756403715 1.278169490544445
22124 10520887 -2.225255259831269 0.8689732226600798 0.45720000000000005 -3.9120055756403715 1.278169490544445
22125 10520887 -2.2442974398909294 0.827064559614673 0.45720000000000005 -3.9120055756403715 1.278169490544445
22126 10520887 -2.253275218490851 0.8050561333116096 0.44196 -3.9120055756403715 1.278169490544445
22127 10520887 -2.2622529970907728 0.7830477070085463 0.42672000000000004 -3.9120055756403715 1.278169490544445
22128 10520887 -2.275906700003226 0.7223168203987984 0.42672000000000004 -3.9120055756403715 1.278169490544445
22129 10520887 -2.2806930841096493 0.6914005742843227 0.42672000000000004 -3.9120055756403715 1.278169490544445
22130 10520887 -2.284857975763697 0.6531535550665198 0.42672000000000004 -3.9120055756403715 1.278169490544445
22131 10520887 -2.2873045634639304 0.5951820740171698 0.42672000000000004 -3.9120055756403715 1.278169490544445
22132 10520887 -2.2903316700604366 0.558782818950583 0.42672000000000004 -3.9120055756403715 1.278169490544445
22133 10520887 -2.2894806880570484 0.5423800679771398 0.42672000000000004 -3.9120055756403715 1.278169490544445
22134 10520887 -2.2886297060536602 0.5259773170036964 0.42672000000000004 -3.9120055756403715 1.278169490544445
22135 10520887 -2.277983674710902 0.47435477659122105 0.42672000000000004 -3.9120055756403715 1.278169490544445
22136 10520887 -2.2730373435392854 0.4406046544401593 0.42672000000000004 -3.9120055756403715 1.278169490544445
22137 10520887 -2.261298009794637 0.4102404102016127 0.42672000000000004 -3.9120055756403715 1.278169490544445
22138 10520887 -2.250434017946807 0.37665735598885164 0.42672000000000004 -3.9120055756403715 1.278169490544445
22139 10520887 -2.2381865602304103 0.3489311995973077 0.42672000000000004 -3.9120055756403715 1.278169490544445
22140 10520887 -2.225685591614436 0.3267306065791051 0.42672000000000004 -3.9120055756403715 1.278169490544445
22141 10520887 -2.2131846229984617 0.3045300135609025 0.42672000000000004 -3.9120055756403715 1.278169490544445
22142 10520887 -2.189482757252252 0.27515960830266273 0.42672000000000004 -3.9120055756403715 1.278169490544445
22143 10520887 -2.1672078865326307 0.25092988104970626 0.42672000000000004 -3.9120055756403715 1.278169490544445
22144 10520887 -2.1425634295733644 0.23258499873913416 0.42672000000000004 -3.9120055756403715 1.278169490544445
22145 10520887 -2.1162528571062156 0.2073857169599935 0.39624000000000004 -3.9120055756403715 1.278169490544445
22146 10520887 -2.081951487522347 0.18027342313284697 0.39624000000000004 -3.9120055756403715 1.278169490544445
22147 10520887 -2.0506241756455283 0.15927532468550884 0.39624000000000004 -3.9120055756403715 1.278169490544445
22148 10520887 -2.042583456649087 0.15127014996165453 0.39624000000000004 -3.9120055756403715 1.278169490544445
22149 10520887 -1.9919632626265595 0.1240776881168186 0.39624000000000004 -3.9120055756403715 1.278169490544445
22150 10520887 -1.9811718346617815 0.11470539343743288 0.39624000000000004 -3.9120055756403715 1.278169490544445
22151 10520887 -1.9360812994252574 0.09504756821155577 0.39624000000000004 -3.9120055756403715 1.278169490544445
22152 10520887 -1.9036465970919318 0.07906271611175272 0.39624000000000004 -3.9120055756403715 1.278169490544445
22153 10520887 -1.8579682220351499 0.0666326808808336 0.381 -3.9120055756403715 1.278169490544445
22154 10520887 -1.812289846978368 0.05420264564991448 0.36576 -3.9120055756403715 1.278169490544445
22155 10520887 -1.7918534626752383 0.05014669004170272 0.36576 -3.9120055756403715 1.278169490544445
22156 10520887 -1.7714170783721086 0.04609073443349096 0.36576 -3.9120055756403715 1.278169490544445
22157 10520887 -1.7460602057435166 0.03779650130749021 0.36576 -3.9120055756403715 1.278169490544445
22158 10520887 -1.6879975701324497 0.029553781079458025 0.36576 -3.9120055756403715 1.278169490544445
22159 10520887 -1.6490095664625526 0.027901024642165345 0.36576 -3.9120055756403715 1.278169490544445
22160 10520887 -1.6109276062125522 0.02619430007934251 0.36576 -3.9120055756403715 1.278169490544445
22161 10520887 -1.5904021369421855 0.02485546980392525 0.36576 -3.9120055756403715 1.278169490544445
22162 10520887 -1.534694762332501 0.02299256012011683 0.36576 -3.9120055756403715 1.278169490544445
22163 10520887 -1.499490485769545 0.02199391575148621 0.36576 -3.9120055756403715 1.278169490544445
22164 10520887 -1.4676210435639934 0.02302081937796749 0.36576 -3.9120055756403715 1.278169490544445
22165 10520887 -1.4483515461633534 0.021508985416018006 0.36576 -3.9120055756403715 1.278169490544445
22166 10520887 -1.4290820487627134 0.019997151454068524 0.36576 -3.9120055756403715 1.278169490544445
22167 10520887 -1.3704861799787522 0.017190755662100904 0.33528 -3.9120055756403715 1.278169490544445
22168 10520887 -1.3317271528987058 0.016198701996105486 0.33528 -3.9120055756403715 1.278169490544445
22169 10520887 -1.29440898042362 0.018949489128309044 0.33528 -3.9120055756403715 1.278169490544445
22170 10520887 -1.2434064267755296 0.014654878273321986 0.33528 -3.9120055756403715 1.278169490544445
22171 10520887 -1.2239319836321905 0.01716585874490059 0.33528 -3.9120055756403715 1.278169490544445
22172 10520887 -1.1816182486679485 0.01618045604608684 0.33528 -3.9120055756403715 1.278169490544445
22173 10520887 -1.1269314543107134 0.015004771493405705 0.33528 -3.9120055756403715 1.278169490544445
22174 10520887 -1.1113313435082555 0.013817442143403719 0.33528 -3.9120055756403715 1.278169490544445
22175 10520887 -1.0957312327057978 0.012630112793401732 0.33528 -3.9120055756403715 1.278169490544445
22176 10520887 -1.0371359435764942 0.009826473101643501 0.33528 -3.9120055756403715 1.278169490544445
22177 10520887 -1.009154144896674 0.011191808275174048 0.33528 -3.9120055756403715 1.278169490544445
22178 10520887 -0.9667285312085003 0.00783430041194419 0.33528 -3.9120055756403715 1.278169490544445
22179 10520887 -0.9356880552246436 0.006330390256112234 0.33528 -3.9120055756403715 1.278169490544445
22180 10520887 -0.9033188309234224 0.0034574566416659402 0.33528 -3.9120055756403715 1.278169490544445
22181 10520887 -0.8710402342030674 0.0016658130822193307 0.33528 -3.9120055756403715 1.278169490544445
22182 10520887 -0.8172124900616269 0.0019415850728087547 0.33528 -3.9120055756403715 1.278169490544445
22183 10520887 -0.7875699510081702 0.00159636528527482 0.33528 -3.9120055756403715 1.278169490544445
22184 10520887 -0.7611068951697197 -0.001681560506606422 0.33528 -3.9120055756403715 1.278169490544445
22185 10520887 -0.7311610562412079 -0.0006457119423962561 0.32512 -3.9120055756403715 1.278169490544445
22186 10520887 -0.701215217312696 0.00039013662181390995 0.31496 -3.9120055756403715 1.278169490544445
22187 10520887 -0.6712693783841841 0.0014259851860240758 0.3048 -3.9120055756403715 1.278169490544445
22188 10520887 -0.635065339139493 0.0034927154243813707 0.3048 -3.9120055756403715 1.278169490544445
22189 10520887 -0.598861299894802 0.005559445662738666 0.3048 -3.9120055756403715 1.278169490544445
22190 10520887 -0.561732241484697 0.0039358327597808496 0.3048 -3.9120055756403715 1.278169490544445
22191 10520887 -0.5146929972181575 0.0049142067150971525 0.3048 -3.9120055756403715 1.278169490544445
22192 10520887 -0.4802923243439088 0.004182956101164731 0.27432 -3.9120055756403715 1.278169490544445
22193 10520887 -0.44812646967559266 0.004766613047698182 0.27432 -3.9120055756403715 1.278169490544445
22194 10520887 -0.4235641938464316 0.004506376727643813 0.27432 -3.9120055756403715 1.278169490544445
22195 10520887 -0.3990019180172706 0.004246140407589444 0.27432 -3.9120055756403715 1.278169490544445
22196 10520887 -0.3663138004818649 -0.000364396208164558 0.27432 -3.9120055756403715 1.278169490544445
22197 10520887 -0.3321656722635318 -0.0011875956723356729 0.27432 -3.9120055756403715 1.278169490544445
22198 10520887 -0.29801754404519865 -0.0020107951365067878 0.27432 -3.9120055756403715 1.278169490544445
22199 10520887 -0.25542508741917214 0.001941574181946376 0.27432 -3.9120055756403715 1.278169490544445
22200 10520887 -0.22150776398084782 -0.00026616693416534054 0.27432 -3.9120055756403715 1.278169490544445
22201 10520887 -0.18852697287795306 0.0014541569879369665 0.24384 -3.9120055756403715 1.278169490544445
22202 10520887 -0.15658130760458477 8.022297588422544e-06 0.24384 -3.9120055756403715 1.278169490544445
22203 10520887 -0.12823468149327183 0.00032278864757058766 0.24384 -3.9120055756403715 1.278169490544445
22204 10520887 -0.09988805538195886 0.0006375549975527528 0.24384 -3.9120055756403715 1.278169490544445
22205 10520887 -0.07154142927064591 0.0009523213475349178 0.24384 -3.9120055756403715 1.278169490544445
22206 10520887 -0.04319480315933295 0.001267087697517083 0.24384 -3.9120055756403715 1.278169490544445
22207 10520887 -0.014848177048019995 0.0015818540474992482 0.24384 -3.9120055756403715 1.278169490544445
22208 10520887 0.014221021983967169 0.0022060746472555757 0.24384 -3.9120055756403715 1.278169490544445
22209 10520887 0.04329022101595433 0.002830295247011903 0.24384 -3.9120055756403715 1.278169490544445
22210 10520887 0.07235942004794149 0.00345451584676823 0.24384 -3.9120055756403715 1.278169490544445
22211 10520887 0.1055557283067271 0.0031195064981897336 0.24384 -3.9120055756403715 1.278169490544445
22212 10520887 0.12499948429998431 -0.0012492195808727624 0.24384 -3.9120055756403715 1.278169490544445
22213 10520887 0.1546554823388087 -0.0024518694653616153 0.24384 -3.9120055756403715 1.278169490544445
22214 10520887 0.1843114803776331 -0.0036545193498504678 0.24384 -3.9120055756403715 1.278169490544445
22215 10520887 0.21396747841645747 -0.00485716923433932 0.24384 -3.9120055756403715 1.278169490544445
22216 10520887 0.22514911127054404 -0.00325417894243632 0.24384 -3.9120055756403715 1.278169490544445
22217 10520887 0.2537376137753432 -0.0013816629710801942 0.24384 -3.9120055756403715 1.278169490544445
22218 10520887 0.26962662918494584 -0.005756559797932437 0.24384 -3.9120055756403715 1.278169490544445
22219 10520887 0.30380135999860625 -0.0017372938863829124 0.24384 -3.9120055756403715 1.278169490544445
22220 10520887 0.3301039992214161 -0.004141128080442591 0.24384 -3.9120055756403715 1.278169490544445
22221 10520887 0.3625665757647011 -0.0040015849302719175 0.24384 -3.9120055756403715 1.278169490544445
22222 10520887 0.38326380841884294 -0.0026309386464258254 0.24384 -3.9120055756403715 1.278169490544445
22223 10520887 0.4039610410729848 -0.0012602923625797333 0.24384 -3.9120055756403715 1.278169490544445
22224 10520887 0.4246582737271266 0.00011035392126635887 0.24384 -3.9120055756403715 1.278169490544445
22225 10520887 0.4453555063812685 0.001481000205112451 0.24384 -3.9120055756403715 1.278169490544445
22226 10520887 0.46605273903541033 0.002851646488958543 0.24384 -3.9120055756403715 1.278169490544445
22227 10520887 0.48674997168955214 0.004222292772804635 0.24384 -3.9120055756403715 1.278169490544445
22228 10520887 0.507447204343694 0.005592939056650727 0.24384 -3.9120055756403715 1.278169490544445
22229 10520887 0.5281444369978359 0.0069635853404968195 0.24384 -3.9120055756403715 1.278169490544445
22230 10520887 0.5496765789601281 0.004366955924601915 0.24384 -3.9120055756403715 1.278169490544445
22231 10520887 0.5716187790107135 0.005199681642192436 0.24384 -3.9120055756403715 1.278169490544445
22232 10520887 0.5935609790612987 0.006032407359782957 0.24384 -3.9120055756403715 1.278169490544445
22233 10520887 0.6100729422684366 0.006010990115679599 0.24384 -3.9120055756403715 1.278169490544445
22234 10520887 0.6332233120131683 0.00510555380045645 0.24384 -3.9120055756403715 1.278169490544445
22235 10520887 0.6402865326670448 0.004842077790079426 0.24384 -3.9120055756403715 1.278169490544445
22236 10520887 0.6473497533209214 0.0045786017797024015 0.24384 -3.9120055756403715 1.278169490544445
22237 10520887 0.6668726918123931 0.0035345599727004684 0.24384 -3.9120055756403715 1.278169490544445
22238 10520887 0.6863956303038649 0.0024905181656985353 0.24384 -3.9120055756403715 1.278169490544445
22239 10520887 0.7059185687953365 0.0014464763586966023 0.24384 -3.9120055756403715 1.278169490544445
22240 10520887 0.7211824668254585 0.0035855099718146155 0.24384 -3.9120055756403715 1.278169490544445
22241 10520887 0.7328107527360567 0.004926423055807719 0.24384 -3.9120055756403715 1.278169490544445
22242 10520887 0.7444165036375958 0.006742024098340585 0.24384 -3.9120055756403715 1.278169490544445
22243 10520887 0.7563530838770474 0.0065803112992026125 0.24384 -3.9120055756403715 1.278169490544445
22244 10520887 0.7653276690726741 0.008905174435078801 0.24384 -3.9120055756403715 1.278169490544445
22245 10520887 0.7743022542683009 0.01123003757095499 0.24384 -3.9120055756403715 1.278169490544445
22246 10520887 0.7774855829974667 0.012818529945809426 0.24384 -3.9120055756403715 1.278169490544445
22247 10520887 0.7806689117266326 0.014407022320663862 0.24384 -3.9120055756403715 1.278169490544445
22248 10520887 0.7822209515827532 0.01915712746261297 0.24384 -3.9120055756403715 1.278169490544445
22249 10520887 0.7886565798027833 0.022545234599872135 0.24384 -3.9120055756403715 1.278169490544445
22250 10520887 0.7902603509958024 0.02745367777573121 0.24384 -3.9120055756403715 1.278169490544445
22251 10520887 0.7918641221888216 0.03236212095159029 0.24384 -3.9120055756403715 1.278169490544445
22252 10520887 0.7885579023079605 0.041269796925316016 0.24384 -3.9120055756403715 1.278169490544445
22253 10520887 0.7901535999274693 0.043435443215700725 0.24384 -3.9120055756403715 1.278169490544445
22254 10520887 0.7901444325629229 0.04612545999264402 0.24384 -3.9120055756403715 1.278169490544445
22255 10520887 0.7917654526177154 0.05108668099093991 0.24384 -3.9120055756403715 1.278169490544445
22256 10520887 0.7896019373250134 0.05093452722013325 0.24384 -3.9120055756403715 1.278169490544445
22257 10520887 0.7874384220323113 0.05078237344932659 0.24384 -3.9120055756403715 1.278169490544445
22258 10520887 0.7852749067396093 0.05063021967851993 0.24384 -3.9120055756403715 1.278169490544445
22259 10520887 0.7831113914469072 0.05047806590771327 0.24384 -3.9120055756403715 1.278169490544445
22260 10520887 0.7809478761542052 0.05032591213690661 0.24384 0.0 0.0
22261 10520887 0.7787843608615033 0.05017375836609995 0.24384 0.0 0.0
22262 10520887 0.7766208455688012 0.05002160459529329 0.24384 0.0 0.0
22263 10520887 0.7744573302760992 0.04986945082448663 0.24384 0.0 0.0
22264 10520887 0.7722938149833971 0.04971729705367997 0.24384 0.0 0.0
22265 10520887 0.7701302996906951 0.04956514328287331 0.24384 0.0 0.0
22266 10520887 0.767966784397993 0.04941298951206665 0.24384 0.0 0.0
22267 10520887 0.7658032691052911 0.04926083574125999 0.24384 0.0 0.0
22268 10520887 0.7636397538125891 0.04910868197045333 0.24384 0.0 0.0
22269 10520887 0.761476238519887 0.048956528199646666 0.24384 0.0 0.0
22270 10520887 0.759312723227185 0.04880437442884001 0.24384 0.0 0.0
22271 10520887 0.7571492079344829 0.048652220658033346 0.24384 0.0 0.0
22272 10520887 0.754985692641781 0.04850006688722669 0.24384 0.0 0.0
22273 10520887 0.752822177349079 0.04834791311642003 0.24384 0.0 0.0
22274 10520887 0.7506586620563769 0.04819575934561337 0.24384 0.0 0.0
22275 10520887 0.7484951467636749 0.04804360557480671 0.24384 0.0 0.0
22276 10520887 0.7463316314709728 0.04789145180400005 0.24384 0.0 0.0
22277 10520887 0.7441681161782708 0.04773929803319339 0.24384 0.0 0.0
22278 10520887 0.7420046008855687 0.04758714426238673 0.24384 0.0 0.0
22279 10520887 0.7398410855928668 0.04743499049158007 0.24384 0.0 0.0
22280 10520887 0.7376775703001648 0.04728283672077341 0.24384 0.0 0.0
22281 10520887 0.7355140550074627 0.04713068294996675 0.24384 0.0 0.0
22282 10520887 0.7333505397147607 0.04697852917916009 0.24384 0.0 0.0
22283 10520887 0.7311870244220586 0.04682637540835343 0.24384 0.0 0.0
22284 10520887 0.7290235091293567 0.04667422163754677 0.24384 0.0 0.0
22285 10520887 0.7268599938366547 0.04652206786674011 0.24384 0.0 0.0
22286 10520887 0.7246964785439526 0.046369914095933454 0.24384 0.0 0.0
22287 10520887 0.7225329632512506 0.04621776032512679 0.24384 0.0 0.0
22288 10520887 0.7203694479585485 0.046065606554320127 0.24384 0.0 0.0
22289 10520887 0.7182059326658465 0.04591345278351347 0.24384 0.0 0.0
22290 10520887 0.7160424173731446 0.04576129901270681 0.24384 0.0 0.0
22291 10520887 0.7138789020804425 0.04560914524190015 0.24384 0.0 0.0
22292 10520887 0.7117153867877405 0.04545699147109349 0.24384 0.0 0.0
22293 10520887 0.7095518714950384 0.04530483770028683 0.24384 0.0 0.0
22294 10520887 0.7073883562023364 0.04515268392948017 0.24384 0.0 0.0
22295 10520887 0.7052248409096344 0.04500053015867351 0.24384 0.0 0.0
22296 10520887 0.7030613256169324 0.04484837638786685 0.24384 0.0 0.0
22297 10520887 0.7008978103242304 0.04469622261706019 0.24384 0.0 0.0
22298 10520887 0.6987342950315283 0.04454406884625353 0.24384 0.0 0.0
22299 10520887 0.6965707797388263 0.04439191507544687 0.24384 0.0 0.0
22300 10520887 0.6944072644461242 0.04423976130464021 0.24384 0.0 0.0
22301 10520887 0.6922437491534222 0.04408760753383355 0.24384 0.0 0.0
22302 10520887 0.6900802338607201 0.04393545376302689 0.24384 0.0 0.0
22303 10520887 0.6879167185680182 0.043783299992220234 0.24384 0.0 0.0
22304 10520887 0.6857532032753162 0.04363114622141357 0.24384 0.0 0.0
22305 10520887 0.6835896879826141 0.04347899245060691 0.24384 0.0 0.0
22306 10520887 0.6814261726899121 0.04332683867980025 0.24384 0.0 0.0
22307 10520887 0.67926265739721 0.043174684908993594 0.24384 0.0 0.0
22308 10520887 0.6770991421045081 0.04302253113818693 0.24384 0.0 0.0
22309 10520887 0.6749356268118061 0.04287037736738027 0.24384 0.0 0.0
22310 10520887 0.672772111519104 0.04271822359657361 0.24384 0.0 0.0
22311 10520887 0.670608596226402 0.04256606982576695 0.24384 0.0 0.0
22312 10520887 0.6684450809336999 0.04241391605496029 0.24384 0.0 0.0
22313 10520887 0.6662815656409979 0.04226176228415363 0.24384 0.0 0.0
22314 10520887 0.664118050348296 0.04210960851334697 0.24384 0.0 0.0
22315 10520887 0.6619545350555939 0.04195745474254031 0.24384 0.0 0.0
