22547 10520887 0.18019686048303257 0.006763923443317679 0.24384 0.0 0.0
22548 10520887 0.19821121852463885 0.006717913200433495 0.24384 0.0 0.0
22549 10520887 0.22269303741166419 0.006894919728923268 0.24384 0.0 0.0
22550 10520887 0.24717485629868952 0.0070719262574130415 0.24384 0.0 0.0
22551 10520887 0.28441759844468767 0.005532172406947325 0.24384 0.0 0.0
22552 10520887 0.3216603405906858 0.003992418556481608 0.24384 0.0 0.0
22553 10520887 0.34129293411031647 0.00563769637235835 0.24384 0.0 0.0
22554 10520887 0.3609255276299471 0.007282974188235092 0.24384 0.0 0.0
22555 10520887 0.40657562343924636 0.008370355497501564 0.24384 0.0 0.0
22556 10520887 0.4397463718351674 0.008232331705433405 0.249936 0.0 0.0
22557 10520887 0.4729171202310885 0.008094307913365245 0.256032 0.0 0.0
22558 10520887 0.5060878686270096 0.007956284121297086 0.262128 0.0 0.0
22559 10520887 0.5392586170229307 0.007818260329228926 0.268224 0.0 0.0
22560 10520887 0.5724293654188517 0.007680236537160767 0.27432 -1.6194615297760395 1.269535573024817
22561 10520887 0.6131130501851432 0.0077047454832537 0.27432 -1.6194615297760395 1.269535573024817
22562 10520887 0.6537967349514348 0.0077292544293466325 0.27432 -1.6194615297760395 1.269535573024817
22563 10520887 0.6858918675044904 0.009670033039563297 0.27813 -1.6194615297760395 1.269535573024817
22564 10520887 0.717987000057546 0.011610811649779961 0.28194 -1.6194615297760395 1.269535573024817
22565 10520887 0.7500821326106016 0.013551590259996625 0.28575 -1.6194615297760395 1.269535573024817
22566 10520887 0.7821772651636572 0.01549236887021329 0.28956000000000004 -1.6194615297760395 1.269535573024817
22567 10520887 0.8142723977167128 0.017433147480429956 0.29337 -1.6194615297760395 1.269535573024817
22568 10520887 0.8463675302697684 0.01937392609064662 0.29718 -1.6194615297760395 1.269535573024817
22569 10520887 0.878462662822824 0.02131470470086328 0.30099000000000004 -1.6194615297760395 1.269535573024817
22570 10520887 0.9105577953758797 0.023255483311079947 0.3048 -1.6194615297760395 1.269535573024817
22571 10520887 0.9419466114669669 0.02555104621289932 0.3091542857142857 -1.6194615297760395 1.269535573024817
22572 10520887 0.9733354275580542 0.02784660911471869 0.31350857142857147 -1.6194615297760395 1.269535573024817
22573 10520887 1.0047242436491415 0.030142172016538064 0.31786285714285717 -1.6194615297760395 1.269535573024817
22574 10520887 1.0361130597402288 0.032437734918357435 0.32221714285714287 -1.6194615297760395 1.269535573024817
22575 10520887 1.0675018758313162 0.03473329782017681 0.32657142857142857 -1.6194615297760395 1.269535573024817
22576 10520887 1.0988906919224033 0.03702886072199618 0.3309257142857143 -1.6194615297760395 1.269535573024817
22577 10520887 1.1302795080134906 0.03932442362381555 0.33528 -1.6194615297760395 1.269535573024817
22578 10520887 1.160979553964757 0.044949693481192945 0.33528 -1.6194615297760395 1.269535573024817
22579 10520887 1.2019699057010345 0.04265725256865216 0.33528 -1.6194615297760395 1.269535573024817
22580 10520887 1.2330551536596763 0.04266617944860618 0.33528 -1.6194615297760395 1.269535573024817
22581 10520887 1.289690058461291 0.046128243140336644 0.33528 -1.6194615297760395 1.269535573024817
22582 10520887 1.310700766935221 0.04452190134857642 0.33528 -1.6194615297760395 1.269535573024817
22583 10520887 1.3317114754091512 0.042915559556816196 0.33528 -1.6194615297760395 1.269535573024817
22584 10520887 1.3658351784304876 0.04298389168345154 0.33528 -1.6194615297760395 1.269535573024817
22585 10520887 1.3991789646922577 0.04283983791685403 0.33528 -1.6194615297760395 1.269535573024817
22586 10520887 1.436959289477399 0.04159721991670387 0.36576 -1.6194615297760395 1.269535573024817
22587 10520887 1.476767584883552 0.038407311518068143 0.36576 -1.6194615297760395 1.269535573024817
22588 10520887 1.5140212362007017 0.03827169921008702 0.36576 -1.6194615297760395 1.269535573024817
22589 10520887 1.5467906154997193 0.036914026458829685 0.36576 -1.6194615297760395 1.269535573024817
22590 10520887 1.5974836459065023 0.0382302850103195 0.36576 -1.6194615297760395 1.269535573024817
22591 10520887 1.6330382599166962 0.035612791609017036 0.36576 -1.6194615297760395 1.269535573024817
22592 10520887 1.657449682770098 0.03558361937067127 0.381 -1.6194615297760395 1.269535573024817
22593 10520887 1.6818611056235 0.0355544471323255 0.39624000000000004 -1.6194615297760395 1.269535573024817
22594 10520887 1.7014404896467679 0.02915963587638648 0.39624000000000004 -1.6194615297760395 1.269535573024817
22595 10520887 1.771658003212445 0.027721718313361232 0.39624000000000004 -1.6194615297760395 1.269535573024817
22596 10520887 1.7867913495754109 0.025115661249068555 0.39624000000000004 -1.6194615297760395 1.269535573024817
22597 10520887 1.8301443278822107 0.024625085000337943 0.39624000000000004 -1.6194615297760395 1.269535573024817
22598 10520887 1.8637836121458256 0.02158282134444231 0.39624000000000004 -1.6194615297760395 1.269535573024817
22599 10520887 1.8982597880760435 0.01838422171727902 0.42672000000000004 -1.6194615297760395 1.269535573024817
22600 10520887 1.955288504273444 0.013544987015707027 0.42672000000000004 -1.6194615297760395 1.269535573024817
22601 10520887 1.9983185534570882 0.010707587940244123 0.42672000000000004 -1.6194615297760395 1.269535573024817
22602 10520887 2.0353618689808535 0.005853547827739863 0.42672000000000004 -1.6194615297760395 1.269535573024817
22603 10520887 2.060920736886253 0.007436919280011806 0.42672000000000004 -1.6194615297760395 1.269535573024817
22604 10520887 2.086479604791653 0.009020290732283748 0.42672000000000004 -1.6194615297760395 1.269535573024817
22605 10520887 2.121860337702649 0.004242320003532557 0.45720000000000005 -1.6194615297760395 1.269535573024817
22606 10520887 2.1510984686639185 0.0040403913382756895 0.45720000000000005 -1.6194615297760395 1.269535573024817
22607 10520887 2.191526606288292 0.002754656455637633 0.45720000000000005 -1.6194615297760395 1.269535573024817
22608 10520887 2.2297101087777143 0.005473039249129091 0.45720000000000005 -1.6194615297760395 1.269535573024817
22609 10520887 2.262847260018808 0.006334775288453026 0.45720000000000005 -1.6194615297760395 1.269535573024817
22610 10520887 2.311703581164892 0.00638633301165728 0.45720000000000005 -1.6194615297760395 1.269535573024817
22611 10520887 2.3333500697858924 0.0046920513796958885 0.45720000000000005 -1.6194615297760395 1.269535573024817
22612 10520887 2.3861991093032655 0.008814078016337129 0.48768 -1.6194615297760395 1.269535573024817
22613 10520887 2.4026641699893245 0.008928615180251176 0.48768 -1.6194615297760395 1.269535573024817
22614 10520887 2.4191292306753835 0.009043152344165223 0.48768 -1.6194615297760395 1.269535573024817
22615 10520887 2.465593012762019 0.015367331561798564 0.48768 -1.6194615297760395 1.269535573024817
22616 10520887 2.5022895645099794 0.02441342349582068 0.48768 -1.6194615297760395 1.269535573024817
22617 10520887 2.5322660434658113 0.03191550215303199 0.48768 -1.6194615297760395 1.269535573024817
22618 10520887 2.5633000988077925 0.04374513190327137 0.48768 -1.6194615297760395 1.269535573024817
22619 10520887 2.6036948862038902 0.0630323949108855 0.5181600000000001 -1.6194615297760395 1.269535573024817
22620 10520887 2.6334005919107453 0.07786591587801331 0.5181600000000001 -1.6194615297760395 1.269535573024817
22621 10520887 2.6542255488471707 0.10085567284830796 0.5181600000000001 -1.6194615297760395 1.269535573024817
22622 10520887 2.6816905327996023 0.12623356367149316 0.5181600000000001 -1.6194615297760395 1.269535573024817
22623 10520887 2.7004218884374347 0.15668232201293306 0.54864 -1.6194615297760395 1.269535573024817
22624 10520887 2.7263057041793486 0.20196826113682395 0.54864 -1.6194615297760395 1.269535573024817
22625 10520887 2.740908026714039 0.23037733033464666 0.54864 -1.6194615297760395 1.269535573024817
22626 10520887 2.7471557794412886 0.24679485916152388 0.54864 -1.6194615297760395 1.269535573024817
22627 10520887 2.7534035321685377 0.2632123879884011 0.54864 -1.6194615297760395 1.269535573024817
22628 10520887 2.772358836204556 0.32127391360018676 0.54864 -1.6194615297760395 1.269535573024817
22629 10520887 2.7728324879837434 0.34448286747710455 0.54864 -1.6194615297760395 1.269535573024817
22630 10520887 2.7863725635512475 0.39683596377653096 0.54864 -1.6194615297760395 1.269535573024817
22631 10520887 2.796647208892982 0.434835158961258 0.54864 -1.6194615297760395 1.269535573024817
22632 10520887 2.8052352625979102 0.4709318029436267 0.57912 -1.6194615297760395 1.269535573024817
22633 10520887 2.81066229030961 0.5120322519468091 0.57912 -1.6194615297760395 1.269535573024817
22634 10520887 2.8171701931119113 0.5578030133892491 0.57912 -1.6194615297760395 1.269535573024817
22635 10520887 2.822713180069748 0.600617899690941 0.57912 -1.6194615297760395 1.269535573024817
22636 10520887 2.824394694811187 0.6465625701432489 0.57912 -1.6194615297760395 1.269535573024817
22637 10520887 2.825067211551959 0.6921357732710376 0.57912 -1.6194615297760395 1.269535573024817
22638 10520887 2.8113609359462908 0.7344597686779518 0.57912 -1.6194615297760395 1.269535573024817
22639 10520887 2.797036055531985 0.7939245293926966 0.6096 -1.6194615297760395 1.269535573024817
22640 10520887 2.7817221933786556 0.8231642634878371 0.6096 -1.6194615297760395 1.269535573024817
22641 10520887 2.7664083312253265 0.8524039975829775 0.6096 -1.6194615297760395 1.269535573024817
22642 10520887 2.744523761187101 0.8873521612972846 0.6096 -1.6194615297760395 1.269535573024817
22643 10520887 2.712701253368471 0.9244938814066249 0.6096 -1.6194615297760395 1.269535573024817
22644 10520887 2.6771237860178587 0.9525817746435108 0.6096 -1.6194615297760395 1.269535573024817
22645 10520887 2.634146096304659 0.9884599478284134 0.6096 -1.6194615297760395 1.269535573024817
22646 10520887 2.590998862675491 1.011310023558793 0.6096 -1.6194615297760395 1.269535573024817
22647 10520887 2.5466203945399233 1.0276700729613155 0.6096 -1.6194615297760395 1.269535573024817
22648 10520887 2.4995498350654035 1.046661826834084 0.6096 -1.6194615297760395 1.269535573024817
22649 10520887 2.4548662321410246 1.0686127513873072 0.6096 -1.6194615297760395 1.269535573024817
22650 10520887 2.384583496970178 1.0915639005378739 0.6400800000000001 -1.6194615297760395 1.269535573024817
22651 10520887 2.3429510497846717 1.1000193926031907 0.6400800000000001 -1.6194615297760395 1.269535573024817
22652 10520887 2.2932077597043854 1.1162640750607786 0.6096 -1.6194615297760395 1.269535573024817
22653 10520887 2.2513685449950382 1.1240867290996215 0.6400800000000001 -1.6194615297760395 1.269535573024817
22654 10520887 2.205994102153878 1.1265221592800703 0.6400800000000001 -1.6194615297760395 1.269535573024817
22655 10520887 2.1799377993772078 1.1296580901690347 0.6400800000000001 -1.6194615297760395 1.269535573024817
22656 10520887 2.1538814966005377 1.1327940210579992 0.6400800000000001 -1.6194615297760395 1.269535573024817
22657 10520887 2.105009346119081 1.1340359517469554 0.6096 -1.6194615297760395 1.269535573024817
22658 10520887 2.036891052923605 1.1388772560660871 0.6096 -1.6194615297760395 1.269535573024817
22659 10520887 1.989921071398977 1.1391481871174571 0.6096 -1.6194615297760395 1.269535573024817
22660 10520887 1.93046816880946 1.1419779454068326 0.6096 -1.6194615297760395 1.269535573024817
22661 10520887 1.8815645476470504 1.1472035948148207 0.6096 -1.6194615297760395 1.269535573024817
22662 10520887 1.8285989072034974 1.1481488482828373 0.6096 -1.6194615297760395 1.269535573024817
22663 10520887 1.7772377852270562 1.1485703519176211 0.6096 -1.6194615297760395 1.269535573024817
22664 10520887 1.7203133409274534 1.1455523922950008 0.6096 -1.6194615297760395 1.269535573024817
22665 10520887 1.6659841512057334 1.1477619429141148 0.6096 -1.6194615297760395 1.269535573024817
22666 10520887 1.6103008336175613 1.1485450395512269 0.6096 -1.6194615297760395 1.269535573024817
22667 10520887 1.558619774474315 1.1507080599269037 0.6096 -1.6194615297760395 1.269535573024817
22668 10520887 1.4844325396029587 1.1519293430106536 0.6096 -1.6194615297760395 1.269535573024817
22669 10520887 1.4346064281541 1.1516179965120892 0.6096 -1.6194615297760395 1.269535573024817
22670 10520887 1.3961494468784579 1.1534924404394529 0.6096 -1.6194615297760395 1.269535573024817
22671 10520887 1.3576924656028158 1.1553668843668168 0.6096 -1.6194615297760395 1.269535573024817
22672 10520887 1.299852158743983 1.1549877163443576 0.6096 -1.6194615297760395 1.269535573024817
22673 10520887 1.246092226863262 1.1535094693396015 0.57912 -1.6194615297760395 1.269535573024817
22674 10520887 1.1798709842524315 1.153299262060712 0.57912 -1.6194615297760395 1.269535573024817
22675 10520887 1.1320537559420663 1.1564224372164873 0.57912 -1.6194615297760395 1.269535573024817
22676 10520887 1.0751404835009373 1.1548074171567928 0.57912 -1.6194615297760395 1.269535573024817
22677 10520887 1.0137671453620727 1.1531314028757713 0.57912 -1.6194615297760395 1.269535573024817
22678 10520887 0.9578538566631025 1.1545784892469038 0.57912 -1.6194615297760395 1.269535573024817
22679 10520887 0.9334104416790283 1.154504692704589 0.5638799999999999 -1.6194615297760395 1.269535573024817
22680 10520887 0.908967026694954 1.1544308961622742 0.54864 -1.6194615297760395 1.269535573024817
22681 10520887 0.8232443019795692 1.155689512185564 0.54864 -1.6194615297760395 1.269535573024817
22682 10520887 0.7743917218143144 1.1556484029004213 0.54864 -1.6194615297760395 1.269535573024817
22683 10520887 0.7209081564448743 1.1566536850594766 0.54864 -1.6194615297760395 1.269535573024817
22684 10520887 0.6669896295573171 1.15850246548392 0.54864 -1.6194615297760395 1.269535573024817
22685 10520887 0.6041703502983466 1.156484399450037 0.54864 -1.6194615297760395 1.269535573024817
22686 10520887 0.544486245133589 1.1599846681930444 0.57912 -1.6194615297760395 1.269535573024817
22687 10520887 0.4939723972994597 1.1616565770183955 0.57912 -1.6194615297760395 1.269535573024817
22688 10520887 0.41797080984452056 1.1627801237734738 0.57912 -1.6194615297760395 1.269535573024817
22689 10520887 0.37060983271853 1.164590663765981 0.57912 -1.6194615297760395 1.269535573024817
22690 10520887 0.3137421937755417 1.1644850735501284 0.57912 -1.6194615297760395 1.269535573024817
22691 10520887 0.2776217921659118 1.1653677486698832 0.57912 -1.6194615297760395 1.269535573024817
22692 10520887 0.24150139055628195 1.166250423789638 0.57912 -1.6194615297760395 1.269535573024817
22693 10520887 0.1931437144898882 1.1690888455520618 0.57912 -1.6194615297760395 1.269535573024817
22694 10520887 0.13879031586079682 1.1726023225607052 0.57912 -1.6194615297760395 1.269535573024817
22695 10520887 0.08736132636705962 1.1769127198588685 0.57912 -1.6194615297760395 1.269535573024817
22696 10520887 0.040892814989786475 1.1773820867870548 0.57912 -1.6194615297760395 1.269535573024817
22697 10520887 -0.014379518204096997 1.1794445790699426 0.57912 -1.6194615297760395 1.269535573024817
22698 10520887 -0.08040964102814119 1.178481681567949 0.57912 -1.6194615297760395 1.269535573024817
22699 10520887 -0.13079935943367405 1.1791824814939196 0.54864 -1.6194615297760395 1.269535573024817
22700 10520887 -0.17627871406379825 1.1829516221391194 0.54864 -1.6194615297760395 1.269535573024817
22701 10520887 -0.22869763328778658 1.1839659710978747 0.54864 -1.6194615297760395 1.269535573024817
22702 10520887 -0.2611478406541281 1.1865721177492985 0.54864 -1.6194615297760395 1.269535573024817
22703 10520887 -0.2935980480204696 1.1891782644007223 0.54864 -1.6194615297760395 1.269535573024817
22704 10520887 -0.33857904049985565 1.1874110730425336 0.54864 -1.6194615297760395 1.269535573024817
22705 10520887 -0.3818690996605514 1.1908161732822484 0.54864 -1.6194615297760395 1.269535573024817
22706 10520887 -0.4521572594388106 1.1972072393735835 0.54864 -1.6194615297760395 1.269535573024817
22707 10520887 -0.4955379472245458 1.2016941566277408 0.54864 -1.6194615297760395 1.269535573024817
22708 10520887 -0.5319998302528894 1.2056132254952807 0.54864 -1.6194615297760395 1.269535573024817
22709 10520887 -0.5684617132812331 1.2095322943628208 0.54864 -1.6194615297760395 1.269535573024817
22710 10520887 -0.608258154285622 1.2100438264531916 0.54864 -1.6194615297760395 1.269535573024817
22711 10520887 -0.6485893001299474 1.214352328468803 0.54864 -1.6194615297760395 1.269535573024817
22712 10520887 -0.694804225547272 1.2169631435301915 0.54864 -1.6194615297760395 1.269535573024817
22713 10520887 -0.7333843283489712 1.2184796210172413 0.54864 -1.6194615297760395 1.269535573024817
22714 10520887 -0.7704028195271551 1.2220560318647815 0.54864 -1.6194615297760395 1.269535573024817
22715 10520887 -0.8225185067112137 1.2283498292973183 0.54864 -1.6194615297760395 1.269535573024817
22716 10520887 -0.8665851251360692 1.2348158148011918 0.5181600000000001 -1.6194615297760395 1.269535573024817
22717 10520887 -0.9082877567933292 1.2430793898212344 0.5181600000000001 -1.6194615297760395 1.269535573024817
22718 10520887 -0.9663059416120423 1.2514214035128337 0.5181600000000001 -1.6194615297760395 1.269535573024817
22719 10520887 -1.006962715925455 1.2617971261402314 0.5181600000000001 -1.6194615297760395 1.269535573024817
22720 10520887 -1.0526077093277255 1.271584603121867 0.5181600000000001 -1.6194615297760395 1.269535573024817
22721 10520887 -1.10003816805371 1.2840594385519404 0.5181600000000001 -1.6194615297760395 1.269535573024817
22722 10520887 -1.1340872832341946 1.2874844303614084 0.5181600000000001 -1.6194615297760395 1.269535573024817
22723 10520887 -1.1563583545117266 1.2932497848218683 0.5181600000000001 -1.6194615297760395 1.269535573024817
22724 10520887 -1.1786294257892587 1.2990151392823281 0.5181600000000001 -1.6194615297760395 1.269535573024817
22725 10520887 -1.218562976803702 1.3099734700388719 0.5181600000000001 -1.6194615297760395 1.269535573024817
22726 10520887 -1.279233907464674 1.3243266935555207 0.5181600000000001 -1.6194615297760395 1.269535573024817
22727 10520887 -1.3267564959286833 1.3362490791626043 0.5181600000000001 -1.6194615297760395 1.269535573024817
22728 10520887 -1.3605872661986058 1.3400711092302464 0.5181600000000001 -1.6194615297760395 1.269535573024817
22729 10520887 -1.4012851502486179 1.3446206748567449 0.5181600000000001 -1.6194615297760395 1.269535573024817
22730 10520887 -1.4550530844377352 1.3499406953830937 0.5181600000000001 -1.6194615297760395 1.269535573024817
22731 10520887 -1.4833115529609673 1.3490779613392383 0.5181600000000001 -1.6194615297760395 1.269535573024817
22732 10520887 -1.5115700214841994 1.348215227295383 0.5181600000000001 -1.6194615297760395 1.269535573024817
22733 10520887 -1.5496081930811296 1.3432493398395684 0.5181600000000001 -1.6194615297760395 1.269535573024817
22734 10520887 -1.5693564687916715 1.339895015286358 0.5181600000000001 -1.6194615297760395 1.269535573024817
22735 10520887 -1.6297063758586587 1.3264549148451625 0.5181600000000001 -1.6194615297760395 1.269535573024817
22736 10520887 -1.663217525281144 1.3108949382967217 0.5181600000000001 -1.6194615297760395 1.269535573024817
22737 10520887 -1.7006041842722242 1.2954345253619166 0.5181600000000001 -1.6194615297760395 1.269535573024817
22738 10520887 -1.7247115666044321 1.2722414843735763 0.5181600000000001 -1.6194615297760395 1.269535573024817
22739 10520887 -1.7519083845557735 1.2542654975863334 0.5181600000000001 -1.6194615297760395 1.269535573024817
22740 10520887 -1.7778003702832306 1.2253469416869827 0.5181600000000001 -1.6194615297760395 1.269535573024817
22741 10520887 -1.7955359096675174 1.2043925583316262 0.5181600000000001 -1.6194615297760395 1.269535573024817
22742 10520887 -1.8132714490518043 1.1834381749762695 0.5181600000000001 -1.6194615297760395 1.269535573024817
22743 10520887 -1.8451191846684247 1.1417461480443774 0.5181600000000001 -1.6194615297760395 1.269535573024817
22744 10520887 -1.8629377412275476 1.1141589950063602 0.5181600000000001 -1.6194615297760395 1.269535573024817
22745 10520887 -1.8825103313066338 1.0776815264076864 0.48768 -1.6194615297760395 1.269535573024817
22746 10520887 -1.8964484610839445 1.044852227303412 0.48768 -1.6194615297760395 1.269535573024817
22747 10520887 -1.9097549525516102 0.9944068509266805 0.48768 -1.6194615297760395 1.269535573024817
22748 10520887 -1.9151125756885174 0.964456614137404 0.48768 -1.6194615297760395 1.269535573024817
22749 10520887 -1.9204701988254245 0.9345063773481277 0.48768 -1.6194615297760395 1.269535573024817
22750 10520887 -1.9258278219623317 0.9045561405588513 0.48768 -1.6194615297760395 1.269535573024817
22751 10520887 -1.9352433920059167 0.8662746103363492 0.48768 -1.6194615297760395 1.269535573024817
22752 10520887 -1.9398041240222288 0.8129679752043922 0.48768 -1.6194615297760395 1.269535573024817
22753 10520887 -1.9420279385429653 0.7763062115068496 0.45720000000000005 -1.6194615297760395 1.269535573024817
22754 10520887 -1.9467786414544357 0.745495342065 0.45720000000000005 -1.6194615297760395 1.269535573024817
22755 10520887 -1.9532117747576019 0.6891792485623381 0.45720000000000005 -1.6194615297760395 1.269535573024817
22756 10520887 -1.955704744466775 0.6666265524114927 0.45720000000000005 -1.6194615297760395 1.269535573024817
22757 10520887 -1.9573593896392405 0.6262733891691369 0.45720000000000005 -1.6194615297760395 1.269535573024817
22758 10520887 -1.9604032901685222 0.5843884434858392 0.45720000000000005 -1.6194615297760395 1.269535573024817
22759 10520887 -1.9682268033763395 0.5441840197579539 0.45720000000000005 -1.6194615297760395 1.269535573024817
22760 10520887 -1.974274550144443 0.4931166287554696 0.45720000000000005 -1.6194615297760395 1.269535573024817
22761 10520887 -1.9753174238915963 0.45571810322253303 0.45720000000000005 -1.6194615297760395 1.269535573024817
22762 10520887 -1.9775147865459857 0.440312892670317 0.45720000000000005 -1.6194615297760395 1.269535573024817
22763 10520887 -1.979712149200375 0.4249076821181009 0.45720000000000005 -1.6194615297760395 1.269535573024817
22764 10520887 -1.9827210248190725 0.38312819211738636 0.45720000000000005 -1.6194615297760395 1.269535573024817
22765 10520887 -1.9872557136158913 0.35026043671713303 0.45720000000000005 -1.6194615297760395 1.269535573024817
22766 10520887 -1.983637590093992 0.29778359950409206 0.45720000000000005 -1.6194615297760395 1.269535573024817
22767 10520887 -1.9832365003768426 0.27837363807975524 0.45720000000000005 -1.6194615297760395 1.269535573024817
22768 10520887 -1.9717062417287095 0.23487574186972268 0.45720000000000005 -1.6194615297760395 1.269535573024817
22769 10520887 -1.956658745195697 0.19805564060040068 0.45720000000000005 -1.6194615297760395 1.269535573024817
22770 10520887 -1.9433180738702454 0.17230963523260376 0.42672000000000004 -1.6194615297760395 1.269535573024817
22771 10520887 -1.9287570454901972 0.14078981993754155 0.42672000000000004 -1.6194615297760395 1.269535573024817
22772 10520887 -1.8978330618202135 0.09819220372727475 0.42672000000000004 -1.6194615297760395 1.269535573024817
22773 10520887 -1.8723685310854765 0.07420567838504086 0.42672000000000004 -1.6194615297760395 1.269535573024817
22774 10520887 -1.8616398896726067 0.06491259609767056 0.42672000000000004 -1.6194615297760395 1.269535573024817
22775 10520887 -1.850911248259737 0.05561951381030025 0.42672000000000004 -1.6194615297760395 1.269535573024817
22776 10520887 -1.810704968166547 0.026460588659886514 0.42672000000000004 -1.6194615297760395 1.269535573024817
22777 10520887 -1.7923703270174796 0.014621257451710584 0.42672000000000004 -1.6194615297760395 1.269535573024817
22778 10520887 -1.7538711272255452 -0.003463294972794434 0.42672000000000004 -1.6194615297760395 1.269535573024817
22779 10520887 -1.7221272224844026 -0.01232764995938565 0.39624000000000004 -1.6194615297760395 1.269535573024817
22780 10520887 -1.6872509814854617 -0.019762780696801957 0.39624000000000004 -1.6194615297760395 1.269535573024817
22781 10520887 -1.638758510116815 -0.023589470139794982 0.39624000000000004 -1.6194615297760395 1.269535573024817
22782 10520887 -1.6061683652901808 -0.02443453443400359 0.39624000000000004 -1.6194615297760395 1.269535573024817
22783 10520887 -1.5980315762739639 -0.02399964801125551 0.39624000000000004 -1.6194615297760395 1.269535573024817
22784 10520887 -1.589894787257747 -0.023564761588507427 0.39624000000000004 -1.6194615297760395 1.269535573024817
22785 10520887 -1.539443188405383 -0.018684529737265893 0.39624000000000004 -1.6194615297760395 1.269535573024817
22786 10520887 -1.5094657930205087 -0.017739947078247248 0.39624000000000004 -1.6194615297760395 1.269535573024817
22787 10520887 -1.4745133134539568 -0.018422388491224045 0.39624000000000004 -1.6194615297760395 1.269535573024817
22788 10520887 -1.4304300867999973 -0.016716237593253275 0.381 -1.6194615297760395 1.269535573024817
22789 10520887 -1.3863468601460378 -0.015010086695282504 0.36576 -1.6194615297760395 1.269535573024817
22790 10520887 -1.3693745739065075 -0.014718887604646375 0.36576 -1.6194615297760395 1.269535573024817
22791 10520887 -1.3327035362283397 -0.016663755547405984 0.36576 -1.6194615297760395 1.269535573024817
22792 10520887 -1.2860061143926604 -0.01511083585165321 0.36576 -1.6194615297760395 1.269535573024817
22793 10520887 -1.2606944217542548 -0.012405771622416378 0.36576 -1.6194615297760395 1.269535573024817
22794 10520887 -1.2353827291158492 -0.009700707393179547 0.36576 -1.6194615297760395 1.269535573024817
22795 10520887 -1.1963148807925277 -0.011377211822117955 0.36576 -1.6194615297760395 1.269535573024817
22796 10520887 -1.1572780726898653 -0.009888782557161663 0.36576 -1.6194615297760395 1.269535573024817
22797 10520887 -1.1295480103686673 -0.008207857696377469 0.36576 -1.6194615297760395 1.269535573024817
22798 10520887 -1.0949376978218601 -0.006673657428840102 0.36576 -1.6194615297760395 1.269535573024817
22799 10520887 -1.0595181425596245 -0.009726856692701041 0.36576 -1.6194615297760395 1.269535573024817
22800 10520887 -1.0287018194404889 -0.006484393601067923 0.36576 -1.6194615297760395 1.269535573024817
22801 10520887 -0.9930018996840584 -0.004605030037789698 0.36576 -1.6194615297760395 1.269535573024817
22802 10520887 -0.9388287345736264 -0.0032746792863264373 0.33528 -1.6194615297760395 1.269535573024817
22803 10520887 -0.9049409188594213 -0.0015034104582982988 0.33528 -1.6194615297760395 1.269535573024817
22804 10520887 -0.8758548572815992 0.0032400620240566613 0.33528 -1.6194615297760395 1.269535573024817
22805 10520887 -0.8384597285071067 0.003514308525873061 0.33528 -1.6194615297760395 1.269535573024817
22806 10520887 -0.8036013301319829 0.0014636132934093549 0.33528 -1.6194615297760395 1.269535573024817
22807 10520887 -0.7756422545219323 0.003304600102190497 0.32004 -1.6194615297760395 1.269535573024817
22808 10520887 -0.7476831789118816 0.005145586910971639 0.3048 -1.6194615297760395 1.269535573024817
22809 10520887 -0.7130173675502072 0.005494954413580638 0.3048 -1.6194615297760395 1.269535573024817
22810 10520887 -0.680044603866643 0.009903031094665199 0.3048 -1.6194615297760395 1.269535573024817
22811 10520887 -0.6413900044635925 0.008598095761931518 0.3048 -1.6194615297760395 1.269535573024817
22812 10520887 -0.612502721610819 0.010019298804803817 0.3048 -1.6194615297760395 1.269535573024817
22813 10520887 -0.5764970774208946 0.008762891230814945 0.3048 -1.6194615297760395 1.269535573024817
22814 10520887 -0.5461085271978485 0.009343026927110448 0.3048 -1.6194615297760395 1.269535573024817
22815 10520887 -0.49473618518592444 0.00890491109530947 0.3048 -1.6194615297760395 1.269535573024817
22816 10520887 -0.4700611575245712 0.006679878136635536 0.3048 -1.6194615297760395 1.269535573024817
22817 10520887 -0.4362800329998098 0.005684028871308672 0.27432 -1.6194615297760395 1.269535573024817
22818 10520887 -0.41183211582127865 0.00575329500561747 0.27432 -1.6194615297760395 1.269535573024817
22819 10520887 -0.38738419864274753 0.005822561139926269 0.27432 -1.6194615297760395 1.269535573024817
22820 10520887 -0.3533375552259881 0.006726429923336302 0.27432 -1.6194615297760395 1.269535573024817
22821 10520887 -0.31905787012358344 0.005626608906102004 0.27432 -1.6194615297760395 1.269535573024817
22822 10520887 -0.2847781850211788 0.004526787888867706 0.27432 -1.6194615297760395 1.269535573024817
22823 10520887 -0.257599722557204 0.006157389995567447 0.27432 -1.6194615297760395 1.269535573024817
22824 10520887 -0.2153908804185669 0.004861091657422184 0.27432 -1.6194615297760395 1.269535573024817
22825 10520887 -0.18227604727150748 0.0029158378450005185 0.24384 -1.6194615297760395 1.269535573024817
22826 10520887 -0.15357071782463994 0.006501167150528925 0.24384 -1.6194615297760395 1.269535573024817
22827 10520887 -0.12883058328950991 0.006651051521354007 0.24384 -1.6194615297760395 1.269535573024817
22828 10520887 -0.1040904487543799 0.0068009358921790886 0.24384 -1.6194615297760395 1.269535573024817
22829 10520887 -0.07093968099570735 0.006596883216350963 0.24384 -1.6194615297760395 1.269535573024817
22830 10520887 -0.04127625676385149 0.004962543559742766 0.24384 -1.6194615297760395 1.269535573024817
22831 10520887 -0.0007677760458052463 0.006618228705946597 0.24384 -1.6194615297760395 1.269535573024817
22832 10520887 0.025172481535420455 0.0058214002796390316 0.24384 -1.6194615297760395 1.269535573024817
22833 10520887 0.051112739116646155 0.0050245718533314665 0.24384 -1.6194615297760395 1.269535573024817
22834 10520887 0.06232895906048119 0.006732860675529528 0.24384 -1.6194615297760395 1.269535573024817
22835 10520887 0.0927357987027454 0.006287414852368403 0.24384 -1.6194615297760395 1.269535573024817
22836 10520887 0.1231426383450096 0.005841969029207278 0.24384 -1.6194615297760395 1.269535573024817
22837 10520887 0.1535494779872738 0.005396523206046153 0.24384 -1.6194615297760395 1.269535573024817
22838 10520887 0.183956317629538 0.004951077382885027 0.24384 -1.6194615297760395 1.269535573024817
22839 10520887 0.21070523516405015 0.0014663286449925483 0.24384 -1.6194615297760395 1.269535573024817
22840 10520887 0.25036060878828836 0.004862484664783895 0.24384 -1.6194615297760395 1.269535573024817
22841 10520887 0.2677888384440693 0.0034310758729858767 0.24384 -1.6194615297760395 1.269535573024817
22842 10520887 0.2852170680998502 0.0019996670811878586 0.24384 -1.6194615297760395 1.269535573024817
22843 10520887 0.3026452977556311 0.0005682582893898405 0.24384 -1.6194615297760395 1.269535573024817
22844 10520887 0.32007352741141204 -0.0008631505024081776 0.24384 -1.6194615297760395 1.269535573024817
22845 10520887 0.33949385034905605 -1.8065621930083765e-05 0.24384 -1.6194615297760395 1.269535573024817
22846 10520887 0.3589141732867 0.0008270192585480101 0.24384 -1.6194615297760395 1.269535573024817
22847 10520887 0.378334496224344 0.0016721041390261038 0.24384 -1.6194615297760395 1.269535573024817
22848 10520887 0.397754819161988 0.0025171890195041977 0.24384 -1.6194615297760395 1.269535573024817
22849 10520887 0.417175142099632 0.0033622738999822916 0.24384 -1.6194615297760395 1.269535573024817
22850 10520887 0.436595465037276 0.004207358780460385 0.24384 -1.6194615297760395 1.269535573024817
22851 10520887 0.45601578797492 0.0050524436609384795 0.24384 -1.6194615297760395 1.269535573024817
22852 10520887 0.475436110912564 0.005897528541416573 0.24384 -1.6194615297760395 1.269535573024817
22853 10520887 0.49485643385020794 0.0067426134218946665 0.24384 -1.6194615297760395 1.269535573024817
22854 10520887 0.5212841811982911 0.0033639263602893987 0.24384 -1.6194615297760395 1.269535573024817
22855 10520887 0.5362792987047313 0.003954876722046728 0.24384 -1.6194615297760395 1.269535573024817
22856 10520887 0.5512744162111716 0.004545827083804059 0.24384 -1.6194615297760395 1.269535573024817
22857 10520887 0.5662695337176118 0.0051367774455613885 0.24384 -1.6194615297760395 1.269535573024817
22858 10520887 0.5795006344556477 0.0035003458654779274 0.24384 -1.6194615297760395 1.269535573024817
22859 10520887 0.5927317351936837 0.0018639142853944662 0.24384 -1.6194615297760395 1.269535573024817
22860 10520887 0.6148875634514901 0.004437757436484474 0.24384 -2.445003484775232 0.7988559315902781
22861 10520887 0.6253101199435123 0.003719125451469553 0.24384 -2.445003484775232 0.7988559315902781
22862 10520887 0.6357326764355344 0.0030004934664546318 0.24384 -2.445003484775232 0.7988559315902781
22863 10520887 0.6473325030506808 0.004525832526728606 0.24384 -2.445003484775232 0.7988559315902781
22864 10520887 0.6589323296658272 0.0060511715870025795 0.24384 -2.445003484775232 0.7988559315902781
22865 10520887 0.6777495029381404 0.006561762675565561 0.24384 -2.445003484775232 0.7988559315902781
22866 10520887 0.6893684177555991 0.005880682951523136 0.24384 -2.445003484775232 0.7988559315902781
22867 10520887 0.7009873325730578 0.005199603227480712 0.24384 -2.445003484775232 0.7988559315902781
22868 10520887 0.7126062473905165 0.004518523503438288 0.24384 -2.445003484775232 0.7988559315902781
22869 10520887 0.7250050628283594 0.004049980102173584 0.24384 -2.445003484775232 0.7988559315902781
22870 10520887 0.7374038782662022 0.00358143670090888 0.24384 -2.445003484775232 0.7988559315902781
22871 10520887 0.7498026937040452 0.003112893299644176 0.24384 -2.445003484775232 0.7988559315902781
22872 10520887 0.75550877498335 0.004811708908969654 0.24384 -2.445003484775232 0.7988559315902781
22873 10520887 0.7612148562626547 0.006510524518295133 0.24384 -2.445003484775232 0.7988559315902781
22874 10520887 0.7724651223540115 0.008325488726952768 0.24384 -2.445003484775232 0.7988559315902781
22875 10520887 0.7741896152731549 0.013603381887476187 0.24384 -2.445003484775232 0.7988559315902781
22876 10520887 0.7773580242695481 0.017864299355262337 0.24384 -2.445003484775232 0.7988559315902781
22877 10520887 0.7805264332659415 0.022125216823048487 0.24384 -2.445003484775232 0.7988559315902781
22878 10520887 0.7836948422623348 0.02638613429083464 0.24384 -2.445003484775232 0.7988559315902781
22879 10520887 0.7870495201026658 0.03393523258883277 0.24384 -2.445003484775232 0.7988559315902781
22880 10520887 0.7866196000495163 0.03737606764310882 0.24384 -2.445003484775232 0.7988559315902781
22881 10520887 0.7861896799963668 0.040816902697384874 0.24384 -2.445003484775232 0.7988559315902781
22882 10520887 0.7857597599432173 0.04425773775166092 0.24384 -2.445003484775232 0.7988559315902781
22883 10520887 0.7853298398900678 0.04769857280593697 0.24384 -2.445003484775232 0.7988559315902781
22884 10520887 0.7884430917858681 0.05450876467527681 0.24384 -2.445003484775232 0.7988559315902781
22885 10520887 0.7864885018033003 0.054281251342033945 0.24384 -2.445003484775232 0.7988559315902781
22886 10520887 0.7845339118207326 0.05405373800879109 0.24384 -2.445003484775232 0.7988559315902781
22887 10520887 0.7825793218381648 0.05382622467554823 0.24384 -2.445003484775232 0.7988559315902781
22888 10520887 0.780624731855597 0.053598711342305365 0.24384 -2.445003484775232 0.7988559315902781
22889 10520887 0.7786701418730292 0.05337119800906251 0.24384 -2.445003484775232 0.7988559315902781
22890 10520887 0.7767155518904615 0.05314368467581965 0.24384 -2.445003484775232 0.7988559315902781
22891 10520887 0.7747609619078937 0.052916171342576784 0.24384 -2.445003484775232 0.7988559315902781
22892 10520887 0.7728063719253259 0.05268865800933393 0.24384 -2.445003484775232 0.7988559315902781
22893 10520887 0.7708517819427582 0.052461144676091066 0.24384 -2.445003484775232 0.7988559315902781
22894 10520887 0.7688971919601904 0.052233631342848204 0.24384 -2.445003484775232 0.7988559315902781
22895 10520887 0.7669426019776225 0.05200611800960535 0.24384 -2.445003484775232 0.7988559315902781
22896 10520887 0.7649880119950547 0.051778604676362486 0.24384 -2.445003484775232 0.7988559315902781
22897 10520887 0.763033422012487 0.05155109134311962 0.24384 -2.445003484775232 0.7988559315902781
22898 10520887 0.7610788320299192 0.05132357800987676 0.24384 -2.445003484775232 0.7988559315902781
22899 10520887 0.7591242420473514 0.051096064676633905 0.24384 -2.445003484775232 0.7988559315902781
22900 10520887 0.7571696520647837 0.05086855134339104 0.24384 -2.445003484775232 0.7988559315902781
22901 10520887 0.7552150620822159 0.05064103801014818 0.24384 -2.445003484775232 0.7988559315902781
22902 10520887 0.7532604720996481 0.050413524676905325 0.24384 -2.445003484775232 0.7988559315902781
22903 10520887 0.7513058821170803 0.05018601134366246 0.24384 -2.445003484775232 0.7988559315902781
22904 10520887 0.7493512921345126 0.0499584980104196 0.24384 -2.445003484775232 0.7988559315902781
22905 10520887 0.7473967021519448 0.049730984677176744 0.24384 -2.445003484775232 0.7988559315902781
22906 10520887 0.745442112169377 0.04950347134393388 0.24384 -2.445003484775232 0.7988559315902781
22907 10520887 0.7434875221868092 0.04927595801069102 0.24384 -2.445003484775232 0.7988559315902781
22908 10520887 0.7415329322042414 0.049048444677448164 0.24384 -2.445003484775232 0.7988559315902781
22909 10520887 0.7395783422216736 0.0488209313442053 0.24384 -2.445003484775232 0.7988559315902781
22910 10520887 0.7376237522391058 0.04859341801096244 0.24384 -2.445003484775232 0.7988559315902781
22911 10520887 0.7356691622565381 0.048365904677719576 0.24384 -2.445003484775232 0.7988559315902781
22912 10520887 0.7337145722739703 0.04813839134447672 0.24384 -2.445003484775232 0.7988559315902781
22913 10520887 0.7317599822914025 0.04791087801123386 0.24384 -2.445003484775232 0.7988559315902781
22914 10520887 0.7298053923088348 0.047683364677991 0.24384 -2.445003484775232 0.7988559315902781
22915 10520887 0.727850802326267 0.04745585134474814 0.24384 -2.445003484775232 0.7988559315902781
22916 10520887 0.7258962123436992 0.04722833801150528 0.24384 -2.445003484775232 0.7988559315902781
22917 10520887 0.7239416223611314 0.047000824678262415 0.24384 -2.445003484775232 0.7988559315902781
22918 10520887 0.7219870323785637 0.04677331134501956 0.24384 -2.445003484775232 0.7988559315902781
22919 10520887 0.7200324423959958 0.0465457980117767 0.24384 -2.445003484775232 0.7988559315902781
22920 10520887 0.718077852413428 0.04631828467853384 0.24384 -2.445003484775232 0.7988559315902781
22921 10520887 0.7161232624308602 0.04609077134529098 0.24384 -2.445003484775232 0.7988559315902781
22922 10520887 0.7141686724482925 0.045863258012048116 0.24384 -2.445003484775232 0.7988559315902781
22923 10520887 0.7122140824657247 0.045635744678805254 0.24384 -2.445003484775232 0.7988559315902781
22924 10520887 0.7102594924831569 0.0454082313455624 0.24384 -2.445003484775232 0.7988559315902781
22925 10520887 0.7083049025005892 0.045180718012319536 0.24384 -2.445003484775232 0.7988559315902781
22926 10520887 0.7063503125180214 0.04495320467907667 0.24384 -2.445003484775232 0.7988559315902781
22927 10520887 0.7043957225354536 0.04472569134583382 0.24384 -2.445003484775232 0.7988559315902781
22928 10520887 0.7024411325528859 0.044498178012590955 0.24384 -2.445003484775232 0.7988559315902781
22929 10520887 0.7004865425703181 0.04427066467934809 0.24384 -2.445003484775232 0.7988559315902781
22930 10520887 0.6985319525877502 0.04404315134610523 0.24384 -2.445003484775232 0.7988559315902781
22931 10520887 0.6965773626051824 0.043815638012862375 0.24384 -2.445003484775232 0.7988559315902781
22932 10520887 0.6946227726226147 0.04358812467961951 0.24384 -2.445003484775232 0.7988559315902781
22933 10520887 0.6926681826400469 0.04336061134637666 0.24384 -2.445003484775232 0.7988559315902781
22934 10520887 0.6907135926574791 0.043133098013133794 0.24384 -2.445003484775232 0.7988559315902781
22935 10520887 0.6887590026749113 0.04290558467989093 0.24384 -2.445003484775232 0.7988559315902781
22936 10520887 0.6868044126923436 0.04267807134664807 0.24384 -2.445003484775232 0.7988559315902781
22937 10520887 0.6848498227097758 0.042450558013405214 0.24384 -2.445003484775232 0.7988559315902781
22938 10520887 0.682895232727208 0.04222304468016235 0.24384 -2.445003484775232 0.7988559315902781
22939 10520887 0.6809406427446403 0.041995531346919496 0.24384 -2.445003484775232 0.7988559315902781
22940 10520887 0.6789860527620725 0.04176801801367663 0.24384 -2.445003484775232 0.7988559315902781
22941 10520887 0.6770314627795047 0.04154050468043377 0.24384 -2.445003484775232 0.7988559315902781
22942 10520887 0.675076872796937 0.04131299134719091 0.24384 -2.445003484775232 0.7988559315902781
22943 10520887 0.6731222828143691 0.04108547801394805 0.24384 -2.445003484775232 0.7988559315902781
22944 10520887 0.6711676928318013 0.04085796468070519 0.24384 -2.445003484775232 0.7988559315902781
