24467 11383373 4.457819568610994 -3.16000537419482 0.6096 -1.0283106210632738 -0.034224567323259125
24468 11383373 4.416941812424375 -3.1028750632554662 0.6096 -1.0283106210632738 -0.034224567323259125
24469 11383373 4.37196016978603 -3.0409017201265387 0.57912 -1.0283106210632738 -0.034224567323259125
24470 11383373 4.342424413655337 -2.998565083120646 0.57912 -1.0283106210632738 -0.034224567323259125
24471 11383373 4.312888657524643 -2.9562284461147534 0.57912 -1.0283106210632738 -0.034224567323259125
24472 11383373 4.275797628212778 -2.903835308695107 0.57912 -1.0283106210632738 -0.034224567323259125
24473 11383373 4.242318989424815 -2.8567078703743816 0.57912 -1.0283106210632738 -0.034224567323259125
24474 11383373 4.208840350636852 -2.8095804320536555 0.57912 -1.0283106210632738 -0.034224567323259125
24475 11383373 4.156571188163978 -2.7372850584965187 0.57912 -1.0283106210632738 -0.034224567323259125
24476 11383373 4.1254037938852655 -2.6958745919605995 0.57912 -1.0283106210632738 -0.034224567323259125
24477 11383373 4.094236399606554 -2.6544641254246804 0.57912 -1.0283106210632738 -0.034224567323259125
24478 11383373 4.057957358722415 -2.6036766963155813 0.57912 -1.0283106210632738 -0.034224567323259125
24479 11383373 4.021678317838277 -2.5528892672064827 0.57912 -1.0283106210632738 -0.034224567323259125
24480 11383373 3.970868995276118 -2.4837539613828254 0.57912 -1.0283106210632738 -0.034224567323259125
24481 11383373 3.939148738969751 -2.4399616006058187 0.57912 -1.0283106210632738 -0.034224567323259125
24482 11383373 3.907428482663384 -2.3961692398288124 0.57912 -1.0283106210632738 -0.034224567323259125
24483 11383373 3.875708226357017 -2.3523768790518056 0.57912 -1.0283106210632738 -0.034224567323259125
24484 11383373 3.8377634148110076 -2.302621008575683 0.57912 -1.0283106210632738 -0.034224567323259125
24485 11383373 3.802227267463156 -2.253650475095415 0.57912 -1.0283106210632738 -0.034224567323259125
24486 11383373 3.754037397197229 -2.184665816584308 0.57912 -1.0283106210632738 -0.034224567323259125
24487 11383373 3.7216151954313936 -2.139221553098658 0.57912 -1.0283106210632738 -0.034224567323259125
24488 11383373 3.689192993665558 -2.093777289613008 0.57912 -1.0283106210632738 -0.034224567323259125
24489 11383373 3.655259526969008 -2.043984693054376 0.57912 -1.0283106210632738 -0.034224567323259125
24490 11383373 3.621326060272458 -1.9941920964957445 0.57912 -1.0283106210632738 -0.034224567323259125
24491 11383373 3.5871935619347832 -1.9436523556490228 0.58928 -1.0283106210632738 -0.034224567323259125
24492 11383373 3.5530610635971085 -1.8931126148023014 0.59944 -1.0283106210632738 -0.034224567323259125
24493 11383373 3.5189285652594338 -1.8425728739555798 0.6096 -1.0283106210632738 -0.034224567323259125
24494 11383373 3.486205349389925 -1.7947967393628588 0.6096 -1.0283106210632738 -0.034224567323259125
24495 11383373 3.4534821335204167 -1.7470206047701378 0.6096 -1.0283106210632738 -0.034224567323259125
24496 11383373 3.420758917650908 -1.6992444701774168 0.6096 -1.0283106210632738 -0.034224567323259125
24497 11383373 3.3880357017813996 -1.6514683355846957 0.6096 -1.0283106210632738 -0.034224567323259125
24498 11383373 3.355312485911891 -1.6036922009919747 0.6096 -1.0283106210632738 -0.034224567323259125
24499 11383373 3.3223791134688105 -1.5552737480448124 0.6096 -1.0283106210632738 -0.034224567323259125
24500 11383373 3.2894457410257303 -1.50685529509765 0.6096 -1.0283106210632738 -0.034224567323259125
24501 11383373 3.25651236858265 -1.4584368421504874 0.6096 -1.0283106210632738 -0.034224567323259125
24502 11383373 3.2235789961395698 -1.4100183892033251 0.6096 -1.0283106210632738 -0.034224567323259125
24503 11383373 3.177683391521925 -1.3424755093564957 0.6096 -1.0283106210632738 -0.034224567323259125
24504 11383373 3.143876538534795 -1.2963991066874463 0.6096 -1.0283106210632738 -0.034224567323259125
24505 11383373 3.118552065633965 -1.258347207362436 0.6096 -1.0283106210632738 -0.034224567323259125
24506 11383373 3.0799724627439344 -1.2046768697087757 0.59944 -1.0283106210632738 -0.034224567323259125
24507 11383373 3.0413928598539037 -1.1510065320551155 0.58928 -1.0283106210632738 -0.034224567323259125
24508 11383373 3.002813256963873 -1.0973361944014552 0.57912 -1.0283106210632738 -0.034224567323259125
24509 11383373 2.970019110094631 -1.0492524183712566 0.57912 -1.0283106210632738 -0.034224567323259125
24510 11383373 2.939989821004554 -1.0063049038808534 0.57912 -1.0283106210632738 -0.034224567323259125
24511 11383373 2.909960531914477 -0.9633573893904499 0.57912 -1.0283106210632738 -0.034224567323259125
24512 11383373 2.8799312428243997 -0.9204098749000467 0.57912 -1.0283106210632738 -0.034224567323259125
24513 11383373 2.8499019537343226 -0.8774623604096433 0.57912 -1.0283106210632738 -0.034224567323259125
24514 11383373 2.816068034802955 -0.827402203153466 0.59436 -1.0283106210632738 -0.034224567323259125
24515 11383373 2.7822341158715878 -0.7773420458972887 0.6096 -1.0283106210632738 -0.034224567323259125
24516 11383373 2.7560354816806765 -0.7388073228162667 0.6096 -1.0283106210632738 -0.034224567323259125
24517 11383373 2.729836847489765 -0.7002725997352448 0.6096 -1.0283106210632738 -0.034224567323259125
24518 11383373 2.703638213298854 -0.6617378766542228 0.6096 -1.0283106210632738 -0.034224567323259125
24519 11383373 2.6614882422288137 -0.6004341472921945 0.6096 -1.0283106210632738 -0.034224567323259125
24520 11383373 2.636797370951784 -0.5672583048584258 0.6096 -1.0283106210632738 -0.034224567323259125
24521 11383373 2.602141947055851 -0.5156430981239118 0.6096 -1.0283106210632738 -0.034224567323259125
24522 11383373 2.583475424902692 -0.4857769087798899 0.6096 -1.0283106210632738 -0.034224567323259125
24523 11383373 2.564808902749533 -0.4559107194358679 0.6096 -1.0283106210632738 -0.034224567323259125
24524 11383373 2.5225289169389984 -0.38685290997567867 0.6400800000000001 -1.0283106210632738 -0.034224567323259125
24525 11383373 2.502392511897252 -0.35265138566318843 0.6400800000000001 -1.0283106210632738 -0.034224567323259125
24526 11383373 2.4822561068555054 -0.3184498613506982 0.6400800000000001 -1.0283106210632738 -0.034224567323259125
24527 11383373 2.460996341665669 -0.2842902502584431 0.6400800000000001 -1.0283106210632738 -0.034224567323259125
24528 11383373 2.43847916860598 -0.24446313839378878 0.6400800000000001 -1.0283106210632738 -0.034224567323259125
24529 11383373 2.409365863140616 -0.19220220162600735 0.6400800000000001 -1.0283106210632738 -0.034224567323259125
24530 11383373 2.3893479438669654 -0.1542420269534434 0.6400800000000001 -1.0283106210632738 -0.034224567323259125
24531 11383373 2.3693300245933147 -0.11628185228087945 0.6400800000000001 -1.0283106210632738 -0.034224567323259125
24532 11383373 2.3467179834167258 -0.07221741867360532 0.6400800000000001 -1.0283106210632738 -0.034224567323259125
24533 11383373 2.324105942240137 -0.028152985066331196 0.6400800000000001 -1.0283106210632738 -0.034224567323259125
24534 11383373 2.301493901063548 0.015911448540942924 0.6400800000000001 -1.0283106210632738 -0.034224567323259125
24535 11383373 2.277232292368981 0.06670631885169129 0.6400800000000001 -1.0283106210632738 -0.034224567323259125
24536 11383373 2.255119060416616 0.10640290506317138 0.6400800000000001 -1.0283106210632738 -0.034224567323259125
24537 11383373 2.2305011577993445 0.15474447660865334 0.6400800000000001 -1.0283106210632738 -0.034224567323259125
24538 11383373 2.2088547107736094 0.19668388022897984 0.6400800000000001 -1.0283106210632738 -0.034224567323259125
24539 11383373 2.1872082637478742 0.23862328384930634 0.6400800000000001 -1.0283106210632738 -0.034224567323259125
24540 11383373 2.1836585423909933 0.2451561900293359 0.6400800000000001 -1.0283106210632738 -0.034224567323259125
24541 11383373 2.1434911489709227 0.32065531628264354 0.6400800000000001 -1.0283106210632738 -0.034224567323259125
24542 11383373 2.132604557581172 0.3444204745141125 0.6400800000000001 -1.0283106210632738 -0.034224567323259125
24543 11383373 2.1107325370623253 0.3815861889972518 0.6400800000000001 -1.0283106210632738 -0.034224567323259125
24544 11383373 2.0888605165434786 0.41875190348039104 0.6400800000000001 -1.0283106210632738 -0.034224567323259125
24545 11383373 2.0502931283280317 0.4839167504852684 0.6400800000000001 -1.0283106210632738 -0.034224567323259125
24546 11383373 2.0227138523542196 0.5231804994082474 0.6400800000000001 -1.0283106210632738 -0.034224567323259125
24547 11383373 1.9986940822020842 0.5536301863821975 0.6400800000000001 -1.0283106210632738 -0.034224567323259125
24548 11383373 1.974674312049949 0.5840798733561476 0.6400800000000001 -1.0283106210632738 -0.034224567323259125
24549 11383373 1.9461882590487853 0.6208366027608371 0.6400800000000001 -1.0283106210632738 -0.034224567323259125
24550 11383373 1.9144454204962391 0.6563207780494029 0.6400800000000001 -1.0283106210632738 -0.034224567323259125
24551 11383373 1.8885331060674615 0.6846438459248901 0.6400800000000001 -1.0283106210632738 -0.034224567323259125
24552 11383373 1.8559408131847284 0.7180694454621538 0.6400800000000001 -1.0283106210632738 -0.034224567323259125
24553 11383373 1.8085681941556007 0.7633323177347596 0.6400800000000001 -1.0283106210632738 -0.034224567323259125
24554 11383373 1.7729144638311882 0.7955388279187818 0.6400800000000001 -1.0283106210632738 -0.034224567323259125
24555 11383373 1.740241432162859 0.8198795000471282 0.6400800000000001 -1.0283106210632738 -0.034224567323259125
24556 11383373 1.7075684004945297 0.8442201721754746 0.6400800000000001 -1.0283106210632738 -0.034224567323259125
24557 11383373 1.6745854132956866 0.8676110979630431 0.6248400000000001 -1.0283106210632738 -0.034224567323259125
24558 11383373 1.6416024260968434 0.8910020237506118 0.6096 -1.0283106210632738 -0.034224567323259125
24559 11383373 1.602450046598849 0.9124950894358732 0.6096 -1.0283106210632738 -0.034224567323259125
24560 11383373 1.5632976671008547 0.9339881551211346 0.6096 -1.0283106210632738 -0.034224567323259125
24561 11383373 1.5069690563307592 0.9599828790316013 0.6096 -1.0283106210632738 -0.034224567323259125
24562 11383373 1.4755132599584022 0.971602466796301 0.6096 -1.0283106210632738 -0.034224567323259125
24563 11383373 1.4440574635860453 0.9832220545610009 0.6096 -1.0283106210632738 -0.034224567323259125
24564 11383373 1.4026575140792603 0.9967470858292038 0.6096 -1.0283106210632738 -0.034224567323259125
24565 11383373 1.3460937581855945 1.015226446634721 0.6096 -1.0283106210632738 -0.034224567323259125
24566 11383373 1.303981022810839 1.0262979860975823 0.6096 -1.0283106210632738 -0.034224567323259125
24567 11383373 1.2574464862108932 1.0415014837802445 0.6096 -1.0283106210632738 -0.034224567323259125
24568 11383373 1.226967481214686 1.0487725807233053 0.6096 -1.0283106210632738 -0.034224567323259125
24569 11383373 1.1845916998996169 1.0603981363600399 0.6096 -1.0283106210632738 -0.034224567323259125
24570 11383373 1.1444849631693168 1.070815279688597 0.6096 -1.0283106210632738 -0.034224567323259125
24571 11383373 1.1076655557423294 1.0777052842533186 0.6096 -1.0283106210632738 -0.034224567323259125
24572 11383373 1.070846148315342 1.08459528881804 0.6096 -1.0283106210632738 -0.034224567323259125
24573 11383373 1.032491114181191 1.0922210121072717 0.6096 -1.0283106210632738 -0.034224567323259125
24574 11383373 0.9951779811643655 1.0982799063364752 0.6248400000000001 -1.0283106210632738 -0.034224567323259125
24575 11383373 0.9578648481475399 1.1043388005656787 0.6400800000000001 -1.0283106210632738 -0.034224567323259125
24576 11383373 0.9026425048800418 1.1095325609549365 0.6400800000000001 -1.0283106210632738 -0.034224567323259125
24577 11383373 0.8701833369771178 1.1140059509478688 0.6248400000000001 -1.0283106210632738 -0.034224567323259125
24578 11383373 0.8377241690741938 1.1184793409408011 0.6096 -1.0283106210632738 -0.034224567323259125
24579 11383373 0.7998527109428268 1.122151477937671 0.6096 -1.0283106210632738 -0.034224567323259125
24580 11383373 0.7619812528114598 1.1258236149345409 0.6096 -1.0283106210632738 -0.034224567323259125
24581 11383373 0.7233949319805515 1.1283278186380463 0.6096 -1.0283106210632738 -0.034224567323259125
24582 11383373 0.6848086111496432 1.130832022341552 0.6096 -1.0283106210632738 -0.034224567323259125
24583 11383373 0.6464745505152072 1.1334294105789051 0.6096 -1.0283106210632738 -0.034224567323259125
24584 11383373 0.6081404898807711 1.136026798816258 0.6096 -1.0283106210632738 -0.034224567323259125
24585 11383373 0.5601843422777055 1.1387316085430395 0.6096 -1.0283106210632738 -0.034224567323259125
24586 11383373 0.5195868988863078 1.1394990160779892 0.6096 -1.0283106210632738 -0.034224567323259125
24587 11383373 0.4781826559100052 1.1418739917172502 0.6096 -1.0283106210632738 -0.034224567323259125
24588 11383373 0.4367784129337025 1.1442489673565113 0.6096 -1.0283106210632738 -0.034224567323259125
24589 11383373 0.397352201983622 1.1469708381559 0.6096 -1.0283106210632738 -0.034224567323259125
24590 11383373 0.3522616454197993 1.1492076939515228 0.6096 -1.0283106210632738 -0.034224567323259125
24591 11383373 0.3299614312517465 1.1489025637064931 0.6096 -1.0283106210632738 -0.034224567323259125
24592 11383373 0.28493979068071873 1.1513509568891935 0.6096 -1.0283106210632738 -0.034224567323259125
24593 11383373 0.2370979787887143 1.1541372851059737 0.57912 -1.0283106210632738 -0.034224567323259125
24594 11383373 0.21077615569917818 1.1566074826023292 0.57912 -1.0283106210632738 -0.034224567323259125
24595 11383373 0.18445433260964206 1.1590776800986846 0.57912 -1.0283106210632738 -0.034224567323259125
24596 11383373 0.14740030721328878 1.1609086274252811 0.57912 -1.0283106210632738 -0.034224567323259125
24597 11383373 0.09476779956675585 1.1656123571752508 0.57912 -1.0283106210632738 -0.034224567323259125
24598 11383373 0.06464057931125394 1.169210204765067 0.57912 -1.0283106210632738 -0.034224567323259125
24599 11383373 0.034513359055752035 1.1728080523548832 0.57912 -1.0283106210632738 -0.034224567323259125
24600 11383373 -0.002010715021761922 1.1772121687998145 0.57912 -1.0283106210632738 -0.034224567323259125
24601 11383373 -0.03853478909927588 1.181616285244746 0.57912 -1.0283106210632738 -0.034224567323259125
24602 11383373 -0.0935743384717651 1.187108257332122 0.57912 -1.0283106210632738 -0.034224567323259125
24603 11383373 -0.12727185412469255 1.19187411317108 0.57912 -1.0283106210632738 -0.034224567323259125
24604 11383373 -0.16096936977762 1.1966399690100376 0.57912 -1.0283106210632738 -0.034224567323259125
24605 11383373 -0.19016970227725327 1.198592205229254 0.57912 -1.0283106210632738 -0.034224567323259125
24606 11383373 -0.2420432578540288 1.2056205883979472 0.57912 -1.0283106210632738 -0.034224567323259125
24607 11383373 -0.28917205026554194 1.2108643986948924 0.54864 -1.0283106210632738 -0.034224567323259125
24608 11383373 -0.32071032257097953 1.2138152024092992 0.54864 -1.0283106210632738 -0.034224567323259125
24609 11383373 -0.35941236994934056 1.2187578724337729 0.54864 -1.0283106210632738 -0.034224567323259125
24610 11247057 0.4666694886821443 0.004738017975397538 0.25908000000000003 -1.0283106210632738 -0.034224567323259125
24610 11383373 -0.3976857145094804 1.2225675857538003 0.54864 -1.0283106210632738 -0.034224567323259125
24611 11383373 -0.4359590590696203 1.2263772990738275 0.54864 -1.0283106210632738 -0.034224567323259125
24611 11247057 0.48845510497764844 0.0034603247061191916 0.2667 -1.0283106210632738 -0.034224567323259125
24612 11383373 -0.4590705886564068 1.2290269741155169 0.54864 -1.0283106210632738 -0.034224567323259125
24612 11247057 0.5268606315718799 0.003216416077817285 0.26924 -1.0283106210632738 -0.034224567323259125
24613 11247057 0.5652661581661115 0.0029725074495153777 0.27178 -1.0283106210632738 -0.034224567323259125
24613 11383373 -0.5038271211855729 1.2333796832615496 0.54864 -1.0283106210632738 -0.034224567323259125
24614 11247057 0.6036716847603429 0.002728598821213471 0.27432 -1.0283106210632738 -0.034224567323259125
24614 11383373 -0.5436836369505775 1.2364226389216912 0.54864 -1.0283106210632738 -0.034224567323259125
24615 11247057 0.6523966173259469 0.006434481881706082 0.27813 -1.0283106210632738 -0.034224567323259125
24615 11383373 -0.5835401527155821 1.239465594581833 0.54864 -1.0283106210632738 -0.034224567323259125
24616 11383373 -0.6305656050443387 1.2450283328238088 0.54864 -1.0283106210632738 -0.034224567323259125
24616 11247057 0.7011215498915508 0.010140364942198693 0.28194 -1.0283106210632738 -0.034224567323259125
24617 11247057 0.7420514424547254 0.013590824050267611 0.28609636363636365 -1.0283106210632738 -0.034224567323259125
24617 11383373 -0.6774772503434952 1.2498531446124541 0.54864 -1.0283106210632738 -0.034224567323259125
24618 11383373 -0.7143248059882075 1.2523219057172643 0.54864 -1.0283106210632738 -0.034224567323259125
24618 11247057 0.7829813350179 0.01704128315833653 0.2902527272727273 -1.0283106210632738 -0.034224567323259125
24619 11383373 -0.7534738774147078 1.257529698606308 0.54864 -1.0283106210632738 -0.034224567323259125
24619 11247057 0.8239112275810745 0.020491742266405447 0.29440909090909095 -1.0283106210632738 -0.034224567323259125
24620 11383373 -0.7940726571471881 1.2583046408457024 0.54864 -1.0283106210632738 -0.034224567323259125
24620 11247057 0.8648411201442491 0.023942201374474364 0.2985654545454546 -1.0283106210632738 -0.034224567323259125
24621 11383373 -0.8239179572367996 1.2580167235369049 0.54864 -1.0283106210632738 -0.034224567323259125
24621 11247057 0.9057710127074237 0.027392660482543282 0.3027218181818182 -1.0283106210632738 -0.034224567323259125
24622 11383373 -0.8581921552325932 1.2550491912335775 0.54864 -1.0283106210632738 -0.034224567323259125
24622 11247057 0.9467009052705981 0.0308431195906122 0.3068781818181818 -1.0283106210632738 -0.034224567323259125
24623 11383373 -0.8924663532283866 1.2520816589302504 0.54864 -1.0283106210632738 -0.034224567323259125
24623 11247057 0.9876307978337727 0.03429357869868112 0.31103454545454545 -1.0283106210632738 -0.034224567323259125
24624 11383373 -0.9267405512241802 1.249114126626923 0.54864 -1.0283106210632738 -0.034224567323259125
24624 11247057 1.0285606903969473 0.037744037806750036 0.3151909090909091 -1.0283106210632738 -0.034224567323259125
24625 11383373 -0.9647350606696989 1.2415606443494485 0.54864 -1.0283106210632738 -0.034224567323259125
24625 11247057 1.069490582960122 0.041194496914818954 0.31934727272727276 -1.0283106210632738 -0.034224567323259125
24626 11383373 -1.005245896774252 1.2295726687853388 0.54864 -1.0283106210632738 -0.034224567323259125
24626 11247057 1.1104204755232965 0.04464495602288787 0.3235036363636364 -1.0283106210632738 -0.034224567323259125
24627 11383373 -1.0457567328788049 1.217584693221229 0.54864 -1.0283106210632738 -0.034224567323259125
24627 11247057 1.151350368086471 0.04809541513095679 0.32766 -1.0283106210632738 -0.034224567323259125
24628 11383373 -1.0822419908264662 1.2018852597733565 0.54864 -1.0283106210632738 -0.034224567323259125
24628 11247057 1.1910263070364027 0.051022139405136925 0.33528 -1.0283106210632738 -0.034224567323259125
24629 11383373 -1.1187272487741275 1.186185826325484 0.54864 -1.0283106210632738 -0.034224567323259125
24629 11247057 1.2523611275980107 0.0528317229482982 0.34290000000000004 -1.0283106210632738 -0.034224567323259125
24630 11247057 1.2812396202318619 0.05605407457801372 0.34290000000000004 -1.0283106210632738 -0.034224567323259125
24630 11383373 -1.1383468258502207 1.1750769216466146 0.5181600000000001 -1.0283106210632738 -0.034224567323259125
24631 11247057 1.3101181128657131 0.05927642620772925 0.34290000000000004 -1.0283106210632738 -0.034224567323259125
24631 11383373 -1.1709295766823271 1.1582766139705867 0.5181600000000001 -1.0283106210632738 -0.034224567323259125
24632 11247057 1.3389966054995643 0.06249877783744477 0.34290000000000004 -1.0283106210632738 -0.034224567323259125
24632 11383373 -1.2040398889087174 1.1317176691896083 0.5181600000000001 -1.0283106210632738 -0.034224567323259125
24633 11247057 1.3907820552866914 0.06742881883829448 0.35052000000000005 -1.0283106210632738 -0.034224567323259125
24633 11383373 -1.2284141317372923 1.114219002810409 0.5181600000000001 -1.0283106210632738 -0.034224567323259125
24634 11247057 1.447023916898856 0.06751563028926394 0.35814000000000007 -1.0283106210632738 -0.034224567323259125
24634 11383373 -1.2528997258612973 1.0898633142159455 0.5181600000000001 -1.0283106210632738 -0.034224567323259125
24635 11383373 -1.2784336997329937 1.0614886174425338 0.5181600000000001 -1.0283106210632738 -0.034224567323259125
24635 11247057 1.509046945836227 0.07062107371730081 0.35814000000000007 -1.0283106210632738 -0.034224567323259125
24636 11247057 1.5422192820902527 0.07158507764379014 0.36576000000000003 -1.0283106210632738 -0.034224567323259125
24636 11383373 -1.3039676736046901 1.0331139206691222 0.5181600000000001 -1.0283106210632738 -0.034224567323259125
24637 11383373 -1.3295016474763865 1.0047392238957105 0.5181600000000001 -1.0283106210632738 -0.034224567323259125
24637 11247057 1.5753916183442784 0.07254908157027948 0.37338 -1.0283106210632738 -0.034224567323259125
24638 11247057 1.6182839388068342 0.06928712193875369 0.37338 -1.0283106210632738 -0.034224567323259125
24638 11383373 -1.3485563938040168 0.974089564063776 0.508 -1.0283106210632738 -0.034224567323259125
24639 11247057 1.663668078680046 0.0709358633882789 0.381 -1.0283106210632738 -0.034224567323259125
24639 11383373 -1.3676111401316473 0.9434399042318415 0.49784 -1.0283106210632738 -0.034224567323259125
24640 11383373 -1.3866658864592776 0.9127902443999071 0.48768 -1.0283106210632738 -0.034224567323259125
24640 11247057 1.7065602976626082 0.06767443843827611 0.38862 -1.0283106210632738 -0.034224567323259125
24641 11383373 -1.4002833018152663 0.8874503615006014 0.48768 -1.0283106210632738 -0.034224567323259125
24641 11247057 1.7567243784166688 0.06764573022757961 0.38862 -1.0283106210632738 -0.034224567323259125
24642 11247057 1.8002370704923911 0.06628499212477962 0.39624000000000004 -1.0283106210632738 -0.034224567323259125
24642 11383373 -1.4187170894294343 0.8520019557935217 0.48768 -1.0283106210632738 -0.034224567323259125
24643 11383373 -1.4371508770436023 0.816553550086442 0.48768 -1.0283106210632738 -0.034224567323259125
24643 11247057 1.839463551866747 0.06784302013556595 0.40386 -1.0283106210632738 -0.034224567323259125
24644 11247057 1.883077755228873 0.0643468053704355 0.41148 -1.0283106210632738 -0.034224567323259125
24644 11383373 -1.4484416150910546 0.7904526501776716 0.48768 -1.0283106210632738 -0.034224567323259125
24645 11247057 1.9305602113884057 0.06671367873995956 0.41910000000000003 -1.0283106210632738 -0.034224567323259125
24645 11383373 -1.4663842086203134 0.7437438713430758 0.48768 -1.0283106210632738 -0.034224567323259125
24646 11383373 -1.4815416199160263 0.7058217419613998 0.48768 -1.0283106210632738 -0.034224567323259125
24646 11247057 1.9793395026195728 0.07087692963730216 0.42672000000000004 -1.0283106210632738 -0.034224567323259125
24647 11383373 -1.4882046517193108 0.6854511970174172 0.48768 -1.0283106210632738 -0.034224567323259125
24647 11247057 2.011915598411628 0.07273856679868887 0.432435 -1.0283106210632738 -0.034224567323259125
24648 11247057 2.0444916942036833 0.07460020396007558 0.43815000000000004 -1.0283106210632738 -0.034224567323259125
24648 11383373 -1.505456840975498 0.6408533877129196 0.48768 -1.0283106210632738 -0.034224567323259125
24649 11247057 2.0877913130085606 0.0766693714190151 0.44767500000000005 -1.0283106210632738 -0.034224567323259125
24649 11383373 -1.5097127786420474 0.619695504753682 0.48768 -1.0283106210632738 -0.034224567323259125
24650 11383373 -1.5197229258127434 0.5806739547793744 0.48768 -1.0283106210632738 -0.034224567323259125
24650 11247057 2.1310909318134375 0.07873853887795462 0.45720000000000005 -1.0283106210632738 -0.034224567323259125
24651 11383373 -1.5301490033567011 0.5487988046421918 0.48768 -1.0283106210632738 -0.034224567323259125
24651 11247057 2.170742144154702 0.07779397998153585 0.46101000000000003 -1.0283106210632738 -0.034224567323259125
24652 11383373 -1.5348995049347287 0.5213765432557262 0.47244 -1.0283106210632738 -0.034224567323259125
24652 11247057 2.210393356495967 0.07684942108511708 0.46482000000000007 -1.0283106210632738 -0.034224567323259125
24653 11247057 2.2640984186998967 0.0754340651064451 0.46482000000000007 -1.0283106210632738 -0.034224567323259125
24653 11383373 -1.5396500065127563 0.4939542818692606 0.45720000000000005 -1.0283106210632738 -0.034224567323259125
24654 11383373 -1.545089122502857 0.4610321492418047 0.45720000000000005 -1.0283106210632738 -0.034224567323259125
24654 11247057 2.306554182478866 0.07220171662079158 0.47243999999999997 -1.0283106210632738 -0.034224567323259125
24655 11247057 2.345414155891361 0.07563422009539791 0.48006 -1.0283106210632738 -0.034224567323259125
24655 11383373 -1.551805526199522 0.42420476636676263 0.45720000000000005 -1.0283106210632738 -0.034224567323259125
24656 11383373 -1.5585219298961872 0.3873773834917206 0.45720000000000005 -1.0283106210632738 -0.034224567323259125
24656 11247057 2.389968538954437 0.0731189329857295 0.48768 -1.0283106210632738 -0.034224567323259125
24657 11247057 2.4178810322462785 0.07171535460764655 0.489585 -1.0283106210632738 -0.034224567323259125
24657 11383373 -1.5625109399670138 0.35888819414718476 0.45720000000000005 -1.0283106210632738 -0.034224567323259125
24658 11383373 -1.5636030583130556 0.3066678896276347 0.45720000000000005 -1.0283106210632738 -0.034224567323259125
24658 11247057 2.44579352553812 0.07031177622956361 0.49149 -1.0283106210632738 -0.034224567323259125
24659 11247057 2.4861974921413976 0.06827614418141736 0.497205 -1.0283106210632738 -0.034224567323259125
24659 11383373 -1.5630555580372578 0.2741244466298217 0.45720000000000005 -1.0283106210632738 -0.034224567323259125
24660 11247057 2.5266014587446755 0.06624051213327112 0.50292 -0.6347677865124085 -0.8097307648880198
24660 11383373 -1.5589763718310041 0.24124375957744293 0.44196 -0.6347677865124085 -0.8097307648880198
24661 11383373 -1.5548971856247504 0.2083630725250641 0.42672000000000004 -0.6347677865124085 -0.8097307648880198
24661 11247057 2.564678046563226 0.06455620844442203 0.51054 -0.6347677865124085 -0.8097307648880198
24662 11247057 2.6058830173699814 0.06021528276217744 0.5181600000000001 -0.6347677865124085 -0.8097307648880198
24662 11383373 -1.5504465335814899 0.18938156504735246 0.42672000000000004 -0.6347677865124085 -0.8097307648880198
24663 11247057 2.638273589392263 0.060154092609067594 0.52578 -0.6347677865124085 -0.8097307648880198
24663 11383373 -1.5351341444633373 0.15200898262715087 0.42672000000000004 -0.6347677865124085 -0.8097307648880198
24664 11247057 2.6732648009410216 0.05690764444873289 0.52578 -0.6347677865124085 -0.8097307648880198
24664 11383373 -1.520704784718702 0.12958855530062038 0.42672000000000004 -0.6347677865124085 -0.8097307648880198
24665 11247057 2.711192077775122 0.055039193230158406 0.5334 -0.6347677865124085 -0.8097307648880198
24665 11383373 -1.5062754249740669 0.1071681279740899 0.42672000000000004 -0.6347677865124085 -0.8097307648880198
24666 11247057 2.742868583573174 0.050071590001200844 0.54102 -0.6347677865124085 -0.8097307648880198
24666 11383373 -1.4792443640264556 0.07846482213553421 0.41148000000000007 -0.6347677865124085 -0.8097307648880198
24667 11383373 -1.4522133030788444 0.04976151629697853 0.39624000000000004 -0.6347677865124085 -0.8097307648880198
24667 11247057 2.7818163332233383 0.04833762518719073 0.54864 -0.6347677865124085 -0.8097307648880198
24668 11247057 2.8338220614193825 0.04444380985089644 0.54864 -0.6347677865124085 -0.8097307648880198
24668 11383373 -1.4296376731712148 0.035952012497765834 0.39624000000000004 -0.6347677865124085 -0.8097307648880198
24669 11383373 -1.4070620432635852 0.022142508698553137 0.39624000000000004 -0.6347677865124085 -0.8097307648880198
24669 11247057 2.8628180524903377 0.043505840222976294 0.55626 -0.6347677865124085 -0.8097307648880198
24670 11383373 -1.3550157733944925 0.007457781337712771 0.39624000000000004 -0.6347677865124085 -0.8097307648880198
24670 11247057 2.9035207078639234 0.043068696344068486 0.55626 -0.6347677865124085 -0.8097307648880198
24671 11247057 2.9394062347910968 0.04011565192731156 0.56388 -0.6347677865124085 -0.8097307648880198
24671 11383373 -1.336854694595851 0.004322482954614543 0.36576 -0.6347677865124085 -0.8097307648880198
24672 11383373 -1.3075861517610163 0.0022866655805632574 0.36576 -0.6347677865124085 -0.8097307648880198
24672 11247057 2.966377587270818 0.037736337871489806 0.56388 -0.6347677865124085 -0.8097307648880198
24673 11383373 -1.2783176089261816 0.00025084820651197215 0.36576 -0.6347677865124085 -0.8097307648880198
24673 11247057 2.993348939750539 0.03535702381566805 0.56388 -0.6347677865124085 -0.8097307648880198
24674 11247057 3.014145735378891 0.03242340704695243 0.5715 -0.6347677865124085 -0.8097307648880198
24674 11383373 -1.2465304027114017 -0.0003301456890744403 0.36576 -0.6347677865124085 -0.8097307648880198
24675 11247057 3.0578044491847063 0.028802668813073445 0.5715 -0.6347677865124085 -0.8097307648880198
24675 11383373 -1.2083322845515985 -0.00032026390095787893 0.36576 -0.6347677865124085 -0.8097307648880198
24676 11247057 3.097448561835355 0.022404037732935617 0.5715 -0.6347677865124085 -0.8097307648880198
24676 11383373 -1.1756736858059085 -0.0009522552543830554 0.36576 -0.6347677865124085 -0.8097307648880198
24677 11383373 -1.1474069976808865 -0.0014330530640252193 0.36576 -0.6347677865124085 -0.8097307648880198
24677 11247057 3.135157878440367 0.0209593325567132 0.57912 -0.6347677865124085 -0.8097307648880198
24678 11247057 3.1805813922092403 0.015945579237251012 0.57912 -0.6347677865124085 -0.8097307648880198
24678 11383373 -1.1191403095558645 -0.0019138508736673832 0.36576 -0.6347677865124085 -0.8097307648880198
24679 11247057 3.228146472818918 0.00661185396585115 0.58674 -0.6347677865124085 -0.8097307648880198
24679 11383373 -1.0681119619899344 -0.003411608672115901 0.36576 -0.6347677865124085 -0.8097307648880198
24680 11383373 -1.0546257807479302 -0.0029144663969739304 0.33528 -0.6347677865124085 -0.8097307648880198
24680 11247057 3.2850797334131547 -0.0012233683120185523 0.58674 -0.6347677865124085 -0.8097307648880198
24681 11383373 -1.0108885089275466 -0.0022613491053146417 0.33528 -0.6347677865124085 -0.8097307648880198
24681 11247057 3.305923198259391 -0.0026527765301127826 0.58674 -0.6347677865124085 -0.8097307648880198
24682 11247057 3.3396056661188958 -0.008272367644140716 0.59055 -0.6347677865124085 -0.8097307648880198
24682 11383373 -0.9917248932808216 -0.0006996810230389949 0.33528 -0.6347677865124085 -0.8097307648880198
24683 11247057 3.3732881339784004 -0.013891958758168649 0.59436 -0.6347677865124085 -0.8097307648880198
24683 11383373 -0.9591700847946607 -0.0016473257522615914 0.33528 -0.6347677865124085 -0.8097307648880198
24684 11247057 3.4100914647670786 -0.015390015208111701 0.59436 -0.6347677865124085 -0.8097307648880198
24684 11383373 -0.9212933517968007 -0.001530945537357914 0.33528 -0.6347677865124085 -0.8097307648880198
24685 11247057 3.451030334837382 -0.023260560131629388 0.6019800000000001 -0.6347677865124085 -0.8097307648880198
24685 11383373 -0.8970632433547863 -0.0018593548925171233 0.33528 -0.6347677865124085 -0.8097307648880198
24686 11383373 -0.8660098941251978 -0.001965097746612132 0.33528 -0.6347677865124085 -0.8097307648880198
24686 11247057 3.4935540533136926 -0.02627464308456509 0.6019800000000001 -0.6347677865124085 -0.8097307648880198
24687 11247057 3.5257005281305815 -0.03115853197183885 0.6096 -0.6347677865124085 -0.8097307648880198
24687 11383373 -0.8349565448956093 -0.002070840600707141 0.33528 -0.6347677865124085 -0.8097307648880198
24688 11247057 3.596102950729434 -0.04397093073240291 0.6096 -0.6347677865124085 -0.8097307648880198
24688 11383373 -0.8022983738104899 -0.002701113278786388 0.33528 -0.6347677865124085 -0.8097307648880198
24689 11383373 -0.7668058882401318 -0.001453919205005899 0.33528 -0.6347677865124085 -0.8097307648880198
24689 11247057 3.6306080046613447 -0.055231055059216244 0.61722 -0.6347677865124085 -0.8097307648880198
24690 11247057 3.67084785487941 -0.06252174980236117 0.61722 -0.6347677865124085 -0.8097307648880198
24690 11383373 -0.7258086331695452 0.000330325152223393 0.33528 -0.6347677865124085 -0.8097307648880198
24691 11247057 3.716910705034455 -0.0726468582796608 0.61722 -0.6347677865124085 -0.8097307648880198
24691 11383373 -0.6956959493575896 6.541260464862364e-05 0.3048 -0.6347677865124085 -0.8097307648880198
24692 11247057 3.772703857822269 -0.09050242137062084 0.61722 -0.6347677865124085 -0.8097307648880198
24692 11383373 -0.6693797062350997 -0.0009443410049523593 0.3048 -0.6347677865124085 -0.8097307648880198
24693 11247057 3.819944984349962 -0.10626784338628184 0.61722 -0.6347677865124085 -0.8097307648880198
24693 11383373 -0.6359970456117543 0.0006427311366113686 0.3048 -0.6347677865124085 -0.8097307648880198
24694 11383373 -0.5978343238395445 0.0005503460396001636 0.3048 -0.6347677865124085 -0.8097307648880198
24694 11247057 3.8640797560976496 -0.12066889433392161 0.6248400000000001 -0.6347677865124085 -0.8097307648880198
24695 11383373 -0.5682481564374025 0.0013927313899421423 0.3048 -0.6347677865124085 -0.8097307648880198
24695 11247057 3.882615218489982 -0.12916988949060307 0.6248400000000001 -0.6347677865124085 -0.8097307648880198
24696 11383373 -0.534934665989867 0.0027691741573914463 0.3048 -0.6347677865124085 -0.8097307648880198
24696 11247057 3.9011506808823144 -0.13767088464728452 0.6248400000000001 -0.6347677865124085 -0.8097307648880198
24697 11247057 3.943884321955492 -0.15745477050092951 0.63246 -0.6347677865124085 -0.8097307648880198
24697 11383373 -0.49673759154939523 0.0027828842756132677 0.3048 -0.6347677865124085 -0.8097307648880198
24698 11247057 4.0127672798230085 -0.18471882625412053 0.63246 -0.6347677865124085 -0.8097307648880198
24698 11383373 -0.472828843518323 0.002560855770823628 0.3048 -0.6347677865124085 -0.8097307648880198
24699 11247057 4.051707024775725 -0.20279685937900685 0.6400800000000001 -0.6347677865124085 -0.8097307648880198
24699 11383373 -0.4478175392717114 0.004081455240361437 0.3048 -0.6347677865124085 -0.8097307648880198
24700 11247057 4.102525556635457 -0.21984411721107702 0.6400800000000001 -0.6347677865124085 -0.8097307648880198
24700 11383373 -0.40337919655314014 0.007429587616131134 0.3048 -0.6347677865124085 -0.8097307648880198
24701 11247057 4.145145544044201 -0.23888862087685228 0.6477 -0.6347677865124085 -0.8097307648880198
24701 11383373 -0.3816371325422322 0.007916166804608049 0.3048 -0.6347677865124085 -0.8097307648880198
24702 11383373 -0.35989506853132425 0.008402745993084965 0.3048 -0.6347677865124085 -0.8097307648880198
24702 11247057 4.189281147295058 -0.25328763289308975 0.65532 -0.6347677865124085 -0.8097307648880198
24703 11383373 -0.3137862515780099 0.008167653425355942 0.3048 -0.6347677865124085 -0.8097307648880198
24703 11247057 4.231763635540985 -0.27275390645404296 0.65532 -0.6347677865124085 -0.8097307648880198
24704 11247057 4.270683395482595 -0.28545075257523156 0.6629400000000001 -0.6347677865124085 -0.8097307648880198
24704 11383373 -0.2870234118355528 0.00689637835600268 0.3048 -0.6347677865124085 -0.8097307648880198
24705 11383373 -0.2573590053488043 0.006078760677331402 0.28956000000000004 -0.6347677865124085 -0.8097307648880198
24705 11247057 4.338492217097727 -0.3075715477514944 0.6629400000000001 -0.6347677865124085 -0.8097307648880198
24706 11247057 4.363368893975267 -0.3156866613315081 0.6667500000000001 -0.6347677865124085 -0.8097307648880198
24706 11383373 -0.22769459886205579 0.005261142998660123 0.27432 -0.6347677865124085 -0.8097307648880198
24707 11247057 4.388245570852805 -0.32380177491152173 0.67056 -0.6347677865124085 -0.8097307648880198
24707 11383373 -0.19590860520795328 0.0046848549782410875 0.27432 -0.6347677865124085 -0.8097307648880198
24708 11383373 -0.15530471911016153 0.003913509689673994 0.27432 -0.6347677865124085 -0.8097307648880198
24708 11247057 4.432381706490043 -0.3381992627335273 0.6781800000000001 -0.6347677865124085 -0.8097307648880198
24709 11247057 4.470948669000033 -0.3451729914068925 0.6781800000000001 -0.6347677865124085 -0.8097307648880198
24709 11383373 -0.11710819928994609 0.0039292622903375485 0.27432 -0.6347677865124085 -0.8097307648880198
24710 11247057 4.522307245890576 -0.3619258020390782 0.6858000000000001 -0.6347677865124085 -0.8097307648880198
24710 11383373 -0.09121541130087957 0.004345082152518026 0.27432 -0.6347677865124085 -0.8097307648880198
24711 11383373 -0.06532262331181304 0.004760902014698504 0.27432 -0.6347677865124085 -0.8097307648880198
24711 11247057 4.580888271871672 -0.3810340192193702 0.6858000000000001 -0.6347677865124085 -0.8097307648880198
24712 11247057 4.623371842964941 -0.400497929486646 0.69342 -0.6347677865124085 -0.8097307648880198
24712 11383373 -0.014434171275339525 0.0028485061966862235 0.27432 -0.6347677865124085 -0.8097307648880198
24713 11383373 0.009203670311935808 0.003612281280096774 0.27432 -0.6347677865124085 -0.8097307648880198
24713 11247057 4.672323368549559 -0.41646440057356116 0.69342 -0.6347677865124085 -0.8097307648880198
24714 11383373 0.03284151189921114 0.004376056363507325 0.27432 -0.6347677865124085 -0.8097307648880198
24714 11247057 4.7196700317078335 -0.4319070569623634 0.7010400000000001 -0.6347677865124085 -0.8097307648880198
24715 11383373 0.05647935348648647 0.005139831446917875 0.27432 -0.6347677865124085 -0.8097307648880198
24715 11247057 4.779455373395007 -0.4514062274777243 0.7010400000000001 -0.6347677865124085 -0.8097307648880198
24716 11383373 0.09165363116770642 0.004742512799037854 0.27432 -0.6347677865124085 -0.8097307648880198
24716 11247057 4.824796044959061 -0.46619385045987616 0.7086600000000001 -0.6347677865124085 -0.8097307648880198
24717 11247057 4.857110227456191 -0.47804673708750167 0.7086600000000001 -0.6347677865124085 -0.8097307648880198
24717 11383373 0.12682790884892636 0.004345194151157833 0.27432 -0.6347677865124085 -0.8097307648880198
24718 11247057 4.889424409953323 -0.48989962371512724 0.7086600000000001 -0.6347677865124085 -0.8097307648880198
24718 11383373 0.1408526113355999 0.005135694393130441 0.27432 -0.6347677865124085 -0.8097307648880198
24719 11247057 4.955120912654606 -0.5086968256794452 0.7086600000000001 -0.6347677865124085 -0.8097307648880198
24719 11383373 0.1786474785687645 0.005284167785858218 0.27432 -0.6347677865124085 -0.8097307648880198
24720 11247057 4.990912239408667 -0.5203690185047088 0.7162800000000001 -0.6347677865124085 -0.8097307648880198
24720 11383373 0.1997560891130593 0.0032922729878698265 0.27432 -0.6347677865124085 -0.8097307648880198
24721 11383373 0.21909875887790686 0.004389442687676916 0.27432 -0.6347677865124085 -0.8097307648880198
24721 11247057 5.015589043630379 -0.5284164013196757 0.7162800000000001 -0.6347677865124085 -0.8097307648880198
24722 11247057 5.0402658478520905 -0.5364637841346427 0.7162800000000001 -0.6347677865124085 -0.8097307648880198
24722 11383373 0.23844142864275442 0.005486612387484005 0.27432 -0.6347677865124085 -0.8097307648880198
24723 11383373 0.26141227507418746 0.005456565611400073 0.27432 -0.6347677865124085 -0.8097307648880198
24723 11247057 5.099450204504215 -0.5557639534291438 0.7239000000000001 -0.6347677865124085 -0.8097307648880198
24724 11383373 0.2843831215056205 0.005426518835316141 0.27432 -0.6347677865124085 -0.8097307648880198
24724 11247057 5.178753070679644 -0.586880188282337 0.73152 -0.6347677865124085 -0.8097307648880198
24725 11383373 0.3032223452859124 0.004643884003488918 0.27432 -0.6347677865124085 -0.8097307648880198
24725 11247057 5.218878326115375 -0.5999643192325642 0.73152 -0.6347677865124085 -0.8097307648880198
24726 11383373 0.33300164544505595 0.004725567402714681 0.27432 -0.6347677865124085 -0.8097307648880198
24726 11247057 5.2413485134277575 -0.6072912968031776 0.73533 -0.6347677865124085 -0.8097307648880198
24727 11247057 5.26381870074014 -0.6146182743737911 0.73914 -0.6347677865124085 -0.8097307648880198
24727 11383373 0.3479602692322167 0.0049775836220693065 0.27432 -0.6347677865124085 -0.8097307648880198
24728 11383373 0.3629188930193774 0.005229599841423932 0.27432 -0.6347677865124085 -0.8097307648880198
24728 11247057 5.324049758459374 -0.6450036059269487 0.74676 -0.6347677865124085 -0.8097307648880198
24729 11247057 5.3666387981667665 -0.6641462947691287 0.74676 -0.6347677865124085 -0.8097307648880198
24730 11247057 5.4082533522938725 -0.683554965132895 0.74676 -0.6347677865124085 -0.8097307648880198
24731 11247057 5.450096160156137 -0.7077098867497551 0.75438 -0.6347677865124085 -0.8097307648880198
24732 11247057 5.486883098959862 -0.7310337234754457 0.75438 -0.6347677865124085 -0.8097307648880198
24733 11247057 5.531776111545886 -0.7553648762404597 0.75438 -0.6347677865124085 -0.8097307648880198
24734 11247057 5.572633514195545 -0.7795480045699189 0.762 -0.6347677865124085 -0.8097307648880198
24735 11247057 5.610066353115878 -0.801709015157362 0.7639050000000001 -0.6347677865124085 -0.8097307648880198
24736 11247057 5.647499192036211 -0.8238700257448052 0.76581 -0.6347677865124085 -0.8097307648880198
24737 11247057 5.689057103077155 -0.8461780644340842 0.76962 -0.6347677865124085 -0.8097307648880198
24738 11247057 5.730615014118099 -0.8684861031233632 0.7734300000000001 -0.6347677865124085 -0.8097307648880198
