26052 11322591 0.6898497698676943 0.07620930700038184 0.27432 -2.269138511209445 1.2112899144904092
26053 11322591 0.684638546927355 0.07656858044112749 0.27432 -2.269138511209445 1.2112899144904092
26054 11322591 0.6794273239870157 0.07692785388187313 0.27432 -2.269138511209445 1.2112899144904092
26055 11322591 0.6712178966178466 0.07762426281256316 0.27432 -2.269138511209445 1.2112899144904092
26056 11322591 0.6725555185890518 0.09938444289736514 0.27432 -2.269138511209445 1.2112899144904092
26057 11322591 0.665399094946316 0.0978675486677228 0.27432 -2.269138511209445 1.2112899144904092
26058 11322591 0.65824267130358 0.09635065443808047 0.27432 -2.269138511209445 1.2112899144904092
26059 11322591 0.651979454434127 0.09349045448768287 0.27432 -2.269138511209445 1.2112899144904092
26060 11322591 0.6441022668346763 0.09384468031130529 0.27432 -2.269138511209445 1.2112899144904092
26061 11322591 0.6373397717334495 0.09262745918523389 0.27432 -2.269138511209445 1.2112899144904092
26062 11322591 0.6305772766322225 0.09141023805916251 0.27432 -2.269138511209445 1.2112899144904092
26063 11322591 0.6238147815309957 0.09019301693309112 0.27432 -2.269138511209445 1.2112899144904092
26064 11322591 0.6171503282938351 0.08746394911803286 0.27432 -2.269138511209445 1.2112899144904092
26065 11322591 0.6096317002902663 0.08483876138593838 0.27432 -2.269138511209445 1.2112899144904092
26066 11322591 0.6021130722866975 0.08221357365384388 0.27432 -2.269138511209445 1.2112899144904092
26067 11322591 0.5972985042961941 0.08378681507090542 0.27432 -2.269138511209445 1.2112899144904092
26068 11322591 0.589352307096445 0.08392999196844458 0.27432 -2.269138511209445 1.2112899144904092
26069 11322591 0.581406109896696 0.08407316886598375 0.27432 -2.269138511209445 1.2112899144904092
26070 11322591 0.5747332586369382 0.0848517223691729 0.27432 -2.269138511209445 1.2112899144904092
26071 11322591 0.5680604073771803 0.08563027587236205 0.27432 -2.269138511209445 1.2112899144904092
26072 11322591 0.5598277266618675 0.0859839224976801 0.27432 -2.269138511209445 1.2112899144904092
26073 11322591 0.5531196556307421 0.08583937848679862 0.27432 -2.269138511209445 1.2112899144904092
26074 11322591 0.5464115845996167 0.08569483447591716 0.27432 -2.269138511209445 1.2112899144904092
26075 11322591 0.5393800519129119 0.08501345760853649 0.27432 -2.269138511209445 1.2112899144904092
26076 11322591 0.5323485192262071 0.0843320807411558 0.27432 -2.269138511209445 1.2112899144904092
26077 11322591 0.5253169865395022 0.08365070387377511 0.27432 -2.269138511209445 1.2112899144904092
26078 11322591 0.5182854538527975 0.08296932700639444 0.27432 -2.269138511209445 1.2112899144904092
26079 11322591 0.5112539211660927 0.08228795013901374 0.27432 -2.269138511209445 1.2112899144904092
26080 11322591 0.5042223884793878 0.08160657327163306 0.27432 -2.269138511209445 1.2112899144904092
26081 11322591 0.497876486013756 0.0825704249940784 0.27432 -2.269138511209445 1.2112899144904092
26082 11322591 0.49153058354812423 0.08353427671652373 0.27432 -2.269138511209445 1.2112899144904092
26083 11322591 0.4849017588789095 0.08227349629720675 0.27432 -2.269138511209445 1.2112899144904092
26084 11322591 0.4782729342096948 0.08101271587788976 0.27432 -2.269138511209445 1.2112899144904092
26085 11322591 0.4716441095404801 0.07975193545857277 0.27432 -2.269138511209445 1.2112899144904092
26086 11322591 0.464021041387976 0.08224304384217132 0.27432 -2.269138511209445 1.2112899144904092
26087 11322591 0.4580118873222339 0.08151969488975627 0.27432 -2.269138511209445 1.2112899144904092
26088 11322591 0.45126929069921584 0.08126969062771972 0.27432 -2.269138511209445 1.2112899144904092
26089 11322591 0.44452669407619777 0.08101968636568317 0.27432 -2.269138511209445 1.2112899144904092
26090 11322591 0.4366494414074079 0.08137414236316351 0.27432 -2.269138511209445 1.2112899144904092
26091 11322591 0.42863420769721633 0.08130638220756578 0.27432 -2.269138511209445 1.2112899144904092
26092 11322591 0.4225725619784706 0.07960716976954592 0.27432 -2.269138511209445 1.2112899144904092
26093 11322591 0.4165109162597249 0.07790795733152606 0.27432 -2.269138511209445 1.2112899144904092
26094 11322591 0.40912857460012175 0.08032045682736663 0.27432 -2.269138511209445 1.2112899144904092
26095 11322591 0.40220822986289456 0.08007016691723959 0.27432 -2.269138511209445 1.2112899144904092
26096 11322591 0.39528788512566737 0.07981987700711254 0.27432 -2.269138511209445 1.2112899144904092
26097 11322591 0.3885452693858008 0.07956993222232925 0.27432 -2.269138511209445 1.2112899144904092
26098 11322591 0.3818026536459342 0.07931998743754595 0.27432 -2.269138511209445 1.2112899144904092
26099 11322591 0.37461742114207924 0.07907451583891174 0.27432 -2.269138511209445 1.2112899144904092
26100 11322591 0.3674321886382243 0.07882904424027753 0.27432 -2.269138511209445 1.2112899144904092
26101 11322591 0.3602469561343693 0.07858357264164331 0.27432 -2.269138511209445 1.2112899144904092
26102 11322591 0.35306172363051436 0.0783381010430091 0.27432 -2.269138511209445 1.2112899144904092
26103 11322591 0.3458764911266594 0.0780926294443749 0.27432 -2.269138511209445 1.2112899144904092
26104 11322591 0.33865463531716544 0.08045275568143354 0.27432 -2.269138511209445 1.2112899144904092
26105 11322591 0.3319120039668146 0.08020286465746038 0.27432 -2.269138511209445 1.2112899144904092
26106 11322591 0.3251693726164637 0.07995297363348722 0.27432 -2.269138511209445 1.2112899144904092
26107 11322591 0.3196303797253468 0.0793097359966707 0.27432 -2.269138511209445 1.2112899144904092
26108 11322591 0.3140913868342299 0.07866649835985418 0.27432 -2.269138511209445 1.2112899144904092
26109 11322591 0.30567489823716587 0.07872999667893255 0.27432 -2.269138511209445 1.2112899144904092
26110 11322591 0.2998726720590227 0.07864011518781225 0.27432 -2.269138511209445 1.2112899144904092
26111 11322591 0.29419568562053633 0.0775746725257373 0.27432 -2.269138511209445 1.2112899144904092
26112 11322591 0.28697382928116777 0.0799348517821988 0.27432 -2.269138511209445 1.2112899144904092
26113 11322591 0.2808731225326405 0.07947522240615872 0.27432 -2.269138511209445 1.2112899144904092
26114 11322591 0.2747724157841133 0.07901559303011862 0.27432 -2.269138511209445 1.2112899144904092
26115 11322591 0.26867170903558607 0.07855596365407855 0.27432 -2.269138511209445 1.2112899144904092
26116 11322591 0.2625710022870589 0.07809633427803846 0.27432 -2.269138511209445 1.2112899144904092
26117 11322591 0.2564702955385316 0.07763670490199837 0.27432 -2.269138511209445 1.2112899144904092
26118 11322591 0.2515754815758434 0.07923640737633708 0.27432 -2.269138511209445 1.2112899144904092
26119 11322591 0.24561200502544367 0.0783814574846815 0.27432 -2.269138511209445 1.2112899144904092
26120 11322591 0.2387096134412984 0.07900166993896987 0.27432 -2.269138511209445 1.2112899144904092
26121 11322591 0.23180722185715316 0.07962188239325824 0.27432 -2.269138511209445 1.2112899144904092
26122 11322591 0.2249048302730079 0.0802420948475466 0.27432 -2.269138511209445 1.2112899144904092
26123 11322591 0.21685503192275712 0.08006901841517622 0.27432 -2.269138511209445 1.2112899144904092
26124 11322591 0.2113505070688908 0.07953141816111756 0.27432 -2.269138511209445 1.2112899144904092
26125 11322591 0.20621496596186328 0.08120982753192119 0.27432 -2.269138511209445 1.2112899144904092
26126 11322591 0.2004697095071804 0.08075091357049229 0.27432 -2.269138511209445 1.2112899144904092
26127 11322591 0.19472445305249753 0.08029199960906339 0.27432 -2.269138511209445 1.2112899144904092
26128 11322591 0.18835999500375689 0.07984075064396984 0.27432 -2.269138511209445 1.2112899144904092
26129 11322591 0.18199553695501625 0.07938950167887629 0.27432 -2.269138511209445 1.2112899144904092
26130 11322591 0.1756310789062756 0.07893825271378274 0.27432 -2.269138511209445 1.2112899144904092
26131 11322591 0.16921613517241751 0.07969128922658333 0.27432 -2.269138511209445 1.2112899144904092
26132 11322591 0.16280119143855942 0.08044432573938393 0.27432 -2.269138511209445 1.2112899144904092
26133 11322591 0.15733115068483805 0.08001232231985086 0.27432 -2.269138511209445 1.2112899144904092
26134 11322591 0.15148238428675537 0.07923678291600139 0.27432 -2.269138511209445 1.2112899144904092
26135 11322591 0.14563361788867268 0.07846124351215192 0.27432 -2.269138511209445 1.2112899144904092
26136 11322591 0.13984260010912886 0.07813415696871215 0.27432 -2.269138511209445 1.2112899144904092
26137 11322591 0.13463129280047265 0.07849383493709208 0.27432 -2.269138511209445 1.2112899144904092
26138 11322591 0.12941998549181644 0.07885351290547202 0.27432 -2.269138511209445 1.2112899144904092
26139 11322591 0.12388093633119979 0.07821042752860455 0.27432 -2.269138511209445 1.2112899144904092
26140 11322591 0.11834188717058314 0.07756734215173708 0.27432 -2.269138511209445 1.2112899144904092
26141 11322591 0.11593460158640262 0.07835412829549078 0.27432 -2.269138511209445 1.2112899144904092
26142 11322591 0.1135273160022221 0.07914091443924448 0.27432 -2.269138511209445 1.2112899144904092
26143 11322591 0.11324870165560179 0.07890757367036463 0.27432 -2.269138511209445 1.2112899144904092
26144 11322591 0.11297008730898149 0.07867423290148479 0.27432 -2.269138511209445 1.2112899144904092
26145 11322591 0.11269147296236118 0.07844089213260494 0.27432 -2.269138511209445 1.2112899144904092
26146 11322591 0.11241285861574088 0.07820755136372508 0.27432 -2.269138511209445 1.2112899144904092
26147 11322591 0.11213424426912057 0.07797421059484523 0.27432 -2.269138511209445 1.2112899144904092
26148 11322591 0.11185562992250027 0.07774086982596538 0.27432 -2.269138511209445 1.2112899144904092
26149 11322591 0.11157701557587996 0.07750752905708554 0.27432 -2.269138511209445 1.2112899144904092
26150 11322591 0.11129840122925966 0.07727418828820569 0.27432 -2.269138511209445 1.2112899144904092
26151 11322591 0.11101978688263935 0.07704084751932584 0.27432 -2.269138511209445 1.2112899144904092
26152 11322591 0.11074117253601903 0.07680750675044598 0.27432 -2.269138511209445 1.2112899144904092
26153 11322591 0.11046255818939874 0.07657416598156613 0.27432 -2.269138511209445 1.2112899144904092
26154 11322591 0.11018394384277842 0.07634082521268629 0.27432 -2.269138511209445 1.2112899144904092
26155 11322591 0.10990532949615812 0.07610748444380644 0.27432 -2.269138511209445 1.2112899144904092
26156 11322591 0.10962671514953781 0.07587414367492659 0.27432 -2.269138511209445 1.2112899144904092
26157 11322591 0.10934810080291751 0.07564080290604674 0.27432 -2.269138511209445 1.2112899144904092
26158 11322591 0.1090694864562972 0.0754074621371669 0.27432 -2.269138511209445 1.2112899144904092
26159 11322591 0.1087908721096769 0.07517412136828705 0.27432 -2.269138511209445 1.2112899144904092
26160 11322591 0.10851225776305659 0.07494078059940719 0.27432 -2.516863095951969 -0.5306722116665519
26161 11322591 0.10823364341643628 0.07470743983052734 0.27432 -2.516863095951969 -0.5306722116665519
26162 11322591 0.10795502906981598 0.0744740990616475 0.27432 -2.516863095951969 -0.5306722116665519
26163 11322591 0.10767641472319567 0.07424075829276765 0.27432 -2.516863095951969 -0.5306722116665519
26164 11322591 0.10739780037657537 0.0740074175238878 0.27432 -2.516863095951969 -0.5306722116665519
26165 11322591 0.10711918602995506 0.07377407675500795 0.27432 -2.516863095951969 -0.5306722116665519
26166 11322591 0.10684057168333476 0.07354073598612809 0.27432 -2.516863095951969 -0.5306722116665519
26167 11322591 0.10656195733671445 0.07330739521724824 0.27432 -2.516863095951969 -0.5306722116665519
26168 11322591 0.10628334299009415 0.0730740544483684 0.27432 -2.516863095951969 -0.5306722116665519
26169 11322591 0.10600472864347384 0.07284071367948855 0.27432 -2.516863095951969 -0.5306722116665519
26170 11322591 0.10572611429685352 0.0726073729106087 0.27432 -2.516863095951969 -0.5306722116665519
26171 11322591 0.10544749995023323 0.07237403214172886 0.27432 -2.516863095951969 -0.5306722116665519
26172 11322591 0.10516888560361291 0.07214069137284901 0.27432 -2.516863095951969 -0.5306722116665519
26173 11322591 0.10489027125699261 0.07190735060396915 0.27432 -2.516863095951969 -0.5306722116665519
26174 11322591 0.1046116569103723 0.0716740098350893 0.27432 -2.516863095951969 -0.5306722116665519
26175 11322591 0.104333042563752 0.07144066906620945 0.27432 -2.516863095951969 -0.5306722116665519
26176 11322591 0.10405442821713169 0.0712073282973296 0.27432 -2.516863095951969 -0.5306722116665519
26177 11322591 0.1037758138705114 0.07097398752844976 0.27432 -2.516863095951969 -0.5306722116665519
26178 11322591 0.10349719952389108 0.07074064675956991 0.27432 -2.516863095951969 -0.5306722116665519
26179 11322591 0.10321858517727078 0.07050730599069005 0.27432 -2.516863095951969 -0.5306722116665519
26180 11322591 0.10293997083065047 0.0702739652218102 0.27432 -2.516863095951969 -0.5306722116665519
26181 11322591 0.10266135648403016 0.07004062445293036 0.27432 -2.516863095951969 -0.5306722116665519
26182 11322591 0.10238274213740986 0.06980728368405051 0.27432 -2.516863095951969 -0.5306722116665519
26183 11322591 0.10210412779078955 0.06957394291517066 0.27432 -2.516863095951969 -0.5306722116665519
26184 11322591 0.10182551344416925 0.06934060214629081 0.27432 -2.516863095951969 -0.5306722116665519
26185 11322591 0.10154689909754894 0.06910726137741097 0.27432 -2.516863095951969 -0.5306722116665519
26186 11322591 0.10126828475092864 0.06887392060853112 0.27432 -2.516863095951969 -0.5306722116665519
26187 11322591 0.10098967040430833 0.06864057983965126 0.27432 -2.516863095951969 -0.5306722116665519
26188 11322591 0.10071105605768801 0.06840723907077141 0.27432 -2.516863095951969 -0.5306722116665519
26189 11322591 0.10043244171106772 0.06817389830189156 0.27432 -2.516863095951969 -0.5306722116665519
26190 11322591 0.1001538273644474 0.06794055753301172 0.27432 -2.516863095951969 -0.5306722116665519
26191 11322591 0.0998752130178271 0.06770721676413187 0.27432 -2.516863095951969 -0.5306722116665519
26192 11322591 0.09959659867120679 0.06747387599525202 0.27432 -2.516863095951969 -0.5306722116665519
26193 11322591 0.0993179843245865 0.06724053522637216 0.27432 -2.516863095951969 -0.5306722116665519
26194 11322591 0.09903936997796618 0.06700719445749231 0.27432 -2.516863095951969 -0.5306722116665519
26195 11322591 0.09876075563134588 0.06677385368861247 0.27432 -2.516863095951969 -0.5306722116665519
26196 11322591 0.09848214128472557 0.06654051291973262 0.27432 -2.516863095951969 -0.5306722116665519
26197 11322591 0.09820352693810527 0.06630717215085277 0.27432 -2.516863095951969 -0.5306722116665519
26198 11322591 0.09792491259148496 0.06607383138197293 0.27432 -2.516863095951969 -0.5306722116665519
26199 11322591 0.09764629824486465 0.06584049061309308 0.27432 -2.516863095951969 -0.5306722116665519
26200 11322591 0.09736768389824435 0.06560714984421322 0.27432 -2.516863095951969 -0.5306722116665519
26201 11322591 0.09708906955162404 0.06537380907533337 0.27432 -2.516863095951969 -0.5306722116665519
26202 11322591 0.09681045520500374 0.06514046830645352 0.27432 -2.516863095951969 -0.5306722116665519
