26452 11322591 0.0448535183828678 0.0068887665386149705 0.27432 -2.516863095951969 -0.5306722116665519
26453 11322591 0.06227155386918808 0.006738916221858892 0.27432 -2.516863095951969 -0.5306722116665519
26454 11322591 0.07968958935550836 0.006589065905102813 0.27432 -2.516863095951969 -0.5306722116665519
26455 11322591 0.09710762484182865 0.006439215588346734 0.27432 -2.516863095951969 -0.5306722116665519
26456 11322591 0.11452566032814894 0.006289365271590654 0.27432 -2.516863095951969 -0.5306722116665519
26457 11322591 0.13194369581446921 0.0061395149548345756 0.27432 -2.516863095951969 -0.5306722116665519
26458 11322591 0.1493617313007895 0.005989664638078497 0.27432 -2.516863095951969 -0.5306722116665519
26459 11322591 0.1667797667871098 0.005839814321322418 0.27432 -2.516863095951969 -0.5306722116665519
26460 11322591 0.18419780227343008 0.005689964004566339 0.27432 0.0 0.0
26461 11322591 0.20842691811230518 0.0053653285476167045 0.27432 0.0 0.0
26462 11322591 0.2360172452614513 0.006629355974595935 0.27432 0.0 0.0
26463 11322591 0.26265362322158126 0.005518160989389093 0.27432 0.0 0.0
26464 11322591 0.29200627284405645 0.0029352159230751906 0.27432 0.0 0.0
26465 11322591 0.32291769603318143 0.003854233434074696 0.27432 0.0 0.0
26466 11322591 0.3538291192223064 0.004773250945074202 0.27432 0.0 0.0
26467 11322591 0.3847405424114314 0.005692268456073707 0.27432 0.0 0.0
26468 11322591 0.41700730053729135 0.004961387297645892 0.27432 0.0 0.0
26469 11322591 0.44956050534672837 0.004020206939537599 0.27432 0.0 0.0
26470 11322591 0.4791453857027831 0.004866953913699415 0.27432 0.0 0.0
26471 11322591 0.5118020011919204 0.004242728838585799 0.3048 0.0 0.0
26472 11322591 0.5447816870015176 0.005966530911348092 0.3048 0.0 0.0
26473 11322591 0.5777613728111147 0.007690332984110385 0.3048 0.0 0.0
26474 11322591 0.6099821349471057 0.007092180412811268 0.3048 0.0 0.0
26475 11322591 0.6422028970830967 0.006494027841512151 0.3048 0.0 0.0
26476 11322591 0.675440362064927 0.008192555073328042 0.3048 0.0 0.0
26477 11322591 0.7086778270467571 0.009891082305143933 0.3048 0.0 0.0
26478 11322591 0.7405455456565285 0.007851199273937926 0.3048 0.0 0.0
26479 11322591 0.7724132642662999 0.005811316242731919 0.3048 0.0 0.0
26480 11322591 0.8042809828760713 0.0037714332115259125 0.3048 0.0 0.0
26481 11322591 0.8363793056964394 0.004499456184945197 0.31242000000000003 0.0 0.0
26482 11322591 0.8684776285168074 0.005227479158364481 0.32004 0.0 0.0
26483 11322591 0.9005759513371755 0.005955502131783766 0.32766 0.0 0.0
26484 11322591 0.9326742741575436 0.00668352510520305 0.33528 0.0 0.0
26485 11322591 0.9640392667302284 0.01162354967561341 0.33528 0.0 0.0
26486 11322591 0.9996089438768593 0.012444657465489645 0.33528 0.0 0.0
26487 11322591 1.0351786210234901 0.01326576525536588 0.33528 0.0 0.0
26488 11322591 1.0702372116638759 0.013202732262304319 0.33528 0.0 0.0
26489 11322591 1.1052958023042618 0.013139699269242758 0.33528 0.0 0.0
26490 11322591 1.1411176333290527 0.014054228226513449 0.33528 0.0 0.0
26491 11322591 1.1782670849014474 0.01196505830021126 0.33528 0.0 0.0
26492 11322591 1.21742849934755 0.016578780836432105 0.33528 0.0 0.0
26493 11322591 1.2532156690736018 0.017388314835298457 0.33528 0.0 0.0
26494 11322591 1.2928268945993044 0.018350817024980752 0.33528 0.0 0.0
26495 11322591 1.332438120125007 0.019313319214663047 0.33528 0.0 0.0
26496 11322591 1.370793834936678 0.020511093620034976 0.33528 0.0 0.0
26497 11322591 1.4091495497483488 0.021708868025406905 0.33528 0.0 0.0
26498 11322591 1.4496820693109216 0.020735583951093872 0.33528 0.0 0.0
26499 11322591 1.4874981705678403 0.02123391685017552 0.33528 0.0 0.0
26500 11322591 1.5285715992936284 0.023004951694745562 0.33528 0.0 0.0
26501 11322591 1.5679347425877936 0.022531165136764342 0.35052 0.0 0.0
26502 11322591 1.6072978858819589 0.02205737857878312 0.36576 0.0 0.0
26503 11322591 1.6475323389024412 0.021532955681578786 0.36576 0.0 0.0
26504 11322591 1.6863671779168272 0.020122508775853323 0.36576 0.0 0.0
26505 11322591 1.725202016931213 0.01871206187012786 0.36576 0.0 0.0
26506 11322591 1.7656024181241738 0.018017342278271037 0.36576 0.0 0.0
26507 11322591 1.806002819317135 0.017322622686414213 0.36576 0.0 0.0
26508 11322591 1.844588156472518 0.019907900283005264 0.36576 0.0 0.0
26509 11322591 1.8851890155339759 0.019148230192837484 0.39624000000000004 0.0 0.0
26510 11322591 1.9233480391274644 0.01906939718603723 0.39624000000000004 0.0 0.0
26511 11322591 1.9635475704397538 0.01844120365649224 0.39624000000000004 0.0 0.0
26512 11322591 2.003092054983667 0.015807534064945533 0.39624000000000004 0.0 0.0
26513 11322591 2.0429343049819373 0.01272637362913201 0.39624000000000004 0.0 0.0
26514 11322591 2.081231019358195 0.013070644482423316 0.39624000000000004 0.0 0.0
26515 11322591 2.123411558710834 0.008992695996488415 0.39624000000000004 0.0 0.0
26516 11322591 2.160009485446312 0.006854764362354243 0.39624000000000004 0.0 0.0
26517 11322591 2.2006788622348106 0.006308146331436337 0.39624000000000004 0.0 0.0
26518 11322591 2.2413482390233086 0.0057615283005184315 0.39624000000000004 0.0 0.0
26519 11322591 2.281334327631858 0.003802971982921649 0.41148000000000007 0.0 0.0
26520 11322591 2.3213204162404075 0.0018444156653248667 0.42672000000000004 0.0 0.0
26521 11322591 2.3621998678065865 -0.0014567777940280302 0.42672000000000004 0.0 0.0
26522 11322591 2.4030793193727655 -0.004757971253380927 0.42672000000000004 0.0 0.0
26523 11322591 2.4430246107295677 -0.007520183629351168 0.42672000000000004 0.0 0.0
26524 11322591 2.485273784167743 -0.011384843409689843 0.42672000000000004 0.0 0.0
26525 11322591 2.5251849923378 -0.013434151022684731 0.42672000000000004 0.0 0.0
26526 11322591 2.5650962005078566 -0.01548345863567962 0.42672000000000004 0.0 0.0
26527 11322591 2.6050074086779134 -0.01753276624867451 0.42672000000000004 0.0 0.0
26528 11322591 2.64491861684797 -0.019582073861669397 0.42672000000000004 0.0 0.0
26529 11322591 2.684829825018027 -0.021631381474664285 0.42672000000000004 0.0 0.0
26530 11322591 2.7244425690674228 -0.024049887815107168 0.45720000000000005 0.0 0.0
26531 11322591 2.766228765225219 -0.025250116680960027 0.45720000000000005 0.0 0.0
26532 11322591 2.808014961383015 -0.026450345546812887 0.45720000000000005 0.0 0.0
26533 11322591 2.847170225308612 -0.02673287639738081 0.45720000000000005 0.0 0.0
26534 11322591 2.886325489234209 -0.027015407247948736 0.45720000000000005 0.0 0.0
26535 11322591 2.926004088544811 -0.027507209005268585 0.45720000000000005 0.0 0.0
26536 11322591 2.9656826878554123 -0.027999010762588438 0.45720000000000005 0.0 0.0
26537 11322591 3.0053612871660143 -0.028490812519908287 0.45720000000000005 0.0 0.0
26538 11322591 3.0456973109466237 -0.028690596431351773 0.45720000000000005 0.0 0.0
26539 11322591 3.085831342179643 -0.027694815460876144 0.45720000000000005 0.0 0.0
26540 11322591 3.125965373412663 -0.02669903449040052 0.45720000000000005 0.0 0.0
26541 11322591 3.1660994046456823 -0.02570325351992489 0.45720000000000005 0.0 0.0
26542 11322591 3.205342986518607 -0.0242604828095441 0.46736000000000005 0.0 0.0
26543 11322591 3.244586568391532 -0.022817712099163306 0.47752 0.0 0.0
26544 11322591 3.283830150264457 -0.021374941388782515 0.48768 0.0 0.0
26545 11322591 3.3248851220116356 -0.019821877276152134 0.48768 0.0 0.0
26546 11322591 3.365940093758814 -0.018268813163521757 0.48768 0.0 0.0
26547 11322591 3.406995065505993 -0.016715749050891376 0.48768 0.0 0.0
26548 11322591 3.445289878569845 -0.016364115589064948 0.48768 0.0 0.0
26549 11322591 3.4873700717523093 -0.012575107789412537 0.48768 0.0 0.0
26550 11322591 3.5271045176722744 -0.010531754607473215 0.48768 0.0 0.0
26551 11322591 3.5668389635922395 -0.008488401425533892 0.48768 0.0 0.0
26552 11322591 3.6085398631201038 -0.005859830383693726 0.48768 0.0 0.0
26553 11322591 3.650240762647968 -0.0032312593418535596 0.48768 0.0 0.0
26554 11322591 3.6889031857237278 -0.0006621549680176086 0.5181600000000001 0.0 0.0
26555 11322591 3.7280595891476906 0.003965380266723412 0.5181600000000001 0.0 0.0
26556 11322591 3.7698290251535864 0.006806037835195594 0.5181600000000001 0.0 0.0
26557 11322591 3.811598461159482 0.009646695403667777 0.5181600000000001 0.0 0.0
26558 11322591 3.852782138927446 0.010693002233477328 0.5181600000000001 0.0 0.0
26559 11322591 3.889382121699996 0.016739523780089 0.5181600000000001 0.0 0.0
26560 11322591 3.9266122041872284 0.02199654458950559 0.5181600000000001 0.0 0.0
26561 11322591 3.9619061905376824 0.030572117744602195 0.5181600000000001 0.0 0.0
26562 11322591 3.995975228461471 0.0432855320565724 0.5334000000000001 0.0 0.0
26563 11322591 4.03004426638526 0.05599894636854261 0.54864 0.0 0.0
26564 11322591 4.061488574029348 0.07073702870479645 0.54864 0.0 0.0
26565 11322591 4.088486841987147 0.09089742340031706 0.54864 0.0 0.0
26566 11322591 4.115485109944946 0.11105781809583767 0.54864 0.0 0.0
26567 11322591 4.135715076240581 0.13950075300991904 0.54864 0.0 0.0
26568 11322591 4.155945042536216 0.16794368792400044 0.54864 0.0 0.0
26569 11322591 4.176175008831851 0.1963866228380818 0.54864 0.0 0.0
26570 11322591 4.187257568234232 0.23035469497004687 0.54864 0.0 0.0
26571 11322591 4.198340127636613 0.26432276710201197 0.54864 0.0 0.0
26572 11322591 4.209422687038995 0.29829083923397703 0.54864 0.0 0.0
26573 11322591 4.220505246441375 0.3322589113659421 0.54864 0.0 0.0
26574 11322591 4.230349394202666 0.37168311157684986 0.57912 0.0 0.0
26575 11322591 4.232706488661059 0.4093838381903672 0.57912 0.0 0.0
26576 11322591 4.235063583119451 0.44708456480388464 0.57912 0.0 0.0
26577 11322591 4.237420677577843 0.484785291417402 0.57912 0.0 0.0
26578 11322591 4.238604501972244 0.5256917985331581 0.59436 0.0 0.0
26579 11322591 4.239788326366644 0.5665983056489141 0.6096 0.0 0.0
26580 11322591 4.239309711184074 0.6067623442992736 0.6096 0.0 0.0
26581 11322591 4.238831096001504 0.6469263829496329 0.6096 0.0 0.0
26582 11322591 4.233176429114965 0.6867350930698026 0.6096 0.0 0.0
26583 11322591 4.231351466364926 0.7273969143625225 0.6096 0.0 0.0
26584 11322591 4.2295265036148875 0.7680587356552423 0.6096 0.0 0.0
26585 11322591 4.222119795942982 0.8106586587473895 0.6096 0.0 0.0
26586 11322591 4.216283538261322 0.8526294102587614 0.6096 0.0 0.0
26587 11322591 4.211249812801294 0.8943383536994886 0.6096 0.0 0.0
26588 11322591 4.1970957855623485 0.933941971899212 0.6096 0.0 0.0
26589 11322591 4.182941758323402 0.9735455900989355 0.6096 0.0 0.0
26590 11322591 4.165560264495507 1.011691018231328 0.6096 0.0 0.0
26591 11322591 4.144520137014517 1.0462410878657646 0.6096 0.0 0.0
26592 11322591 4.1170482877138355 1.0790353202880878 0.6096 0.0 0.0
26592 10589805 0.6486950810978273 -0.1910796770480935 0.27432 0.0 0.0
26593 11322591 4.089576438413153 1.1118295527104112 0.6096 0.0 0.0
26593 10589805 0.647668089550442 -0.1897573294074943 0.27432 0.0 0.0
26594 11322591 4.0565898859163765 1.1426856293636687 0.6096 0.0 0.0
26594 10589805 0.6466410980030566 -0.18843498176689505 0.27432 0.0 0.0
26595 11322591 4.023736748197717 1.1657887252653418 0.6096 0.0 0.0
26595 10589805 0.6456141064556713 -0.18711263412629583 0.27432 0.0 0.0
26596 10589805 0.644587114908286 -0.18579028648569662 0.27432 0.0 0.0
26596 11322591 3.988110183517893 1.189913915151157 0.6096 0.0 0.0
26597 10589805 0.6435601233609006 -0.1844679388450974 0.27432 0.0 0.0
26597 11322591 3.945826906799512 1.209962336887414 0.6096 0.0 0.0
26598 10589805 0.6425331318135153 -0.1831455912044982 0.27432 0.0 0.0
26598 11322591 3.9035436300811313 1.2300107586236708 0.6096 0.0 0.0
26599 11322591 3.861135143077674 1.241514653049825 0.6096 0.0 0.0
26599 10589805 0.6415061402661301 -0.18182324356389895 0.27432 0.0 0.0
26600 11322591 3.8147029612772845 1.2529303980327597 0.6096 0.0 0.0
26600 10589805 0.6404791487187448 -0.18050089592329974 0.27432 0.0 0.0
26601 11322591 3.768270779476895 1.2643461430156944 0.6096 0.0 0.0
26601 10589805 0.6394521571713594 -0.17917854828270052 0.27432 0.0 0.0
26602 11322591 3.719978061928327 1.2700617627853488 0.6096 0.0 0.0
26602 10589805 0.6384251656239741 -0.17785620064210128 0.27432 0.0 0.0
26603 11322591 3.6716853443797595 1.2757773825550032 0.6096 0.0 0.0
26603 10589805 0.6373981740765888 -0.17653385300150207 0.27432 0.0 0.0
26604 11322591 3.6197478265344643 1.2825663095962423 0.6096 0.0 0.0
26604 10589805 0.6363711825292034 -0.17521150536090285 0.27432 0.0 0.0
26605 10589805 0.6353441909818182 -0.17388915772030364 0.27432 0.0 0.0
26605 11322591 3.5706478832523585 1.2898897938554326 0.6096 0.0 0.0
26606 11322591 3.5215479399702527 1.297213278114623 0.6096 0.0 0.0
26606 10589805 0.6343171994344329 -0.17256681007970442 0.27432 0.0 0.0
26607 10589805 0.6332902078870475 -0.17124446243910518 0.27432 0.0 0.0
26607 11322591 3.471293611176618 1.3010007374687462 0.6096 0.0 0.0
26608 10589805 0.6322632163396622 -0.16992211479850597 0.27432 0.0 0.0
26608 11322591 3.416949157852045 1.3085767958245016 0.6096 0.0 0.0
26609 10589805 0.6312362247922769 -0.16859976715790675 0.27432 0.0 0.0
26609 11322591 3.3659075311447086 1.3181123599345022 0.6096 0.0 0.0
26610 10589805 0.6302092332448916 -0.1672774195173075 0.27432 0.0 0.0
26610 11322591 3.3149294152731423 1.319684007893305 0.6096 0.0 0.0
26611 11322591 3.2623025244464667 1.3243642135840232 0.6096 0.0 0.0
26611 10589805 0.6291822416975063 -0.1659550718767083 0.27432 0.0 0.0
26612 11322591 3.204896335396433 1.3307218359708248 0.6096 0.0 0.0
26612 10589805 0.628155250150121 -0.16463272423610908 0.27432 0.0 0.0
26613 11322591 3.1509625136078467 1.3354792404646028 0.6096 0.0 0.0
26613 10589805 0.6271282586027357 -0.16331037659550987 0.27432 0.0 0.0
26614 11322591 3.0970286918192604 1.340236644958381 0.6096 0.0 0.0
26614 10589805 0.6261012670553503 -0.16198802895491066 0.27432 0.0 0.0
26615 11322591 3.0424083355479916 1.3469712652765609 0.6096 0.0 0.0
26615 10589805 0.625074275507965 -0.16066568131431141 0.27432 0.0 0.0
26616 10589805 0.6240472839605797 -0.1593433336737122 0.27432 0.0 0.0
26616 11322591 2.987787979276723 1.3537058855947408 0.6096 0.0 0.0
26617 11322591 2.9334433203191654 1.3612856662024744 0.6096 0.0 0.0
26617 10589805 0.6230202924131943 -0.158020986033113 0.27432 0.0 0.0
26618 10589805 0.6219933008658091 -0.15669863839251374 0.27432 0.0 0.0
26618 11322591 2.877295637321363 1.3644313258496703 0.6096 0.0 0.0
26619 10589805 0.6209663093184238 -0.15537629075191453 0.27432 0.0 0.0
26619 11322591 2.8173218830084936 1.3716303300225523 0.6096 0.0 0.0
26620 10589805 0.6199393177710385 -0.15405394311131532 0.27432 0.0 0.0
26620 11322591 2.760527465710694 1.3763316859928134 0.6096 0.0 0.0
26621 10589805 0.6189123262236531 -0.1527315954707161 0.27432 0.0 0.0
26621 11322591 2.7037330484128947 1.3810330419630745 0.6096 0.0 0.0
26622 11322591 2.645637050185874 1.3852839144019367 0.6096 0.0 0.0
26622 10589805 0.6178853346762678 -0.1514092478301169 0.27432 0.0 0.0
26623 10589805 0.6168583431288825 -0.15008690018951765 0.27432 0.0 0.0
26623 11322591 2.5904993631753936 1.390438351230994 0.6096 0.0 0.0
26624 11322591 2.5354650457266867 1.3959099101828012 0.6096 0.0 0.0
26624 10589805 0.6158313515814972 -0.14876455254891843 0.27432 0.0 0.0
26625 11322591 2.4794946542758156 1.4016879992453901 0.6096 0.0 0.0
26625 10589805 0.6148043600341119 -0.14744220490831922 0.27432 0.0 0.0
26626 11322591 2.423524262824945 1.407466088307979 0.6096 0.0 0.0
26626 10589805 0.6137773684867266 -0.14611985726771998 0.27432 0.0 0.0
26627 11322591 2.367553871374074 1.413244177370568 0.6096 0.0 0.0
26627 10589805 0.6127503769393412 -0.14479750962712076 0.27432 0.0 0.0
26628 11322591 2.310066807148881 1.4196352724785413 0.6096 0.0 0.0
26628 10589805 0.6117233853919559 -0.14347516198652155 0.27432 0.0 0.0
26629 11322591 2.2523045476282144 1.4259998784032462 0.6096 0.0 0.0
26629 10589805 0.6106963938445706 -0.14215281434592233 0.27432 0.0 0.0
26630 10589805 0.6096694022971854 -0.14083046670532312 0.27432 0.0 0.0
26630 11322591 2.1972699826113065 1.431474071967176 0.6096 0.0 0.0
26631 10589805 0.6086424107498 -0.13950811906472388 0.27432 0.0 0.0
26631 11322591 2.1414423877418844 1.4345207646302063 0.6096 0.0 0.0
26632 11322591 2.0864421986764214 1.4401013833029273 0.6096 0.0 0.0
26632 10589805 0.6076154192024147 -0.13818577142412466 0.27432 0.0 0.0
26633 11322591 2.0314074894866954 1.4455768685074484 0.6096 0.0 0.0
26633 10589805 0.6065884276550294 -0.13686342378352545 0.27432 0.0 0.0
26634 10589805 0.605561436107644 -0.1355410761429262 0.27432 0.0 0.0
26634 11322591 1.9779036910658565 1.4516627435532143 0.6248400000000001 0.0 0.0
26635 10589805 0.6045344445602587 -0.134218728502327 0.27432 0.0 0.0
26635 11322591 1.9243998926450174 1.45774861859898 0.6400800000000001 0.0 0.0
26636 11322591 1.8717718581383038 1.4624393760866394 0.6400800000000001 0.0 0.0
26636 10589805 0.6035074530128735 -0.13289638086172778 0.27432 0.0 0.0
26637 11322591 1.8191438236315902 1.4671301335742986 0.6400800000000001 0.0 0.0
26637 10589805 0.6024804614654881 -0.13157403322112857 0.27432 0.0 0.0
26638 10589805 0.6014534699181028 -0.13025168558052935 0.27432 0.0 0.0
26638 11322591 1.7647985713239918 1.4747189092594128 0.6400800000000001 0.0 0.0
26639 11322591 1.7118495308972888 1.47951549161102 0.6400800000000001 0.0 0.0
26639 10589805 0.6004264783707175 -0.1289293379399301 0.27432 0.0 0.0
26640 10589805 0.5993994868233321 -0.1276069902993309 0.27432 0.0 0.0
26640 11322591 1.659221352339169 1.4842076361905157 0.6400800000000001 0.0 0.0
26641 10589805 0.5983724952759468 -0.12628464265873168 0.27432 0.0 0.0
26641 11322591 1.6065129011481476 1.488926381844923 0.6400800000000001 0.0 0.0
26642 10589805 0.5973455037285615 -0.12496229501813245 0.27432 0.0 0.0
26642 11322591 1.5554982569592861 1.4904051492259416 0.6400800000000001 0.0 0.0
26643 10589805 0.5963185121811763 -0.12363994737753323 0.27432 0.0 0.0
26643 11322591 1.5028871431601445 1.4951514329815323 0.6400800000000001 0.0 0.0
26644 11322591 1.4502760293610026 1.4998977167371228 0.6400800000000001 0.0 0.0
26644 10589805 0.5952915206337909 -0.12231759973693401 0.27432 0.0 0.0
26645 10589805 0.5942645290864056 -0.1209952520963348 0.27432 0.0 0.0
26645 11322591 1.3982226511353946 1.506623636086133 0.6400800000000001 0.0 0.0
26646 11322591 1.346090532474911 1.5087611757564794 0.6400800000000001 0.0 0.0
26646 10589805 0.5932375375390203 -0.11967290445573557 0.27432 0.0 0.0
26647 10589805 0.5922105459916349 -0.11835055681513634 0.27432 0.0 0.0
26647 11322591 1.2939584138144276 1.510898715426826 0.6400800000000001 0.0 0.0
26648 11322591 1.2417399143340622 1.512773128130769 0.6400800000000001 0.0 0.0
26648 10589805 0.5911835544442496 -0.11702820917453713 0.27432 0.0 0.0
26649 11322591 1.189521414853697 1.514647540834712 0.6400800000000001 0.0 0.0
26649 10589805 0.5898350318498332 -0.11657887487914562 0.2742071111111111 0.0 0.0
26650 10589805 0.5884865092554169 -0.11612954058375409 0.27409422222222224 0.0 0.0
26650 11322591 1.139299499983934 1.51855713644593 0.6400800000000001 0.0 0.0
26651 10589805 0.5871379866610005 -0.11568020628836258 0.27398133333333335 0.0 0.0
26651 11322591 1.0849356510117647 1.5190305531869899 0.67056 0.0 0.0
26652 11322591 1.0331135130958562 1.5221204105036226 0.67056 0.0 0.0
26652 10589805 0.5857894640665842 -0.11523087199297107 0.27386844444444447 0.0 0.0
26653 11322591 0.9812913751799479 1.5252102678202553 0.67056 0.0 0.0
26653 10589805 0.5844409414721677 -0.11478153769757954 0.2737555555555556 0.0 0.0
26654 11322591 0.929654947956286 1.5247935204975356 0.67056 0.0 0.0
26654 10589805 0.5830924188777514 -0.11433220340218803 0.2736426666666667 0.0 0.0
26655 10589805 0.581743896283335 -0.11388286910679651 0.27352977777777776 0.0 0.0
26655 11322591 0.8762325385269369 1.5270636893349765 0.67056 0.0 0.0
26656 10589805 0.5803953736889187 -0.11343353481140499 0.2734168888888889 0.0 0.0
26656 11322591 0.8217751080522642 1.5261677861692426 0.67056 0.0 0.0
26657 11322591 0.7673176775775915 1.525271883003509 0.67056 0.0 0.0
26657 10589805 0.5790468510945023 -0.11298420051601347 0.273304 0.0 0.0
26658 10589805 0.5776983285000858 -0.11253486622062196 0.2731911111111111 0.0 0.0
26658 11322591 0.7151805463439025 1.523326326574662 0.67056 0.0 0.0
26659 11322591 0.6630434151102136 1.5213807701458149 0.67056 0.0 0.0
26659 10589805 0.5763498059056695 -0.11208553192523044 0.2730782222222222 0.0 0.0
26660 10589805 0.5750012833112531 -0.11163619762983892 0.27296533333333334 0.0 0.0
26660 11322591 0.6137786210473031 1.5200741658871018 0.67056 0.0 0.0
26661 11322591 0.5622155764258503 1.5193439488187268 0.67056 0.0 0.0
26661 10589805 0.5736527607168368 -0.11118686333444741 0.27285244444444445 0.0 0.0
26662 11322591 0.5106525318043975 1.5186137317503516 0.67056 0.0 0.0
26662 10589805 0.5723042381224204 -0.11073752903905588 0.27273955555555557 0.0 0.0
26663 10589805 0.5709557155280041 -0.11028819474366437 0.2726266666666667 0.0 0.0
26663 11322591 0.4601550748237195 1.5174774775753268 0.67056 0.0 0.0
26664 10589805 0.5696071929335876 -0.10983886044827286 0.2725137777777778 0.0 0.0
26664 11322591 0.40965761784304144 1.5163412234003022 0.67056 0.0 0.0
26665 11322591 0.359644458525592 1.5124768548759837 0.67056 0.0 0.0
26665 10589805 0.5682586703391712 -0.10938952615288133 0.2724008888888889 0.0 0.0
26666 11322591 0.30724764670423177 1.5097424431502438 0.67056 0.0 0.0
26666 10589805 0.5669101477447549 -0.10894019185748982 0.27228800000000003 0.0 0.0
26667 10589805 0.5655616251503385 -0.10849085756209831 0.27217511111111115 0.0 0.0
26667 11322591 0.25826847248607954 1.5082278530399669 0.67056 0.0 0.0
26668 10589805 0.5642131025559222 -0.10804152326670678 0.2720622222222222 0.0 0.0
26668 11322591 0.2050778051388007 1.50306645985074 0.67056 0.0 0.0
26669 10589805 0.5628645799615057 -0.10759218897131527 0.2719493333333333 0.0 0.0
26669 11322591 0.15501837220200065 1.499335306234348 0.7010400000000001 0.0 0.0
26670 10589805 0.5615160573670894 -0.10714285467592374 0.27183644444444444 0.0 0.0
26670 11322591 0.10570061733840647 1.497874063834904 0.7010400000000001 0.0 0.0
26671 11322591 0.05638286247481228 1.4964128214354602 0.7010400000000001 0.0 0.0
26671 10589805 0.560167534772673 -0.10669352038053223 0.27172355555555555 0.0 0.0
26672 10589805 0.5588190121782566 -0.10624418608514072 0.27161066666666667 0.0 0.0
26672 11322591 0.005667416097064004 1.4906772154339882 0.7010400000000001 0.0 0.0
26673 11322591 -0.043736905978052576 1.4889529566363275 0.7010400000000001 0.0 0.0
26673 10589805 0.5574704895838403 -0.1057948517897492 0.2714977777777778 0.0 0.0
26674 11322591 -0.09377980987652257 1.485276503398649 0.7010400000000001 0.0 0.0
26674 10589805 0.5561219669894238 -0.10534551749435768 0.2713848888888889 0.0 0.0
26675 11322591 -0.14382271377499256 1.4816000501609705 0.7010400000000001 0.0 0.0
26675 10589805 0.5547734443950075 -0.10489618319896617 0.271272 0.0 0.0
26676 11322591 -0.18148017938034 1.4784605697605175 0.7010400000000001 0.0 0.0
26676 10589805 0.5534249218005911 -0.10444684890357464 0.27115911111111113 0.0 0.0
26677 11322591 -0.21913764498568744 1.4753210893600648 0.7010400000000001 0.0 0.0
26677 10589805 0.5520763992061748 -0.10399751460818313 0.27104622222222224 0.0 0.0
26678 10589805 0.5507278766117584 -0.10354818031279162 0.27093333333333336 0.0 0.0
26678 11322591 -0.28313258192305024 1.4703949584504081 0.7010400000000001 0.0 0.0
26679 11322591 -0.34712751886041304 1.4654688275407517 0.7010400000000001 0.0 0.0
26679 10589805 0.5493793540173421 -0.1030988460174001 0.2708204444444445 0.0 0.0
26680 10589805 0.5480308314229256 -0.10264951172200858 0.2707075555555556 0.0 0.0
26680 11322591 -0.39600473086236576 1.4642753938663804 0.7010400000000001 0.0 0.0
26681 10589805 0.5466823088285092 -0.10220017742661706 0.27059466666666665 0.0 0.0
26681 11322591 -0.44677934498890326 1.4580945687084188 0.7010400000000001 0.0 0.0
26682 10589805 0.5453337862340929 -0.10175084313122554 0.27048177777777777 0.0 0.0
26682 11322591 -0.497054213262883 1.4530359847525811 0.7010400000000001 0.0 0.0
26683 10589805 0.5439852636396765 -0.10130150883583403 0.2703688888888889 0.0 0.0
26683 11322591 -0.5473290815368628 1.4479774007967434 0.7010400000000001 0.0 0.0
26684 11322591 -0.5993832701729512 1.4463053516305107 0.7010400000000001 0.0 0.0
26684 10589805 0.5426367410452602 -0.10085217454044251 0.270256 0.0 0.0
26685 11322591 -0.6514374588090397 1.444633302464278 0.7010400000000001 0.0 0.0
26685 10589805 0.5412882184508437 -0.100402840245051 0.2701431111111111 0.0 0.0
26686 11322591 -0.7038369939118427 1.4419063310083255 0.7010400000000001 0.0 0.0
26686 10589805 0.5399396958564274 -0.09995350594965947 0.2700302222222222 0.0 0.0
26687 11322591 -0.7538988790368135 1.4381815629265897 0.7010400000000001 0.0 0.0
26687 10589805 0.538591173262011 -0.09950417165426796 0.26991733333333334 0.0 0.0
26688 11322591 -0.803960901169477 1.4344571464678055 0.7010400000000001 0.0 0.0
26688 10589805 0.5372426506675947 -0.09905483735887644 0.26980444444444446 0.0 0.0
26689 10589805 0.5358941280731783 -0.09860550306348492 0.2696915555555556 0.0 0.0
26689 11322591 -0.8572583219578429 1.4289870304228338 0.7010400000000001 0.0 0.0
26690 11322591 -0.9079419761499274 1.4233634664317314 0.7010400000000001 0.0 0.0
26690 10589805 0.5345456054787618 -0.09815616876809341 0.2695786666666667 0.0 0.0
26691 11322591 -0.9579699865577117 1.4197458550590998 0.7010400000000001 0.0 0.0
26691 10589805 0.5331970828843455 -0.0977068344727019 0.2694657777777778 0.0 0.0
26692 11322591 -1.007997996965496 1.4161282436864682 0.7010400000000001 0.0 0.0
26692 10589805 0.5318485602899291 -0.09725750017731037 0.2693528888888889 0.0 0.0
26693 11322591 -1.0580607318057138 1.4124056112380146 0.73152 0.0 0.0
26693 10589805 0.5305000376955128 -0.09680816588191886 0.26924000000000003 0.0 0.0
26694 11322591 -1.1089521216190654 1.4061501872749747 0.73152 0.0 0.0
26694 10589805 0.5291515151010964 -0.09635883158652733 0.2691271111111111 0.0 0.0
26695 10589805 0.5278029925066801 -0.09590949729113582 0.2690142222222222 0.0 0.0
26695 11322591 -1.155745258219704 1.4042797271538305 0.73152 0.0 0.0
26696 10589805 0.5264544699122636 -0.09546016299574431 0.2689013333333333 0.0 0.0
26696 11322591 -1.2031151802219642 1.3995603822804212 0.73152 0.0 0.0
26697 10589805 0.5251059473178472 -0.09501082870035278 0.26878844444444444 0.0 0.0
26697 11322591 -1.2530291854896143 1.3960239719910204 0.73152 0.0 0.0
26698 11322591 -1.301688681034997 1.3918439845595996 0.73152 0.0 0.0
26698 10589805 0.5237574247234309 -0.09456149440496127 0.26867555555555556 0.0 0.0
26699 11322591 -1.3503481765803798 1.3876639971281788 0.73152 0.0 0.0
26699 10589805 0.5224089021290145 -0.09411216010956976 0.26856266666666667 0.0 0.0
26700 10589805 0.5210603795345982 -0.09366282581417823 0.2684497777777778 0.0 0.0
26700 11322591 -1.398833634881356 1.3806233514714978 0.73152 0.0 0.0
26701 11322591 -1.4452182251131604 1.375933724608519 0.73152 0.0 0.0
26701 10589805 0.5197118569401817 -0.09321349151878672 0.2683368888888889 0.0 0.0
26702 10589805 0.5183633343457654 -0.0927641572233952 0.268224 0.0 0.0
26702 11322591 -1.491602815344965 1.3712440977455402 0.73152 0.0 0.0
26703 11322591 -1.542409341392277 1.3652558070456486 0.73152 0.0 0.0
26703 10589805 0.517014811751349 -0.09231482292800368 0.26811111111111113 0.0 0.0
26704 11322591 -1.593215867439589 1.359267516345757 0.73152 0.0 0.0
26704 10589805 0.5156662891569326 -0.09186548863261217 0.26799822222222225 0.0 0.0
26705 11322591 -1.6374896239156553 1.355874593737192 0.73152 0.0 0.0
26705 10589805 0.5143177665625163 -0.09141615433722065 0.26788533333333336 0.0 0.0
26706 10589805 0.5129692439680998 -0.09096682004182913 0.2677724444444444 0.0 0.0
26706 11322591 -1.6854900031321387 1.3524939986349303 0.73152 0.0 0.0
26707 10589805 0.5116207213736835 -0.09051748574643761 0.26765955555555554 0.0 0.0
26707 11322591 -1.7334903823486218 1.3491134035326682 0.73152 0.0 0.0
26708 11322591 -1.7814907615651052 1.3457328084304063 0.73152 0.0 0.0
26708 10589805 0.5102721987792671 -0.0900681514510461 0.26754666666666665 0.0 0.0
26709 11322591 -1.8299775749407539 1.3386950863257794 0.762 0.0 0.0
26710 11322591 -1.8756381890484253 1.3362246862507314 0.762 0.0 0.0
26711 11322591 -1.9212988031560967 1.3337542861756835 0.762 0.0 0.0
26712 11322591 -1.9682148556534318 1.33151991353634 0.762 0.0 0.0
26713 11322591 -2.015130908150767 1.3292855408969964 0.762 0.0 0.0
26714 11322591 -2.0615941772779003 1.3270786922354467 0.762 0.0 0.0
26715 11322591 -2.110001598901701 1.3200166200745795 0.762 0.0 0.0
26716 11322591 -2.1596774410984336 1.316407801879332 0.762 0.0 0.0
26717 11322591 -2.2065130779394133 1.3103510658788737 0.762 0.0 0.0
26718 11322591 -2.253348714780393 1.3042943298784155 0.762 0.0 0.0
26719 11322591 -2.303414962738061 1.3005804398407506 0.7924800000000001 0.0 0.0
26720 11322591 -2.351040007138466 1.2961849723135384 0.7924800000000001 0.0 0.0
26721 11322591 -2.398665051538871 1.2917895047863261 0.7924800000000001 0.0 0.0
26722 11322591 -2.446694700832028 1.2850731146523267 0.7924800000000001 0.0 0.0
26723 11322591 -2.496681275219185 1.2813343254662513 0.7924800000000001 0.0 0.0
26724 11322591 -2.5441235634366848 1.2768217340243322 0.7924800000000001 0.0 0.0
26725 11322591 -2.5915658516541846 1.2723091425824131 0.7924800000000001 0.0 0.0
26726 11322591 -2.6416676041418334 1.2684920854612134 0.7924800000000001 0.0 0.0
26727 11322591 -2.6924949674152936 1.262459205914007 0.7924800000000001 0.0 0.0
26728 11322591 -2.7433223306887538 1.2564263263668005 0.7924800000000001 0.0 0.0
26729 11322591 -2.790983097775335 1.2519280943159685 0.7924800000000001 0.0 0.0
26730 11322591 -2.8392657958130103 1.2455304589393374 0.7924800000000001 0.0 0.0
26731 11322591 -2.8885103551399656 1.2402660048134853 0.7924800000000001 0.0 0.0
26732 11322591 -2.937754914466921 1.235001550687633 0.7924800000000001 0.0 0.0
26733 11322591 -2.9876226298822885 1.2312269836926522 0.7924800000000001 0.0 0.0
26734 11322591 -3.0374903452976563 1.227452416697671 0.7924800000000001 0.0 0.0
26735 11322591 -3.088180695756825 1.2218443276688387 0.7924800000000001 0.0 0.0
26736 11322591 -3.1362359015622863 1.2147896890403203 0.7924800000000001 0.0 0.0
26737 11322591 -3.184692419245674 1.2078666918296788 0.7924800000000001 0.0 0.0
26738 11322591 -3.2347441576687483 1.2042122815862442 0.80772 0.0 0.0
26739 11322591 -3.284795896091823 1.2005578713428093 0.82296 0.0 0.0
26740 11322591 -3.3355215785405754 1.1948459986367281 0.82296 0.0 0.0
26741 11322591 -3.3855563946355485 1.1912452400786113 0.82296 0.0 0.0
26742 11322591 -3.434013688851093 1.1843239324674768 0.82296 0.0 0.0
26743 11322591 -3.4844634987267105 1.1794575953447488 0.82296 0.0 0.0
26744 11322591 -3.534913308602328 1.1745912582220208 0.82296 0.0 0.0
26745 11322591 -3.5839248333151765 1.1693714639721544 0.82296 0.0 0.0
26746 11322591 -3.632936358028025 1.164151669722288 0.82296 0.0 0.0
26747 11322591 -3.6861391636173426 1.1590192814646094 0.82296 0.0 0.0
26748 11322591 -3.7367520035794186 1.1529809212300068 0.82296 0.0 0.0
26749 11322591 -3.7873648435414946 1.146942560995404 0.82296 0.0 0.0
26750 11322591 -3.8405681510825964 1.141811322851131 0.82296 0.0 0.0
26751 11322591 -3.8896489385148687 1.1329934576313414 0.7924800000000001 0.0 0.0
26752 11322591 -3.945179321986809 1.124827386087297 0.80772 0.0 0.0
26753 11322591 -4.00070970545875 1.116661314543253 0.82296 0.0 0.0
26754 11322591 -4.000296072755295 1.1174392529068415 0.8229108704061896 0.0 0.0
26755 11322591 -3.99988244005184 1.1182171912704304 0.8228617408123792 0.0 0.0
26756 11322591 -3.999468807348385 1.118995129634019 0.8228126112185687 0.0 0.0
26757 11322591 -3.99905517464493 1.1197730679976077 0.8227634816247582 0.0 0.0
26758 11322591 -3.998641541941475 1.1205510063611965 0.8227143520309478 0.0 0.0
26759 11322591 -3.99822790923802 1.1213289447247852 0.8226652224371374 0.0 0.0
26760 11322591 -3.9978142765345646 1.1221068830883738 0.8226160928433269 0.0 0.0
26761 11322591 -3.9974006438311096 1.1228848214519627 0.8225669632495165 0.0 0.0
26762 11322591 -3.9969870111276546 1.1236627598155513 0.822517833655706 0.0 0.0
26763 11322591 -3.9965733784241997 1.1244406981791402 0.8224687040618955 0.0 0.0
26764 11322591 -3.9961597457207447 1.1252186365427288 0.8224195744680851 0.0 0.0
26765 11322591 -3.9957461130172898 1.1259965749063174 0.8223704448742747 0.0 0.0
26766 11322591 -3.995332480313835 1.1267745132699063 0.8223213152804643 0.0 0.0
26767 11322591 -3.99491884761038 1.127552451633495 0.8222721856866538 0.0 0.0
26768 11322591 -3.994505214906925 1.1283303899970836 0.8222230560928434 0.0 0.0
26769 11322591 -3.99409158220347 1.1291083283606724 0.8221739264990329 0.0 0.0
26770 11322591 -3.993677949500015 1.129886266724261 0.8221247969052224 0.0 0.0
26771 11322591 -3.99326431679656 1.1306642050878497 0.822075667311412 0.0 0.0
26772 11322591 -3.9928506840931046 1.1314421434514386 0.8220265377176016 0.0 0.0
26773 11322591 -3.9924370513896497 1.1322200818150272 0.8219774081237912 0.0 0.0
26774 11322591 -3.9920234186861947 1.1329980201786158 0.8219282785299806 0.0 0.0
26775 11322591 -3.9916097859827397 1.1337759585422047 0.8218791489361702 0.0 0.0
26776 11322591 -3.991196153279285 1.1345538969057933 0.8218300193423598 0.0 0.0
26777 11322591 -3.99078252057583 1.135331835269382 0.8217808897485493 0.0 0.0
26778 11322591 -3.990368887872375 1.1361097736329708 0.8217317601547389 0.0 0.0
26779 11322591 -3.98995525516892 1.1368877119965595 0.8216826305609285 0.0 0.0
26780 11322591 -3.989541622465465 1.1376656503601483 0.8216335009671181 0.0 0.0
26781 11322591 -3.98912798976201 1.138443588723737 0.8215843713733075 0.0 0.0
26782 11322591 -3.988714357058555 1.1392215270873256 0.8215352417794971 0.0 0.0
26783 11322591 -3.9883007243551 1.1399994654509145 0.8214861121856867 0.0 0.0
26784 11322591 -3.9878870916516447 1.140777403814503 0.8214369825918763 0.0 0.0
26785 11322591 -3.9874734589481897 1.1415553421780917 0.8213878529980658 0.0 0.0
26786 11322591 -3.9870598262447348 1.1423332805416806 0.8213387234042553 0.0 0.0
26787 11322591 -3.98664619354128 1.1431112189052692 0.8212895938104449 0.0 0.0
26788 11322591 -3.986232560837825 1.1438891572688579 0.8212404642166344 0.0 0.0
26789 11322591 -3.98581892813437 1.1446670956324467 0.821191334622824 0.0 0.0
26790 11322591 -3.985405295430915 1.1454450339960354 0.8211422050290136 0.0 0.0
26791 11322591 -3.98499166272746 1.146222972359624 0.8210930754352032 0.0 0.0
26792 11322591 -3.984578030024005 1.1470009107232129 0.8210439458413927 0.0 0.0
26793 11322591 -3.98416439732055 1.1477788490868015 0.8209948162475822 0.0 0.0
26794 11322591 -3.983750764617095 1.1485567874503901 0.8209456866537718 0.0 0.0
26795 11322591 -3.98333713191364 1.149334725813979 0.8208965570599613 0.0 0.0
26796 11322591 -3.9829234992101847 1.1501126641775676 0.8208474274661509 0.0 0.0
26797 11322591 -3.98250986650673 1.1508906025411565 0.8207982978723405 0.0 0.0
26798 11322591 -3.982096233803275 1.1516685409047451 0.82074916827853 0.0 0.0
26799 11322591 -3.98168260109982 1.1524464792683338 0.8207000386847195 0.0 0.0
26800 11322591 -3.981268968396365 1.1532244176319226 0.8206509090909091 0.0 0.0
26801 11322591 -3.98085533569291 1.1540023559955113 0.8206017794970987 0.0 0.0
26802 11322591 -3.980441702989455 1.1547802943591 0.8205526499032882 0.0 0.0
26803 11322591 -3.980028070286 1.1555582327226888 0.8205035203094778 0.0 0.0
26804 11322591 -3.979614437582545 1.1563361710862774 0.8204543907156674 0.0 0.0
26805 11322591 -3.97920080487909 1.157114109449866 0.8204052611218569 0.0 0.0
26806 11322591 -3.978787172175635 1.157892047813455 0.8203561315280464 0.0 0.0
26807 11322591 -3.97837353947218 1.1586699861770435 0.820307001934236 0.0 0.0
26808 11322591 -3.977959906768725 1.1594479245406322 0.8202578723404256 0.0 0.0
26809 11322591 -3.97754627406527 1.160225862904221 0.8202087427466151 0.0 0.0
26810 11322591 -3.977132641361815 1.1610038012678097 0.8201596131528046 0.0 0.0
26811 11322591 -3.97671900865836 1.1617817396313983 0.8201104835589942 0.0 0.0
26812 11322591 -3.976305375954905 1.1625596779949872 0.8200613539651838 0.0 0.0
26813 11322591 -3.97589174325145 1.1633376163585758 0.8200122243713733 0.0 0.0
