35974 10608166 1.275932395454434 0.005372421814219981 0.35814000000000007 3.423004878685325 -1.1183983042263888
35975 10608166 1.253722022550389 0.005345787800598347 0.35814000000000007 3.423004878685325 -1.1183983042263888
35976 10608166 1.2315116496463436 0.005319153786976713 0.35814000000000007 3.423004878685325 -1.1183983042263888
35977 10608166 1.2092202177572746 0.0043650874371964285 0.35433000000000003 3.423004878685325 -1.1183983042263888
35978 10608166 1.1869287858682058 0.003411021087416144 0.35052000000000005 3.423004878685325 -1.1183983042263888
35979 10608166 1.1404213037461794 0.0037674365327540066 0.35814000000000007 3.423004878685325 -1.1183983042263888
35980 10608166 1.1046407091085781 0.0034341861168083513 0.36004500000000006 3.423004878685325 -1.1183983042263888
35981 10608166 1.068860114470977 0.0031009357008626955 0.36195000000000005 3.423004878685325 -1.1183983042263888
35982 10608166 1.0330795198333758 0.0027676852849170402 0.36385500000000004 3.423004878685325 -1.1183983042263888
35983 10608166 0.9972989251957745 0.0024344348689713845 0.36576000000000003 3.423004878685325 -1.1183983042263888
35984 10608166 0.9615183305581732 0.002101184453025729 0.367665 3.423004878685325 -1.1183983042263888
35985 10608166 0.925737735920572 0.001767934037080074 0.36957000000000007 3.423004878685325 -1.1183983042263888
35986 10608166 0.8899571412829708 0.0014346836211344182 0.37147500000000006 3.423004878685325 -1.1183983042263888
35987 10608166 0.8541765466453695 0.0011014332051887629 0.37338000000000005 3.423004878685325 -1.1183983042263888
35988 10608166 0.8183959520077682 0.0007681827892431076 0.37528500000000004 3.423004878685325 -1.1183983042263888
35989 10608166 0.782615357370167 0.00043493237329745183 0.37719 3.423004878685325 -1.1183983042263888
35990 10608166 0.7468347627325658 0.00010168195735179653 0.379095 3.423004878685325 -1.1183983042263888
35991 10608166 0.7110541680949645 -0.00023156845859385877 0.381 3.423004878685325 -1.1183983042263888
35992 10608166 0.6748030509346594 -0.001457552425096903 0.38354 3.423004878685325 -1.1183983042263888
35993 10608166 0.6385519337743544 -0.002683536391599947 0.38608 3.423004878685325 -1.1183983042263888
35994 10608166 0.6023008166140493 -0.003909520358102991 0.38862 3.423004878685325 -1.1183983042263888
35995 10608166 0.5660496994537443 -0.0051355043246060356 0.39116 3.423004878685325 -1.1183983042263888
35996 10608166 0.5297985822934392 -0.00636148829110908 0.3937 3.423004878685325 -1.1183983042263888
35997 10608166 0.49354746513313424 -0.007587472257612124 0.39624 3.423004878685325 -1.1183983042263888
35998 10608166 0.4572963479728292 -0.008813456224115168 0.39878 3.423004878685325 -1.1183983042263888
35999 10608166 0.42104523081252415 -0.010039440190618212 0.40132 3.423004878685325 -1.1183983042263888
36000 10608166 0.3847941136522191 -0.011265424157121257 0.40386 3.423004878685325 -1.1183983042263888
36001 10608166 0.35086425534193844 -0.010867078407193129 0.40767 3.423004878685325 -1.1183983042263888
36002 10608166 0.3169343970316577 -0.010468732657265 0.41148 3.423004878685325 -1.1183983042263888
36003 10608166 0.25532079482745784 -0.013114699179178207 0.41148 3.423004878685325 -1.1183983042263888
36004 10608166 0.20644555109631524 -0.017002585236895518 0.41910000000000003 3.423004878685325 -1.1183983042263888
36005 10608166 0.16913359762229296 -0.015673437014818936 0.41910000000000003 3.423004878685325 -1.1183983042263888
36006 10608166 0.12092486140630199 -0.017792522953044454 0.41910000000000003 3.423004878685325 -1.1183983042263888
36007 10608166 0.07593849565824023 -0.019562416539550112 0.42291 3.423004878685325 -1.1183983042263888
36008 10608166 0.030952129910178483 -0.02133231012605577 0.42672000000000004 3.423004878685325 -1.1183983042263888
36009 10608166 -0.0005735908594274863 -0.02458058180569081 0.42672000000000004 3.423004878685325 -1.1183983042263888
36010 10608166 -0.032099311629033456 -0.02782885348532585 0.42672000000000004 3.423004878685325 -1.1183983042263888
36011 10608166 -0.07650100473234644 -0.029438630452027797 0.42672000000000004 3.423004878685325 -1.1183983042263888
36012 10608166 -0.1284248140037877 -0.030692410897934813 0.43434000000000006 3.423004878685325 -1.1183983042263888
36013 10608166 -0.16633659799755507 -0.032553707279701555 0.43434000000000006 3.423004878685325 -1.1183983042263888
36014 10608166 -0.22776866430118936 -0.035722623627782696 0.44196 3.423004878685325 -1.1183983042263888
36015 10608166 -0.27662993157371085 -0.03575670940914069 0.44958000000000004 3.423004878685325 -1.1183983042263888
36016 10608166 -0.32071114427123804 -0.03746988446009089 0.44958000000000004 3.423004878685325 -1.1183983042263888
36017 10608166 -0.3478898151746068 -0.0391002503920769 0.44958000000000004 3.423004878685325 -1.1183983042263888
36018 10608166 -0.3935584256070206 -0.045668408698119695 0.45720000000000005 3.423004878685325 -1.1183983042263888
36019 10608166 -0.45845130803788803 -0.045834889215432634 0.45720000000000005 3.423004878685325 -1.1183983042263888
36020 10608166 -0.5040857188905024 -0.052296788273603706 0.46482000000000007 3.423004878685325 -1.1183983042263888
36021 10608166 -0.5508163214838868 -0.05396040576320024 0.46482000000000007 3.423004878685325 -1.1183983042263888
36022 10608166 -0.6033969321902595 -0.05721620792420476 0.47243999999999997 3.423004878685325 -1.1183983042263888
36023 10608166 -0.6361370034445067 -0.05819567824571606 0.47243999999999997 3.423004878685325 -1.1183983042263888
36024 10608166 -0.668877074698754 -0.05917514856722736 0.47243999999999997 3.423004878685325 -1.1183983042263888
36025 10608166 -0.7139599157313083 -0.06394688225630754 0.48006 3.423004878685325 -1.1183983042263888
36026 10608166 -0.7598669368221596 -0.06716372660598188 0.48006 3.423004878685325 -1.1183983042263888
36027 10608166 -0.8020208123868129 -0.06705089076329154 0.48768 3.423004878685325 -1.1183983042263888
36028 10608166 -0.852539872342359 -0.07214746277795134 0.48768 3.423004878685325 -1.1183983042263888
36029 10608166 -0.8961866059326653 -0.0738827100122276 0.4953 3.423004878685325 -1.1183983042263888
36030 10608166 -0.946556668610893 -0.07879375307362704 0.4953 3.423004878685325 -1.1183983042263888
36031 10608166 -0.9950985330336437 -0.0789278547602549 0.50292 3.423004878685325 -1.1183983042263888
36032 10608166 -1.0359473540213404 -0.08052569864759032 0.50292 3.423004878685325 -1.1183983042263888
36033 10608166 -1.097380352094656 -0.08205197730654537 0.51054 3.423004878685325 -1.1183983042263888
36034 10608166 -1.138495145711792 -0.08554853602860515 0.51054 3.423004878685325 -1.1183983042263888
36035 10608166 -1.187254834748866 -0.08525971476854424 0.51054 3.423004878685325 -1.1183983042263888
36036 10608166 -1.2188008075462904 -0.0875619192715377 0.51308 3.423004878685325 -1.1183983042263888
36037 10608166 -1.2503467803437147 -0.08986412377453115 0.5156200000000001 3.423004878685325 -1.1183983042263888
36038 10608166 -1.281892753141139 -0.0921663282775246 0.5181600000000001 3.423004878685325 -1.1183983042263888
36039 10608166 -1.346753665316912 -0.09221915159598884 0.52578 3.423004878685325 -1.1183983042263888
36040 10608166 -1.406594731271378 -0.09484784496330448 0.52578 3.423004878685325 -1.1183983042263888
36041 10608166 -1.452134861776006 -0.0966618562033347 0.52578 3.423004878685325 -1.1183983042263888
36042 10608166 -1.5025037173201685 -0.09911622902335884 0.5334 3.423004878685325 -1.1183983042263888
36043 10608166 -1.538388311595245 -0.09585050554010996 0.53721 3.423004878685325 -1.1183983042263888
36044 10608166 -1.5742729058703218 -0.09258478205686108 0.54102 3.423004878685325 -1.1183983042263888
36045 10608166 -1.6149652451079974 -0.08663633041467081 0.54102 3.423004878685325 -1.1183983042263888
36046 10608166 -1.6625604741189728 -0.08006558840744907 0.54864 3.423004878685325 -1.1183983042263888
36047 10608166 -1.7086693646461184 -0.06732087304526616 0.54864 3.423004878685325 -1.1183983042263888
36048 10608166 -1.7483101176952027 -0.05435474230055429 0.55626 3.423004878685325 -1.1183983042263888
36049 10608166 -1.7933411071194636 -0.03179697480618629 0.55626 3.423004878685325 -1.1183983042263888
36050 10608166 -1.8284319083473168 -0.01143881487385437 0.55626 3.423004878685325 -1.1183983042263888
36051 10608166 -1.8604461760425528 0.01153522828525752 0.56388 3.423004878685325 -1.1183983042263888
36052 10608166 -1.899769792288316 0.04040570199222279 0.56388 3.423004878685325 -1.1183983042263888
36053 10608166 -1.943104958205473 0.08063703591380741 0.5715 3.423004878685325 -1.1183983042263888
36054 10608166 -1.9702646465004918 0.1062299785215862 0.5715 3.423004878685325 -1.1183983042263888
36055 10608166 -2.0016765424361687 0.14326244565949195 0.5715 3.423004878685325 -1.1183983042263888
36056 10608166 -2.029861905761692 0.17386493015173185 0.57912 3.423004878685325 -1.1183983042263888
36057 10608166 -2.060871963135928 0.2107663939490075 0.57912 3.423004878685325 -1.1183983042263888
36058 10608166 -2.088655588673258 0.2412378474459955 0.58674 3.423004878685325 -1.1183983042263888
36059 10608166 -2.1212566738558154 0.2800623831534017 0.58674 3.423004878685325 -1.1183983042263888
36060 10608166 -2.1356982209890054 0.2956534300301362 0.59055 3.423004878685325 -1.1183983042263888
36061 10608166 -2.1501397681221954 0.31124447690687074 0.59436 3.423004878685325 -1.1183983042263888
36062 10608166 -2.204838793130029 0.37266418848942434 0.5981700000000001 3.423004878685325 -1.1183983042263888
36063 10608166 -2.229602945224171 0.40258690037307165 0.6000750000000001 3.423004878685325 -1.1183983042263888
36064 10608166 -2.2543670973183128 0.4325096122567189 0.6019800000000001 3.423004878685325 -1.1183983042263888
36065 10608166 -2.282714725277226 0.4598953037871454 0.6019800000000001 3.423004878685325 -1.1183983042263888
36066 10608166 -2.3206092927438835 0.5096840120155457 0.6096 3.423004878685325 -1.1183983042263888
36067 10608166 -2.3353262230636336 0.5244310878377276 0.6096 3.423004878685325 -1.1183983042263888
36068 10608166 -2.3801996227906663 0.5773217765972978 0.6096 3.423004878685325 -1.1183983042263888
36069 10608166 -2.4067929285285317 0.6127806743608516 0.61722 3.423004878685325 -1.1183983042263888
36070 10608166 -2.4379308912178503 0.6472440823147052 0.6191249999999999 3.423004878685325 -1.1183983042263888
36071 10608166 -2.4690688539071686 0.6817074902685587 0.62103 3.423004878685325 -1.1183983042263888
36072 10608166 -2.496323340695171 0.7171789638816992 0.622935 3.423004878685325 -1.1183983042263888
36073 10608166 -2.523577827483173 0.7526504374948396 0.6248400000000001 3.423004878685325 -1.1183983042263888
36074 10608166 -2.5477307317825213 0.7765620156784939 0.63246 3.423004878685325 -1.1183983042263888
36075 10608166 -2.57432233718506 0.8120215038189903 0.63246 3.423004878685325 -1.1183983042263888
36076 10608166 -2.6057622338786057 0.8489509749770922 0.63246 3.423004878685325 -1.1183983042263888
36077 10608166 -2.630552093221688 0.8763431351849228 0.6400800000000001 3.423004878685325 -1.1183983042263888
36078 10608166 -2.6681819092106664 0.923127448460343 0.6400800000000001 3.423004878685325 -1.1183983042263888
36079 10608166 -2.6995381111009946 0.953253216562558 0.6477 3.423004878685325 -1.1183983042263888
36080 10608166 -2.726471426999842 0.9892929561119167 0.6477 3.423004878685325 -1.1183983042263888
36081 10608166 -2.765241082230207 1.0401903064207463 0.65532 3.423004878685325 -1.1183983042263888
36082 10608166 -2.787351776107216 1.0635517682196363 0.65532 3.423004878685325 -1.1183983042263888
36083 10608166 -2.8094624699842248 1.086913230018526 0.65532 3.423004878685325 -1.1183983042263888
36084 10608166 -2.842549016779981 1.1253182533585597 0.65532 3.423004878685325 -1.1183983042263888
36085 10608166 -2.8630312460761624 1.148497591148357 0.65532 3.423004878685325 -1.1183983042263888
36086 10608166 -2.9080190635152974 1.1955892486433808 0.6629400000000001 3.423004878685325 -1.1183983042263888
36087 10608166 -2.9415090824343624 1.2316733353465696 0.6629400000000001 3.423004878685325 -1.1183983042263888
36088 10608166 -2.9608106392771454 1.2541161485961136 0.6629400000000001 3.423004878685325 -1.1183983042263888
36089 10608166 -3.0001865885617773 1.2952823862769132 0.6667500000000001 3.423004878685325 -1.1183983042263888
36090 10608166 -3.0395625378464093 1.3364486239577127 0.67056 3.423004878685325 -1.1183983042263888
36091 10608166 -3.073697650801467 1.3694731708561403 0.6781800000000001 3.423004878685325 -1.1183983042263888
36092 10608166 -3.0947038704433667 1.3899624304543363 0.6819900000000001 3.423004878685325 -1.1183983042263888
36093 10608166 -3.1157100900852663 1.4104516900525323 0.6858000000000001 3.423004878685325 -1.1183983042263888
36094 10608166 -3.1525875211073675 1.449749588348115 0.6858000000000001 3.423004878685325 -1.1183983042263888
36095 10608166 -3.1806589084196615 1.4806730766916902 0.69342 3.423004878685325 -1.1183983042263888
36096 10608166 -3.2075723259957405 1.511334512536524 0.69342 3.423004878685325 -1.1183983042263888
36097 10608166 -3.241560579158672 1.549687349174632 0.7010400000000001 3.423004878685325 -1.1183983042263888
36098 10608166 -3.2714775450643225 1.580397707613997 0.7086600000000001 3.423004878685325 -1.1183983042263888
36099 10608166 -3.3028756606673397 1.6174356718587821 0.7086600000000001 3.423004878685325 -1.1183983042263888
36100 10608166 -3.336112267310334 1.6515703036996978 0.7162800000000001 3.423004878685325 -1.1183983042263888
36101 10608166 -3.353024154163365 1.6677406097450829 0.7162800000000001 3.423004878685325 -1.1183983042263888
36102 10608166 -3.3833352583389127 1.702670542169716 0.7239000000000001 3.423004878685325 -1.1183983042263888
36103 10608166 -3.422804137319077 1.7476101180223036 0.7239000000000001 3.423004878685325 -1.1183983042263888
36104 10608166 -3.450942245607986 1.778323560797668 0.7239000000000001 3.423004878685325 -1.1183983042263888
36105 10608166 -3.4622379470109426 1.792655440542158 0.7239000000000001 3.423004878685325 -1.1183983042263888
36106 10608166 -3.5077015078714364 1.8382732601029288 0.73152 3.423004878685325 -1.1183983042263888
36107 10608166 -3.5363547765899064 1.8690390983290233 0.73152 3.423004878685325 -1.1183983042263888
36108 10608166 -3.5647091238762902 1.9001746558093877 0.73152 3.423004878685325 -1.1183983042263888
36109 10608166 -3.5814471325125155 1.916873170340038 0.73152 3.423004878685325 -1.1183983042263888
36110 10608166 -3.6131468029713414 1.9475563042786503 0.733425 3.423004878685325 -1.1183983042263888
36111 10608166 -3.644846473430167 1.9782394382172628 0.73533 3.423004878685325 -1.1183983042263888
36112 10608166 -3.6898140034435523 2.028078645713141 0.73914 3.423004878685325 -1.1183983042263888
36113 10608166 -3.7055443794619682 2.043512849378264 0.73914 3.423004878685325 -1.1183983042263888
36114 10608166 -3.7017624127768447 2.0442173143455578 0.7390948626817447 3.423004878685325 -1.1183983042263888
36115 10608166 -3.697980446091721 2.0449217793128516 0.7390497253634896 3.423004878685325 -1.1183983042263888
36116 10608166 -3.6941984794065976 2.0456262442801454 0.7390045880452343 3.423004878685325 -1.1183983042263888
36117 10608166 -3.6904165127214745 2.046330709247439 0.738959450726979 3.423004878685325 -1.1183983042263888
36118 10608166 -3.686634546036351 2.0470351742147335 0.7389143134087238 3.423004878685325 -1.1183983042263888
36119 10608166 -3.6828525793512275 2.0477396391820273 0.7388691760904685 3.423004878685325 -1.1183983042263888
36120 10608166 -3.679070612666104 2.048444104149321 0.7388240387722133 3.423004878685325 -1.1183983042263888
36121 10608166 -3.6752886459809804 2.049148569116615 0.738778901453958 3.423004878685325 -1.1183983042263888
36122 10608166 -3.671506679295857 2.0498530340839087 0.7387337641357028 3.423004878685325 -1.1183983042263888
36123 10608166 -3.6677247126107333 2.0505574990512025 0.7386886268174475 3.423004878685325 -1.1183983042263888
36124 10608166 -3.6639427459256098 2.0512619640184964 0.7386434894991922 3.423004878685325 -1.1183983042263888
36125 10608166 -3.6601607792404867 2.05196642898579 0.7385983521809371 3.423004878685325 -1.1183983042263888
36126 10608166 -3.656378812555363 2.052670893953084 0.7385532148626818 3.423004878685325 -1.1183983042263888
36127 10608166 -3.6525968458702396 2.053375358920378 0.7385080775444265 3.423004878685325 -1.1183983042263888
36128 10608166 -3.648814879185116 2.054079823887672 0.7384629402261713 3.423004878685325 -1.1183983042263888
36129 10608166 -3.6450329124999925 2.054784288854966 0.738417802907916 3.423004878685325 -1.1183983042263888
36130 10608166 -3.641250945814869 2.0554887538222597 0.7383726655896607 3.423004878685325 -1.1183983042263888
36131 10608166 -3.6374689791297454 2.0561932187895535 0.7383275282714055 3.423004878685325 -1.1183983042263888
36132 10608166 -3.6336870124446223 2.0568976837568473 0.7382823909531503 3.423004878685325 -1.1183983042263888
36133 10608166 -3.629905045759499 2.057602148724141 0.738237253634895 3.423004878685325 -1.1183983042263888
36134 10608166 -3.6261230790743753 2.058306613691435 0.7381921163166397 3.423004878685325 -1.1183983042263888
36135 10608166 -3.6223411123892517 2.059011078658729 0.7381469789983846 3.423004878685325 -1.1183983042263888
36136 10608166 -3.618559145704128 2.0597155436260226 0.7381018416801293 3.423004878685325 -1.1183983042263888
36137 10608166 -3.6147771790190046 2.060420008593317 0.738056704361874 3.423004878685325 -1.1183983042263888
36138 10608166 -3.610995212333881 2.0611244735606107 0.7380115670436188 3.423004878685325 -1.1183983042263888
36139 10608166 -3.607213245648758 2.0618289385279045 0.7379664297253635 3.423004878685325 -1.1183983042263888
36140 10608166 -3.6034312789636345 2.0625334034951983 0.7379212924071082 3.423004878685325 -1.1183983042263888
36141 10608166 -3.599649312278511 2.063237868462492 0.737876155088853 3.423004878685325 -1.1183983042263888
36142 10608166 -3.5958673455933874 2.063942333429786 0.7378310177705978 3.423004878685325 -1.1183983042263888
36143 10608166 -3.592085378908264 2.0646467983970798 0.7377858804523425 3.423004878685325 -1.1183983042263888
36144 10608166 -3.5883034122231403 2.0653512633643736 0.7377407431340872 3.423004878685325 -1.1183983042263888
36145 10608166 -3.5845214455380168 2.0660557283316674 0.737695605815832 3.423004878685325 -1.1183983042263888
36146 10608166 -3.5807394788528932 2.066760193298961 0.7376504684975768 3.423004878685325 -1.1183983042263888
36147 10608166 -3.57695751216777 2.0674646582662555 0.7376053311793215 3.423004878685325 -1.1183983042263888
36148 10608166 -3.5731755454826466 2.0681691232335493 0.7375601938610663 3.423004878685325 -1.1183983042263888
36149 10608166 -3.569393578797523 2.068873588200843 0.737515056542811 3.423004878685325 -1.1183983042263888
36150 10608166 -3.5656116121123995 2.069578053168137 0.7374699192245557 3.423004878685325 -1.1183983042263888
36151 10608166 -3.561829645427276 2.0702825181354307 0.7374247819063005 3.423004878685325 -1.1183983042263888
36152 10608166 -3.5580476787421524 2.0709869831027246 0.7373796445880453 3.423004878685325 -1.1183983042263888
36153 10608166 -3.554265712057029 2.0716914480700184 0.73733450726979 3.423004878685325 -1.1183983042263888
36154 10608166 -3.5504837453719054 2.072395913037312 0.7372893699515347 3.423004878685325 -1.1183983042263888
36155 10608166 -3.5467017786867823 2.073100378004606 0.7372442326332795 3.423004878685325 -1.1183983042263888
36156 10608166 -3.5429198120016587 2.0738048429719003 0.7371990953150243 3.423004878685325 -1.1183983042263888
36157 10608166 -3.539137845316535 2.074509307939194 0.737153957996769 3.423004878685325 -1.1183983042263888
36158 10608166 -3.5353558786314117 2.075213772906488 0.7371088206785138 3.423004878685325 -1.1183983042263888
36159 10608166 -3.531573911946288 2.0759182378737817 0.7370636833602585 3.423004878685325 -1.1183983042263888
36160 10608166 -3.5277919452611646 2.0766227028410755 0.7370185460420032 3.423004878685325 -1.1183983042263888
36161 10608166 -3.524009978576041 2.0773271678083693 0.736973408723748 3.423004878685325 -1.1183983042263888
36162 10608166 -3.520228011890918 2.078031632775663 0.7369282714054928 3.423004878685325 -1.1183983042263888
36163 10608166 -3.5164460452057944 2.078736097742957 0.7368831340872375 3.423004878685325 -1.1183983042263888
36164 10608166 -3.512664078520671 2.079440562710251 0.7368379967689822 3.423004878685325 -1.1183983042263888
36165 10608166 -3.5088821118355473 2.0801450276775446 0.736792859450727 3.423004878685325 -1.1183983042263888
36166 10608166 -3.505100145150424 2.080849492644839 0.7367477221324717 3.423004878685325 -1.1183983042263888
36167 10608166 -3.5013181784653002 2.0815539576121327 0.7367025848142165 3.423004878685325 -1.1183983042263888
36168 10608166 -3.4975362117801767 2.0822584225794265 0.7366574474959613 3.423004878685325 -1.1183983042263888
36169 10608166 -3.4937542450950536 2.0829628875467203 0.736612310177706 3.423004878685325 -1.1183983042263888
36170 10608166 -3.48997227840993 2.083667352514014 0.7365671728594507 3.423004878685325 -1.1183983042263888
36171 10608166 -3.4861903117248065 2.084371817481308 0.7365220355411954 3.423004878685325 -1.1183983042263888
36172 10608166 -3.482408345039683 2.0850762824486018 0.7364768982229403 3.423004878685325 -1.1183983042263888
36173 10608166 -3.4786263783545595 2.0857807474158956 0.736431760904685 3.423004878685325 -1.1183983042263888
