29085 10651547 -4.0330773169639444 -0.032517495842145167 0.5181600000000001 -1.5869194662810213 -2.024326912220049
29086 10651547 -3.986245403618165 -0.02889223128663701 0.5181600000000001 -1.5869194662810213 -2.024326912220049
29087 10651547 -3.9368610033506517 -0.020522680539946686 0.48768 -1.5869194662810213 -2.024326912220049
29088 10651547 -3.8911491422315363 -0.013871700450973773 0.48768 -1.5869194662810213 -2.024326912220049
29089 10651547 -3.845506531567633 -0.007431503203457229 0.48768 -1.5869194662810213 -2.024326912220049
29090 10651547 -3.7988620662928083 0.0020695693236521817 0.48768 -1.5869194662810213 -2.024326912220049
29091 10651547 -3.7648933867948617 0.007453727723328113 0.48768 -1.5869194662810213 -2.024326912220049
29092 10651547 -3.7309247072969156 0.012837886123004044 0.48768 -1.5869194662810213 -2.024326912220049
29093 10651547 -3.6638937337263213 0.023552867102717506 0.48768 -1.5869194662810213 -2.024326912220049
29094 10651547 -3.62900007198951 0.02837183265384166 0.48768 -1.5869194662810213 -2.024326912220049
29095 10651547 -3.5941064102526985 0.033190798204965816 0.48768 -1.5869194662810213 -2.024326912220049
29096 10651547 -3.550019438784071 0.03488365546050373 0.48768 -1.5869194662810213 -2.024326912220049
29097 10651547 -3.5258740854704573 0.03808017344646317 0.48768 -1.5869194662810213 -2.024326912220049
29098 10651547 -3.4528274164317825 0.04139418709968842 0.48768 -1.5869194662810213 -2.024326912220049
29099 10651547 -3.411424419687682 0.04303159836417278 0.48768 -1.5869194662810213 -2.024326912220049
29100 10651547 -3.3613911020381293 0.04932249327134727 0.48768 -1.5869194662810213 -2.024326912220049
29101 10651547 -3.3232491700662923 0.04805499377299868 0.48768 -1.5869194662810213 -2.024326912220049
29102 10651547 -3.273667360637674 0.05133934619943922 0.48768 -1.5869194662810213 -2.024326912220049
29103 10651547 -3.2296156214133953 0.0529286479375953 0.45720000000000005 -1.5869194662810213 -2.024326912220049
29104 10651547 -3.176745157584783 0.05431926609652846 0.45720000000000005 -1.5869194662810213 -2.024326912220049
29105 10651547 -3.1286310209554413 0.049321428751024715 0.45720000000000005 -1.5869194662810213 -2.024326912220049
29106 10651547 -3.063543597663376 0.044611065874306494 0.45720000000000005 -1.5869194662810213 -2.024326912220049
29107 10651547 -3.014982625365941 0.039350886644569844 0.45720000000000005 -1.5869194662810213 -2.024326912220049
29108 10651547 -2.960842974890295 0.03810755310603983 0.45720000000000005 -1.5869194662810213 -2.024326912220049
29109 10651547 -2.933076670491002 0.03065634996322361 0.45720000000000005 -1.5869194662810213 -2.024326912220049
29110 10651547 -2.865297823822722 0.023314255376298026 0.45720000000000005 -1.5869194662810213 -2.024326912220049
29111 10651547 -2.8127917899129677 0.01816651696662505 0.45720000000000005 -1.5869194662810213 -2.024326912220049
29112 10651547 -2.787545872010912 0.01726610857178454 0.45720000000000005 -1.5869194662810213 -2.024326912220049
29113 10651547 -2.7622999541088564 0.016365700176944026 0.45720000000000005 -1.5869194662810213 -2.024326912220049
29114 10651547 -2.7066299803007654 0.010300191180634272 0.42672000000000004 -1.5869194662810213 -2.024326912220049
29115 10651547 -2.66452327034001 0.007037550317834013 0.42672000000000004 -1.5869194662810213 -2.024326912220049
29116 10651547 -2.6172119259028426 0.0023057726038587523 0.42672000000000004 -1.5869194662810213 -2.024326912220049
29117 10651547 -2.569900612619599 -0.002425688464463477 0.42672000000000004 -1.5869194662810213 -2.024326912220049
29118 10651547 -2.520984453882882 -0.007681958290506469 0.42672000000000004 -1.5869194662810213 -2.024326912220049
29119 10651547 -2.4753289393895805 -0.0066130955493951815 0.42672000000000004 -1.5869194662810213 -2.024326912220049
29120 10651547 -2.4312620382855306 -0.01039894240073927 0.42672000000000004 -1.5869194662810213 -2.024326912220049
29121 10651547 -2.3822242593073044 -0.00985197178089417 0.42672000000000004 -1.5869194662810213 -2.024326912220049
29122 10651547 -2.3329001339604236 -0.009515223117786215 0.42672000000000004 -1.5869194662810213 -2.024326912220049
29123 10651547 -2.289085305684675 -0.012984080829420513 0.42672000000000004 -1.5869194662810213 -2.024326912220049
29124 10651547 -2.2361342736807694 -0.009977563352995628 0.42672000000000004 -1.5869194662810213 -2.024326912220049
29125 10651547 -2.1925199010080885 -0.008356101586319636 0.42672000000000004 -1.5869194662810213 -2.024326912220049
29126 10651547 -2.1271070151450395 -0.008257445601029617 0.42672000000000004 -1.5869194662810213 -2.024326912220049
29127 10651547 -2.083252120004084 -0.00671406884884132 0.39624000000000004 -1.5869194662810213 -2.024326912220049
29128 10651547 -2.0367230381426618 -0.003241102127820833 0.39624000000000004 -1.5869194662810213 -2.024326912220049
29129 10651547 -1.9857752296003925 -0.006354348201410037 0.39624000000000004 -1.5869194662810213 -2.024326912220049
29130 10651547 -1.9401028433522083 0.0002035958749557476 0.39624000000000004 -1.5869194662810213 -2.024326912220049
29131 10651547 -1.8912386966435186 0.00022622618516640602 0.39624000000000004 -1.5869194662810213 -2.024326912220049
29132 10651547 -1.8471892646513897 0.0018241060285717203 0.39624000000000004 -1.5869194662810213 -2.024326912220049
29133 10651547 -1.8139472222554842 0.004328561755092247 0.39624000000000004 -1.5869194662810213 -2.024326912220049
29134 10651547 -1.7807051798595788 0.006833017481612774 0.39624000000000004 -1.5869194662810213 -2.024326912220049
29135 10651547 -1.7336879055850074 0.006642862690334178 0.39624000000000004 -1.5869194662810213 -2.024326912220049
29136 10651547 -1.6650339248874184 0.0142144867577709 0.39624000000000004 -1.5869194662810213 -2.024326912220049
29137 10651547 -1.620335629823956 0.017120385814339806 0.39624000000000004 -1.5869194662810213 -2.024326912220049
29138 10651547 -1.5756373347604937 0.02002628487090871 0.39624000000000004 -1.5869194662810213 -2.024326912220049
29139 10651547 -1.5242631069064283 0.01958071531737368 0.39624000000000004 -1.5869194662810213 -2.024326912220049
29140 10651547 -1.4797096724536043 0.021366287767487585 0.39624000000000004 -1.5869194662810213 -2.024326912220049
29141 10651547 -1.4290820487627134 0.019997151454068524 0.39624000000000004 -1.5869194662810213 -2.024326912220049
29142 10651547 -1.379770213473501 0.02139542205399289 0.39624000000000004 -1.5869194662810213 -2.024326912220049
29143 10651547 -1.3348848812039804 0.022839589488778372 0.36576 -1.5869194662810213 -2.024326912220049
29144 10651547 -1.2918048809752076 0.019850419187695673 0.36576 -1.5869194662810213 -2.024326912220049
29145 10651547 -1.2466332482773927 0.021084626837742676 0.36576 -1.5869194662810213 -2.024326912220049
29146 10651547 -1.2192510093636393 0.019257062949492504 0.36576 -1.5869194662810213 -2.024326912220049
29147 10651547 -1.1918687704498858 0.01742949906124233 0.36576 -1.5869194662810213 -2.024326912220049
29148 10651547 -1.143903518867446 0.014712994988215072 0.36576 -1.5869194662810213 -2.024326912220049
29149 10651547 -1.1053604627873101 0.015778921304574783 0.36576 -1.5869194662810213 -2.024326912220049
29150 10651547 -1.0515797928374089 0.014549570587254451 0.36576 -1.5869194662810213 -2.024326912220049
29151 10651547 -1.0118505153777189 0.009736786886287513 0.36576 -1.5869194662810213 -2.024326912220049
29152 10651547 -0.9719443682571767 0.009539807809458706 0.36576 -1.5869194662810213 -2.024326912220049
29153 10651547 -0.923931953170281 0.008328136684579629 0.36576 -1.5869194662810213 -2.024326912220049
29154 10651547 -0.8854841002080984 0.006388569785861192 0.36576 -1.5869194662810213 -2.024326912220049
29155 10651547 -0.8496765127790791 0.001807437214161406 0.36576 -1.5869194662810213 -2.024326912220049
29156 10651547 -0.810409129435097 0.005091528095955061 0.36576 -1.5869194662810213 -2.024326912220049
29157 10651547 -0.7707361448283716 0.0014667903007425098 0.36576 -1.5869194662810213 -2.024326912220049
29158 10651547 -0.7262572643907252 -0.0010418399690406421 0.36576 -1.5869194662810213 -2.024326912220049
29159 10651547 -0.6885430302337019 -0.0025068774228040047 0.33528 -1.5869194662810213 -2.024326912220049
29160 10651547 -0.6391203121173943 -0.003476841665377456 0.33528 0.4245377693332423 -2.013490476761575
29161 10651547 -0.6198017534055246 -0.0014391635307198225 0.33528 0.4245377693332423 -2.013490476761575
29162 10651547 -0.6004831946936549 0.0005985146039378109 0.33528 0.4245377693332423 -2.013490476761575
29163 10651547 -0.5446403313710201 -0.0016519488056914167 0.33528 0.4245377693332423 -2.013490476761575
29164 10651547 -0.5114027393102671 -0.0015941123271382834 0.33528 0.4245377693332423 -2.013490476761575
29165 10651547 -0.4781651472495143 -0.0015362758485851502 0.33528 0.4245377693332423 -2.013490476761575
29166 10651547 -0.4478175392717114 0.004081455240361437 0.33528 0.4245377693332423 -2.013490476761575
29167 10801356 -1.5728686645466594 4.469063010219564 0.6096 0.4245377693332423 -2.013490476761575
29167 10651547 -0.41515822163373595 0.005088092967443364 0.3048 0.4245377693332423 -2.013490476761575
29168 10651547 -0.38256957732908825 0.004248646268691397 0.3048 0.4245377693332423 -2.013490476761575
29168 10801356 -1.5410125542379196 4.425336084072291 0.6096 0.4245377693332423 -2.013490476761575
29169 10651547 -0.32687478668610703 0.0034501276639992418 0.3048 0.4245377693332423 -2.013490476761575
29169 10801356 -1.5132422834251822 4.3854003569151345 0.6096 0.4245377693332423 -2.013490476761575
29170 10651547 -0.2948086444792546 0.007805641583359252 0.3048 0.4245377693332423 -2.013490476761575
29170 10801356 -1.4986932352901199 4.364747916105525 0.6096 0.4245377693332423 -2.013490476761575
29171 10651547 -0.25387241922059967 0.006691471251839692 0.3048 0.4245377693332423 -2.013490476761575
29171 10801356 -1.4705619589873258 4.320487933742461 0.57912 0.4245377693332423 -2.013490476761575
29172 10651547 -0.2202055013128763 0.006434892191573532 0.3048 0.4245377693332423 -2.013490476761575
29172 10801356 -1.4231953141178832 4.261754233714656 0.57912 0.4245377693332423 -2.013490476761575
29173 10651547 -0.1816204949773006 0.004921356136972893 0.3048 0.4245377693332423 -2.013490476761575
29173 10801356 -1.409301915203139 4.239096652896562 0.57912 0.4245377693332423 -2.013490476761575
29174 10651547 -0.13753975252572537 0.006635386451782271 0.3048 0.4245377693332423 -2.013490476761575
29174 10801356 -1.3823664722301274 4.199318287046279 0.57912 0.4245377693332423 -2.013490476761575
29175 10801356 -1.363895167210779 4.171657472855784 0.57912 0.4245377693332423 -2.013490476761575
29175 10651547 -0.10616788722435722 0.0047928549597951176 0.3048 0.4245377693332423 -2.013490476761575
29176 10801356 -1.343480138194166 4.1404396524640354 0.57912 0.4245377693332423 -2.013490476761575
29176 10651547 -0.06848896064060128 0.0032255602744356293 0.27432 0.4245377693332423 -2.013490476761575
29177 10801356 -1.3230651091775527 4.109221832072288 0.57912 0.4245377693332423 -2.013490476761575
29177 10651547 -0.04417899825643115 0.003282666960526058 0.27432 0.4245377693332423 -2.013490476761575
29178 10801356 -1.2757243387788977 4.042260989108448 0.57912 0.4245377693332423 -2.013490476761575
29178 10651547 -0.01986903587226102 0.003339773646616487 0.27432 0.4245377693332423 -2.013490476761575
29179 10651547 0.04044850617830498 0.005005174002040952 0.27432 0.4245377693332423 -2.013490476761575
29179 10801356 -1.2469557156884725 4.004688154786199 0.57912 0.4245377693332423 -2.013490476761575
29180 10651547 0.04605661948050127 0.005859310022028663 0.27432 0.4245377693332423 -2.013490476761575
29180 10801356 -1.2181870925980474 3.9671153204639493 0.57912 0.4245377693332423 -2.013490476761575
29181 10651547 0.051664732782697564 0.006713446042016374 0.27432 0.4245377693332423 -2.013490476761575
29181 10801356 -1.1936896965010098 3.934124441068205 0.57912 0.4245377693332423 -2.013490476761575
29182 10651547 0.0829418722515699 0.001865061839081028 0.27432 0.4245377693332423 -2.013490476761575
29182 10801356 -1.1691923004039724 3.9011335616724603 0.57912 0.4245377693332423 -2.013490476761575
29183 10801356 -1.1409838724938213 3.867951090209231 0.54864 0.4245377693332423 -2.013490476761575
29183 10651547 0.1384542741167336 0.0032324472949609717 0.27432 0.4245377693332423 -2.013490476761575
29184 10651547 0.16707736676585216 0.005210169055507308 0.27432 0.4245377693332423 -2.013490476761575
29184 10801356 -1.110664453842962 3.8276517689528746 0.54864 0.4245377693332423 -2.013490476761575
29185 10651547 0.183956317629538 0.004951077382885027 0.27432 0.4245377693332423 -2.013490476761575
29185 10801356 -1.0750202488583733 3.7832736882036127 0.54864 0.4245377693332423 -2.013490476761575
29186 10801356 -1.042035545232528 3.7551892494876 0.54864 0.4245377693332423 -2.013490476761575
29186 10651547 0.2568040982901796 0.003924967792177825 0.27432 0.4245377693332423 -2.013490476761575
29187 10651547 0.2787578221183249 0.004519453520544309 0.27432 0.4245377693332423 -2.013490476761575
29187 10801356 -1.019037239572207 3.729145465548173 0.54864 0.4245377693332423 -2.013490476761575
29188 10651547 0.3007115459464702 0.005113939248910793 0.27432 0.4245377693332423 -2.013490476761575
29188 10801356 -0.9960389339118858 3.7031016816087456 0.54864 0.4245377693332423 -2.013490476761575
29189 10801356 -0.9422976509102374 3.6475462041270617 0.54864 0.4245377693332423 -2.013490476761575
29189 10651547 0.32934388999554576 0.004986610627780723 0.27432 0.4245377693332423 -2.013490476761575
29190 10801356 -0.9253547194238252 3.631487563056275 0.54864 0.4245377693332423 -2.013490476761575
29190 10651547 0.35797623404462137 0.004859282006650653 0.27432 0.4245377693332423 -2.013490476761575
29191 10801356 -0.879786527796085 3.5835140330152604 0.54864 0.4245377693332423 -2.013490476761575
29191 10651547 0.3866085780936969 0.004731953385520583 0.27432 0.4245377693332423 -2.013490476761575
29192 10801356 -0.8386415966026521 3.540201302406154 0.54864 0.4245377693332423 -2.013490476761575
29192 10651547 0.4152409221427725 0.0046046247643905126 0.27432 0.4245377693332423 -2.013490476761575
29193 10801356 -0.7974966654092193 3.4968885717970473 0.54864 0.4245377693332423 -2.013490476761575
29193 10651547 0.4438732661918481 0.004477296143260443 0.27432 0.4245377693332423 -2.013490476761575
29194 10801356 -0.7804394095530658 3.480092043283969 0.54864 0.4245377693332423 -2.013490476761575
29194 10651547 0.47250561024092363 0.0043499675221303725 0.27432 0.4245377693332423 -2.013490476761575
29195 10651547 0.5011379542899992 0.004222638901000303 0.27432 0.4245377693332423 -2.013490476761575
29195 10801356 -0.7522353507839663 3.449600985699478 0.54864 0.4245377693332423 -2.013490476761575
29196 10801356 -0.7252542904169339 3.4244176263767225 0.5384800000000001 0.4245377693332423 -2.013490476761575
29196 10651547 0.5375153173387587 0.0034342162503515836 0.27432 0.4245377693332423 -2.013490476761575
29197 10651547 0.5738926803875182 0.002645793599702864 0.27432 0.4245377693332423 -2.013490476761575
29197 10801356 -0.6982732300499015 3.3992342670539673 0.52832 0.4245377693332423 -2.013490476761575
29198 10801356 -0.6712921696828691 3.374050907731212 0.5181600000000001 0.4245377693332423 -2.013490476761575
29198 10651547 0.6211817765102782 0.003315678752143794 0.27432 0.4245377693332423 -2.013490476761575
29199 10651547 0.6464806015233255 0.003957231093016721 0.27432 0.4245377693332423 -2.013490476761575
29199 10801356 -0.6317468639632193 3.337514107114384 0.5181600000000001 0.4245377693332423 -2.013490476761575
29200 10651547 0.671779426536373 0.0045987834338896486 0.27432 0.4245377693332423 -2.013490476761575
29200 10801356 -0.5822720991112034 3.2892590411613325 0.5181600000000001 0.4245377693332423 -2.013490476761575
29201 10801356 -0.5318911245042153 3.2410585819550843 0.5181600000000001 0.4245377693332423 -2.013490476761575
29201 10651547 0.7238565467026636 0.006333411111276777 0.27432 0.4245377693332423 -2.013490476761575
29202 10651547 0.7638069316830532 0.005514006558268836 0.2786742857142857 0.4245377693332423 -2.013490476761575
29202 10801356 -0.5042402678899741 3.2156573847760535 0.5181600000000001 0.4245377693332423 -2.013490476761575
29203 10651547 0.8037573166634429 0.004694602005260895 0.28302857142857146 0.4245377693332423 -2.013490476761575
29203 10801356 -0.47658941127573295 3.1902561875970226 0.5181600000000001 0.4245377693332423 -2.013490476761575
29204 10651547 0.8437077016438325 0.003875197452252954 0.28738285714285716 0.4245377693332423 -2.013490476761575
29204 10801356 -0.4424709272492988 3.1574822130667815 0.5181600000000001 0.4245377693332423 -2.013490476761575
29205 10801356 -0.4033325355692614 3.1237677609102796 0.5181600000000001 0.4245377693332423 -2.013490476761575
29205 10651547 0.8836580866242221 0.0030557928992450134 0.29173714285714286 0.4245377693332423 -2.013490476761575
29206 10801356 -0.37781500696034487 3.1013433616532673 0.5181600000000001 0.4245377693332423 -2.013490476761575
29206 10651547 0.9236084716046116 0.0022363883462370726 0.29609142857142856 0.4245377693332423 -2.013490476761575
29207 10651547 0.9635588565850012 0.0014169837932291318 0.3004457142857143 0.4245377693332423 -2.013490476761575
29207 10801356 -0.35229747835142833 3.0789189623962554 0.5181600000000001 0.4245377693332423 -2.013490476761575
29208 10651547 1.0035092415653908 0.000597579240221191 0.3048 0.4245377693332423 -2.013490476761575
29208 10801356 -0.2984118092525436 3.030568051389791 0.5181600000000001 0.4245377693332423 -2.013490476761575
29209 10801356 -0.26636113715176135 3.0023272674688752 0.5181600000000001 0.4245377693332423 -2.013490476761575
29209 10651547 1.0336896312843005 0.0013687465507114666 0.3048 0.4245377693332423 -2.013490476761575
29210 10651547 1.0638700210032102 0.002139913861201742 0.3048 0.4245377693332423 -2.013490476761575
29210 10801356 -0.22749732780052656 2.9677693760625443 0.5181600000000001 0.4245377693332423 -2.013490476761575
29211 10801356 -0.18943527147130834 2.9334739909094245 0.5181600000000001 0.4245377693332423 -2.013490476761575
29211 10651547 1.1219823519097163 0.0027821283370684513 0.3048 0.4245377693332423 -2.013490476761575
29212 10651547 1.1800946828162222 0.0034243428129351605 0.3048 0.4245377693332423 -2.013490476761575
29212 10801356 -0.1343657751277434 2.886023056324481 0.5181600000000001 0.4245377693332423 -2.013490476761575
29213 10651547 1.2382070137227283 0.00406655728880187 0.3048 0.4245377693332423 -2.013490476761575
29213 10801356 -0.10019196042944378 2.85884168232798 0.5181600000000001 0.4245377693332423 -2.013490476761575
29214 10801356 -0.06080416961212054 2.8299556351940898 0.5181600000000001 0.4245377693332423 -2.013490476761575
29214 10651547 1.2589827731436782 0.0024200069239107003 0.3048 0.4245377693332423 -2.013490476761575
29215 10801356 -0.02303822355204832 2.7961089228351637 0.5181600000000001 0.4245377693332423 -2.013490476761575
29215 10651547 1.2993225283388714 0.0038455401703269554 0.32004 0.4245377693332423 -2.013490476761575
29216 10651547 1.3396622835340646 0.0052710734167432105 0.33528 0.4245377693332423 -2.013490476761575
29216 10801356 0.004456454612579874 2.7715796683355167 0.5334000000000001 0.4245377693332423 -2.013490476761575
29217 10651547 1.371047180617048 0.007285600146645449 0.33528 0.4245377693332423 -2.013490476761575
29217 10801356 0.03195113277720807 2.7470504138358693 0.54864 0.4245377693332423 -2.013490476761575
29218 10651547 1.4024320777000314 0.009300126876547687 0.33528 0.4245377693332423 -2.013490476761575
29218 10801356 0.0691097651686724 2.7127020132563584 0.54864 0.4245377693332423 -2.013490476761575
29219 10801356 0.10483702603287726 2.679406087112263 0.54864 0.4245377693332423 -2.013490476761575
29219 10651547 1.4576562235927462 0.01252334594414213 0.33528 0.4245377693332423 -2.013490476761575
29220 10651547 1.5017338671529372 0.014247544215585564 0.33528 0.4245377693332423 -2.013490476761575
29220 10801356 0.11970349161697891 2.6580716727496934 0.54864 0.4245377693332423 -2.013490476761575
29221 10651547 1.5340695348798172 0.015367982999552152 0.33528 0.4245377693332423 -2.013490476761575
29221 10801356 0.1770416330881719 2.5960961678726164 0.54864 0.4245377693332423 -2.013490476761575
29222 10651547 1.5693891910285926 0.02018683221987913 0.33528 0.4245377693332423 -2.013490476761575
29222 10801356 0.2119455964753093 2.553489873621416 0.54864 0.4245377693332423 -2.013490476761575
29223 10801356 0.22885898634989532 2.5373283774152466 0.54864 0.4245377693332423 -2.013490476761575
29223 10651547 1.6122504102928876 0.020907074385528968 0.36576 0.4245377693332423 -2.013490476761575
29224 10801356 0.26194314622950715 2.481005489740715 0.54864 0.4245377693332423 -2.013490476761575
29224 10651547 1.659286675042544 0.023534960298751073 0.36576 0.4245377693332423 -2.013490476761575
29225 10801356 0.295027306109119 2.4246826020661842 0.54864 0.4245377693332423 -2.013490476761575
29225 10651547 1.7014404896467679 0.02915963587638648 0.36576 0.4245377693332423 -2.013490476761575
29226 10801356 0.31416571817383354 2.3881660407999212 0.54864 0.4245377693332423 -2.013490476761575
29226 10651547 1.7419679545690014 0.0374184933248107 0.36576 0.4245377693332423 -2.013490476761575
29227 10801356 0.33655569850965017 2.3371508055416963 0.54864 0.4245377693332423 -2.013490476761575
29227 10651547 1.7811958696413923 0.04061132027911102 0.36576 0.4245377693332423 -2.013490476761575
29228 10801356 0.353468919623217 2.2883934753266635 0.54864 0.4245377693332423 -2.013490476761575
29228 10651547 1.8199172513531683 0.0411660356656143 0.36576 0.4245377693332423 -2.013490476761575
29229 10801356 0.3662335803275326 2.2405251188638355 0.54864 0.4245377693332423 -2.013490476761575
29229 10651547 1.8820815222798288 0.050419904698880136 0.36576 0.4245377693332423 -2.013490476761575
29230 10801356 0.3754188279895172 2.18985464991739 0.54864 0.4245377693332423 -2.013490476761575
29230 10651547 1.9044770934422308 0.05373669516458088 0.36576 0.4245377693332423 -2.013490476761575
29231 10801356 0.3782817694703807 2.1442886412614026 0.54864 0.4245377693332423 -2.013490476761575
29231 10651547 1.9665387488797785 0.06430972307289909 0.39624000000000004 0.4245377693332423 -2.013490476761575
29232 10651547 2.005938499373313 0.06803160041410908 0.39624000000000004 0.4245377693332423 -2.013490476761575
29232 10801356 0.3790918274437767 2.087009485861044 0.54864 0.4245377693332423 -2.013490476761575
29233 10651547 2.047657395321445 0.07613644655046328 0.39624000000000004 0.4245377693332423 -2.013490476761575
29233 10801356 0.37380358536616953 2.019222768249938 0.54864 0.4245377693332423 -2.013490476761575
29234 10801356 0.37078437793796737 1.993688728635406 0.5181600000000001 0.4245377693332423 -2.013490476761575
29234 10651547 2.094121775407184 0.08245818649456896 0.39624000000000004 0.4245377693332423 -2.013490476761575
29235 10651547 2.135519418142342 0.09066835766876766 0.39624000000000004 0.4245377693332423 -2.013490476761575
29235 10801356 0.34979546599052613 1.9197016619861076 0.5181600000000001 0.4245377693332423 -2.013490476761575
29236 10651547 2.1585624422028404 0.09406646657398163 0.41148000000000007 0.4245377693332423 -2.013490476761575
29236 10801356 0.33124257902704146 1.8727244279737563 0.5181600000000001 0.4245377693332423 -2.013490476761575
29237 10801356 0.313800678428126 1.8356652906853257 0.5181600000000001 0.4245377693332423 -2.013490476761575
29237 10651547 2.1816054662633384 0.0974645754791956 0.42672000000000004 0.4245377693332423 -2.013490476761575
29238 10651547 2.224687353293536 0.10430744886178536 0.42672000000000004 0.4245377693332423 -2.013490476761575
29238 10801356 0.3016788463740413 1.8155602912920528 0.5181600000000001 0.4245377693332423 -2.013490476761575
29239 10801356 0.2895570143199566 1.7954552918987798 0.5181600000000001 0.4245377693332423 -2.013490476761575
29239 10651547 2.2586762828932194 0.11049825722993498 0.42672000000000004 0.4245377693332423 -2.013490476761575
29240 10651547 2.299523001588544 0.11865545538086428 0.42672000000000004 0.4245377693332423 -2.013490476761575
29240 10801356 0.2589125957619328 1.7519633704351407 0.5181600000000001 0.4245377693332423 -2.013490476761575
29241 10801356 0.2209227202208024 1.7118073483125353 0.5181600000000001 0.4245377693332423 -2.013490476761575
29241 10651547 2.333555831839463 0.1222621849774522 0.45720000000000005 0.4245377693332423 -2.013490476761575
29242 10801356 0.1864434750385351 1.6742424366736726 0.5181600000000001 0.4245377693332423 -2.013490476761575
29242 10651547 2.374367847332941 0.13031424421688562 0.45720000000000005 0.4245377693332423 -2.013490476761575
29243 10801356 0.15309233116440835 1.641215795975629 0.5181600000000001 0.4245377693332423 -2.013490476761575
29243 10651547 2.4305809492328248 0.14256661843191182 0.45720000000000005 0.4245377693332423 -2.013490476761575
29244 10651547 2.458476291827122 0.15022215804724592 0.45720000000000005 0.4245377693332423 -2.013490476761575
29244 10801356 0.09944645438544064 1.5955462564203535 0.5181600000000001 0.4245377693332423 -2.013490476761575
29245 10651547 2.4863716344214195 0.15787769766258006 0.45720000000000005 0.4245377693332423 -2.013490476761575
29245 10801356 0.053872875579713764 1.5729412966411642 0.5181600000000001 0.4245377693332423 -2.013490476761575
29246 10651547 2.536985633894279 0.1823556985768189 0.48768 0.4245377693332423 -2.013490476761575
29246 10801356 0.009066774125023214 1.5499687896953849 0.5181600000000001 0.4245377693332423 -2.013490476761575
29247 10651547 2.5702703625905086 0.1999921967013791 0.48768 0.4245377693332423 -2.013490476761575
29247 10801356 -0.038293007398799817 1.530051163549001 0.5181600000000001 0.4245377693332423 -2.013490476761575
29248 10651547 2.5993274642680695 0.2226304419728594 0.48768 0.4245377693332423 -2.013490476761575
29248 10801356 -0.08485916459184084 1.5234270228052365 0.5181600000000001 0.4245377693332423 -2.013490476761575
29249 10801356 -0.1258096192991658 1.5149671553613786 0.5181600000000001 0.4245377693332423 -2.013490476761575
29249 10651547 2.630577310827853 0.2498096795995942 0.48768 0.4245377693332423 -2.013490476761575
29250 10651547 2.644481035365778 0.2613912628341266 0.48768 0.4245377693332423 -2.013490476761575
29250 10801356 -0.17799192917437634 1.5101796498201716 0.5181600000000001 0.4245377693332423 -2.013490476761575
29251 10801356 -0.23179599290850716 1.5112970982009568 0.5181600000000001 0.4245377693332423 -2.013490476761575
29251 10651547 2.674675083594024 0.30491940872206813 0.48768 0.4245377693332423 -2.013490476761575
29252 10801356 -0.2806830289073192 1.511157763208599 0.5181600000000001 0.4245377693332423 -2.013490476761575
29252 10651547 2.696706052933333 0.3316040211247857 0.48768 0.4245377693332423 -2.013490476761575
29253 10801356 -0.33276170351598444 1.5175535389226853 0.5181600000000001 0.4245377693332423 -2.013490476761575
29253 10651547 2.714375967266162 0.3694083673214077 0.48768 0.4245377693332423 -2.013490476761575
29254 10801356 -0.384210698154718 1.5231596260394937 0.5181600000000001 0.4245377693332423 -2.013490476761575
29254 10651547 2.7279250920102505 0.4000303383591646 0.48768 0.4245377693332423 -2.013490476761575
29255 10651547 2.7369162033864267 0.4384485965333903 0.48768 0.4245377693332423 -2.013490476761575
29255 10801356 -0.44765915488403185 1.5328065226343046 0.5181600000000001 0.4245377693332423 -2.013490476761575
29256 10651547 2.7448540282011322 0.479079829438933 0.48768 0.4245377693332423 -2.013490476761575
29256 10801356 -0.48131157603868713 1.5358072247053205 0.5181600000000001 0.4245377693332423 -2.013490476761575
29257 10801356 -0.5149639971933424 1.5388079267763364 0.5181600000000001 0.4245377693332423 -2.013490476761575
29257 10651547 2.74844445753922 0.5077547125331144 0.48768 0.4245377693332423 -2.013490476761575
29258 10801356 -0.5903428561901329 1.5527077356358518 0.5181600000000001 0.4245377693332423 -2.013490476761575
29258 10651547 2.752034886877308 0.5364295956272959 0.48768 0.4245377693332423 -2.013490476761575
29259 10801356 -0.6170637019618225 1.5565385376254046 0.5181600000000001 0.4245377693332423 -2.013490476761575
29259 10651547 2.755216625850877 0.5624926845243302 0.5181600000000001 0.4245377693332423 -2.013490476761575
29260 10651547 2.747691810020197 0.6251109501273778 0.5181600000000001 0.4245377693332423 -2.013490476761575
29260 10801356 -0.643784547733512 1.5603693396149574 0.5181600000000001 0.4245377693332423 -2.013490476761575
29261 10651547 2.7429132521652617 0.6624175891689652 0.5181600000000001 0.4245377693332423 -2.013490476761575
29261 10801356 -0.7167053333032467 1.5682090685656256 0.5181600000000001 0.4245377693332423 -2.013490476761575
29262 10651547 2.7304813322168293 0.7070126014630013 0.5181600000000001 0.4245377693332423 -2.013490476761575
29262 10801356 -0.7479421693430495 1.5731666327320584 0.5181600000000001 0.4245377693332423 -2.013490476761575
29263 10651547 2.7188780240255928 0.755776290260101 0.5181600000000001 0.4245377693332423 -2.013490476761575
29263 10801356 -0.8144961601422793 1.5841829180704863 0.5181600000000001 0.4245377693332423 -2.013490476761575
29264 10801356 -0.8617959958836141 1.5889028408553048 0.5181600000000001 0.4245377693332423 -2.013490476761575
29264 10651547 2.697794351335169 0.8054158707384736 0.5181600000000001 0.4245377693332423 -2.013490476761575
29265 10801356 -0.9058011920529856 1.5874046829727764 0.5181600000000001 0.4245377693332423 -2.013490476761575
29265 10651547 2.6775517635631294 0.8440336354046939 0.5181600000000001 0.4245377693332423 -2.013490476761575
29266 10801356 -0.9531356429171576 1.5920196681491878 0.5181600000000001 0.4245377693332423 -2.013490476761575
29266 10651547 2.651272807745438 0.8899961847520041 0.5181600000000001 0.4245377693332423 -2.013490476761575
29267 10801356 -1.003601833660182 1.5952056337325276 0.5181600000000001 0.4245377693332423 -2.013490476761575
29267 10651547 2.6331247197695187 0.9227903098400013 0.5181600000000001 0.4245377693332423 -2.013490476761575
29268 10801356 -1.0300597265806584 1.5984845618726993 0.48768 0.4245377693332423 -2.013490476761575
29268 10651547 2.6097463124879674 0.9518018227415632 0.5181600000000001 0.4245377693332423 -2.013490476761575
29269 10801356 -1.1014979823943654 1.6000013035704421 0.48768 0.4245377693332423 -2.013490476761575
29269 10651547 2.5831397635981106 0.9872412690879361 0.5181600000000001 0.4245377693332423 -2.013490476761575
29270 10801356 -1.1297958222410207 1.5987414789773366 0.48768 0.4245377693332423 -2.013490476761575
29270 10651547 2.5522366374026655 1.0258361805292036 0.5181600000000001 0.4245377693332423 -2.013490476761575
29271 10801356 -1.1726520010445973 1.5996731497616385 0.48768 0.4245377693332423 -2.013490476761575
29271 10651547 2.5026298321812686 1.0724079809190559 0.5181600000000001 0.4245377693332423 -2.013490476761575
29272 10801356 -1.249517380193628 1.5981759975951004 0.48768 0.4245377693332423 -2.013490476761575
29272 10651547 2.483282993882322 1.0947300060399365 0.5181600000000001 0.4245377693332423 -2.013490476761575
29273 10801356 -1.291608008664172 1.597105317124988 0.48768 0.4245377693332423 -2.013490476761575
29273 10651547 2.4306215525281294 1.1333048601124884 0.54864 0.4245377693332423 -2.013490476761575
29274 10801356 -1.3346797626178255 1.600094681023582 0.48768 0.4245377693332423 -2.013490476761575
29274 10651547 2.3948811561905057 1.1557237350026253 0.54864 0.4245377693332423 -2.013490476761575
29275 10651547 2.353355573524153 1.183536750030743 0.54864 0.4245377693332423 -2.013490476761575
29275 10801356 -1.361972568350607 1.600551681627794 0.48768 0.4245377693332423 -2.013490476761575
29276 10651547 2.332157256843757 1.197468789953812 0.54864 0.4245377693332423 -2.013490476761575
29276 10801356 -1.3892653740833885 1.601008682232006 0.48768 0.4245377693332423 -2.013490476761575
29277 10801356 -1.4344515083717553 1.6002503339268297 0.45720000000000005 0.4245377693332423 -2.013490476761575
29277 10651547 2.276761062765435 1.2263075186790133 0.57912 0.4245377693332423 -2.013490476761575
29278 10801356 -1.5066859551795018 1.5939108533414879 0.45720000000000005 0.4245377693332423 -2.013490476761575
29278 10651547 2.2483046579259405 1.2384047200435009 0.57912 0.4245377693332423 -2.013490476761575
29279 10801356 -1.5487177355288684 1.5875937494120231 0.45720000000000005 0.4245377693332423 -2.013490476761575
29279 10651547 2.219848253086446 1.2505019214079887 0.57912 0.4245377693332423 -2.013490476761575
29280 10801356 -1.5907495158782348 1.5812766454825582 0.45720000000000005 0.4245377693332423 -2.013490476761575
29280 10651547 2.1768253264784407 1.2682912819209846 0.57912 0.4245377693332423 -2.013490476761575
29281 10801356 -1.6486935162934369 1.5561838858788046 0.45720000000000005 0.4245377693332423 -2.013490476761575
29281 10651547 2.1411233232487783 1.2799515788606424 0.57912 0.4245377693332423 -2.013490476761575
29282 10801356 -1.6718973794467151 1.5490531361708462 0.45720000000000005 0.4245377693332423 -2.013490476761575
29282 10651547 2.0998584354695833 1.2881719371808582 0.57912 0.4245377693332423 -2.013490476761575
29283 10651547 2.0275330437794503 1.305953358548922 0.57912 0.4245377693332423 -2.013490476761575
29283 10801356 -1.7279136186146566 1.516553308470183 0.45720000000000005 0.4245377693332423 -2.013490476761575
29284 10651547 1.9911979989232558 1.3143165396450265 0.6096 0.4245377693332423 -2.013490476761575
29284 10801356 -1.7675524145754815 1.4969229007815714 0.45720000000000005 0.4245377693332423 -2.013490476761575
29285 10801356 -1.7950345104419416 1.4753600602334649 0.45720000000000005 0.4245377693332423 -2.013490476761575
29285 10651547 1.9518859411546179 1.327157014764629 0.6096 0.4245377693332423 -2.013490476761575
29286 10801356 -1.8225166063084017 1.4537972196853584 0.45720000000000005 0.4245377693332423 -2.013490476761575
29286 10651547 1.9077602474693642 1.3415700545452203 0.6096 0.4245377693332423 -2.013490476761575
29287 10801356 -1.8543752039041423 1.4215731786530152 0.45720000000000005 0.4245377693332423 -2.013490476761575
29287 10651547 1.867075925559406 1.3583640137058333 0.6096 0.4245377693332423 -2.013490476761575
29288 10801356 -1.8883383670945693 1.3845461799978003 0.45720000000000005 0.4245377693332423 -2.013490476761575
29288 10651547 1.8227159373464032 1.3802141182634031 0.6096 0.4245377693332423 -2.013490476761575
29289 10801356 -1.9039418682011682 1.3678018275473744 0.45720000000000005 0.4245377693332423 -2.013490476761575
29289 10651547 1.7853226113256802 1.3975691653134084 0.6096 0.4245377693332423 -2.013490476761575
29290 10651547 1.7545707533759907 1.412287697045318 0.6096 0.4245377693332423 -2.013490476761575
29290 10801356 -1.9385578847350817 1.3135789923889432 0.45720000000000005 0.4245377693332423 -2.013490476761575
29291 10651547 1.7238188954263014 1.4270062287772278 0.6096 0.4245377693332423 -2.013490476761575
29291 10801356 -1.9570119331931937 1.273464089164206 0.45720000000000005 0.4245377693332423 -2.013490476761575
29292 10651547 1.6801569101114047 1.4466433793222986 0.6096 0.4245377693332423 -2.013490476761575
29292 10801356 -1.9770200004550966 1.2285997320094455 0.45720000000000005 0.4245377693332423 -2.013490476761575
29293 10651547 1.644736663006563 1.4648734942941315 0.6096 0.4245377693332423 -2.013490476761575
29293 10801356 -1.9950698979854964 1.1908063035343806 0.45720000000000005 0.4245377693332423 -2.013490476761575
29294 10651547 1.607172217577761 1.482519232538058 0.6096 0.4245377693332423 -2.013490476761575
29294 10801356 -2.0044388275725984 1.144797824889353 0.45720000000000005 0.4245377693332423 -2.013490476761575
29295 10651547 1.5563980687034134 1.5097379336968781 0.6400800000000001 0.4245377693332423 -2.013490476761575
29295 10801356 -2.0205516506059435 1.0792631554297716 0.45720000000000005 0.4245377693332423 -2.013490476761575
29296 10801356 -2.028169418719579 1.039692287348575 0.45720000000000005 0.4245377693332423 -2.013490476761575
29296 10651547 1.5381332812610142 1.520144403228068 0.6400800000000001 0.4245377693332423 -2.013490476761575
29297 10801356 -2.031801965126836 0.9960133089582645 0.42672000000000004 0.4245377693332423 -2.013490476761575
29297 10651547 1.481274321548879 1.549935823301064 0.6400800000000001 0.4245377693332423 -2.013490476761575
29298 10801356 -2.0306102778180817 0.9497043685691012 0.42672000000000004 0.4245377693332423 -2.013490476761575
29298 10651547 1.4239162870072621 1.5852648975412953 0.6400800000000001 0.4245377693332423 -2.013490476761575
29299 10651547 1.4056788143424122 1.5938520932917082 0.6400800000000001 0.4245377693332423 -2.013490476761575
29299 10801356 -2.029948573999537 0.9012320205851297 0.42672000000000004 0.4245377693332423 -2.013490476761575
29300 10801356 -2.029806528663963 0.8772329020563013 0.42672000000000004 0.4245377693332423 -2.013490476761575
29300 10651547 1.3874413416775624 1.6024392890421209 0.6400800000000001 0.4245377693332423 -2.013490476761575
29301 10801356 -2.0296644833283892 0.8532337835274729 0.42672000000000004 0.4245377693332423 -2.013490476761575
29301 10651547 1.3243850143764604 1.63636005665155 0.6400800000000001 0.4245377693332423 -2.013490476761575
29302 10801356 -2.0278953567045725 0.8097739253164679 0.42672000000000004 0.4245377693332423 -2.013490476761575
29302 10651547 1.2808405971937464 1.6573054615343037 0.6400800000000001 0.4245377693332423 -2.013490476761575
29303 10801356 -2.018329970320294 0.746704475418293 0.42672000000000004 0.4245377693332423 -2.013490476761575
29303 10651547 1.2372961800110323 1.6782508664170577 0.6400800000000001 0.4245377693332423 -2.013490476761575
29304 10651547 1.2037040831447579 1.7004426678855193 0.6400800000000001 0.4245377693332423 -2.013490476761575
29304 10801356 -2.0102613348558522 0.6969774247389888 0.42672000000000004 0.4245377693332423 -2.013490476761575
29305 10651547 1.164169386796797 1.7180341237454462 0.6400800000000001 0.4245377693332423 -2.013490476761575
29305 10801356 -2.0048333222608443 0.6630700988844477 0.42672000000000004 0.4245377693332423 -2.013490476761575
29306 10651547 1.1181196537396594 1.7439466659722844 0.6400800000000001 0.4245377693332423 -2.013490476761575
29306 10801356 -1.9951005824416963 0.6140840094907106 0.42672000000000004 0.4245377693332423 -2.013490476761575
29307 10651547 1.0712454628788246 1.7705963196856862 0.67056 0.4245377693332423 -2.013490476761575
29307 10801356 -1.9862635440132348 0.5732194174260024 0.42672000000000004 0.4245377693332423 -2.013490476761575
29308 10801356 -1.9777715847922372 0.5312993718237299 0.42672000000000004 0.4245377693332423 -2.013490476761575
29308 10651547 1.034742807336055 1.7933897888682142 0.67056 0.4245377693332423 -2.013490476761575
29309 10801356 -1.969059071390989 0.491410378691713 0.39624000000000004 0.4245377693332423 -2.013490476761575
29309 10651547 0.9911414393732638 1.813479648532077 0.67056 0.4245377693332423 -2.013490476761575
29310 10801356 -1.9557589046399688 0.43296181903713526 0.39624000000000004 0.4245377693332423 -2.013490476761575
29310 10651547 0.9497952873679718 1.8418286960336632 0.67056 0.4245377693332423 -2.013490476761575
29311 10651547 0.9077426009507833 1.8625813836278915 0.67056 0.4245377693332423 -2.013490476761575
29311 10801356 -1.9461875768960202 0.3916236182345322 0.39624000000000004 0.4245377693332423 -2.013490476761575
29312 10651547 0.8629465725736107 1.891240733435912 0.67056 0.4245377693332423 -2.013490476761575
29312 10801356 -1.9415695541460876 0.3745146187997799 0.39624000000000004 0.4245377693332423 -2.013490476761575
29313 10801356 -1.936951531396155 0.35740561936502757 0.39624000000000004 0.4245377693332423 -2.013490476761575
29313 10651547 0.8441200989696684 1.9001974577957035 0.67056 0.4245377693332423 -2.013490476761575
29314 10651547 0.825293625365726 1.909154182155495 0.67056 0.4245377693332423 -2.013490476761575
29314 10801356 -1.9271346929636628 0.3100283631258018 0.39624000000000004 0.4245377693332423 -2.013490476761575
29315 10651547 0.7843454266442779 1.9332853855481198 0.67056 0.4245377693332423 -2.013490476761575
29315 10801356 -1.9078295784776647 0.23734758395346187 0.39624000000000004 0.4245377693332423 -2.013490476761575
29316 10651547 0.7251663990378056 1.965478320793744 0.67056 0.4245377693332423 -2.013490476761575
29316 10801356 -1.8987426325944567 0.21217532507103556 0.39624000000000004 0.4245377693332423 -2.013490476761575
29317 10801356 -1.8896556867112488 0.18700306618860926 0.39624000000000004 0.4245377693332423 -2.013490476761575
29317 10651547 0.687759649845595 1.9882191073898061 0.67056 0.4245377693332423 -2.013490476761575
29318 10651547 0.651396797856429 2.0114367736837333 0.67056 0.4245377693332423 -2.013490476761575
29318 10801356 -1.8700907710936654 0.14905608270842138 0.36576 0.4245377693332423 -2.013490476761575
29319 10801356 -1.858143845469827 0.11769060419983599 0.39624000000000004 0.4245377693332423 -2.013490476761575
29319 10651547 0.606011546753245 2.0342156020287487 0.7010400000000001 0.4245377693332423 -2.013490476761575
29320 10801356 -1.834772300316921 0.08866371207803134 0.36576 0.4245377693332423 -2.013490476761575
29320 10651547 0.5650644569166063 2.058348075122552 0.7010400000000001 0.4245377693332423 -2.013490476761575
29321 10651547 0.5289652826257399 2.0810130478235553 0.7010400000000001 0.4245377693332423 -2.013490476761575
29321 10801356 -1.8041619579409487 0.0518944706656804 0.36576 0.4245377693332423 -2.013490476761575
29322 10801356 -1.7743872159035454 0.026148014538830838 0.36576 0.4245377693332423 -2.013490476761575
29322 10651547 0.4863624525164082 2.1000793803424855 0.7010400000000001 0.4245377693332423 -2.013490476761575
29323 10801356 -1.7453064617000307 0.0050686375722036325 0.36576 0.4245377693332423 -2.013490476761575
29323 10651547 0.4456488699329091 2.1276413809729164 0.7010400000000001 0.4245377693332423 -2.013490476761575
29324 10801356 -1.7073119649297854 -0.013201062549262926 0.36576 0.4245377693332423 -2.013490476761575
29324 10651547 0.3963960609633578 2.156242609518716 0.7010400000000001 0.4245377693332423 -2.013490476761575
29325 10801356 -1.6579320176046555 -0.03332508189827524 0.36576 0.4245377693332423 -2.013490476761575
29325 10651547 0.35389731210023323 2.1756264024453738 0.7010400000000001 0.4245377693332423 -2.013490476761575
29326 10651547 0.33138439453452107 2.188243379785639 0.7010400000000001 0.4245377693332423 -2.013490476761575
29326 10801356 -1.6126239589130569 -0.044171870326778856 0.36576 0.4245377693332423 -2.013490476761575
29327 10801356 -1.5769536288118584 -0.049178868208922394 0.36576 0.4245377693332423 -2.013490476761575
29327 10651547 0.27152277096424593 2.2224167671551034 0.7010400000000001 0.4245377693332423 -2.013490476761575
29328 10651547 0.23660671127125776 2.2459820675450306 0.7010400000000001 0.4245377693332423 -2.013490476761575
29328 10801356 -1.5538462394832815 -0.049142041280361065 0.35052 0.4245377693332423 -2.013490476761575
29329 10651547 0.20535873090355122 2.2637920021718276 0.7010400000000001 0.4245377693332423 -2.013490476761575
29329 10801356 -1.5307388501547046 -0.049105214351799736 0.33528 0.4245377693332423 -2.013490476761575
29330 10801356 -1.4901627526831314 -0.04590189775229628 0.33528 0.4245377693332423 -2.013490476761575
29330 10651547 0.17411075053584468 2.2816019367986247 0.7010400000000001 0.4245377693332423 -2.013490476761575
29331 10801356 -1.4504927482425718 -0.04275255368826683 0.33528 0.4245377693332423 -2.013490476761575
29331 10651547 0.13721131545112508 2.30453124684825 0.7010400000000001 0.4245377693332423 -2.013490476761575
29332 10651547 0.10031188036640548 2.3274605568978752 0.7010400000000001 0.4245377693332423 -2.013490476761575
29332 10801356 -1.392331647037605 -0.03466772496811646 0.33528 0.4245377693332423 -2.013490476761575
29333 10651547 0.06313206445295405 2.3454580440998556 0.73152 0.4245377693332423 -2.013490476761575
29333 10801356 -1.3702985478984735 -0.031124452804601216 0.33528 0.4245377693332423 -2.013490476761575
29334 10651547 0.026931714190189915 2.36780892263375 0.73152 0.4245377693332423 -2.013490476761575
29334 10801356 -1.3111972573602706 -0.02287920345822006 0.33528 0.4245377693332423 -2.013490476761575
29335 10801356 -1.2763768420600818 -0.018259891443658388 0.33528 0.4245377693332423 -2.013490476761575
29335 10651547 -0.011571419404225125 2.3912634694264234 0.73152 0.4245377693332423 -2.013490476761575
29336 10801356 -1.2333896161597238 -0.011754542085635783 0.33528 0.4245377693332423 -2.013490476761575
29336 10651547 -0.06686749912539935 2.425817159575453 0.73152 0.4245377693332423 -2.013490476761575
29337 10651547 -0.10380034265839544 2.448642091198389 0.73152 0.4245377693332423 -2.013490476761575
29337 10801356 -1.2012097566480875 -0.009776499207766715 0.33528 0.4245377693332423 -2.013490476761575
29338 10651547 -0.14972927849723305 2.4738246727294633 0.73152 0.4245377693332423 -2.013490476761575
29338 10801356 -1.1444733593387013 -0.0033271272001483 0.33528 0.4245377693332423 -2.013490476761575
29339 10801356 -1.1048879294496003 -0.0034198895317814337 0.33528 0.4245377693332423 -2.013490476761575
29339 10651547 -0.1710254106511221 2.4866300545871294 0.73152 0.4245377693332423 -2.013490476761575
29340 10651547 -0.19232154280501113 2.4994354364447955 0.73152 0.4245377693332423 -2.013490476761575
29340 10801356 -1.0771333962571044 -0.00288588404335563 0.32766 0.4245377693332423 -2.013490476761575
29341 10651547 -0.232856745360565 2.5291641691377955 0.73152 0.4245377693332423 -2.013490476761575
29341 10801356 -1.0493788630646081 -0.002351878554929826 0.32004 0.4245377693332423 -2.013490476761575
29342 10801356 -1.0216476822232436 -0.002160566100319866 0.31242000000000003 0.4245377693332423 -2.013490476761575
29342 10651547 -0.29794945538230855 2.566339541730896 0.762 0.4245377693332423 -2.013490476761575
29343 10801356 -0.9939165013818791 -0.0019692536457099064 0.3048 0.4245377693332423 -2.013490476761575
29343 10651547 -0.3348466356434294 2.58927122818878 0.762 0.4245377693332423 -2.013490476761575
29344 10651547 -0.3705880706957554 2.6103063297368356 0.762 0.4245377693332423 -2.013490476761575
29344 10801356 -0.9440445798530395 -0.0015691925605017254 0.3048 0.4245377693332423 -2.013490476761575
29345 10801356 -0.8985042079938843 0.0018831889172413463 0.3048 0.4245377693332423 -2.013490476761575
29345 10651547 -0.40379309560818677 2.6336667973467174 0.762 0.4245377693332423 -2.013490476761575
29346 10651547 -0.4461748138641366 2.661547464402691 0.7924800000000001 0.4245377693332423 -2.013490476761575
29346 10801356 -0.8660289050643075 0.001779775040246262 0.3048 0.4245377693332423 -2.013490476761575
29347 10651547 -0.4998978407613295 2.6954743333589195 0.7924800000000001 0.4245377693332423 -2.013490476761575
29347 10801356 -0.8336451056175938 0.0019400851592808188 0.3048 0.4245377693332423 -2.013490476761575
29348 10651547 -0.5312908178235249 2.718944024531295 0.7924800000000001 0.4245377693332423 -2.013490476761575
29348 10801356 -0.7959652607687355 0.00036892542529878836 0.3048 0.4245377693332423 -2.013490476761575
29349 10801356 -0.7611068951697197 -0.001681560506606422 0.3048 0.4245377693332423 -2.013490476761575
29349 10651547 -0.5674110064940736 2.7388190855815226 0.82296 0.4245377693332423 -2.013490476761575
29350 10651547 -0.6098607488510279 2.766489634030993 0.82296 0.4245377693332423 -2.013490476761575
29350 10801356 -0.7214426383841968 -0.002615986599459802 0.3048 0.4245377693332423 -2.013490476761575
29351 10801356 -0.666133779071836 -0.00025306432259439293 0.3048 0.4245377693332423 -2.013490476761575
29351 10651547 -0.6477736842499053 2.791741957037226 0.82296 0.4245377693332423 -2.013490476761575
29352 10801356 -0.6413586302122911 5.962117219232566e-07 0.28956000000000004 0.4245377693332423 -2.013490476761575
29352 10651547 -0.686736236801208 2.8208430325919904 0.82296 0.4245377693332423 -2.013490476761575
29353 10651547 -0.7208751674850865 2.840801490280707 0.82296 0.4245377693332423 -2.013490476761575
29353 10801356 -0.6165834813527461 0.00025425674603823945 0.27432 0.4245377693332423 -2.013490476761575
29354 10651547 -0.755014098168965 2.8607599479694237 0.82296 0.4245377693332423 -2.013490476761575
29354 10801356 -0.5855067724006762 0.0009014028643442445 0.27432 0.4245377693332423 -2.013490476761575
29355 10801356 -0.5544300634486061 0.0015485489826502497 0.27432 0.4245377693332423 -2.013490476761575
29355 10651547 -0.794752226931175 2.885588080138072 0.82296 0.4245377693332423 -2.013490476761575
29356 10801356 -0.5205794158299974 0.0011722658994831603 0.27432 0.4245377693332423 -2.013490476761575
29356 10651547 -0.8344903556933849 2.9104162123067203 0.82296 0.4245377693332423 -2.013490476761575
29357 10801356 -0.4867287682113888 0.0007959828163160709 0.27432 0.4245377693332423 -2.013490476761575
29357 10651547 -0.8751351094183384 2.940886838276635 0.82296 0.4245377693332423 -2.013490476761575
29358 10801356 -0.44967925574968826 1.675501481759878e-05 0.27432 0.4245377693332423 -2.013490476761575
29358 10651547 -0.9350073606830147 2.9817953331243716 0.82296 0.4245377693332423 -2.013490476761575
29359 10651547 -0.9681688648581858 3.0032465866086193 0.82296 0.4245377693332423 -2.013490476761575
29359 10801356 -0.41674549361214663 0.00023267576263161227 0.27432 0.4245377693332423 -2.013490476761575
29360 10801356 -0.3663138004818649 -0.000364396208164558 0.27432 0.4245377693332423 -2.013490476761575
29360 10651547 -1.0013303690333568 3.0246978400928675 0.82296 0.4245377693332423 -2.013490476761575
29361 10651547 -1.0389727839801794 3.05348656819223 0.82296 0.4245377693332423 -2.013490476761575
29361 10801356 -0.3332766285658384 0.00016857003953388294 0.27432 0.4245377693332423 -2.013490476761575
29362 10651547 -1.1107082414611973 3.0985700560156983 0.82296 0.4245377693332423 -2.013490476761575
29362 10801356 -0.30519214340240275 0.0018533362879605553 0.27432 0.4245377693332423 -2.013490476761575
29363 10801356 -0.2640015200307675 0.0028757708829805495 0.27432 0.4245377693332423 -2.013490476761575
29363 10651547 -1.1449934470891792 3.125677049815391 0.82296 0.4245377693332423 -2.013490476761575
29364 10651547 -1.1824810349079569 3.149508824823829 0.82296 0.4245377693332423 -2.013490476761575
29364 10801356 -0.23113701170488654 0.0028814457933816484 0.27432 0.4245377693332423 -2.013490476761575
29365 10651547 -1.2253145632321345 3.178712005242893 0.82296 0.4245377693332423 -2.013490476761575
29365 10801356 -0.19910948440400267 0.003044017239419855 0.27432 0.4245377693332423 -2.013490476761575
29366 10801356 -0.16139593181862866 0.0015817826104370936 0.27432 0.4245377693332423 -2.013490476761575
29366 10651547 -1.29156948915156 3.223173316135834 0.82296 0.4245377693332423 -2.013490476761575
29367 10801356 -0.12860055032107742 0.0013768250171552754 0.27432 0.4245377693332423 -2.013490476761575
29367 10651547 -1.331847924531847 3.2509571804996726 0.82296 0.4245377693332423 -2.013490476761575
29368 10651547 -1.3987679209015107 3.2944690203180977 0.82296 0.4245377693332423 -2.013490476761575
29368 10801356 -0.09653864211464191 0.0016454131708942 0.27432 0.4245377693332423 -2.013490476761575
29369 10801356 -0.049291709723509713 0.004895320663976771 0.24384 0.4245377693332423 -2.013490476761575
29369 10651547 -1.4221584556373223 3.3111778779252496 0.82296 0.4245377693332423 -2.013490476761575
29370 10801356 -0.015888255837428256 0.005193068131288697 0.24384 0.4245377693332423 -2.013490476761575
29370 10651547 -1.445548990373134 3.327886735532402 0.82296 0.4245377693332423 -2.013490476761575
29371 10801356 0.0008632758001260732 0.0034564436620728306 0.24384 0.4245377693332423 -2.013490476761575
29371 10651547 -1.5127484015085213 3.3756978895754024 0.82296 0.4245377693332423 -2.013490476761575
29372 10801356 0.017614807437680402 0.001719819192856964 0.24384 0.4245377693332423 -2.013490476761575
29372 10651547 -1.545935617900564 3.3992351913605283 0.82296 0.4245377693332423 -2.013490476761575
29373 10651547 -1.5791228342926071 3.4227724931456542 0.82296 0.4245377693332423 -2.013490476761575
29373 10801356 0.051112739116646155 0.0050245718533314665 0.24384 0.4245377693332423 -2.013490476761575
29374 10651547 -1.621427924469817 3.450871262888875 0.82296 0.4245377693332423 -2.013490476761575
29374 10801356 0.08279110442817883 4.505238608995543e-05 0.24384 0.4245377693332423 -2.013490476761575
29375 10801356 0.1159874131846963 -0.000289907770514769 0.24384 0.4245377693332423 -2.013490476761575
29375 10651547 -1.6930308095388364 3.504215313091808 0.82296 0.4245377693332423 -2.013490476761575
29376 10651547 -1.73444397198303 3.5381576777499797 0.82296 0.4245377693332423 -2.013490476761575
29376 10801356 0.1638293443247959 0.0020658246454707263 0.24384 0.4245377693332423 -2.013490476761575
29377 10651547 -1.7758571344272236 3.572100042408152 0.82296 0.4245377693332423 -2.013490476761575
29377 10801356 0.19955995160866535 0.0020129162814068666 0.24384 0.4245377693332423 -2.013490476761575
29378 10801356 0.2352905588925348 0.001960007917343007 0.24384 0.4245377693332423 -2.013490476761575
29378 10651547 -1.8143806927526407 3.6063241390814027 0.82296 0.4245377693332423 -2.013490476761575
29379 10801356 0.26643334458917034 0.0007780224978305161 0.24384 0.4245377693332423 -2.013490476761575
29379 10651547 -1.8565392502131803 3.6473468408349032 0.82296 0.4245377693332423 -2.013490476761575
29380 10801356 0.28829657392921754 0.0006427525730452003 0.24384 0.4245377693332423 -2.013490476761575
29380 10651547 -1.8986751056129816 3.687895124176463 0.82296 0.4245377693332423 -2.013490476761575
29381 10801356 0.3101598032692647 0.0005074826482598844 0.24384 0.4245377693332423 -2.013490476761575
29381 10651547 -1.9204386782958605 3.706585970618855 0.82296 0.4245377693332423 -2.013490476761575
29382 10651547 -1.982254291451307 3.7635080909736005 0.82296 0.4245377693332423 -2.013490476761575
29382 10801356 0.3320230326093119 0.0003722127234745687 0.24384 0.4245377693332423 -2.013490476761575
29383 10801356 0.35933873821363516 0.0024273972361971152 0.24384 0.4245377693332423 -2.013490476761575
29383 10651547 -2.027579453450884 3.8013623281248203 0.82296 0.4245377693332423 -2.013490476761575
29384 10651547 -2.061123454902078 3.8372303413068596 0.82296 0.4245377693332423 -2.013490476761575
29384 10801356 0.3823207758545846 0.0022628275336548705 0.24384 0.4245377693332423 -2.013490476761575
29385 10651547 -2.108542865902815 3.8768224807945706 0.82296 0.4245377693332423 -2.013490476761575
29385 10801356 0.4053028134955341 0.002098257831112626 0.24384 0.4245377693332423 -2.013490476761575
29386 10651547 -2.1462885333889146 3.9079903589365403 0.82296 0.4245377693332423 -2.013490476761575
29386 10801356 0.42828485113648357 0.0019336881285703812 0.24384 0.4245377693332423 -2.013490476761575
29387 10651547 -2.186744698161233 3.9447783507211085 0.82296 0.4245377693332423 -2.013490476761575
29387 10801356 0.45126688877743304 0.0017691184260281365 0.24384 0.4245377693332423 -2.013490476761575
29388 10801356 0.4742489264183825 0.0016045487234858918 0.24384 0.4245377693332423 -2.013490476761575
29388 10651547 -2.2272008629335507 3.981566342505676 0.82296 0.4245377693332423 -2.013490476761575
29389 10801356 0.497230964059332 0.001439979020943647 0.24384 0.4245377693332423 -2.013490476761575
29390 10801356 0.5202130017002815 0.0012754093184014024 0.24384 0.4245377693332423 -2.013490476761575
29391 10801356 0.5431950393412309 0.0011108396158591577 0.24384 0.4245377693332423 -2.013490476761575
29392 10801356 0.5598682485274762 0.001854425081757427 0.24384 0.4245377693332423 -2.013490476761575
29393 10801356 0.5920088269709949 0.0012823394746428046 0.24384 0.4245377693332423 -2.013490476761575
29394 10801356 0.6031940664378712 0.0007233597447585602 0.24384 0.4245377693332423 -2.013490476761575
29395 10801356 0.6143793059047475 0.00016438001487431575 0.24384 0.4245377693332423 -2.013490476761575
29396 10801356 0.6381181775234842 0.003506116702146636 0.24384 0.4245377693332423 -2.013490476761575
