32012 11080625 3.5280010181663446 4.277720105978 0.75438 -2.570776552658184 -0.08556141830814801
32013 11080625 3.5194752400468494 4.218997781535801 0.7467600000000001 -2.570776552658184 -0.08556141830814801
32014 11080625 3.5109494619273542 4.1602754570936025 0.73914 -2.570776552658184 -0.08556141830814801
32015 11080625 3.498231563702923 4.110457024601758 0.73914 -2.570776552658184 -0.08556141830814801
32016 11080625 3.482291686282114 4.045335755377744 0.73152 -2.570776552658184 -0.08556141830814801
32017 11080625 3.4767819021395034 4.0216679321785485 0.73152 -2.570776552658184 -0.08556141830814801
32018 11080625 3.461399125302588 3.9745596453162744 0.72771 -2.570776552658184 -0.08556141830814801
32019 11080625 3.446016348465673 3.9274513584540007 0.7239 -2.570776552658184 -0.08556141830814801
32020 11080625 3.430633571628758 3.880343071591727 0.7200900000000001 -2.570776552658184 -0.08556141830814801
32021 11080625 3.4152507947918425 3.833234784729453 0.7162800000000001 -2.570776552658184 -0.08556141830814801
32022 11080625 3.400353552963562 3.7944082799296077 0.7162800000000001 -2.570776552658184 -0.08556141830814801
32023 11080625 3.373066235844057 3.7271514058679123 0.7086600000000001 -2.570776552658184 -0.08556141830814801
32024 11080625 3.351464373318267 3.6881778346846974 0.7086600000000001 -2.570776552658184 -0.08556141830814801
32025 11080625 3.3325189617392583 3.646467690491092 0.7010400000000001 -2.570776552658184 -0.08556141830814801
32026 11080625 3.296910019861434 3.578189960030236 0.69342 -2.570776552658184 -0.08556141830814801
32027 11080625 3.2751768821997986 3.546969498301979 0.69342 -2.570776552658184 -0.08556141830814801
32028 11080625 3.2638269645534885 3.5290638680150996 0.6896100000000001 -2.570776552658184 -0.08556141830814801
32029 11080625 3.2524770469071784 3.5111582377282198 0.6858000000000001 -2.570776552658184 -0.08556141830814801
32030 11080625 3.214134178038524 3.449731241929281 0.6858000000000001 -2.570776552658184 -0.08556141830814801
32031 11080625 3.1998420362343287 3.4222725032892587 0.6858000000000001 -2.570776552658184 -0.08556141830814801
32032 11080625 3.161763822410162 3.3627451405397393 0.6743700000000001 -2.570776552658184 -0.08556141830814801
32033 11080625 3.123685608585995 3.3032177777902203 0.6629400000000001 -2.570776552658184 -0.08556141830814801
32034 11080625 3.100503834193365 3.267564019471287 0.65532 -2.570776552658184 -0.08556141830814801
32035 11080625 3.0781929649618016 3.231859520657843 0.65532 -2.570776552658184 -0.08556141830814801
32036 11080625 3.0468996701516833 3.1865884482765128 0.65532 -2.570776552658184 -0.08556141830814801
32037 11080625 3.0154218549527254 3.140209456150197 0.6477 -2.570776552658184 -0.08556141830814801
32038 11080625 2.9851954609725126 3.0965760179161608 0.6477 -2.570776552658184 -0.08556141830814801
32039 11080625 2.9561536364402654 3.0579295780219073 0.6477 -2.570776552658184 -0.08556141830814801
32040 11080625 2.9278470655401163 3.0079449789406922 0.6400800000000001 -2.570776552658184 -0.08556141830814801
32041 11080625 2.8816895637111957 2.9522246861573977 0.6400800000000001 -2.570776552658184 -0.08556141830814801
32042 11080625 2.855169506748058 2.914507155956733 0.63246 -2.570776552658184 -0.08556141830814801
32043 11080625 2.8229552179213666 2.866149304191771 0.63246 -2.570776552658184 -0.08556141830814801
32044 11080625 2.799503059310938 2.8378271116493785 0.62865 -2.570776552658184 -0.08556141830814801
32045 11080625 2.7760509007005094 2.809504919106986 0.6248400000000001 -2.570776552658184 -0.08556141830814801
32046 11080625 2.7454534868112317 2.7694976444514023 0.6172200000000001 -2.570776552658184 -0.08556141830814801
32047 11080625 2.714856072921954 2.7294903697958186 0.6096 -2.570776552658184 -0.08556141830814801
32048 11080625 2.6914680880022672 2.7097921953738857 0.6096 -2.570776552658184 -0.08556141830814801
32049 11080625 2.639058826278765 2.650974043048138 0.6019800000000001 -2.570776552658184 -0.08556141830814801
32050 11080625 2.622296556432576 2.6322662493503333 0.6019800000000001 -2.570776552658184 -0.08556141830814801
32051 11080625 2.5625329768918386 2.566153936245223 0.59436 -2.570776552658184 -0.08556141830814801
32052 11080625 2.532248750453933 2.5386615618384987 0.59436 -2.570776552658184 -0.08556141830814801
32053 11080625 2.4947633235953273 2.5081473664873624 0.59436 -2.570776552658184 -0.08556141830814801
32054 11080625 2.468195991619691 2.484698212931399 0.59055 -2.570776552658184 -0.08556141830814801
32055 11080625 2.441628659644054 2.4612490593754357 0.58674 -2.570776552658184 -0.08556141830814801
32056 11080625 2.4013969909320867 2.4370059574317136 0.58674 -2.570776552658184 -0.08556141830814801
32057 11080625 2.3541215132655644 2.406418728265704 0.57912 -2.570776552658184 -0.08556141830814801
32058 11080625 2.313857667516367 2.3853406721603156 0.57912 -2.570776552658184 -0.08556141830814801
32059 11080625 2.287975010639183 2.3724160056985952 0.57912 -2.570776552658184 -0.08556141830814801
32060 11080625 2.22964986820812 2.3433356476469345 0.57912 -2.570776552658184 -0.08556141830814801
32061 11080625 2.176834101858657 2.3229701699465504 0.57912 -2.570776552658184 -0.08556141830814801
32062 11080625 2.1292208975780262 2.3011391849912597 0.57912 -2.570776552658184 -0.08556141830814801
32063 11080625 2.0806611068761045 2.2851083857456858 0.57912 -2.570776552658184 -0.08556141830814801
32064 11080625 2.0316752929874173 2.267230971679608 0.57912 -2.570776552658184 -0.08556141830814801
32065 11080625 1.9785897607042584 2.254197814068418 0.57912 -2.570776552658184 -0.08556141830814801
32066 11080625 1.9386492464914962 2.237922208351045 0.57912 -2.570776552658184 -0.08556141830814801
32067 11080625 1.8921260211691189 2.231390873028828 0.57912 -2.570776552658184 -0.08556141830814801
32068 11080625 1.848706444226532 2.2218598256160718 0.57912 -2.570776552658184 -0.08556141830814801
32069 11080625 1.778156424031876 2.2032011941790235 0.57912 -2.570776552658184 -0.08556141830814801
32070 11080625 1.731667112119862 2.1967764585277156 0.57912 -2.570776552658184 -0.08556141830814801
32071 11080625 1.7006872258766959 2.193258407852298 0.57912 -2.570776552658184 -0.08556141830814801
32072 11080625 1.66970733963353 2.1897403571768796 0.57912 -2.570776552658184 -0.08556141830814801
32073 11080625 1.6162561615883542 2.182933108363485 0.58293 -2.570776552658184 -0.08556141830814801
32074 11080625 1.5628049835431783 2.1761258595500905 0.58674 -2.570776552658184 -0.08556141830814801
32075 11080625 1.5187951644813902 2.174032570880453 0.58674 -2.570776552658184 -0.08556141830814801
32076 11080625 1.4672353809419922 2.164592889104969 0.57912 -2.570776552658184 -0.08556141830814801
32077 11080625 1.410048033544678 2.1564081642868875 0.57912 -2.570776552658184 -0.08556141830814801
32078 11080625 1.356244819744192 2.1509733622907885 0.57912 -2.570776552658184 -0.08556141830814801
32079 11080625 1.3112028669753182 2.1489847846170704 0.57912 -2.570776552658184 -0.08556141830814801
32080 11080625 1.2647121211496368 2.142563084958142 0.57912 -2.570776552658184 -0.08556141830814801
32081 11080625 1.2218157718312115 2.1369532954393367 0.57531 -2.570776552658184 -0.08556141830814801
32082 11080625 1.1789194225127861 2.1313435059205315 0.5715 -2.570776552658184 -0.08556141830814801
32083 11080625 1.141223895514175 2.1280651449309707 0.5715 -2.570776552658184 -0.08556141830814801
32084 11080625 1.103528368515564 2.1247867839414094 0.5715 -2.570776552658184 -0.08556141830814801
32085 11080625 1.057449311263525 2.11799802879866 0.5715 -2.570776552658184 -0.08556141830814801
32086 11080625 1.0104764608128392 2.111735274609601 0.5715 -2.570776552658184 -0.08556141830814801
32087 11080625 0.9594804308371295 2.106203443988157 0.56388 -2.570776552658184 -0.08556141830814801
32088 11080625 0.9124727793914408 2.0998357775575776 0.56388 -2.570776552658184 -0.08556141830814801
32089 11080625 0.8460642884947459 2.0895279570736283 0.56388 -2.570776552658184 -0.08556141830814801
32090 11080625 0.7969929939946472 2.083368056537182 0.56388 -2.570776552658184 -0.08556141830814801
32091 11080625 0.7565454358101376 2.0802314179614787 0.56388 -2.570776552658184 -0.08556141830814801
32092 11080625 0.6935795234564426 2.073940185675442 0.56388 -2.570776552658184 -0.08556141830814801
32093 11080625 0.6638122275045623 2.0670795415734826 0.56388 -2.570776552658184 -0.08556141830814801
32094 11080625 0.6321168897153857 2.0638284435760093 0.5600700000000001 -2.570776552658184 -0.08556141830814801
32095 11080625 0.600421551926209 2.060577345578536 0.55626 -2.570776552658184 -0.08556141830814801
32096 11080625 0.5507714745811195 2.0608001426756526 0.55626 -2.570776552658184 -0.08556141830814801
32097 11080625 0.504174886470987 2.054066724938844 0.55626 -2.570776552658184 -0.08556141830814801
32098 11080625 0.44088712900019 2.047882608683787 0.55626 -2.570776552658184 -0.08556141830814801
32099 11080625 0.3880364742562521 2.0464654816487813 0.54864 -2.570776552658184 -0.08556141830814801
32100 11080625 0.34251764552476505 2.0403153153502975 0.54864 -2.570776552658184 -0.08556141830814801
32101 11080625 0.29204742189292887 2.035316676370337 0.54864 -2.570776552658184 -0.08556141830814801
32102 11080625 0.2418530941567476 2.031162817271309 0.54864 -2.570776552658184 -0.08556141830814801
32103 11080625 0.195290082548352 2.0245369661274513 0.54864 -2.570776552658184 -0.08556141830814801
32104 11080625 0.15031425691233302 2.0227668316904395 0.54864 -2.570776552658184 -0.08556141830814801
32105 11080625 0.10415207656449299 2.0160104452903704 0.54864 -2.570776552658184 -0.08556141830814801
32106 11080625 0.03343139015957086 2.007469277962432 0.54102 -2.570776552658184 -0.08556141830814801
32107 11080625 -0.010283700962609776 2.005755185262499 0.54102 -2.570776552658184 -0.08556141830814801
32108 11080625 -0.034214294805277934 2.001545213720682 0.54102 -2.570776552658184 -0.08556141830814801
32109 11080625 -0.07150070639899575 1.9974960318977555 0.54102 -2.570776552658184 -0.08556141830814801
32110 11080625 -0.10878711799271357 1.9934468500748288 0.54102 -2.570776552658184 -0.08556141830814801
32111 11080625 -0.15299598245949686 1.9913107914319843 0.54102 -2.570776552658184 -0.08556141830814801
32112 11080625 -0.22238065753882164 1.984145928529808 0.54102 -2.570776552658184 -0.08556141830814801
32113 11080625 -0.2562060991510936 1.9818575918267187 0.5448299999999999 -2.570776552658184 -0.08556141830814801
32114 11080625 -0.29003154076336557 1.9795692551236295 0.54864 -2.570776552658184 -0.08556141830814801
32115 11080625 -0.33533499739429984 1.9730018313983329 0.54864 -2.570776552658184 -0.08556141830814801
32116 11080625 -0.38273367244298995 1.968989148873164 0.55626 -2.570776552658184 -0.08556141830814801
32117 11080625 -0.42253101128609516 1.9654120099936783 0.55626 -2.570776552658184 -0.08556141830814801
32118 11080625 -0.4791582144939852 1.961964053466131 0.56388 -2.570776552658184 -0.08556141830814801
32119 11080625 -0.5187486725815411 1.959020750177122 0.56388 -2.570776552658184 -0.08556141830814801
32120 11080625 -0.5653139602423456 1.9523998543668508 0.56388 -2.570776552658184 -0.08556141830814801
32121 11080625 -0.5854907423167055 1.9531562286387418 0.56388 -2.570776552658184 -0.08556141830814801
32122 11080625 -0.647395484014458 1.9468786651120036 0.56388 -2.570776552658184 -0.08556141830814801
32123 11080625 -0.6831424192229789 1.9369541645951778 0.55626 -2.570776552658184 -0.08556141830814801
32124 11080625 -0.7266540067010234 1.9342426652242237 0.54864 -2.570776552658184 -0.08556141830814801
32125 11080625 -0.7494150296902153 1.9311710956896906 0.54864 -2.570776552658184 -0.08556141830814801
32126 11080625 -0.8064492554932055 1.9237691769996852 0.54864 -2.570776552658184 -0.08556141830814801
32127 11080625 -0.8456738932540053 1.9205909554502865 0.54864 -2.570776552658184 -0.08556141830814801
32128 11080625 -0.865286255313544 1.9190019525703064 0.5448299999999999 -2.570776552658184 -0.08556141830814801
32129 11080625 -0.8848986173730826 1.9174129496903263 0.54102 -2.570776552658184 -0.08556141830814801
32130 11080625 -0.9272205133690037 1.9129113462041598 0.5334 -2.570776552658184 -0.08556141830814801
32131 11080625 -0.9673857290583094 1.9095739839081662 0.5334 -2.570776552658184 -0.08556141830814801
32132 11080625 -1.003393639848913 1.9026571069218692 0.5334 -2.570776552658184 -0.08556141830814801
32133 11080625 -1.0487998119968838 1.898230208304956 0.52578 -2.570776552658184 -0.08556141830814801
32134 11080625 -1.088529689829925 1.8948678773597651 0.52578 -2.570776552658184 -0.08556141830814801
32135 11080625 -1.1315162465505504 1.8910520721946849 0.52578 -2.570776552658184 -0.08556141830814801
32136 11080625 -1.1707416273229432 1.8878756378203785 0.5181600000000001 -2.570776552658184 -0.08556141830814801
32137 11080625 -1.2100016195375145 1.8845938726778042 0.5181600000000001 -2.570776552658184 -0.08556141830814801
32138 11080625 -1.2652208446482318 1.8813918189307632 0.51054 -2.570776552658184 -0.08556141830814801
32139 11080625 -1.2828372497187177 1.8764051303940052 0.51054 -2.570776552658184 -0.08556141830814801
32140 11080625 -1.3252891772340853 1.8742265863094143 0.50292 -2.570776552658184 -0.08556141830814801
32141 11080625 -1.367741104749453 1.8720480422248233 0.4953 -2.570776552658184 -0.08556141830814801
32142 11080625 -1.4072878947391023 1.8689778816883598 0.4953 -2.570776552658184 -0.08556141830814801
32143 11080625 -1.4437517889188045 1.8650162139416646 0.48768 -2.570776552658184 -0.08556141830814801
32144 11080625 -1.4888880670764901 1.8573487259393198 0.48768 -2.570776552658184 -0.08556141830814801
32145 11080625 -1.5290545981135513 1.8540145255656235 0.48768 -2.570776552658184 -0.08556141830814801
32146 11080625 -1.5820246914341822 1.8441198729684216 0.48006 -2.570776552658184 -0.08556141830814801
32147 11080625 -1.5999624431344273 1.8392389436972418 0.48006 -2.570776552658184 -0.08556141830814801
32148 11080625 -1.66153204004428 1.8291203092683361 0.48006 -2.570776552658184 -0.08556141830814801
32149 11080625 -1.6959212682695266 1.8163020001237948 0.48006 -2.570776552658184 -0.08556141830814801
32150 11080625 -1.7295429300676857 1.8031158357717716 0.47243999999999997 -2.570776552658184 -0.08556141830814801
32151 11080625 -1.773017266710198 1.7869607521509085 0.47243999999999997 -2.570776552658184 -0.08556141830814801
32152 11080625 -1.8270376851324104 1.7548605246236242 0.47243999999999997 -2.570776552658184 -0.08556141830814801
32153 11080625 -1.8462089856217936 1.7451257303813918 0.47243999999999997 -2.570776552658184 -0.08556141830814801
32154 11080625 -1.8829313112602575 1.7197513175103778 0.46482000000000007 -2.570776552658184 -0.08556141830814801
32155 11080625 -1.9190242768601917 1.693586868526461 0.46482000000000007 -2.570776552658184 -0.08556141830814801
32156 11080625 -1.9459149860439557 1.664060985655422 0.46482000000000007 -2.570776552658184 -0.08556141830814801
32157 11080625 -1.9857359321852777 1.6281332471823857 0.45720000000000005 -2.570776552658184 -0.08556141830814801
32158 11080625 -2.006066844232643 1.604406412516281 0.45720000000000005 -2.570776552658184 -0.08556141830814801
32159 11080625 -2.026397756280008 1.580679577850176 0.45720000000000005 -2.570776552658184 -0.08556141830814801
32160 11080625 -2.0559577959700297 1.5356692033560115 0.45720000000000005 -0.6347677865124085 -0.8097307648880198
32161 11080625 -2.0718810234941407 1.5114349251200432 0.45339000000000007 -0.6347677865124085 -0.8097307648880198
32162 11080625 -2.0878042510182517 1.4872006468840746 0.44958000000000004 -0.6347677865124085 -0.8097307648880198
32163 11080625 -2.1036691416532864 1.4550019318783378 0.44958000000000004 -0.6347677865124085 -0.8097307648880198
32164 11080625 -2.1259708917166575 1.4194178163946545 0.44958000000000004 -0.6347677865124085 -0.8097307648880198
32165 11080625 -2.1439425603620217 1.3807810295178888 0.44958000000000004 -0.6347677865124085 -0.8097307648880198
32166 11080625 -2.1599802916423965 1.3480546743300184 0.44958000000000004 -0.6347677865124085 -0.8097307648880198
32167 11080625 -2.1775456036801737 1.3133744608387181 0.44958000000000004 -0.6347677865124085 -0.8097307648880198
32168 11080625 -2.199419962627273 1.2628113937597591 0.44196 -0.6347677865124085 -0.8097307648880198
32169 11080625 -2.2187387438229997 1.2200585321887545 0.44196 -0.6347677865124085 -0.8097307648880198
32170 11080625 -2.236330791826953 1.1825828403468936 0.44196 -0.6347677865124085 -0.8097307648880198
32171 11080625 -2.247589472669686 1.1481758661626373 0.44196 -0.6347677865124085 -0.8097307648880198
32172 11080625 -2.2620388279640418 1.1203046052663095 0.44196 -0.6347677865124085 -0.8097307648880198
32173 11080625 -2.275853187458976 1.0780874731289898 0.44196 -0.6347677865124085 -0.8097307648880198
32174 11080625 -2.288458789571191 1.0395643425871992 0.44196 -0.6347677865124085 -0.8097307648880198
32175 11080625 -2.299510275627693 1.005790641085507 0.44196 -0.6347677865124085 -0.8097307648880198
32176 11080625 -2.305823601231394 0.9783534643312395 0.44196 -0.6347677865124085 -0.8097307648880198
32177 11080625 -2.3121369268350955 0.9509162875769719 0.44196 -0.6347677865124085 -0.8097307648880198
32178 11080625 -2.3168202815753745 0.9203167725540012 0.44196 -0.6347677865124085 -0.8097307648880198
32179 11080625 -2.3230095924124186 0.8688276630131336 0.44196 -0.6347677865124085 -0.8097307648880198
32180 11080625 -2.328914828392457 0.8331363378586306 0.44196 -0.6347677865124085 -0.8097307648880198
32181 11080625 -2.3285798620020346 0.7991421132733857 0.44196 -0.6347677865124085 -0.8097307648880198
32182 11080625 -2.3281827283976755 0.7688665546807477 0.43434000000000006 -0.6347677865124085 -0.8097307648880198
32183 11080625 -2.3292544312996597 0.7286725744260306 0.43434000000000006 -0.6347677865124085 -0.8097307648880198
32184 11080625 -2.3305290772712084 0.6911155730903882 0.42672000000000004 -0.6347677865124085 -0.8097307648880198
32185 11080625 -2.3267865685925413 0.6401157661154337 0.42672000000000004 -0.6347677865124085 -0.8097307648880198
32186 11080625 -2.3249122989790045 0.607837996166582 0.41910000000000003 -0.6347677865124085 -0.8097307648880198
32187 11080625 -2.3265236935135762 0.5757660306051944 0.41910000000000003 -0.6347677865124085 -0.8097307648880198
32188 11080625 -2.3212223917582486 0.5420164320686813 0.41910000000000003 -0.6347677865124085 -0.8097307648880198
32189 11080625 -2.3148748781294186 0.5011476605700111 0.41148 -0.6347677865124085 -0.8097307648880198
32190 11080625 -2.306034635556374 0.47278340343452274 0.41148 -0.6347677865124085 -0.8097307648880198
32191 11080625 -2.292211359252481 0.4308708156090926 0.40386 -0.6347677865124085 -0.8097307648880198
32192 11080625 -2.2808702042433193 0.40309050129502944 0.40386 -0.6347677865124085 -0.8097307648880198
32193 11080625 -2.264216821251228 0.3681973954994353 0.39624000000000004 -0.6347677865124085 -0.8097307648880198
32194 11080625 -2.2471448082327967 0.337841113854932 0.39624000000000004 -0.6347677865124085 -0.8097307648880198
32195 11080625 -2.2317186365985147 0.3164360788714293 0.39624000000000004 -0.6347677865124085 -0.8097307648880198
32196 11080625 -2.2162924649642326 0.29503104388792667 0.39624000000000004 -0.6347677865124085 -0.8097307648880198
32197 11080625 -2.1910366578860376 0.2704101169589973 0.38862 -0.6347677865124085 -0.8097307648880198
32198 11080625 -2.168796299430716 0.24607483942476868 0.38862 -0.6347677865124085 -0.8097307648880198
32199 11080625 -2.1438377776944764 0.22190197028235523 0.381 -0.6347677865124085 -0.8097307648880198
32200 11080625 -2.1189300795607675 0.20300373032845517 0.381 -0.6347677865124085 -0.8097307648880198
32201 11080625 -2.078725327471327 0.17384328485296105 0.37338 -0.6347677865124085 -0.8097307648880198
32202 11080625 -2.054636271790775 0.1605878708449666 0.37338 -0.6347677865124085 -0.8097307648880198
32203 11080625 -2.0311045562466337 0.14868335674685512 0.37338 -0.6347677865124085 -0.8097307648880198
32204 11080625 -2.007572840702492 0.13677884264874365 0.37338 -0.6347677865124085 -0.8097307648880198
32205 11080625 -1.9728839518267296 0.12408724785604094 0.36956999999999995 -0.6347677865124085 -0.8097307648880198
32206 11080625 -1.938195062950967 0.11139565306333823 0.36576 -0.6347677865124085 -0.8097307648880198
32207 11080625 -1.9151939019546966 0.10404665223103421 0.36576 -0.6347677865124085 -0.8097307648880198
32208 11080625 -1.892192740958426 0.09669765139873018 0.36576 -0.6347677865124085 -0.8097307648880198
32209 11080625 -1.848483789844291 0.08204914410663297 0.36576 -0.6347677865124085 -0.8097307648880198
32210 11080625 -1.8171021945316965 0.07750898872944798 0.36576 -0.6347677865124085 -0.8097307648880198
32211 11080625 -1.7810964501323736 0.0653807349652635 0.36576 -0.6347677865124085 -0.8097307648880198
32212 11080625 -1.744499033807726 0.05913479599608415 0.36576 -0.6347677865124085 -0.8097307648880198
32213 11080625 -1.7128029970841785 0.048767140042189044 0.36576 -0.6347677865124085 -0.8097307648880198
32214 11080625 -1.6815249282967566 0.04391094829702277 0.36576 -0.6347677865124085 -0.8097307648880198
32215 11080625 -1.6458334774991645 0.037611348069462064 0.36576 -0.6347677865124085 -0.8097307648880198
32216 11080625 -1.6149566224910712 0.03288668288536753 0.36576 -0.6347677865124085 -0.8097307648880198
32217 11080625 -1.5692692508922457 0.02320118835677229 0.36576 -0.6347677865124085 -0.8097307648880198
32218 11080625 -1.5532719568448343 0.023226662965573935 0.36576 -0.6347677865124085 -0.8097307648880198
32219 11080625 -1.5018287491053293 0.02299235002700803 0.36576 -0.6347677865124085 -0.8097307648880198
32220 11080625 -1.4692780146178197 0.0179545244398914 0.36576 -0.6347677865124085 -0.8097307648880198
32221 11080625 -1.4467727258821015 0.018188524299944192 0.36195 -0.6347677865124085 -0.8097307648880198
32222 11080625 -1.4242674371463833 0.018422524159996984 0.35814000000000007 -0.6347677865124085 -0.8097307648880198
32223 11080625 -1.375576047111444 0.01873854620426882 0.35814000000000007 -0.6347677865124085 -0.8097307648880198
32224 11080625 -1.330070271529958 0.021265026614791654 0.35052000000000005 -0.6347677865124085 -0.8097307648880198
32225 11080625 -1.3096718327132613 0.019267505827643333 0.35052000000000005 -0.6347677865124085 -0.8097307648880198
32226 11080625 -1.2892733938965646 0.01726998504049501 0.35052000000000005 -0.6347677865124085 -0.8097307648880198
32227 11080625 -1.2586527013609794 0.019640817649010794 0.35052000000000005 -0.6347677865124085 -0.8097307648880198
32228 11080625 -1.2273747983221155 0.014786636520042723 0.35052000000000005 -0.6347677865124085 -0.8097307648880198
32229 11080625 -1.19316741669756 0.014816429286728078 0.35052000000000005 -0.6347677865124085 -0.8097307648880198
32230 11080625 -1.1655521453641133 0.016417902874049067 0.34290000000000004 -0.6347677865124085 -0.8097307648880198
32231 11080625 -1.133021389907724 0.01430900361740925 0.34290000000000004 -0.6347677865124085 -0.8097307648880198
32232 11080625 -1.083668765860045 0.011489708613173638 0.34290000000000004 -0.6347677865124085 -0.8097307648880198
32233 11080625 -1.0604325017886964 0.014640334928750914 0.34290000000000004 -0.6347677865124085 -0.8097307648880198
32234 11080625 -1.0271770441962187 0.014748464019187474 0.34290000000000004 -0.6347677865124085 -0.8097307648880198
32235 11080625 -0.9916040503922079 0.0159682935051004 0.34290000000000004 -0.6347677865124085 -0.8097307648880198
32236 11080625 -0.9561501823122533 0.013021158905723945 0.34290000000000004 -0.6347677865124085 -0.8097307648880198
32237 11080625 -0.9154952130335496 0.016201503473508544 0.34290000000000004 -0.6347677865124085 -0.8097307648880198
32237 11377754 -3.7273940805898444 2.0462276074155614 0.6096 -0.6347677865124085 -0.8097307648880198
32238 11377754 -3.6731646749595557 2.0436599631688894 0.6096 -0.6347677865124085 -0.8097307648880198
32238 11080625 -0.8677486612292551 0.013090904952908738 0.33528 -0.6347677865124085 -0.8097307648880198
32239 11080625 -0.8352846583122673 0.013224968832008938 0.33528 -0.6347677865124085 -0.8097307648880198
32239 11377754 -3.6246816547396303 2.039819403214456 0.6096 -0.6347677865124085 -0.8097307648880198
32240 11080625 -0.820664007522884 0.013117912391106601 0.33528 -0.6347677865124085 -0.8097307648880198
32240 11377754 -3.5862225772696887 2.037917821242969 0.6096 -0.6347677865124085 -0.8097307648880198
32241 11377754 -3.547763499799747 2.0360162392714822 0.6096 -0.6347677865124085 -0.8097307648880198
32241 11080625 -0.8060433567335008 0.013010855950204264 0.33528 -0.6347677865124085 -0.8097307648880198
32242 11080625 -0.7626084995730413 0.010025507818391649 0.32766 -0.6347677865124085 -0.8097307648880198
32242 11377754 -3.493657764340665 2.02764781704687 0.6096 -0.6347677865124085 -0.8097307648880198
32243 11080625 -0.7326770609816597 0.011922717023592794 0.32766 -0.6347677865124085 -0.8097307648880198
32243 11377754 -3.453080923588834 2.0197366627439517 0.6096 -0.6347677865124085 -0.8097307648880198
32244 11377754 -3.411825292293117 2.0133562570923296 0.6096 -0.6347677865124085 -0.8097307648880198
32244 11080625 -0.6998810233367805 0.011715118594989998 0.32766 -0.6347677865124085 -0.8097307648880198
32245 11080625 -0.6628208877662616 0.00987987316483982 0.32766 -0.6347677865124085 -0.8097307648880198
32245 11377754 -3.355370917691534 2.003752491059861 0.6096 -0.6347677865124085 -0.8097307648880198
32246 11377754 -3.3063558894125533 1.987704272247652 0.57912 -0.6347677865124085 -0.8097307648880198
32246 11080625 -0.6237368271211583 0.01369213888746798 0.32004000000000005 -0.6347677865124085 -0.8097307648880198
32247 11377754 -3.2580479999410255 1.9741081022026055 0.57912 -0.6347677865124085 -0.8097307648880198
32247 11080625 -0.5909409288647334 0.013485043613088415 0.32004000000000005 -0.6347677865124085 -0.8097307648880198
32248 11377754 -3.22120775199567 1.9591254697774612 0.57912 -0.6347677865124085 -0.8097307648880198
32248 11080625 -0.5565401977979545 0.012753422311544499 0.32004000000000005 -0.6347677865124085 -0.8097307648880198
32249 11377754 -3.1843675040503143 1.9441428373523169 0.57912 -0.6347677865124085 -0.8097307648880198
32249 11080625 -0.5164189303823405 0.010502282933501556 0.32004000000000005 -0.6347677865124085 -0.8097307648880198
32250 11377754 -3.112939989954537 1.910008377569222 0.57912 -0.6347677865124085 -0.8097307648880198
32250 11080625 -0.47985088301336964 0.009880296835343833 0.32004000000000005 -0.6347677865124085 -0.8097307648880198
32251 11377754 -3.0729405778147547 1.8870399479449558 0.57912 -0.6347677865124085 -0.8097307648880198
32251 11080625 -0.42960208061923244 0.009809914322935126 0.31242000000000003 -0.6347677865124085 -0.8097307648880198
32252 11377754 -3.0329411656749725 1.8640715183206895 0.57912 -0.6347677865124085 -0.8097307648880198
32252 11080625 -0.4036514942026875 0.010400562817282124 0.30988000000000004 -0.6347677865124085 -0.8097307648880198
32253 11377754 -2.991405428768714 1.8327718682230132 0.5638799999999999 -0.6347677865124085 -0.8097307648880198
32253 11080625 -0.37770090778614257 0.01099121131162912 0.30734 -0.6347677865124085 -0.8097307648880198
32254 11080625 -0.3517503213695976 0.011581859805976119 0.3048 -0.6347677865124085 -0.8097307648880198
32254 11377754 -2.949869691862456 1.8014722181253369 0.54864 -0.6347677865124085 -0.8097307648880198
32255 11377754 -2.912149315731188 1.7677413300450833 0.54864 -0.6347677865124085 -0.8097307648880198
32255 11080625 -0.3193868666025752 0.0092391190809894 0.3048 -0.6347677865124085 -0.8097307648880198
32256 11080625 -0.2870234118355528 0.00689637835600268 0.3048 -0.6347677865124085 -0.8097307648880198
32256 11377754 -2.8796320354625733 1.735480221265948 0.54864 -0.6347677865124085 -0.8097307648880198
32257 11377754 -2.8425293981843778 1.7023026573514632 0.54864 -0.6347677865124085 -0.8097307648880198
32257 11080625 -0.24606233716994708 0.0077602715514759335 0.29718 -0.6347677865124085 -0.8097307648880198
32258 11080625 -0.2153908804185669 0.004861091657422184 0.29718 -0.6347677865124085 -0.8097307648880198
32258 11377754 -2.8103627161720857 1.6648986815925877 0.54864 -0.6347677865124085 -0.8097307648880198
32259 11377754 -2.7680655398455745 1.6068857032473047 0.54864 -0.6347677865124085 -0.8097307648880198
32259 11080625 -0.18065441790699643 0.007876856789811676 0.29718 -0.6347677865124085 -0.8097307648880198
32260 11377754 -2.738392914832507 1.5645731678999273 0.54864 -0.6347677865124085 -0.8097307648880198
32260 11080625 -0.14235437220752045 0.008209133741909486 0.28956 -0.6347677865124085 -0.8097307648880198
32261 11377754 -2.7063398812614086 1.5186774426359864 0.54864 -0.6347677865124085 -0.8097307648880198
32261 11080625 -0.1089853119718156 0.0084008890729306 0.28956 -0.6347677865124085 -0.8097307648880198
32262 11377754 -2.69642540341158 1.499307605501786 0.54864 -0.6347677865124085 -0.8097307648880198
32262 11080625 -0.07171652347313284 0.00965474802640423 0.28194 -0.6347677865124085 -0.8097307648880198
32263 11080625 -0.03915795578506151 0.007775174515083076 0.28003500000000003 -0.6347677865124085 -0.8097307648880198
32263 11377754 -2.686510925561752 1.4799377683675856 0.54864 -0.6347677865124085 -0.8097307648880198
32264 11080625 -0.0065993880969901775 0.005895601003761922 0.27813 -0.6347677865124085 -0.8097307648880198
32264 11377754 -2.6616608393497767 1.423430068425921 0.54864 -0.6347677865124085 -0.8097307648880198
32265 11080625 0.04526312805003996 0.0034315517364541526 0.27432 -0.6347677865124085 -0.8097307648880198
32265 11377754 -2.6446291215432396 1.3761416874048669 0.54864 -0.6347677865124085 -0.8097307648880198
32266 11080625 0.06153470126645788 0.003487558311212474 0.27432 -0.6347677865124085 -0.8097307648880198
32266 11377754 -2.624720042473137 1.3365583271609505 0.54864 -0.6347677865124085 -0.8097307648880198
32267 11080625 0.0778062744828758 0.0035435648859707958 0.27432 -0.6347677865124085 -0.8097307648880198
32267 11377754 -2.6080864594726885 1.2826234739276352 0.54864 -0.6347677865124085 -0.8097307648880198
32268 11080625 0.1101543937803976 0.00360262483489171 0.2667 -0.6347677865124085 -0.8097307648880198
32268 11377754 -2.5812897461913806 1.214145496491382 0.5181600000000001 -0.6347677865124085 -0.8097307648880198
32269 11377754 -2.566238802291058 1.1678565258605602 0.5181600000000001 -0.6347677865124085 -0.8097307648880198
32269 11080625 0.14962315407560633 0.003437638305310256 0.2667 -0.6347677865124085 -0.8097307648880198
32270 11377754 -2.5532224161047647 1.1262062452835202 0.5181600000000001 -0.6347677865124085 -0.8097307648880198
32270 11080625 0.18909191437081507 0.003272651775728802 0.2667 -0.6347677865124085 -0.8097307648880198
32271 11377754 -2.536497149534232 1.0796032529857464 0.5181600000000001 -0.6347677865124085 -0.8097307648880198
32271 11080625 0.22205934905186553 0.0035970904721343844 0.2667 -0.6347677865124085 -0.8097307648880198
32272 11377754 -2.5211127889452936 1.0245590052304423 0.5181600000000001 -0.6347677865124085 -0.8097307648880198
32272 11080625 0.25077380319199233 0.005311646185613611 0.26289 -0.6347677865124085 -0.8097307648880198
32273 11377754 -2.5009556168137275 0.9536979655927622 0.5181600000000001 -0.6347677865124085 -0.8097307648880198
32273 11080625 0.2794882573321191 0.007026201899092838 0.25908000000000003 -0.6347677865124085 -0.8097307648880198
32274 11377754 -2.4876823541916178 0.9057713419897946 0.5181600000000001 -0.6347677865124085 -0.8097307648880198
32274 11080625 0.30645770093873603 0.0066243979168818246 0.25908000000000003 -0.6347677865124085 -0.8097307648880198
32275 11080625 0.33342714454535294 0.0062225939346708115 0.25908000000000003 -0.6347677865124085 -0.8097307648880198
32275 11377754 -2.4719857940662227 0.8516769938551697 0.5181600000000001 -0.6347677865124085 -0.8097307648880198
32276 11080625 0.36039658815196984 0.005820789952459798 0.25908000000000003 -0.6347677865124085 -0.8097307648880198
32276 11377754 -2.4589333868631638 0.8009017767779018 0.5181600000000001 -0.6347677865124085 -0.8097307648880198
32277 11377754 -2.4545904177056985 0.7807855638203587 0.5181600000000001 -0.6347677865124085 -0.8097307648880198
32277 11080625 0.38736603175858675 0.005418985970248785 0.25908000000000003 -0.6347677865124085 -0.8097307648880198
32278 11080625 0.41433547536520365 0.005017181988037772 0.25908000000000003 -0.6347677865124085 -0.8097307648880198
32278 11377754 -2.4502474485482333 0.7606693508628156 0.5181600000000001 -0.6347677865124085 -0.8097307648880198
32279 11377754 -2.4390670326550072 0.7161154084434044 0.5181600000000001 -0.6347677865124085 -0.8097307648880198
32279 11080625 0.44130491897182056 0.004615378005826759 0.25908000000000003 -0.6347677865124085 -0.8097307648880198
32280 11377754 -2.4262634740950775 0.6672914230668191 0.5181600000000001 -0.6347677865124085 -0.8097307648880198
32280 11080625 0.46827436257843746 0.004213574023615746 0.25908000000000003 -0.6347677865124085 -0.8097307648880198
32281 11377754 -2.4062743665920623 0.5967202739811646 0.5181600000000001 -0.6347677865124085 -0.8097307648880198
32281 11080625 0.48397270855593344 0.004691437982567721 0.26289 -0.6347677865124085 -0.8097307648880198
32282 11080625 0.49967105453342947 0.005169301941519697 0.2667 -0.6347677865124085 -0.8097307648880198
32282 11377754 -2.402599250597948 0.5740185157938346 0.5181600000000001 -0.6347677865124085 -0.8097307648880198
32283 11080625 0.5219141521743871 0.0025739268222091383 0.2667 -0.6347677865124085 -0.8097307648880198
32283 11377754 -2.3879422230195964 0.5210830701628689 0.5181600000000001 -0.6347677865124085 -0.8097307648880198
32284 11080625 0.5437149325930719 0.002973883835557556 0.2667 -0.6347677865124085 -0.8097307648880198
32284 11377754 -2.3780197641119027 0.4781096516490251 0.48768 -0.6347677865124085 -0.8097307648880198
32285 11377754 -2.352207855476509 0.41311184365413767 0.48768 -0.6347677865124085 -0.8097307648880198
32285 11080625 0.5655157130117567 0.0033738408489059736 0.2667 -0.6347677865124085 -0.8097307648880198
32286 11377754 -2.335493827399697 0.37188911782025713 0.48768 -0.6347677865124085 -0.8097307648880198
32286 11080625 0.5873164934304416 0.003773797862254391 0.2667 -0.6347677865124085 -0.8097307648880198
32287 11377754 -2.3169939099006385 0.3279790142215956 0.48768 -0.6347677865124085 -0.8097307648880198
32287 11080625 0.6091172738491264 0.004173754875602809 0.2667 -0.6347677865124085 -0.8097307648880198
32288 11377754 -2.2842757718670734 0.2732243935245937 0.48768 -0.6347677865124085 -0.8097307648880198
32288 11080625 0.6309180542678112 0.004573711888951226 0.2667 -0.6347677865124085 -0.8097307648880198
32289 11080625 0.6308609957556564 0.004573859672226758 0.2667 -0.6347677865124085 -0.8097307648880198
32289 11377754 -2.2701836893499516 0.2579226438022741 0.48768 -0.6347677865124085 -0.8097307648880198
32290 11377754 -2.25609160683283 0.24262089407995444 0.48768 -0.6347677865124085 -0.8097307648880198
32290 11080625 0.6308039372435015 0.00457400745550229 0.2667 -0.6347677865124085 -0.8097307648880198
32291 11377754 -2.2320573886833035 0.21290797308033568 0.48768 -0.6347677865124085 -0.8097307648880198
32291 11080625 0.6307468787313466 0.004574155238777822 0.2667 -0.6347677865124085 -0.8097307648880198
32292 11080625 0.6306898202191917 0.004574303022053353 0.2667 -0.6347677865124085 -0.8097307648880198
32292 11377754 -2.1989365395156035 0.1865317836021417 0.48768 -0.6347677865124085 -0.8097307648880198
32293 11080625 0.6306327617070369 0.004574450805328885 0.2667 -0.6347677865124085 -0.8097307648880198
32293 11377754 -2.171560334603334 0.16051631712394263 0.48768 -0.6347677865124085 -0.8097307648880198
32294 11080625 0.630575703194882 0.004574598588604417 0.2667 -0.6347677865124085 -0.8097307648880198
32294 11377754 -2.1350455442631677 0.13338071358918466 0.45720000000000005 -0.6347677865124085 -0.8097307648880198
32295 11377754 -2.0997190632552956 0.10967200142073971 0.45720000000000005 -0.6347677865124085 -0.8097307648880198
32295 11080625 0.6305186446827271 0.004574746371879949 0.2667 -0.6347677865124085 -0.8097307648880198
32296 11377754 -2.057890783210145 0.08547226942553607 0.45720000000000005 -0.6347677865124085 -0.8097307648880198
32296 11080625 0.6304615861705724 0.004574894155155481 0.2667 -0.6347677865124085 -0.8097307648880198
32297 11080625 0.6304045276584175 0.004575041938431013 0.2667 -0.6347677865124085 -0.8097307648880198
32297 11377754 -2.020582695439254 0.06917781830357181 0.45720000000000005 -0.6347677865124085 -0.8097307648880198
32298 11080625 0.6303474691462626 0.004575189721706544 0.2667 -0.6347677865124085 -0.8097307648880198
32298 11377754 -1.9716344357682234 0.05316514825566385 0.45720000000000005 -0.6347677865124085 -0.8097307648880198
32299 11377754 -1.9323104791584156 0.04439060112313961 0.45720000000000005 -0.6347677865124085 -0.8097307648880198
32299 11080625 0.6302904106341077 0.004575337504982076 0.2667 -0.6347677865124085 -0.8097307648880198
32300 11377754 -1.8801904217583745 0.03400092913925298 0.45720000000000005 -0.6347677865124085 -0.8097307648880198
32300 11080625 0.6302333521219529 0.004575485288257608 0.2667 -0.6347677865124085 -0.8097307648880198
32301 11377754 -1.8606110334164072 0.027596210741560573 0.45720000000000005 -0.6347677865124085 -0.8097307648880198
32301 11080625 0.630176293609798 0.00457563307153314 0.2667 -0.6347677865124085 -0.8097307648880198
32302 11377754 -1.8034765774643369 0.019773074715781908 0.42672000000000004 -0.6347677865124085 -0.8097307648880198
32302 11080625 0.6301192350976431 0.0045757808548086715 0.2667 -0.6347677865124085 -0.8097307648880198
32303 11377754 -1.7641804786568664 0.016616898014481712 0.42672000000000004 -0.6347677865124085 -0.8097307648880198
32303 11080625 0.6300621765854882 0.0045759286380842035 0.2667 -0.6347677865124085 -0.8097307648880198
32304 11377754 -1.7239196160036785 0.014781109940943254 0.42672000000000004 -0.6347677865124085 -0.8097307648880198
32304 11080625 0.6300051180733334 0.0045760764213597345 0.2667 -0.6347677865124085 -0.8097307648880198
32305 11377754 -1.6930253610100023 0.010108946210279218 0.42672000000000004 -0.6347677865124085 -0.8097307648880198
32305 11080625 0.6299480595611785 0.0045762242046352665 0.2667 -0.6347677865124085 -0.8097307648880198
32306 11377754 -1.6621311060163262 0.005436782479615182 0.42672000000000004 -0.6347677865124085 -0.8097307648880198
32306 11080625 0.6298910010490236 0.004576371987910798 0.2667 -0.6347677865124085 -0.8097307648880198
32307 11377754 -1.613267503980597 0.005461325001352629 0.42672000000000004 -0.6347677865124085 -0.8097307648880198
32307 11080625 0.6298339425368688 0.00457651977118633 0.2667 -0.6347677865124085 -0.8097307648880198
32308 11377754 -1.5909196983271652 0.00317595125124423 0.42672000000000004 -0.6347677865124085 -0.8097307648880198
32308 11080625 0.6297768840247139 0.004576667554461862 0.2667 -0.6347677865124085 -0.8097307648880198
32309 11080625 0.629719825512559 0.004576815337737394 0.2667 -0.6347677865124085 -0.8097307648880198
32309 11377754 -1.52986466017831 -0.005693668018019543 0.42672000000000004 -0.6347677865124085 -0.8097307648880198
32310 11080625 0.6296627670004042 0.004576963121012925 0.2667 -0.6347677865124085 -0.8097307648880198
32310 11377754 -1.5098375497151297 -0.0014947062519296284 0.42672000000000004 -0.6347677865124085 -0.8097307648880198
32311 11080625 0.6296057084882494 0.004577110904288457 0.2667 -0.6347677865124085 -0.8097307648880198
32311 11377754 -1.4585668776815004 -0.0022564392920868814 0.39624000000000004 -0.6347677865124085 -0.8097307648880198
32312 11080625 0.6295486499760945 0.004577258687563989 0.2667 -0.6347677865124085 -0.8097307648880198
32312 11377754 -1.4215851156945074 -0.0032518375009401856 0.39624000000000004 -0.6347677865124085 -0.8097307648880198
32313 11377754 -1.3832401536692858 -0.005510746388840554 0.39624000000000004 -0.6347677865124085 -0.8097307648880198
32313 11080625 0.6294915914639396 0.004577406470839521 0.2667 -0.6347677865124085 -0.8097307648880198
32314 11080625 0.6294345329517848 0.004577554254115053 0.2667 -0.6347677865124085 -0.8097307648880198
32314 11377754 -1.3492956343259477 -0.004928294056233989 0.39624000000000004 -0.6347677865124085 -0.8097307648880198
32315 11377754 -1.3165030677904128 -0.0037936401651482154 0.39624000000000004 -0.6347677865124085 -0.8097307648880198
32315 11080625 0.6293774744396299 0.004577702037390585 0.2667 -0.6347677865124085 -0.8097307648880198
32316 11377754 -1.283710501254878 -0.0026589862740624415 0.39624000000000004 -0.6347677865124085 -0.8097307648880198
32316 11080625 0.629320415927475 0.004577849820666116 0.2667 -0.6347677865124085 -0.8097307648880198
32317 11080625 0.6292633574153201 0.004577997603941648 0.2667 -0.6347677865124085 -0.8097307648880198
32317 11377754 -1.251053966419764 -0.00261872777118638 0.38862 -0.6347677865124085 -0.8097307648880198
32318 11080625 0.6292062989031653 0.00457814538721718 0.2667 -0.6347677865124085 -0.8097307648880198
32318 11377754 -1.2183974315846497 -0.0025784692683103183 0.381 -0.6347677865124085 -0.8097307648880198
32319 11377754 -1.1806587912814117 -0.0005779391328289141 0.37338 -0.6347677865124085 -0.8097307648880198
32319 11080625 0.6291492403910104 0.004578293170492712 0.2667 -0.6347677865124085 -0.8097307648880198
32320 11377754 -1.142920150978174 0.0014225910026524902 0.36576 -0.6347677865124085 -0.8097307648880198
32320 11080625 0.6290921818788555 0.004578440953768244 0.2667 -0.6347677865124085 -0.8097307648880198
32321 11377754 -1.1085963154988852 0.0031672348701999586 0.36576 -0.6347677865124085 -0.8097307648880198
32321 11080625 0.6290351233667006 0.004578588737043776 0.2667 -0.6347677865124085 -0.8097307648880198
32322 11080625 0.6289780648545458 0.0045787365203193075 0.2667 -0.6347677865124085 -0.8097307648880198
32322 11377754 -1.0724088668392184 -0.0002539807782539205 0.36576 -0.6347677865124085 -0.8097307648880198
32323 11377754 -1.040345777931165 1.0345806768480292e-05 0.36576 -0.6347677865124085 -0.8097307648880198
32323 11080625 0.6289210063423909 0.004578884303594839 0.2667 -0.6347677865124085 -0.8097307648880198
32324 11377754 -1.0086813496988893 0.002858711251231688 0.36576 -0.6347677865124085 -0.8097307648880198
32324 11080625 0.628863947830236 0.0045790320868703705 0.2667 -0.6347677865124085 -0.8097307648880198
32325 11377754 -0.9641055114613908 0.004990407785981338 0.36576 -0.6347677865124085 -0.8097307648880198
32325 11080625 0.6288068893180813 0.0045791798701459024 0.2667 -0.6347677865124085 -0.8097307648880198
32326 11377754 -0.923931953170281 0.008328136684579629 0.36576 -0.6347677865124085 -0.8097307648880198
32326 11080625 0.6287498308059264 0.004579327653421434 0.2667 -0.6347677865124085 -0.8097307648880198
32327 11377754 -0.8873219057212789 0.003484432942901655 0.36576 -0.6347677865124085 -0.8097307648880198
32327 11080625 0.6286927722937715 0.004579475436696966 0.2667 -0.6347677865124085 -0.8097307648880198
32328 11377754 -0.8544890361716795 0.005425668800602773 0.35052 -0.6347677865124085 -0.8097307648880198
32328 11080625 0.6286357137816166 0.004579623219972498 0.2667 -0.6347677865124085 -0.8097307648880198
32329 11080625 0.6285786552694618 0.004579771003248029 0.2667 -0.6347677865124085 -0.8097307648880198
32329 11377754 -0.8216561666220801 0.007366904658303891 0.33528 -0.6347677865124085 -0.8097307648880198
32330 11080625 0.6285215967573069 0.004579918786523561 0.2667 -0.6347677865124085 -0.8097307648880198
32330 11377754 -0.7668776972613109 0.00674797343564934 0.33528 -0.6347677865124085 -0.8097307648880198
32331 11377754 -0.7391883136307311 0.008443590639103993 0.33528 -0.6347677865124085 -0.8097307648880198
32331 11080625 0.628464538245152 0.004580066569799093 0.2667 -0.6347677865124085 -0.8097307648880198
32332 11377754 -0.7114989300001513 0.010139207842558645 0.33528 -0.6347677865124085 -0.8097307648880198
32332 11080625 0.6284074797329972 0.004580214353074625 0.2667 -0.6347677865124085 -0.8097307648880198
32333 11377754 -0.680044603866643 0.009903031094665199 0.33528 -0.6347677865124085 -0.8097307648880198
32333 11080625 0.6283504212208423 0.004580362136350157 0.2667 -0.6347677865124085 -0.8097307648880198
32334 11377754 -0.6463426590459118 0.009749981616606035 0.33528 -0.6347677865124085 -0.8097307648880198
32334 11080625 0.6282933627086874 0.004580509919625689 0.2667 -0.6347677865124085 -0.8097307648880198
32335 11377754 -0.608891757880516 0.008838746871260156 0.33528 -0.6347677865124085 -0.8097307648880198
32335 11080625 0.6282363041965325 0.00458065770290122 0.2667 -0.6347677865124085 -0.8097307648880198
32336 11080625 0.6281792456843777 0.004580805486176752 0.2667 -0.6347677865124085 -0.8097307648880198
32336 11377754 -0.5601448785134688 0.00879121987741302 0.33528 -0.6347677865124085 -0.8097307648880198
32337 11080625 0.6281221871722228 0.004580953269452284 0.2667 -0.6347677865124085 -0.8097307648880198
32337 11377754 -0.529939292904817 0.009898567913616457 0.3048 -0.6347677865124085 -0.8097307648880198
32338 11080625 0.6280651286600679 0.004581101052727816 0.2667 -0.6347677865124085 -0.8097307648880198
32338 11377754 -0.4883687539343087 0.01208077230280677 0.3048 -0.6347677865124085 -0.8097307648880198
32339 11080625 0.628008070147913 0.004581248836003348 0.2667 -0.6347677865124085 -0.8097307648880198
32339 11377754 -0.4464356581597959 0.00993868072620488 0.3048 -0.6347677865124085 -0.8097307648880198
32340 11377754 -0.39741465625273764 0.009101561030384925 0.3048 -0.6347677865124085 -0.8097307648880198
32340 11080625 0.6279510116357583 0.00458139661927888 0.2667 -0.6347677865124085 -0.8097307648880198
32341 11080625 0.6278939531236034 0.004581544402554411 0.2667 -0.6347677865124085 -0.8097307648880198
32341 11377754 -0.35815217484483886 0.008300324802086229 0.3048 -0.6347677865124085 -0.8097307648880198
32342 11377754 -0.32249187964093684 0.005989679011716792 0.3048 -0.6347677865124085 -0.8097307648880198
32342 11080625 0.6278368946114485 0.004581692185829943 0.2667 -0.6347677865124085 -0.8097307648880198
32343 11080625 0.6277798360992937 0.0045818399691054746 0.2667 -0.6347677865124085 -0.8097307648880198
32343 11377754 -0.29565401096188304 0.0052196418372067455 0.3048 -0.6347677865124085 -0.8097307648880198
32344 11377754 -0.26881614228282924 0.004449604662696699 0.3048 -0.6347677865124085 -0.8097307648880198
32344 11080625 0.6277227775871388 0.0045819877523810065 0.2667 -0.6347677865124085 -0.8097307648880198
32345 11080625 0.6276657190749839 0.004582135535656538 0.2667 -0.6347677865124085 -0.8097307648880198
32345 11377754 -0.23225883778579925 0.004883796341866281 0.3048 -0.6347677865124085 -0.8097307648880198
32346 11377754 -0.20873872760167167 0.006191599329840619 0.3048 -0.6347677865124085 -0.8097307648880198
32346 11080625 0.627608660562829 0.00458228331893207 0.2667 -0.6347677865124085 -0.8097307648880198
32347 11377754 -0.17040413006655242 0.006629278675238187 0.27432 -0.6347677865124085 -0.8097307648880198
32347 11080625 0.6275516020506742 0.004582431102207602 0.2667 -0.6347677865124085 -0.8097307648880198
32348 11080625 0.6274945435385193 0.004582578885483133 0.2667 -0.6347677865124085 -0.8097307648880198
32348 11377754 -0.13373614844480053 0.00305548238855588 0.27432 -0.6347677865124085 -0.8097307648880198
32349 11377754 -0.07330358265355619 0.004799260338568562 0.27432 -0.6347677865124085 -0.8097307648880198
32350 11377754 -0.04609087758799435 0.006536225012350655 0.27432 -0.6347677865124085 -0.8097307648880198
32351 11377754 -0.018041274174286137 0.008116570581807897 0.27432 -0.6347677865124085 -0.8097307648880198
32352 11377754 0.024165673823503764 0.005186570774042387 0.27432 -0.6347677865124085 -0.8097307648880198
32353 11377754 0.06129397526507485 0.003566220145045512 0.27432 -0.6347677865124085 -0.8097307648880198
32354 11377754 0.08927293113042045 0.0033007537802570708 0.27432 -0.6347677865124085 -0.8097307648880198
32355 11377754 0.12245797293905525 0.0032031596134005913 0.27432 -0.6347677865124085 -0.8097307648880198
32356 11377754 0.1526821785508583 0.0005684859927050645 0.27432 -0.6347677865124085 -0.8097307648880198
32357 11377754 0.18909191437081507 0.003272651775728802 0.27432 -0.6347677865124085 -0.8097307648880198
32358 11377754 0.2191255797554973 0.005490534113149842 0.27432 -0.6347677865124085 -0.8097307648880198
32359 11377754 0.25711003414948935 0.006220081248764844 0.25908 -0.6347677865124085 -0.8097307648880198
32360 11377754 0.2950944885434814 0.006949628384379847 0.24384 -0.6347677865124085 -0.8097307648880198
32361 11377754 0.30552616774470265 0.0035404949850921796 0.24384 -0.6347677865124085 -0.8097307648880198
32362 11377754 0.33817247694039343 0.003970368934835378 0.24384 -0.6347677865124085 -0.8097307648880198
32363 11377754 0.3820572710816974 0.005634514144408215 0.24384 -0.6347677865124085 -0.8097307648880198
32364 11377754 0.39532512470356407 0.006555968796967099 0.24384 -0.6347677865124085 -0.8097307648880198
32365 11377754 0.4105705537802808 0.007006450276232326 0.24384 -0.6347677865124085 -0.8097307648880198
32366 11377754 0.4258159828569975 0.007456931755497553 0.24384 -0.6347677865124085 -0.8097307648880198
32367 11377754 0.45506046396186783 0.005903064608045495 0.24384 -0.6347677865124085 -0.8097307648880198
32368 11377754 0.4843049450667382 0.0043491974605934375 0.24384 -0.6347677865124085 -0.8097307648880198
32369 11377754 0.5059525766967664 0.00264933171686145 0.24384 -0.6347677865124085 -0.8097307648880198
32370 11377754 0.5496765789601281 0.004366955924601915 0.24384 -0.6347677865124085 -0.8097307648880198
32371 11377754 0.5740662114426236 0.004399949303588224 0.24384 -0.6347677865124085 -0.8097307648880198
32372 11377754 0.5984558439251191 0.004432942682574534 0.24384 -0.6347677865124085 -0.8097307648880198
32373 11377754 0.6092765807060164 0.004479865751366764 0.254 -0.6347677865124085 -0.8097307648880198
32374 11377754 0.6200973174869139 0.004526788820158996 0.26416 -0.6347677865124085 -0.8097307648880198
32375 11377754 0.6309180542678112 0.004573711888951226 0.27432 -0.6347677865124085 -0.8097307648880198
32376 11377754 0.6749972812567742 0.006292782817393067 0.27432 -0.6347677865124085 -0.8097307648880198
32377 11377754 0.6961288360243281 0.00464525966969484 0.27432 -0.6347677865124085 -0.8097307648880198
32378 11377754 0.7159666266255409 0.005289766763848097 0.27432 -0.6347677865124085 -0.8097307648880198
32379 11377754 0.7286711676668782 0.004760256253474773 0.27432 -0.6347677865124085 -0.8097307648880198
32380 11377754 0.7548481831468706 0.003333556536119539 0.27432 -0.6347677865124085 -0.8097307648880198
32381 11377754 0.7727157213413638 0.006374375698156937 0.27432 -0.6347677865124085 -0.8097307648880198
32382 11377754 0.788206912132041 0.006219631890522502 0.27432 -0.6347677865124085 -0.8097307648880198
32383 11377754 0.8036981029227181 0.006064888082888066 0.27432 -0.6347677865124085 -0.8097307648880198
32384 11377754 0.8191892937133953 0.0059101442752536315 0.27432 -0.6347677865124085 -0.8097307648880198
32385 11377754 0.8346804845040724 0.005755400467619197 0.27432 -0.6347677865124085 -0.8097307648880198
32386 11377754 0.8501716752947496 0.005600656659984761 0.27432 -0.6347677865124085 -0.8097307648880198
32387 11377754 0.8656628660854268 0.005445912852350326 0.27432 -0.6347677865124085 -0.8097307648880198
32388 11377754 0.8753047533754759 0.0036975947047372254 0.27432 -0.6347677865124085 -0.8097307648880198
32389 11377754 0.8849466406655251 0.0019492765571241244 0.27432 -0.6347677865124085 -0.8097307648880198
32390 11377754 0.8872412808719428 0.0035360956179626007 0.27432 -0.6347677865124085 -0.8097307648880198
32391 11377754 0.9177407465462579 0.0017491537085666253 0.27432 -0.6347677865124085 -0.8097307648880198
32392 11377754 0.9257559014573846 0.0018174683876660408 0.27432 -0.6347677865124085 -0.8097307648880198
32393 11377754 0.9401031310955257 0.004957359991612037 0.27432 -0.6347677865124085 -0.8097307648880198
32394 11377754 0.9491621251689638 0.0055024432827720515 0.27432 -0.6347677865124085 -0.8097307648880198
32395 11377754 0.9613837461431436 0.003495528567670436 0.27432 -0.6347677865124085 -0.8097307648880198
32396 11377754 0.9771415186933402 0.006875598367997046 0.27432 -0.6347677865124085 -0.8097307648880198
32397 11377754 0.9853973801066762 0.0068653358696600456 0.27432 -0.6347677865124085 -0.8097307648880198
32398 11377754 0.9936532415200121 0.006855073371323045 0.27432 -0.6347677865124085 -0.8097307648880198
32399 11377754 1.0040046771566726 0.003473191233340389 0.27432 -0.6347677865124085 -0.8097307648880198
32400 11377754 1.0166435005212997 0.006820881637548043 0.27432 -0.6347677865124085 -0.8097307648880198
32401 11377754 1.0203671731055515 0.0032678268652927833 0.27432 -0.6347677865124085 -0.8097307648880198
32402 11377754 1.0291283744638082 0.004260773891951293 0.27432 -0.6347677865124085 -0.8097307648880198
32403 11377754 1.037889575822065 0.005253720918609803 0.27432 -0.6347677865124085 -0.8097307648880198
32404 11377754 1.043773269124384 0.006953112298469871 0.27432 -0.6347677865124085 -0.8097307648880198
32405 11377754 1.0539198018257103 0.005390630392337392 0.27432 -0.6347677865124085 -0.8097307648880198
32406 11377754 1.0620774845743173 0.004536332579383774 0.27432 -0.6347677865124085 -0.8097307648880198
32407 11377754 1.0702351673229242 0.003682034766430156 0.27432 -0.6347677865124085 -0.8097307648880198
32408 11377754 1.0736942936570801 0.006115132193430427 0.27432 -0.6347677865124085 -0.8097307648880198
32409 11377754 1.0771534199912358 0.008548229620430697 0.27432 -0.6347677865124085 -0.8097307648880198
32410 11377754 1.0769915943509554 0.006965539440184132 0.27432 -0.6347677865124085 -0.8097307648880198
32411 11377754 1.0883689971922996 0.010258133100033526 0.27432 -0.6347677865124085 -0.8097307648880198
32412 11377754 1.0903439432189288 0.013584997438926688 0.27432 -0.6347677865124085 -0.8097307648880198
32413 11377754 1.0955113880724434 0.015810480246079804 0.27432 -0.6347677865124085 -0.8097307648880198
32414 11377754 1.0952746669982485 0.015808595767253058 0.27432 -0.6347677865124085 -0.8097307648880198
32415 11377754 1.0950379459240533 0.01580671128842631 0.27432 -0.6347677865124085 -0.8097307648880198
32416 11377754 1.0948012248498584 0.015804826809599565 0.27432 -0.6347677865124085 -0.8097307648880198
32417 11377754 1.0945645037756635 0.01580294233077282 0.27432 -0.6347677865124085 -0.8097307648880198
32418 11377754 1.0943277827014684 0.015801057851946073 0.27432 -0.6347677865124085 -0.8097307648880198
32419 11377754 1.0940910616272734 0.015799173373119327 0.27432 -0.6347677865124085 -0.8097307648880198
32420 11377754 1.0938543405530783 0.01579728889429258 0.27432 -0.6347677865124085 -0.8097307648880198
32421 11377754 1.0936176194788834 0.015795404415465834 0.27432 -0.6347677865124085 -0.8097307648880198
32422 11377754 1.0933808984046884 0.015793519936639088 0.27432 -0.6347677865124085 -0.8097307648880198
32423 11377754 1.0931441773304933 0.01579163545781234 0.27432 -0.6347677865124085 -0.8097307648880198
32424 11377754 1.0929074562562984 0.015789750978985592 0.27432 -0.6347677865124085 -0.8097307648880198
32425 11377754 1.0926707351821034 0.015787866500158846 0.27432 -0.6347677865124085 -0.8097307648880198
32426 11377754 1.0924340141079083 0.0157859820213321 0.27432 -0.6347677865124085 -0.8097307648880198
32427 11377754 1.0921972930337134 0.015784097542505354 0.27432 -0.6347677865124085 -0.8097307648880198
32428 11377754 1.0919605719595182 0.015782213063678607 0.27432 -0.6347677865124085 -0.8097307648880198
32429 11377754 1.0917238508853233 0.01578032858485186 0.27432 -0.6347677865124085 -0.8097307648880198
32430 11377754 1.0914871298111284 0.015778444106025115 0.27432 -0.6347677865124085 -0.8097307648880198
32431 11377754 1.0912504087369332 0.01577655962719837 0.27432 -0.6347677865124085 -0.8097307648880198
32432 11377754 1.0910136876627383 0.015774675148371622 0.27432 -0.6347677865124085 -0.8097307648880198
32433 11377754 1.0907769665885434 0.015772790669544876 0.27432 -0.6347677865124085 -0.8097307648880198
32434 11377754 1.0905402455143482 0.01577090619071813 0.27432 -0.6347677865124085 -0.8097307648880198
32435 11377754 1.0903035244401533 0.015769021711891384 0.27432 -0.6347677865124085 -0.8097307648880198
32436 11377754 1.0900668033659582 0.015767137233064638 0.27432 -0.6347677865124085 -0.8097307648880198
32437 11377754 1.0898300822917633 0.01576525275423789 0.27432 -0.6347677865124085 -0.8097307648880198
32438 11377754 1.0895933612175683 0.015763368275411145 0.27432 -0.6347677865124085 -0.8097307648880198
32439 11377754 1.0893566401433732 0.0157614837965844 0.27432 -0.6347677865124085 -0.8097307648880198
32440 11377754 1.0891199190691783 0.015759599317757653 0.27432 -0.6347677865124085 -0.8097307648880198
32441 11377754 1.0888831979949833 0.015757714838930906 0.27432 -0.6347677865124085 -0.8097307648880198
32442 11377754 1.0886464769207882 0.015755830360104157 0.27432 -0.6347677865124085 -0.8097307648880198
32443 11377754 1.0884097558465933 0.01575394588127741 0.27432 -0.6347677865124085 -0.8097307648880198
32444 11377754 1.0881730347723981 0.015752061402450664 0.27432 -0.6347677865124085 -0.8097307648880198
32445 11377754 1.0879363136982032 0.015750176923623918 0.27432 -0.6347677865124085 -0.8097307648880198
32446 11377754 1.0876995926240083 0.015748292444797172 0.27432 -0.6347677865124085 -0.8097307648880198
32447 11377754 1.0874628715498131 0.015746407965970426 0.27432 -0.6347677865124085 -0.8097307648880198
32448 11377754 1.0872261504756182 0.01574452348714368 0.27432 -0.6347677865124085 -0.8097307648880198
32449 11377754 1.0869894294014233 0.015742639008316933 0.27432 -0.6347677865124085 -0.8097307648880198
32450 11377754 1.0867527083272281 0.015740754529490187 0.27432 -0.6347677865124085 -0.8097307648880198
32451 11377754 1.0865159872530332 0.01573887005066344 0.27432 -0.6347677865124085 -0.8097307648880198
32452 11377754 1.086279266178838 0.015736985571836695 0.27432 -0.6347677865124085 -0.8097307648880198
32453 11377754 1.0860425451046432 0.01573510109300995 0.27432 -0.6347677865124085 -0.8097307648880198
32454 11377754 1.0858058240304482 0.015733216614183202 0.27432 -0.6347677865124085 -0.8097307648880198
32455 11377754 1.085569102956253 0.015731332135356456 0.27432 -0.6347677865124085 -0.8097307648880198
32456 11377754 1.0853323818820582 0.01572944765652971 0.27432 -0.6347677865124085 -0.8097307648880198
32457 11377754 1.0850956608078632 0.015727563177702963 0.27432 -0.6347677865124085 -0.8097307648880198
32458 11377754 1.084858939733668 0.015725678698876217 0.27432 -0.6347677865124085 -0.8097307648880198
32459 11377754 1.0846222186594732 0.01572379422004947 0.27432 -0.6347677865124085 -0.8097307648880198
32460 11377754 1.084385497585278 0.015721909741222725 0.27432 -1.2112899144904095 -2.269138511209445
32461 11377754 1.084148776511083 0.015720025262395975 0.27432 -1.2112899144904095 -2.269138511209445
32462 11377754 1.0839120554368882 0.01571814078356923 0.27432 -1.2112899144904095 -2.269138511209445
32463 11377754 1.083675334362693 0.015716256304742483 0.27432 -1.2112899144904095 -2.269138511209445
32464 11377754 1.083438613288498 0.015714371825915736 0.27432 -1.2112899144904095 -2.269138511209445
32465 11377754 1.0832018922143032 0.01571248734708899 0.27432 -1.2112899144904095 -2.269138511209445
32466 11377754 1.082965171140108 0.015710602868262244 0.27432 -1.2112899144904095 -2.269138511209445
32467 11377754 1.0827284500659131 0.015708718389435498 0.27432 -1.2112899144904095 -2.269138511209445
32468 11377754 1.082491728991718 0.01570683391060875 0.27432 -1.2112899144904095 -2.269138511209445
32469 11377754 1.082255007917523 0.015704949431782005 0.27432 -1.2112899144904095 -2.269138511209445
32470 11377754 1.0820182868433281 0.01570306495295526 0.27432 -1.2112899144904095 -2.269138511209445
32471 11377754 1.081781565769133 0.015701180474128513 0.27432 -1.2112899144904095 -2.269138511209445
32472 11377754 1.081544844694938 0.015699295995301767 0.27432 -1.2112899144904095 -2.269138511209445
32473 11377754 1.0813081236207431 0.01569741151647502 0.27432 -1.2112899144904095 -2.269138511209445
