33475 10995703 -4.033929118350118 0.014063197998638172 0.5181600000000001 -1.746861674321038 -1.0875893105342198
33476 10995703 -4.004075831888713 0.014337823608055994 0.5181600000000001 -1.746861674321038 -1.0875893105342198
33477 10995703 -3.974222545427307 0.014612449217473816 0.5181600000000001 -1.746861674321038 -1.0875893105342198
33478 10995703 -3.93080859959982 0.014245117409818459 0.5181600000000001 -1.746861674321038 -1.0875893105342198
33479 10995703 -3.8873946537723327 0.0138777856021631 0.5181600000000001 -1.746861674321038 -1.0875893105342198
33480 10995703 -3.8356013857781432 0.014681931962718359 0.48768 -1.746861674321038 -1.0875893105342198
33481 10995703 -3.773487971009869 0.014444733782590008 0.48768 -1.746861674321038 -1.0875893105342198
33482 10995703 -3.7304716461415426 0.012864813371016609 0.48768 -1.746861674321038 -1.0875893105342198
33483 10995703 -3.6866952710872676 0.01360698748017039 0.48768 -1.746861674321038 -1.0875893105342198
33484 10995703 -3.6473630583453907 0.01434376787673916 0.48768 -1.746861674321038 -1.0875893105342198
33485 10995703 -3.6080308456035137 0.015080548273307931 0.48768 -1.746861674321038 -1.0875893105342198
33486 10995703 -3.559422846828966 0.014300324827996674 0.48768 -1.746861674321038 -1.0875893105342198
33487 10995703 -3.5108148480544186 0.013520101382685418 0.48768 -1.746861674321038 -1.0875893105342198
33488 10995703 -3.4670043121778393 0.014369167881016581 0.45720000000000005 -1.746861674321038 -1.0875893105342198
33489 10995703 -3.432371599626479 0.01296457410795146 0.45720000000000005 -1.746861674321038 -1.0875893105342198
33490 10995703 -3.391369724270347 0.014733440247748891 0.45720000000000005 -1.746861674321038 -1.0875893105342198
33491 10995703 -3.364283267140359 0.01334548498953611 0.45720000000000005 -1.746861674321038 -1.0875893105342198
33492 10995703 -3.3227292133673756 0.012188175162048703 0.45720000000000005 -1.746861674321038 -1.0875893105342198
33493 10995703 -3.281175159594392 0.011030865334561296 0.45720000000000005 -1.746861674321038 -1.0875893105342198
33494 10995703 -3.222104338847635 0.00910649749220091 0.45720000000000005 -1.746861674321038 -1.0875893105342198
33495 10995703 -3.189684182723461 0.008544102640853118 0.45720000000000005 -1.746861674321038 -1.0875893105342198
33496 10995703 -3.157264026599287 0.007981707789505327 0.45720000000000005 -1.746861674321038 -1.0875893105342198
33497 10995703 -3.1156411609022783 0.007036692415544915 0.45720000000000005 -1.746861674321038 -1.0875893105342198
33498 10995703 -3.0740182952052697 0.006091677041584503 0.45720000000000005 -1.746861674321038 -1.0875893105342198
33499 10995703 -3.0338003077930535 0.005197828771594665 0.45720000000000005 -1.746861674321038 -1.0875893105342198
33500 10995703 -2.9919714186826942 0.004069213319642134 0.45720000000000005 -1.746861674321038 -1.0875893105342198
33501 10995703 -2.950142529572335 0.002940597867689604 0.45720000000000005 -1.746861674321038 -1.0875893105342198
33502 10995703 -2.9045234631168575 0.001857376814211803 0.44196 -1.746861674321038 -1.0875893105342198
33503 10995703 -2.85890439666138 0.0007741557607340022 0.42672000000000004 -1.746861674321038 -1.0875893105342198
33504 10995703 -2.8165683242437867 0.0018758305953933962 0.42672000000000004 -1.746861674321038 -1.0875893105342198
33505 10995703 -2.7742322518261933 0.0029775054300527903 0.42672000000000004 -1.746861674321038 -1.0875893105342198
33506 10995703 -2.715219272648028 0.001426503923789818 0.42672000000000004 -1.746861674321038 -1.0875893105342198
33507 10995703 -2.6980490428333948 0.003402694564211689 0.42672000000000004 -1.746861674321038 -1.0875893105342198
33508 10995703 -2.657992063982748 0.0025634931466348154 0.42672000000000004 -1.746861674321038 -1.0875893105342198
33509 10995703 -2.6142520437876797 0.0032067355024122113 0.42672000000000004 -1.746861674321038 -1.0875893105342198
33510 10995703 -2.573264798014404 0.0035826416906652725 0.42672000000000004 -1.746861674321038 -1.0875893105342198
33511 10995703 -2.532277552241128 0.003958547878918334 0.42672000000000004 -1.746861674321038 -1.0875893105342198
33512 10995703 -2.4912772177419233 0.005732607428401176 0.42672000000000004 -1.746861674321038 -1.0875893105342198
33513 10995703 -2.425529541291933 0.00712128529855291 0.42672000000000004 -1.746861674321038 -1.0875893105342198
33514 10995703 -2.3934891479648392 0.006219045104585236 0.42672000000000004 -1.746861674321038 -1.0875893105342198
33515 10995703 -2.3467999670478994 0.008819901276453018 0.39624000000000004 -1.746861674321038 -1.0875893105342198
33516 10995703 -2.315891287164807 0.010975623205601831 0.39624000000000004 -1.746861674321038 -1.0875893105342198
33517 10995703 -2.275180769327725 0.010508778246669154 0.39624000000000004 -1.746861674321038 -1.0875893105342198
33518 10995703 -2.2262917301164045 0.011689556463336442 0.39624000000000004 -1.746861674321038 -1.0875893105342198
33519 10995703 -2.2058319714373367 0.01259059430446216 0.39624000000000004 -1.746861674321038 -1.0875893105342198
33520 10995703 -2.185372212758269 0.013491632145587878 0.39624000000000004 -1.746861674321038 -1.0875893105342198
33521 10995703 -2.1328573276745955 0.01652463032440052 0.39624000000000004 -1.746861674321038 -1.0875893105342198
33522 10995703 -2.084234615862173 0.015807115685217282 0.39624000000000004 -1.746861674321038 -1.0875893105342198
33523 10995703 -2.0454483803035703 0.01760675695973099 0.39624000000000004 -1.746861674321038 -1.0875893105342198
33524 10995703 -1.9984390046648317 0.0201048950708069 0.39624000000000004 -1.746861674321038 -1.0875893105342198
33525 10995703 -1.9679432648574975 0.022630720161094103 0.39624000000000004 -1.746861674321038 -1.0875893105342198
33526 10995703 -1.9380812022915361 0.022676625172094317 0.39624000000000004 -1.746861674321038 -1.0875893105342198
33527 10995703 -1.8911066013723998 0.025069926297412087 0.36576 -1.746861674321038 -1.0875893105342198
33528 10995703 -1.841793857071069 0.026464989101787934 0.36576 -1.746861674321038 -1.0875893105342198
33529 10995703 -1.8115633930271915 0.027909838083995303 0.36576 -1.746861674321038 -1.0875893105342198
33530 10995703 -1.781332928983314 0.029354687066202673 0.36576 -1.746861674321038 -1.0875893105342198
33531 10995703 -1.741791516890103 0.030207840887806675 0.36576 -1.746861674321038 -1.0875893105342198
33532 10995703 -1.702250104796892 0.031060994709410678 0.36576 -1.746861674321038 -1.0875893105342198
33533 10995703 -1.6626113220571692 0.03194111600535218 0.36576 -1.746861674321038 -1.0875893105342198
33534 10995703 -1.6229725393174463 0.03282123730129369 0.36576 -1.746861674321038 -1.0875893105342198
33535 10995703 -1.5787730565878375 0.030808036593527294 0.36576 -1.746861674321038 -1.0875893105342198
33536 10995703 -1.5345735738582287 0.0287948358857609 0.36576 -1.746861674321038 -1.0875893105342198
33537 10995703 -1.5034420767136594 0.026207285662275565 0.36576 -1.746861674321038 -1.0875893105342198
33538 10995703 -1.4549931270165912 0.02496634228590075 0.36576 -1.746861674321038 -1.0875893105342198
33539 10995703 -1.4125670419261682 0.021606163021528485 0.36576 -1.746861674321038 -1.0875893105342198
33540 10995703 -1.3720305131791835 0.020616756574725142 0.36576 -1.746861674321038 -1.0875893105342198
33541 10995703 -1.3372966792788918 0.019539036715702646 0.36576 -1.746861674321038 -1.0875893105342198
33542 10995703 -1.2895495362340743 0.016425596098490675 0.36576 -1.746861674321038 -1.0875893105342198
33543 10995703 -1.2468577901480666 0.01496570530081906 0.36576 -1.746861674321038 -1.0875893105342198
33544 10995703 -1.185879111983987 0.010213129516896097 0.36576 -1.746861674321038 -1.0875893105342198
33545 10995703 -1.161626381010335 0.009409137475727886 0.36576 -1.746861674321038 -1.0875893105342198
33546 10995703 -1.1039973708117252 0.003649568787062213 0.39624000000000004 -1.746861674321038 -1.0875893105342198
33547 10995703 -1.0714769677738842 0.0025958587451590798 0.39624000000000004 -1.746861674321038 -1.0875893105342198
33548 10995703 -1.040345777931165 1.0345806768480292e-05 0.39624000000000004 -1.746861674321038 -1.0875893105342198
33549 10995703 -1.0004481962011846 -0.0029294923795843697 0.39624000000000004 -1.746861674321038 -1.0875893105342198
33550 10995703 -0.9605506144712044 -0.00586933056593722 0.39624000000000004 -1.746861674321038 -1.0875893105342198
33551 10995703 -0.9238743456872093 -0.00960525268881541 0.40640000000000004 -1.746861674321038 -1.0875893105342198
33552 10995703 -0.8871980769032143 -0.013341174811693602 0.41656000000000004 -1.746861674321038 -1.0875893105342198
33553 10995703 -0.8505218081192192 -0.017077096934571795 0.42672000000000004 -1.746861674321038 -1.0875893105342198
33554 10995703 -0.804688134284264 -0.018159630967055335 0.42672000000000004 -1.746861674321038 -1.0875893105342198
33555 10995703 -0.7588544604493088 -0.019242164999538874 0.42672000000000004 -1.746861674321038 -1.0875893105342198
33556 10995703 -0.7349799306869538 -0.019570625791396096 0.42672000000000004 -1.746861674321038 -1.0875893105342198
33557 10995703 -0.7054193224145229 -0.0215243956641962 0.45720000000000005 -1.746861674321038 -1.0875893105342198
33558 10995703 -0.6433819458870442 -0.02194530337795439 0.45720000000000005 -1.746861674321038 -1.0875893105342198
33559 10995703 -0.6190717800071972 -0.02229899672861621 0.45720000000000005 -1.746861674321038 -1.0875893105342198
33560 10995703 -0.5774468763619466 -0.02334778816926436 0.45720000000000005 -1.746861674321038 -1.0875893105342198
33561 10995703 -0.535821972716696 -0.02439657960991251 0.45720000000000005 -1.746861674321038 -1.0875893105342198
33562 10995703 -0.4900405252745098 -0.025635408194753517 0.45720000000000005 -1.746861674321038 -1.0875893105342198
33563 10995703 -0.44425907783232366 -0.026874236779594524 0.45720000000000005 -1.746861674321038 -1.0875893105342198
33564 10995703 -0.3972741012874109 -0.028505947079918853 0.45720000000000005 -1.746861674321038 -1.0875893105342198
33565 10995703 -0.3502891247424982 -0.030137657380243182 0.45720000000000005 -1.746861674321038 -1.0875893105342198
33566 10995703 -0.31681173473236135 -0.030975152069411316 0.45720000000000005 -1.746861674321038 -1.0875893105342198
33567 10995703 -0.2833343447222245 -0.03181264675857945 0.45720000000000005 -1.746861674321038 -1.0875893105342198
33568 10995703 -0.23471461044931963 -0.03251748165676191 0.45720000000000005 -1.746861674321038 -1.0875893105342198
33569 10995703 -0.1765691680658763 -0.03668619544812904 0.48768 -1.746861674321038 -1.0875893105342198
33570 10995703 -0.15229387294060226 -0.037143842172366076 0.48768 -1.746861674321038 -1.0875893105342198
33571 10995703 -0.10299554984133241 -0.03549936167907855 0.48768 -1.746861674321038 -1.0875893105342198
33572 10995703 -0.06896719029632681 -0.035464383894099616 0.48768 -1.746861674321038 -1.0875893105342198
33573 10995703 -0.034938830751321204 -0.03542940610912068 0.48768 -1.746861674321038 -1.0875893105342198
33574 10995703 0.028580593146238398 -0.03130560348946379 0.48768 -1.746861674321038 -1.0875893105342198
33575 10995703 0.07077128861193871 -0.027220139906538016 0.48768 -1.746861674321038 -1.0875893105342198
33576 10995703 0.10173668704875194 -0.02215277091623427 0.48768 -1.746861674321038 -1.0875893105342198
33577 10995703 0.1375529950531137 -0.016509274825406275 0.50292 -1.746861674321038 -1.0875893105342198
33578 10995703 0.17336930305747544 -0.01086577873457828 0.5181600000000001 -1.746861674321038 -1.0875893105342198
33579 10995703 0.20793644377074372 -0.0042880750969669645 0.5181600000000001 -1.746861674321038 -1.0875893105342198
33580 10995703 0.24837477404443586 0.002590742085586878 0.5181600000000001 -1.746861674321038 -1.0875893105342198
33581 10995703 0.2981046884046349 0.013442953606837088 0.5181600000000001 -1.746861674321038 -1.0875893105342198
33582 10995703 0.3282490650109471 0.02415358615147717 0.5181600000000001 -1.746861674321038 -1.0875893105342198
33583 10995703 0.3756574591321639 0.03605709021276564 0.5181600000000001 -1.746861674321038 -1.0875893105342198
33584 10995703 0.42306585325338075 0.04796059427405411 0.5181600000000001 -1.746861674321038 -1.0875893105342198
33585 10995703 0.46019837832450816 0.058315734648602756 0.5181600000000001 -1.746861674321038 -1.0875893105342198
33585 11333301 0.4923174326701489 -2.461432719327793 1.82118 -1.746861674321038 -1.0875893105342198
33586 11333301 0.35208636112950575 -2.5086151757863666 1.82118 -1.746861674321038 -1.0875893105342198
33586 10995703 0.49733090339563557 0.0686708750231514 0.5181600000000001 -1.746861674321038 -1.0875893105342198
33587 11333301 0.29698171269984996 -2.5279972115898284 1.8135600000000003 -1.746861674321038 -1.0875893105342198
33587 10995703 0.5598277266618675 0.0859839224976801 0.5181600000000001 -1.746861674321038 -1.0875893105342198
33588 10995703 0.6026103596099638 0.10004259036310482 0.5181600000000001 -1.746861674321038 -1.0875893105342198
33588 11333301 0.22660099877912965 -2.551441992753422 1.8135600000000003 -1.746861674321038 -1.0875893105342198
33589 10995703 0.6476276132337426 0.1127871190426237 0.5181600000000001 -1.746861674321038 -1.0875893105342198
33589 11333301 0.15622028485840933 -2.574886773917016 1.8135600000000003 -1.746861674321038 -1.0875893105342198
33590 10995703 0.7020049438722541 0.12971672240176274 0.5181600000000001 -1.746861674321038 -1.0875893105342198
33590 11333301 0.0684385112826732 -2.605905305342526 1.80594 -1.746861674321038 -1.0875893105342198
33591 10995703 0.7432088856108191 0.14873129925835307 0.5181600000000001 -1.746861674321038 -1.0875893105342198
33591 11333301 -0.026228662048749962 -2.6400474031338304 1.80594 -1.746861674321038 -1.0875893105342198
33592 11333301 -0.15715144327282182 -2.684539381714884 1.7983200000000001 -1.746861674321038 -1.0875893105342198
33592 10995703 0.7771006503063493 0.16534538652622927 0.5181600000000001 -1.746861674321038 -1.0875893105342198
33593 11333301 -0.25800149817940565 -2.7158412250554598 1.7907 -1.746861674321038 -1.0875893105342198
33593 10995703 0.8109924150018797 0.1819594737941055 0.5181600000000001 -1.746861674321038 -1.0875893105342198
33594 10995703 0.8678371888587869 0.21595828806567524 0.5181600000000001 -1.746861674321038 -1.0875893105342198
33594 11333301 -0.35034343227340403 -2.749922216014368 1.7907 -1.746861674321038 -1.0875893105342198
33595 10995703 0.8948459585088864 0.23610671614350967 0.5334000000000001 -1.746861674321038 -1.0875893105342198
33595 11333301 -0.3994824343592136 -2.7627213301111597 1.7830800000000002 -1.746861674321038 -1.0875893105342198
33596 10995703 0.9218547281589857 0.2562551442213441 0.54864 -1.746861674321038 -1.0875893105342198
33596 11333301 -0.5369597963741495 -2.806585075750254 1.7830800000000002 -1.746861674321038 -1.0875893105342198
33597 10995703 0.955830802437535 0.2852257871223933 0.54864 -1.746861674321038 -1.0875893105342198
33597 11333301 -0.622728663184535 -2.8368532993470135 1.77546 -1.746861674321038 -1.0875893105342198
33598 10995703 0.9957436401934222 0.3247572763852886 0.54864 -1.746861674321038 -1.0875893105342198
33598 11333301 -0.720510506521528 -2.8696203423398425 1.77546 -1.746861674321038 -1.0875893105342198
33599 10995703 1.0293080788788642 0.3690500108289797 0.54864 -1.746861674321038 -1.0875893105342198
33599 11333301 -0.8218494234535412 -2.90239214429283 1.76784 -1.746861674321038 -1.0875893105342198
33600 11333301 -0.8962772597991671 -2.9269010802133733 1.76403 -1.746861674321038 -1.0875893105342198
33600 10995703 1.0528157987763793 0.39887088825656636 0.54864 -1.746861674321038 -1.0875893105342198
33601 11333301 -0.970705096144793 -2.9514100161339165 1.7602200000000001 -1.746861674321038 -1.0875893105342198
33601 10995703 1.0848545100212 0.4561626035957419 0.54864 -1.746861674321038 -1.0875893105342198
33602 10995703 1.1007048441207823 0.488368483120984 0.54864 -1.746861674321038 -1.0875893105342198
33602 11333301 -1.0650850491870631 -2.985986498623396 1.7602200000000001 -1.746861674321038 -1.0875893105342198
33603 11333301 -1.1581422676516666 -3.0151529043057526 1.7526000000000002 -1.746861674321038 -1.0875893105342198
33603 10995703 1.1118443282386765 0.5224639486329278 0.54864 -1.746861674321038 -1.0875893105342198
33604 11333301 -1.2144839858782597 -3.0352904113609576 1.7526000000000002 -1.746861674321038 -1.0875893105342198
33604 10995703 1.1283913506147285 0.5649565849419358 0.54864 -1.746861674321038 -1.0875893105342198
33605 10995703 1.1410003897612606 0.6280121660091016 0.57912 -1.746861674321038 -1.0875893105342198
33605 11333301 -1.3259700019029623 -3.069179655028922 1.74498 -1.746861674321038 -1.0875893105342198
33606 11333301 -1.451325838416324 -3.11559093673678 1.74498 -1.746861674321038 -1.0875893105342198
33606 10995703 1.146104972088891 0.6640209283655885 0.57912 -1.746861674321038 -1.0875893105342198
33607 11333301 -1.5542781570377755 -3.1478276736788104 1.7373600000000002 -1.746861674321038 -1.0875893105342198
33607 10995703 1.1512095544165213 0.7000296907220752 0.57912 -1.746861674321038 -1.0875893105342198
33608 11333301 -1.646633164228472 -3.18189227854466 1.7373600000000002 -1.746861674321038 -1.0875893105342198
33608 10995703 1.1522162401640141 0.7370852569765286 0.57912 -1.746861674321038 -1.0875893105342198
33609 10995703 1.1513341812334845 0.7839872505355985 0.57912 -1.746861674321038 -1.0875893105342198
33609 11333301 -1.7375277484408416 -3.2109423370925554 1.72974 -1.746861674321038 -1.0875893105342198
33610 11333301 -1.833561150595547 -3.238311364114042 1.72974 -1.746861674321038 -1.0875893105342198
33610 10995703 1.1504521223029547 0.8308892440946682 0.57912 -1.746861674321038 -1.0875893105342198
33611 11333301 -1.9255978290897582 -3.272477434873566 1.72212 -1.746861674321038 -1.0875893105342198
33611 10995703 1.1402973250052675 0.8867791628188384 0.57912 -1.746861674321038 -1.0875893105342198
33612 10995703 1.13014252770758 0.9426690815430085 0.57912 -1.746861674321038 -1.0875893105342198
33612 11333301 -2.016850689295807 -3.3015245600690077 1.72212 -1.746861674321038 -1.0875893105342198
33613 11333301 -2.1088547160301987 -3.3355827746764084 1.72212 -1.746861674321038 -1.0875893105342198
33613 10995703 1.1234734217359177 0.9725360971084079 0.57912 -1.746861674321038 -1.0875893105342198
33614 10995703 1.0993954982147631 1.0480461869274589 0.57912 -1.746861674321038 -1.0875893105342198
33614 11333301 -2.2107696708867497 -3.367333905013447 1.7145 -1.746861674321038 -1.0875893105342198
33615 11333301 -2.3088876101405047 -3.398339438573083 1.7145 -1.746861674321038 -1.0875893105342198
33615 10995703 1.0912251164014966 1.0654360358077497 0.57912 -1.746861674321038 -1.0875893105342198
33616 11333301 -2.3729363057998913 -3.4202727076036323 1.7145 -1.746861674321038 -1.0875893105342198
33616 10995703 1.0671438969588356 1.1235402890471968 0.57912 -1.746861674321038 -1.0875893105342198
33617 10995703 1.0391732087929073 1.1778920916893185 0.57912 -1.746861674321038 -1.0875893105342198
33617 11333301 -2.436985001459278 -3.4422059766341815 1.7145 -1.746861674321038 -1.0875893105342198
33618 10995703 1.0180421420887829 1.2137702198175218 0.57912 -1.746861674321038 -1.0875893105342198
33618 11333301 -2.5207588920650634 -3.4673850685013554 1.7145 -1.746861674321038 -1.0875893105342198
33619 10995703 0.9969110753846582 1.2496483479457248 0.57912 -1.746861674321038 -1.0875893105342198
33620 10995703 0.9590089330597318 1.2994186267902086 0.57912 -1.746861674321038 -1.0875893105342198
33621 10995703 0.9302660286005265 1.3350976194606954 0.59436 -1.746861674321038 -1.0875893105342198
33622 10995703 0.9015231241413213 1.370776612131182 0.6096 -1.746861674321038 -1.0875893105342198
33623 10995703 0.8443589232543983 1.4295296126742318 0.6096 -1.746861674321038 -1.0875893105342198
33624 10995703 0.815074541743857 1.4553974507635887 0.6096 -1.746861674321038 -1.0875893105342198
33625 10995703 0.7857901602333157 1.4812652888529454 0.6096 -1.746861674321038 -1.0875893105342198
33626 10995703 0.7319138240975368 1.5239910232518337 0.6096 -1.746861674321038 -1.0875893105342198
33627 10995703 0.689867304835811 1.5529205182999684 0.6096 -1.746861674321038 -1.0875893105342198
33628 10995703 0.6739184128628655 1.5628062034019221 0.6096 -1.746861674321038 -1.0875893105342198
33629 10995703 0.6110048549624145 1.6012433293429809 0.6400800000000001 -1.746861674321038 -1.0875893105342198
33630 10995703 0.5951251322306117 1.6113403020104924 0.6400800000000001 -1.746861674321038 -1.0875893105342198
33631 10995703 0.5310633301156734 1.6473497017129475 0.6400800000000001 -1.746861674321038 -1.0875893105342198
33632 10995703 0.48911330220937693 1.6684217053989032 0.6400800000000001 -1.746861674321038 -1.0875893105342198
33633 10995703 0.44716327430308045 1.6894937090848592 0.6400800000000001 -1.746861674321038 -1.0875893105342198
33634 10995703 0.3751465913757459 1.7258852386376737 0.6400800000000001 -1.746861674321038 -1.0875893105342198
33635 10995703 0.3401283197789935 1.7423557209170955 0.6400800000000001 -1.746861674321038 -1.0875893105342198
33636 10995703 0.30507139230825997 1.7600658963834142 0.6553200000000001 -1.746861674321038 -1.0875893105342198
33637 10995703 0.27001446483752645 1.7777760718497326 0.67056 -1.746861674321038 -1.0875893105342198
33638 10995703 0.19925409203919875 1.8085016423622091 0.67056 -1.746861674321038 -1.0875893105342198
33639 10995703 0.16261471344154976 1.8254448306786315 0.67056 -1.746861674321038 -1.0875893105342198
33640 10995703 0.12597533484390078 1.8423880189950539 0.67056 -1.746861674321038 -1.0875893105342198
33641 10995703 0.09059122967826416 1.8590964241610466 0.67056 -1.746861674321038 -1.0875893105342198
33642 10995703 0.03588486191639373 1.881888384521843 0.67056 -1.746861674321038 -1.0875893105342198
33643 10995703 -0.024591884944746734 1.9114744474944045 0.67056 -1.746861674321038 -1.0875893105342198
33644 10995703 -0.058293574965534556 1.9251801777030257 0.7010400000000001 -1.746861674321038 -1.0875893105342198
33645 10995703 -0.1009660840899933 1.9440389825412698 0.7010400000000001 -1.746861674321038 -1.0875893105342198
33646 10995703 -0.13707423002012464 1.958531950596652 0.7010400000000001 -1.746861674321038 -1.0875893105342198
33647 10995703 -0.18937302119846122 1.9805387885322918 0.7010400000000001 -1.746861674321038 -1.0875893105342198
33648 10995703 -0.230294204020429 1.9966060175295903 0.7010400000000001 -1.746861674321038 -1.0875893105342198
33649 10995703 -0.26847652739354355 2.011544415635533 0.71628 -1.746861674321038 -1.0875893105342198
33650 10995703 -0.3066588507666581 2.0264828137414757 0.73152 -1.746861674321038 -1.0875893105342198
33651 10995703 -0.34604847104092695 2.0431600896368405 0.73152 -1.746861674321038 -1.0875893105342198
33652 10995703 -0.3854380913151958 2.059837365532205 0.73152 -1.746861674321038 -1.0875893105342198
33653 10995703 -0.45430411674547067 2.0898343863882585 0.73152 -1.746861674321038 -1.0875893105342198
33654 10995703 -0.48542652674903564 2.102465451761348 0.73152 -1.746861674321038 -1.0875893105342198
33655 10995703 -0.5165489367526006 2.1150965171344374 0.73152 -1.746861674321038 -1.0875893105342198
33656 10995703 -0.5636360773661038 2.1367461068824025 0.74676 -1.746861674321038 -1.0875893105342198
33657 10995703 -0.6107232179796069 2.1583956966303677 0.762 -1.746861674321038 -1.0875893105342198
33658 10995703 -0.6501933244341433 2.1788985299730803 0.762 -1.746861674321038 -1.0875893105342198
33659 10995703 -0.6896634308886798 2.199401363315793 0.762 -1.746861674321038 -1.0875893105342198
33660 10995703 -0.7315398469846179 2.2206916034145823 0.762 -0.7657325092434721 -0.6872028657446765
33661 10995703 -0.7824554108737531 2.2469247761392386 0.762 -0.7657325092434721 -0.6872028657446765
33662 10995703 -0.8167564292238341 2.265854847955896 0.762 -0.7657325092434721 -0.6872028657446765
33663 10995703 -0.8601923745355634 2.2863126199038586 0.77724 -0.7657325092434721 -0.6872028657446765
33664 10995703 -0.9036283198472927 2.3067703918518205 0.7924800000000001 -0.7657325092434721 -0.6872028657446765
33665 10995703 -0.9420904750909164 2.3256018959168747 0.7924800000000001 -0.7657325092434721 -0.6872028657446765
33666 10995703 -0.98055263033454 2.344433399981929 0.7924800000000001 -0.7657325092434721 -0.6872028657446765
33667 10995703 -1.032053849772563 2.368874075700765 0.7924800000000001 -0.7657325092434721 -0.6872028657446765
33668 10995703 -1.078311137339099 2.3907044386060172 0.7924800000000001 -0.7657325092434721 -0.6872028657446765
33669 10995703 -1.1245684249056351 2.412534801511269 0.7924800000000001 -0.7657325092434721 -0.6872028657446765
33670 10995703 -1.170825712472171 2.434365164416521 0.7924800000000001 -0.7657325092434721 -0.6872028657446765
33671 10995703 -1.2255835116429104 2.457536042811198 0.82296 -0.7657325092434721 -0.6872028657446765
33672 10995703 -1.2764205257975691 2.480476545251382 0.80772 -0.7657325092434721 -0.6872028657446765
33673 10995703 -1.327257539952228 2.503417047691566 0.7924800000000001 -0.7657325092434721 -0.6872028657446765
33674 10995703 -1.3458185858359168 2.511826214877806 0.7924800000000001 -0.7657325092434721 -0.6872028657446765
33675 10995703 -1.4142402649405692 2.544259583474451 0.7924800000000001 -0.7657325092434721 -0.6872028657446765
33676 10995703 -1.4641273107958643 2.5654885775790337 0.82296 -0.7657325092434721 -0.6872028657446765
33677 10995703 -1.5140141693942206 2.586717925129749 0.82296 -0.7657325092434721 -0.6872028657446765
33678 10995703 -1.5449847362297564 2.599538447836118 0.82296 -0.7657325092434721 -0.6872028657446765
33679 10995703 -1.5975985653523332 2.6216607229296334 0.82296 -0.7657325092434721 -0.6872028657446765
33680 10995703 -1.6783749800420986 2.655685879329568 0.82296 -0.7657325092434721 -0.6872028657446765
33681 10995703 -1.7092649638985031 2.6684808780472613 0.82296 -0.7657325092434721 -0.6872028657446765
33681 11289096 0.6022942815070655 0.1316894493713497 0.27432 -0.7657325092434721 -0.6872028657446765
33682 10995703 -1.760911611783815 2.6889446159074133 0.82296 -0.7657325092434721 -0.6872028657446765
33682 11289096 0.5967898916422183 0.1311515523092715 0.27432 -0.7657325092434721 -0.6872028657446765
33683 10995703 -1.812558259669127 2.7094083537675653 0.82296 -0.7657325092434721 -0.6872028657446765
33683 11289096 0.5958585864367747 0.12830151553883398 0.27432 -0.7657325092434721 -0.6872028657446765
33684 11289096 0.5885500305908664 0.12332956023965305 0.27432 -0.7657325092434721 -0.6872028657446765
33684 10995703 -1.8555946079850154 2.726061939220711 0.82296 -0.7657325092434721 -0.6872028657446765
33685 11289096 0.5897380724607602 0.11826821902248615 0.27432 -0.7657325092434721 -0.6872028657446765
33685 10995703 -1.9137908908985404 2.7476771384418215 0.82296 -0.7657325092434721 -0.6872028657446765
33686 10995703 -1.9719871738120653 2.769292337662932 0.82296 -0.7657325092434721 -0.6872028657446765
33686 11289096 0.5896422396380734 0.11362640951560096 0.27432 -0.7657325092434721 -0.6872028657446765
33687 10995703 -2.013006664274579 2.785053301808649 0.82296 -0.7657325092434721 -0.6872028657446765
33687 11289096 0.5895464068153866 0.10898460000871579 0.27432 -0.7657325092434721 -0.6872028657446765
33688 10995703 -2.074888786096855 2.810329747441067 0.82296 -0.7657325092434721 -0.6872028657446765
33688 11289096 0.583617551386499 0.10823492503910077 0.27432 -0.7657325092434721 -0.6872028657446765
33689 10995703 -2.127836102211295 2.8303456927291273 0.82296 -0.7657325092434721 -0.6872028657446765
33689 11289096 0.5846158904178611 0.1025930184977525 0.27432 -0.7657325092434721 -0.6872028657446765
33690 10995703 -2.1831550416686705 2.851255149425301 0.82296 -0.7657325092434721 -0.6872028657446765
33690 11289096 0.5856142294492233 0.09695111195640423 0.27432 -0.7657325092434721 -0.6872028657446765
33691 11289096 0.5831144740286685 0.09364976583461256 0.27432 -0.7657325092434721 -0.6872028657446765
33691 10995703 -2.2562583821519846 2.877518571108394 0.82296 -0.7657325092434721 -0.6872028657446765
33692 10995703 -2.299683467057707 2.8940688041296014 0.82296 -0.7657325092434721 -0.6872028657446765
33692 11289096 0.5806147186081138 0.0903484197128209 0.27432 -0.7657325092434721 -0.6872028657446765
33693 11289096 0.5781149631875591 0.08704707359102923 0.27432 -0.7657325092434721 -0.6872028657446765
33693 10995703 -2.3497744840817805 2.914671188715722 0.82296 -0.7657325092434721 -0.6872028657446765
33694 10995703 -2.3998655011058543 2.9352735733018425 0.82296 -0.7657325092434721 -0.6872028657446765
33694 11289096 0.5756152077670043 0.08374572746923756 0.27432 -0.7657325092434721 -0.6872028657446765
33695 11289096 0.5728228735787654 0.08348989915139204 0.27432 -0.7657325092434721 -0.6872028657446765
33695 10995703 -2.4499565181299277 2.955875957887963 0.82296 -0.7657325092434721 -0.6872028657446765
33696 11289096 0.5700305393905265 0.08323407083354654 0.27432 -0.7657325092434721 -0.6872028657446765
33696 10995703 -2.5215040288976605 2.986891417678594 0.82296 -0.7657325092434721 -0.6872028657446765
33697 10995703 -2.5573541515436644 3.004878398635509 0.82296 -0.7657325092434721 -0.6872028657446765
33697 11289096 0.563176971236775 0.08314608157730728 0.27432 -0.7657325092434721 -0.6872028657446765
33698 11289096 0.5563234030830235 0.08305809232106802 0.27432 -0.7657325092434721 -0.6872028657446765
33698 10995703 -2.5932042741896684 3.022865379592425 0.82296 -0.7657325092434721 -0.6872028657446765
33699 10995703 -2.665740651621597 3.0589971111329963 0.82296 -0.7657325092434721 -0.6872028657446765
33699 11289096 0.549469834929272 0.08297010306482877 0.27432 -0.7657325092434721 -0.6872028657446765
33700 11289096 0.5426162667755206 0.08288211380858951 0.27432 -0.7657325092434721 -0.6872028657446765
33700 10995703 -2.7254086079464237 3.091033739562427 0.82296 -0.7657325092434721 -0.6872028657446765
33701 11289096 0.5357626986217692 0.08279412455235025 0.27432 -0.7657325092434721 -0.6872028657446765
33701 10995703 -2.7612616904408123 3.110366739169419 0.82296 -0.7657325092434721 -0.6872028657446765
33702 11289096 0.5289091304680177 0.08270613529611098 0.27432 -0.7657325092434721 -0.6872028657446765
33702 10995703 -2.797114772935201 3.129699738776411 0.82296 -0.7657325092434721 -0.6872028657446765
33703 10995703 -2.877028591610599 3.175844734912597 0.82296 -0.7657325092434721 -0.6872028657446765
33703 11289096 0.5220555623142662 0.08261814603987173 0.27432 -0.7657325092434721 -0.6872028657446765
33704 10995703 -2.906858244621957 3.1905188969712515 0.82296 -0.7657325092434721 -0.6872028657446765
33704 11289096 0.5152019941605147 0.08253015678363247 0.27432 -0.7657325092434721 -0.6872028657446765
33705 11289096 0.5083484260067632 0.08244216752739321 0.27432 -0.7657325092434721 -0.6872028657446765
33705 10995703 -2.9578658939874205 3.2172688991799556 0.82296 -0.7657325092434721 -0.6872028657446765
33706 11289096 0.5014948578530117 0.08235417827115395 0.27432 -0.7657325092434721 -0.6872028657446765
33706 10995703 -3.008873543352884 3.24401890138866 0.82296 -0.7657325092434721 -0.6872028657446765
33707 11289096 0.49464128969926024 0.0822661890149147 0.27432 -0.7657325092434721 -0.6872028657446765
33708 11289096 0.4877877215455088 0.08217819975867544 0.27432 -0.7657325092434721 -0.6872028657446765
33709 11289096 0.4809341533917573 0.08209021050243617 0.27432 -0.7657325092434721 -0.6872028657446765
33710 11289096 0.4725829551856565 0.08244374541890331 0.27432 -0.7657325092434721 -0.6872028657446765
33711 11289096 0.46423175697955577 0.08279728033537045 0.27432 -0.7657325092434721 -0.6872028657446765
33712 11289096 0.45588055877345496 0.0831508152518376 0.27432 -0.7657325092434721 -0.6872028657446765
33713 11289096 0.44498708943263193 0.08297221984540963 0.27432 -0.7657325092434721 -0.6872028657446765
33714 11289096 0.43409362009180885 0.08279362443898167 0.27432 -0.7657325092434721 -0.6872028657446765
33715 11289096 0.4232001507509858 0.0826150290325537 0.27432 -0.7657325092434721 -0.6872028657446765
33716 11289096 0.4123066814101628 0.08243643362612574 0.27432 -0.7657325092434721 -0.6872028657446765
33717 11289096 0.4014132120693398 0.08225783821969777 0.27432 -0.7657325092434721 -0.6872028657446765
33718 11289096 0.3905197427285167 0.08207924281326981 0.27432 -0.7657325092434721 -0.6872028657446765
33719 11289096 0.37962627338769367 0.08190064740684184 0.27432 -0.7657325092434721 -0.6872028657446765
33720 11289096 0.3687328040468706 0.08172205200041388 0.27432 -0.7657325092434721 -0.6872028657446765
33721 11289096 0.35783933470604756 0.08154345659398592 0.27432 -0.7657325092434721 -0.6872028657446765
33722 11289096 0.34694586536522454 0.08136486118755795 0.27432 -0.7657325092434721 -0.6872028657446765
33723 11289096 0.3359713818868022 0.08039501955210973 0.27432 -0.7657325092434721 -0.6872028657446765
33724 11289096 0.33105332449514463 0.0816517773379436 0.27432 -0.7657325092434721 -0.6872028657446765
33725 11289096 0.32613526710348706 0.08290853512377747 0.27432 -0.7657325092434721 -0.6872028657446765
33726 11289096 0.30966902070733504 0.08279883774455277 0.27432 -0.7657325092434721 -0.6872028657446765
33727 11289096 0.29311201976092394 0.0837703000490391 0.27432 -0.7657325092434721 -0.6872028657446765
33728 11289096 0.28156472852078085 0.08342590334310579 0.27432 -0.7657325092434721 -0.6872028657446765
33729 11289096 0.27001743728063776 0.08308150663717247 0.27432 -0.7657325092434721 -0.6872028657446765
33730 11289096 0.2584701460404946 0.08273710993123914 0.27432 -0.7657325092434721 -0.6872028657446765
33731 11289096 0.24692285480035153 0.08239271322530584 0.27432 -0.7657325092434721 -0.6872028657446765
33732 11289096 0.23537556356020845 0.08204831651937253 0.27432 -0.7657325092434721 -0.6872028657446765
33733 11289096 0.22382827232006533 0.0817039198134392 0.27432 -0.7657325092434721 -0.6872028657446765
33734 11289096 0.21228098107992222 0.08135952310750588 0.27432 -0.7657325092434721 -0.6872028657446765
33735 11289096 0.20073368983977913 0.08101512640157257 0.27432 -0.7657325092434721 -0.6872028657446765
33736 11289096 0.1906279709679292 0.08134529999394607 0.27432 -0.7657325092434721 -0.6872028657446765
33737 11289096 0.18052225209607928 0.08167547358631957 0.27432 -0.7657325092434721 -0.6872028657446765
33738 11289096 0.17041653322422934 0.08200564717869306 0.27432 -0.7657325092434721 -0.6872028657446765
33739 11289096 0.1603108143523794 0.08233582077106656 0.27432 -0.7657325092434721 -0.6872028657446765
33740 11289096 0.15020509548052946 0.08266599436344006 0.27432 -0.7657325092434721 -0.6872028657446765
33741 11289096 0.14009937660867955 0.08299616795581356 0.27432 -0.7657325092434721 -0.6872028657446765
33742 11289096 0.1299936577368296 0.08332634154818705 0.27432 -0.7657325092434721 -0.6872028657446765
33743 11289096 0.11988793886497968 0.08365651514056055 0.27432 -0.7657325092434721 -0.6872028657446765
33744 11289096 0.10978221999312976 0.08398668873293405 0.27432 -0.7657325092434721 -0.6872028657446765
33745 11289096 0.09876224587913243 0.08355780104102509 0.27432 -0.7657325092434721 -0.6872028657446765
33746 11289096 0.0877422717651351 0.08312891334911612 0.27432 -0.7657325092434721 -0.6872028657446765
33747 11289096 0.07672229765113778 0.08270002565720716 0.27432 -0.7657325092434721 -0.6872028657446765
33748 11289096 0.06570232353714045 0.0822711379652982 0.27432 -0.7657325092434721 -0.6872028657446765
33749 11289096 0.06630312430510188 0.08188969926748764 0.27432 -0.7657325092434721 -0.6872028657446765
33750 11289096 0.06690392507306332 0.08150826056967708 0.27432 -0.7657325092434721 -0.6872028657446765
33751 11289096 0.06750472584102475 0.08112682187186653 0.27432 -0.7657325092434721 -0.6872028657446765
33752 11289096 0.0681055266089862 0.08074538317405597 0.27432 -0.7657325092434721 -0.6872028657446765
33753 11289096 0.06870632737694762 0.08036394447624541 0.27432 -0.7657325092434721 -0.6872028657446765
33754 11289096 0.06930712814490907 0.07998250577843485 0.27432 -0.7657325092434721 -0.6872028657446765
33755 11289096 0.0699079289128705 0.0796010670806243 0.27432 -0.7657325092434721 -0.6872028657446765
33756 11289096 0.07050872968083194 0.07921962838281374 0.27432 -0.7657325092434721 -0.6872028657446765
33757 11289096 0.07110953044879337 0.07883818968500317 0.27432 -0.7657325092434721 -0.6872028657446765
33758 11289096 0.0717103312167548 0.07845675098719261 0.27432 -0.7657325092434721 -0.6872028657446765
33759 11289096 0.07231113198471624 0.07807531228938205 0.27432 -0.7657325092434721 -0.6872028657446765
33760 11289096 0.07291193275267767 0.0776938735915715 0.27432 -0.7657325092434721 -0.6872028657446765
33761 11289096 0.07351273352063911 0.07731243489376094 0.27432 -0.7657325092434721 -0.6872028657446765
33762 11289096 0.07411353428860054 0.07693099619595038 0.27432 -0.7657325092434721 -0.6872028657446765
33763 11289096 0.07471433505656197 0.07654955749813983 0.27432 -0.7657325092434721 -0.6872028657446765
33764 11289096 0.07531513582452341 0.07616811880032927 0.27432 -0.7657325092434721 -0.6872028657446765
33765 11289096 0.07591593659248486 0.07578668010251871 0.27432 -0.7657325092434721 -0.6872028657446765
33766 11289096 0.07651673736044629 0.07540524140470815 0.27432 -0.7657325092434721 -0.6872028657446765
33767 11289096 0.07711753812840771 0.0750238027068976 0.27432 -0.7657325092434721 -0.6872028657446765
33768 11289096 0.07771833889636916 0.07464236400908704 0.27432 -0.7657325092434721 -0.6872028657446765
33769 11289096 0.07831913966433059 0.07426092531127648 0.27432 -0.7657325092434721 -0.6872028657446765
33770 11289096 0.07891994043229203 0.07387948661346593 0.27432 -0.7657325092434721 -0.6872028657446765
33771 11289096 0.07952074120025346 0.07349804791565537 0.27432 -0.7657325092434721 -0.6872028657446765
33772 11289096 0.08012154196821489 0.07311660921784481 0.27432 -0.7657325092434721 -0.6872028657446765
33773 11289096 0.08072234273617633 0.07273517052003425 0.27432 -0.7657325092434721 -0.6872028657446765
33774 11289096 0.08132314350413776 0.07235373182222368 0.27432 -0.7657325092434721 -0.6872028657446765
33775 11289096 0.0819239442720992 0.07197229312441313 0.27432 -0.7657325092434721 -0.6872028657446765
33776 11289096 0.08252474504006063 0.07159085442660257 0.27432 -0.7657325092434721 -0.6872028657446765
33777 11289096 0.08312554580802207 0.07120941572879201 0.27432 -0.7657325092434721 -0.6872028657446765
33778 11289096 0.0837263465759835 0.07082797703098145 0.27432 -0.7657325092434721 -0.6872028657446765
33779 11289096 0.08432714734394495 0.0704465383331709 0.27432 -0.7657325092434721 -0.6872028657446765
33780 11289096 0.08492794811190638 0.07006509963536034 0.27432 -0.7657325092434721 -0.6872028657446765
33781 11289096 0.0855287488798678 0.06968366093754978 0.27432 -0.7657325092434721 -0.6872028657446765
33782 11289096 0.08612954964782925 0.06930222223973923 0.27432 -0.7657325092434721 -0.6872028657446765
33783 11289096 0.08673035041579068 0.06892078354192867 0.27432 -0.7657325092434721 -0.6872028657446765
33784 11289096 0.08733115118375212 0.06853934484411811 0.27432 -0.7657325092434721 -0.6872028657446765
33785 11289096 0.08793195195171355 0.06815790614630755 0.27432 -0.7657325092434721 -0.6872028657446765
33786 11289096 0.08853275271967498 0.067776467448497 0.27432 -0.7657325092434721 -0.6872028657446765
33787 11289096 0.08913355348763642 0.06739502875068644 0.27432 -0.7657325092434721 -0.6872028657446765
33788 11289096 0.08973435425559786 0.06701359005287588 0.27432 -0.7657325092434721 -0.6872028657446765
33789 11289096 0.0903351550235593 0.06663215135506531 0.27432 -0.7657325092434721 -0.6872028657446765
33790 11289096 0.09093595579152072 0.06625071265725477 0.27432 -0.7657325092434721 -0.6872028657446765
33791 11289096 0.09153675655948217 0.0658692739594442 0.27432 -0.7657325092434721 -0.6872028657446765
33792 11289096 0.0921375573274436 0.06548783526163365 0.27432 -0.7657325092434721 -0.6872028657446765
33793 11289096 0.09273835809540504 0.06510639656382308 0.27432 -0.7657325092434721 -0.6872028657446765
33794 11289096 0.09333915886336647 0.06472495786601253 0.27432 -0.7657325092434721 -0.6872028657446765
33795 11289096 0.0939399596313279 0.06434351916820197 0.27432 -0.7657325092434721 -0.6872028657446765
33796 11289096 0.09454076039928934 0.06396208047039141 0.27432 -0.7657325092434721 -0.6872028657446765
33797 11289096 0.09514156116725078 0.06358064177258085 0.27432 -0.7657325092434721 -0.6872028657446765
33798 11289096 0.09574236193521221 0.0631992030747703 0.27432 -0.7657325092434721 -0.6872028657446765
33799 11289096 0.09634316270317364 0.06281776437695974 0.27432 -0.7657325092434721 -0.6872028657446765
33800 11289096 0.09694396347113508 0.06243632567914918 0.27432 -0.7657325092434721 -0.6872028657446765
33801 11289096 0.09754476423909651 0.062054886981338625 0.27432 -0.7657325092434721 -0.6872028657446765
33802 11289096 0.09814556500705796 0.06167344828352807 0.27432 -0.7657325092434721 -0.6872028657446765
33803 11289096 0.09874636577501938 0.06129200958571751 0.27432 -0.7657325092434721 -0.6872028657446765
33804 11289096 0.09934716654298081 0.060910570887906954 0.27432 -0.7657325092434721 -0.6872028657446765
33805 11289096 0.09994796731094226 0.060529132190096396 0.27432 -0.7657325092434721 -0.6872028657446765
33806 11289096 0.1005487680789037 0.06014769349228583 0.27432 -0.7657325092434721 -0.6872028657446765
33807 11289096 0.10114956884686513 0.059766254794475275 0.27432 -0.7657325092434721 -0.6872028657446765
33808 11289096 0.10175036961482656 0.05938481609666472 0.27432 -0.7657325092434721 -0.6872028657446765
