36198 11322591 0.9245737061686061 0.08246342381535166 0.36576 2.445003484775232 -0.7988559315902778
36199 11322591 0.9297092463617466 0.08078553851723363 0.36576 2.445003484775232 -0.7988559315902778
36200 11322591 0.9352938188783255 0.08129747753310647 0.36576 2.445003484775232 -0.7988559315902778
36201 11322591 0.9401886314086985 0.0796982504788128 0.36576 2.445003484775232 -0.7988559315902778
36202 11322591 0.9456605844225402 0.07991988558606337 0.36576 2.445003484775232 -0.7988559315902778
36203 11322591 0.9511325374363818 0.08014152069331397 0.36576 2.445003484775232 -0.7988559315902778
36204 11322591 0.9566044904502236 0.08036315580056455 0.36576 2.445003484775232 -0.7988559315902778
36205 11322591 0.9620764434640652 0.08058479090781515 0.36576 2.445003484775232 -0.7988559315902778
36206 11322591 0.9675483964779069 0.08080642601506573 0.36576 2.445003484775232 -0.7988559315902778
36207 11322591 0.9754600006174824 0.08055811854348682 0.36576 2.445003484775232 -0.7988559315902778
36208 11322591 0.9809408700850448 0.08048090161635692 0.36576 2.445003484775232 -0.7988559315902778
36209 11322591 0.9864217395526073 0.08040368468922703 0.36576 2.445003484775232 -0.7988559315902778
36210 11322591 0.9919026090201697 0.08032646776209712 0.36576 2.445003484775232 -0.7988559315902778
36211 11322591 0.9977278934561498 0.08075980714235484 0.36576 2.445003484775232 -0.7988559315902778
36212 11322591 1.0040346215518332 0.0810358883204588 0.36576 2.445003484775232 -0.7988559315902778
36213 11322591 1.0103413496475167 0.08131196949856274 0.36576 2.445003484775232 -0.7988559315902778
36214 11322591 1.0166480777432003 0.0815880506766667 0.36576 2.445003484775232 -0.7988559315902778
36215 11322591 1.0229548058388838 0.08186413185477065 0.36576 2.445003484775232 -0.7988559315902778
36216 11322591 1.0292615339345672 0.08214021303287461 0.36576 2.445003484775232 -0.7988559315902778
36217 11322591 1.0355682620302507 0.08241629421097857 0.36576 2.445003484775232 -0.7988559315902778
36218 11322591 1.0418749901259343 0.08269237538908251 0.36576 2.445003484775232 -0.7988559315902778
36219 11322591 1.0481817182216178 0.08296845656718647 0.36576 2.445003484775232 -0.7988559315902778
36220 11322591 1.0544884463173012 0.08324453774529043 0.36576 2.445003484775232 -0.7988559315902778
36221 11322591 1.0607951744129847 0.08352061892339438 0.36576 2.445003484775232 -0.7988559315902778
36222 11322591 1.0671019025086683 0.08379670010149834 0.36576 2.445003484775232 -0.7988559315902778
36223 11322591 1.0734086306043518 0.08407278127960228 0.36576 2.445003484775232 -0.7988559315902778
36224 11322591 1.0797153587000352 0.08434886245770624 0.36576 2.445003484775232 -0.7988559315902778
36225 11322591 1.0852196456793426 0.08488713427893377 0.36576 2.445003484775232 -0.7988559315902778
36226 11322591 1.091907049238497 0.08795952973910799 0.36576 2.445003484775232 -0.7988559315902778
36227 11322591 1.0992893828861274 0.08554774628991403 0.36576 2.445003484775232 -0.7988559315902778
36228 11322591 1.1050801492136109 0.08587561424609827 0.36576 2.445003484775232 -0.7988559315902778
36229 11322591 1.1106878853161444 0.08673058347705934 0.36576 2.445003484775232 -0.7988559315902778
36230 11322591 1.1187029017404977 0.08679911346061879 0.36576 2.445003484775232 -0.7988559315902778
36231 11322591 1.1242071767118245 0.08733741537795447 0.36576 2.445003484775232 -0.7988559315902778
36232 11322591 1.1338363089099635 0.08419165659936398 0.36576 2.445003484775232 -0.7988559315902778
36233 11322591 1.1407448290663256 0.0842712193587065 0.36576 2.445003484775232 -0.7988559315902778
36234 11322591 1.1476533492226877 0.08435078211804903 0.36576 2.445003484775232 -0.7988559315902778
36235 11322591 1.1546653203183226 0.08474703683762266 0.36576 2.445003484775232 -0.7988559315902778
36236 11322591 1.1616772914139577 0.0851432915571963 0.36576 2.445003484775232 -0.7988559315902778
36237 11322591 1.169554354123387 0.08478964098146384 0.36576 2.445003484775232 -0.7988559315902778
36238 11322591 1.1752310402996613 0.08585578011726532 0.36576 2.445003484775232 -0.7988559315902778
36239 11322591 1.188646841739065 0.08614605597747448 0.36576 2.445003484775232 -0.7988559315902778
36240 11322591 1.1937823792451607 0.08446836333556872 0.36576 2.445003484775232 -0.7988559315902778
36241 11322591 1.202613060812276 0.0864901936173939 0.36576 2.445003484775232 -0.7988559315902778
36242 11322591 1.207984681822953 0.0860788774199708 0.36576 2.445003484775232 -0.7988559315902778
36243 11322591 1.2133563028336296 0.08566756122254772 0.36576 2.445003484775232 -0.7988559315902778
36244 11322591 1.2200986774356681 0.08591829496491094 0.36576 2.445003484775232 -0.7988559315902778
36245 11322591 1.2268410520377067 0.08616902870727416 0.36576 2.445003484775232 -0.7988559315902778
36246 11322591 1.2348560328261462 0.0862376898388145 0.36576 2.445003484775232 -0.7988559315902778
36247 11322591 1.2404637283248898 0.08709276118613972 0.36576 2.445003484775232 -0.7988559315902778
36248 11322591 1.2480065484440437 0.08462870693209207 0.36576 2.445003484775232 -0.7988559315902778
36249 11322591 1.2543496736933806 0.08746321389368104 0.36576 2.445003484775232 -0.7988559315902778
36250 11322591 1.2634210464375601 0.08940647954564838 0.36576 2.445003484775232 -0.7988559315902778
36251 11322591 1.2677733643371105 0.09049643063922373 0.36576 2.445003484775232 -0.7988559315902778
36252 11322591 1.272125682236661 0.09158638173279908 0.36576 2.445003484775232 -0.7988559315902778
36253 11322591 1.281754808623628 0.08844082529553596 0.36576 2.445003484775232 -0.7988559315902778
36254 11322591 1.2889766562370768 0.08608166661167013 0.36576 2.445003484775232 -0.7988559315902778
36255 11322591 1.296888168439496 0.08583371755942584 0.36576 2.445003484775232 -0.7988559315902778
36256 11322591 1.3036524209156202 0.0847923057231183 0.36576 2.445003484775232 -0.7988559315902778
36257 11322591 1.3104166733917444 0.08375089388681076 0.36576 2.445003484775232 -0.7988559315902778
36258 11322591 1.317227987338581 0.08421284025943612 0.36576 2.445003484775232 -0.7988559315902778
36259 11322591 1.3240393012854175 0.0846747866320615 0.36576 2.445003484775232 -0.7988559315902778
36260 11322591 1.328408844832155 0.08581755492342752 0.36576 2.445003484775232 -0.7988559315902778
36261 11322591 1.3327783883788922 0.08696032321479352 0.36576 2.445003484775232 -0.7988559315902778
36262 11322591 1.3405937419520146 0.08596500920005713 0.36576 2.445003484775232 -0.7988559315902778
36263 11322591 1.3484090955251373 0.08496969518532074 0.36576 2.445003484775232 -0.7988559315902778
36264 11322591 1.3562244490982598 0.08397438117058435 0.36576 2.445003484775232 -0.7988559315902778
36265 11322591 1.3612584801346483 0.08443281321883443 0.36576 2.445003484775232 -0.7988559315902778
36266 11322591 1.3662925111710371 0.08489124526708451 0.36576 2.445003484775232 -0.7988559315902778
36267 11322591 1.3713265422074257 0.0853496773153346 0.36576 2.445003484775232 -0.7988559315902778
36268 11322591 1.3763605732438144 0.08580810936358468 0.36576 2.445003484775232 -0.7988559315902778
36269 11322591 1.381394604280203 0.08626654141183476 0.36576 2.445003484775232 -0.7988559315902778
36270 11322591 1.3862091705742874 0.08469383628266303 0.36576 2.445003484775232 -0.7988559315902778
36271 11322591 1.390681066909855 0.08479072777140045 0.36576 2.445003484775232 -0.7988559315902778
36272 11322591 1.3951529632454225 0.08488761926013788 0.36576 2.445003484775232 -0.7988559315902778
36273 11322591 1.3996248595809901 0.08498451074887531 0.36576 2.445003484775232 -0.7988559315902778
36274 11322591 1.3993348781067503 0.08464584007831777 0.36576 2.445003484775232 -0.7988559315902778
36275 11322591 1.3990448966325102 0.08430716940776023 0.36576 2.445003484775232 -0.7988559315902778
36276 11322591 1.3987549151582703 0.0839684987372027 0.36576 2.445003484775232 -0.7988559315902778
36277 11322591 1.3984649336840302 0.08362982806664516 0.36576 2.445003484775232 -0.7988559315902778
36278 11322591 1.3981749522097904 0.08329115739608763 0.36576 2.445003484775232 -0.7988559315902778
36279 11322591 1.3978849707355503 0.08295248672553009 0.36576 2.445003484775232 -0.7988559315902778
36280 11322591 1.3975949892613104 0.08261381605497255 0.36576 2.445003484775232 -0.7988559315902778
36281 11322591 1.3973050077870703 0.08227514538441501 0.36576 2.445003484775232 -0.7988559315902778
36282 11322591 1.3970150263128305 0.08193647471385748 0.36576 2.445003484775232 -0.7988559315902778
36283 11322591 1.3967250448385904 0.08159780404329994 0.36576 2.445003484775232 -0.7988559315902778
36284 11322591 1.3964350633643505 0.0812591333727424 0.36576 2.445003484775232 -0.7988559315902778
36285 11322591 1.3961450818901104 0.08092046270218486 0.36576 2.445003484775232 -0.7988559315902778
36286 11322591 1.3958551004158706 0.08058179203162733 0.36576 2.445003484775232 -0.7988559315902778
36287 11322591 1.3955651189416305 0.08024312136106979 0.36576 2.445003484775232 -0.7988559315902778
36288 11322591 1.3952751374673906 0.07990445069051226 0.36576 2.445003484775232 -0.7988559315902778
36289 11322591 1.3949851559931505 0.07956578001995472 0.36576 2.445003484775232 -0.7988559315902778
36290 11322591 1.3946951745189107 0.07922710934939718 0.36576 2.445003484775232 -0.7988559315902778
36291 11322591 1.3944051930446706 0.07888843867883964 0.36576 2.445003484775232 -0.7988559315902778
36292 11322591 1.3941152115704307 0.0785497680082821 0.36576 2.445003484775232 -0.7988559315902778
36293 11322591 1.3938252300961906 0.07821109733772456 0.36576 2.445003484775232 -0.7988559315902778
36294 11322591 1.3935352486219508 0.07787242666716704 0.36576 2.445003484775232 -0.7988559315902778
36295 11322591 1.3932452671477107 0.0775337559966095 0.36576 2.445003484775232 -0.7988559315902778
36296 11322591 1.3929552856734708 0.07719508532605196 0.36576 2.445003484775232 -0.7988559315902778
36297 11322591 1.3926653041992307 0.07685641465549442 0.36576 2.445003484775232 -0.7988559315902778
36298 11322591 1.3923753227249909 0.07651774398493688 0.36576 2.445003484775232 -0.7988559315902778
36299 11322591 1.3920853412507508 0.07617907331437934 0.36576 2.445003484775232 -0.7988559315902778
36300 11322591 1.391795359776511 0.07584040264382182 0.36576 2.445003484775232 -0.7988559315902778
36301 11322591 1.3915053783022708 0.07550173197326428 0.36576 2.445003484775232 -0.7988559315902778
36302 11322591 1.391215396828031 0.07516306130270674 0.36576 2.445003484775232 -0.7988559315902778
36303 11322591 1.3909254153537909 0.0748243906321492 0.36576 2.445003484775232 -0.7988559315902778
36304 11322591 1.390635433879551 0.07448571996159166 0.36576 2.445003484775232 -0.7988559315902778
36305 11322591 1.390345452405311 0.07414704929103413 0.36576 2.445003484775232 -0.7988559315902778
36306 11322591 1.390055470931071 0.0738083786204766 0.36576 2.445003484775232 -0.7988559315902778
36307 11322591 1.389765489456831 0.07346970794991906 0.36576 2.445003484775232 -0.7988559315902778
36308 11322591 1.3894755079825911 0.07313103727936152 0.36576 2.445003484775232 -0.7988559315902778
36309 11322591 1.389185526508351 0.07279236660880398 0.36576 2.445003484775232 -0.7988559315902778
36310 11322591 1.3888955450341112 0.07245369593824644 0.36576 2.445003484775232 -0.7988559315902778
36311 11322591 1.388605563559871 0.0721150252676889 0.36576 2.445003484775232 -0.7988559315902778
36312 11322591 1.3883155820856312 0.07177635459713137 0.36576 2.445003484775232 -0.7988559315902778
36313 11322591 1.3880256006113911 0.07143768392657383 0.36576 2.445003484775232 -0.7988559315902778
36314 11322591 1.3877356191371513 0.0710990132560163 0.36576 2.445003484775232 -0.7988559315902778
36315 11322591 1.3874456376629112 0.07076034258545875 0.36576 2.445003484775232 -0.7988559315902778
36316 11322591 1.3871556561886713 0.07042167191490122 0.36576 2.445003484775232 -0.7988559315902778
36317 11322591 1.3868656747144312 0.07008300124434369 0.36576 2.445003484775232 -0.7988559315902778
36318 11322591 1.3865756932401914 0.06974433057378615 0.36576 2.445003484775232 -0.7988559315902778
36319 11322591 1.3862857117659513 0.06940565990322861 0.36576 2.445003484775232 -0.7988559315902778
36320 11322591 1.3859957302917114 0.06906698923267107 0.36576 2.445003484775232 -0.7988559315902778
36321 11322591 1.3857057488174713 0.06872831856211353 0.36576 2.445003484775232 -0.7988559315902778
36322 11322591 1.3854157673432315 0.068389647891556 0.36576 2.445003484775232 -0.7988559315902778
36323 11322591 1.3851257858689914 0.06805097722099845 0.36576 2.445003484775232 -0.7988559315902778
36324 11322591 1.3848358043947515 0.06771230655044093 0.36576 2.445003484775232 -0.7988559315902778
36325 11322591 1.3845458229205116 0.06737363587988339 0.36576 2.445003484775232 -0.7988559315902778
36326 11322591 1.3842558414462716 0.06703496520932585 0.36576 2.445003484775232 -0.7988559315902778
36327 11322591 1.3839658599720317 0.06669629453876831 0.36576 2.445003484775232 -0.7988559315902778
36328 11322591 1.3836758784977916 0.06635762386821079 0.36576 2.445003484775232 -0.7988559315902778
36329 11322591 1.3833858970235517 0.06601895319765325 0.36576 2.445003484775232 -0.7988559315902778
36330 11322591 1.3830959155493117 0.0656802825270957 0.36576 2.445003484775232 -0.7988559315902778
36331 11322591 1.3828059340750718 0.06534161185653817 0.36576 2.445003484775232 -0.7988559315902778
36332 11322591 1.3825159526008317 0.06500294118598063 0.36576 2.445003484775232 -0.7988559315902778
36333 11322591 1.3822259711265918 0.06466427051542309 0.36576 2.445003484775232 -0.7988559315902778
