34946 10628960 -3.400751735049834e-05 0.05200082747222716 0.24384 -2.570776552658184 -0.08556141830814801
34947 10628960 -0.0002224976259483924 0.049725818436347546 0.24384 -2.570776552658184 -0.08556141830814801
34948 10628960 -0.00041098773454628645 0.04745080940046793 0.24384 -2.570776552658184 -0.08556141830814801
34949 10628960 -0.0005994778431441805 0.04517580036458832 0.24384 -2.570776552658184 -0.08556141830814801
34950 10628960 -0.00014264022929492845 0.04212695507245877 0.24384 -2.570776552658184 -0.08556141830814801
34951 10628960 0.0003141973845543236 0.03907810978032922 0.24384 -2.570776552658184 -0.08556141830814801
34952 10628960 0.0007710349984035756 0.03602926448819967 0.24384 -2.570776552658184 -0.08556141830814801
34953 10628960 0.0012278726122528277 0.03298041919607012 0.24384 -2.570776552658184 -0.08556141830814801
34954 10628960 0.0016847102261020796 0.02993157390394057 0.24384 -2.570776552658184 -0.08556141830814801
34955 10628960 0.0021415478399513317 0.02688272861181102 0.24384 -2.570776552658184 -0.08556141830814801
34956 10628960 0.002598385453800584 0.023833883319681472 0.24384 -2.570776552658184 -0.08556141830814801
34957 10628960 0.003055223067649836 0.02078503802755192 0.24384 -2.570776552658184 -0.08556141830814801
34958 10628960 0.003512060681499088 0.01773619273542237 0.24384 -2.570776552658184 -0.08556141830814801
34959 10628960 0.00396889829534834 0.014687347443292822 0.24384 -2.570776552658184 -0.08556141830814801
34960 10628960 0.004425735909197592 0.011638502151163271 0.24384 -2.570776552658184 -0.08556141830814801
34961 10628960 0.010961503716641452 0.011254799986868808 0.24384 -2.570776552658184 -0.08556141830814801
34962 10628960 0.01749727152408531 0.010871097822574347 0.24384 -2.570776552658184 -0.08556141830814801
34963 10628960 0.02403303933152917 0.010487395658279884 0.24384 -2.570776552658184 -0.08556141830814801
34964 10628960 0.03056880713897303 0.01010369349398542 0.24384 -2.570776552658184 -0.08556141830814801
34965 10628960 0.03710457494641689 0.009719991329690958 0.24384 -2.570776552658184 -0.08556141830814801
34966 10628960 0.04364034275386075 0.009336289165396496 0.24384 -2.570776552658184 -0.08556141830814801
34967 10628960 0.05017611056130461 0.008952587001102033 0.24384 -2.570776552658184 -0.08556141830814801
34968 10628960 0.05671187836874847 0.00856888483680757 0.24384 -2.570776552658184 -0.08556141830814801
34969 10628960 0.06324764617619233 0.008185182672513107 0.24384 -2.570776552658184 -0.08556141830814801
34970 10628960 0.06978341398363619 0.0078014805082186455 0.24384 -2.570776552658184 -0.08556141830814801
34971 10628960 0.07631918179108005 0.007417778343924182 0.24384 -2.570776552658184 -0.08556141830814801
34972 10628960 0.08285494959852391 0.00703407617962972 0.24384 -2.570776552658184 -0.08556141830814801
34973 10628960 0.08939071740596777 0.006650374015335257 0.24384 -2.570776552658184 -0.08556141830814801
34974 10628960 0.09592648521341163 0.006266671851040795 0.24384 -2.570776552658184 -0.08556141830814801
34975 10628960 0.11010241484785228 0.005255263665680854 0.24384 -2.570776552658184 -0.08556141830814801
34976 10628960 0.12427834448229295 0.004243855480320913 0.24384 -2.570776552658184 -0.08556141830814801
34977 10628960 0.1384542741167336 0.0032324472949609717 0.24384 -2.570776552658184 -0.08556141830814801
34978 10628960 0.15901472151961338 0.00363936581996796 0.24384 -2.570776552658184 -0.08556141830814801
34979 10628960 0.183956317629538 0.004951077382885027 0.27432 -2.570776552658184 -0.08556141830814801
34980 10628960 0.20784046100316123 0.0035708877587543875 0.24384 -2.570776552658184 -0.08556141830814801
34981 10628960 0.23407790112841187 0.0050433998002905045 0.27432 -2.570776552658184 -0.08556141830814801
34982 10628960 0.24522501320572976 0.006540865575020399 0.27432 -2.570776552658184 -0.08556141830814801
34983 10628960 0.27280031633410784 0.003954558157014537 0.27432 -2.570776552658184 -0.08556141830814801
34984 10628960 0.30416223274086696 0.0042589632061225775 0.27432 -2.570776552658184 -0.08556141830814801
34985 10628960 0.33552414914762607 0.004563368255230617 0.27432 -2.570776552658184 -0.08556141830814801
34986 10628960 0.3668860655543852 0.004867773304338657 0.27432 -2.570776552658184 -0.08556141830814801
34987 10628960 0.4039318522551463 0.005534911212842285 0.27432 -2.570776552658184 -0.08556141830814801
34988 10628960 0.44097763895590736 0.006202049121345911 0.27432 -2.570776552658184 -0.08556141830814801
34989 10628960 0.47802342565666844 0.006869187029849538 0.27432 -2.570776552658184 -0.08556141830814801
34990 10628960 0.5055313634363002 0.006116631103076017 0.25908 -2.570776552658184 -0.08556141830814801
34991 10628960 0.533039301215932 0.005364075176302496 0.24384 -2.570776552658184 -0.08556141830814801
34992 10628960 0.5782878695860987 0.006583667661220538 0.24384 -2.570776552658184 -0.08556141830814801
34993 10628960 0.6309180542678112 0.004573711888951226 0.24384 -2.570776552658184 -0.08556141830814801
34994 10628960 0.670127937039755 0.005229661794778312 0.2466109090909091 -2.570776552658184 -0.08556141830814801
34995 10628960 0.7093378198116989 0.005885611700605397 0.24938181818181818 -2.570776552658184 -0.08556141830814801
34996 10628960 0.7485477025836427 0.006541561606432482 0.25215272727272725 -2.570776552658184 -0.08556141830814801
34997 10628960 0.7877575853555866 0.007197511512259568 0.25492363636363635 -2.570776552658184 -0.08556141830814801
34998 10628960 0.8269674681275304 0.007853461418086653 0.25769454545454545 -2.570776552658184 -0.08556141830814801
34999 10628960 0.8661773508994742 0.008509411323913738 0.26046545454545456 -2.570776552658184 -0.08556141830814801
35000 10628960 0.9053872336714182 0.009165361229740824 0.26323636363636366 -2.570776552658184 -0.08556141830814801
35001 10628960 0.944597116443362 0.00982131113556791 0.26600727272727276 -2.570776552658184 -0.08556141830814801
35002 10628960 0.9838069992153058 0.010477261041394995 0.2687781818181818 -2.570776552658184 -0.08556141830814801
35003 10628960 1.0230168819872496 0.01113321094722208 0.2715490909090909 -2.570776552658184 -0.08556141830814801
35004 10628960 1.0622267647591934 0.011789160853049166 0.27432 -2.570776552658184 -0.08556141830814801
35005 10628960 1.0963919827643718 0.013069680368763867 0.28194 -2.570776552658184 -0.08556141830814801
35006 10628960 1.13055720076955 0.014350199884478568 0.28956000000000004 -2.570776552658184 -0.08556141830814801
35007 10628960 1.164722418774728 0.01563071940019327 0.29718 -2.570776552658184 -0.08556141830814801
35008 10628960 1.1988876367799064 0.01691123891590797 0.3048 -2.570776552658184 -0.08556141830814801
35009 10628960 1.258020963492672 0.018505534486879666 0.3048 -2.570776552658184 -0.08556141830814801
35010 10628960 1.32142349709539 0.0250142031831814 0.3048 -2.570776552658184 -0.08556141830814801
35011 10628960 1.3662161034476323 0.03164433535706128 0.3048 -2.570776552658184 -0.08556141830814801
35012 10628960 1.4151084252671278 0.03179527760312821 0.3048 -2.570776552658184 -0.08556141830814801
35013 10628960 1.4327244957696141 0.03678883320315807 0.3048 -2.570776552658184 -0.08556141830814801
35014 10628960 1.470965566962506 0.038316575062070674 0.3048 -2.570776552658184 -0.08556141830814801
35015 10628960 1.5092066381553977 0.03984431692098328 0.3048 -2.570776552658184 -0.08556141830814801
35016 10628960 1.5726082341039045 0.04635521701860232 0.3048 -2.570776552658184 -0.08556141830814801
35017 10628960 1.616651016284591 0.047974560818137224 0.33528 -2.570776552658184 -0.08556141830814801
35018 10628960 1.6670396988675615 0.05651684197915269 0.33528 -2.570776552658184 -0.08556141830814801
35019 10628960 1.6860070161659801 0.059667714927545565 0.33528 -2.570776552658184 -0.08556141830814801
35020 10628960 1.7049743334643985 0.06281858787593844 0.33528 -2.570776552658184 -0.08556141830814801
35021 10628960 1.7678455006196772 0.06635000772621458 0.33528 -2.570776552658184 -0.08556141830814801
35022 10628960 1.8077407891117525 0.0729464418225439 0.33528 -2.570776552658184 -0.08556141830814801
35023 10628960 1.8662921725279058 0.08092680243423381 0.33528 -2.570776552658184 -0.08556141830814801
35024 10628960 1.9086323435554606 0.08875834387592867 0.341376 -2.570776552658184 -0.08556141830814801
35025 10628960 1.9509725145830155 0.09658988531762353 0.347472 -2.570776552658184 -0.08556141830814801
35026 10628960 1.99331268561057 0.10442142675931837 0.353568 -2.570776552658184 -0.08556141830814801
35027 10628960 2.035652856638125 0.11225296820101323 0.359664 -2.570776552658184 -0.08556141830814801
35028 10628960 2.0779930276656797 0.12008450964270809 0.36576 -2.570776552658184 -0.08556141830814801
35029 10628960 2.1188056850965955 0.12813510722333674 0.36576 -2.570776552658184 -0.08556141830814801
35030 10628960 2.139028577180433 0.1322788110483659 0.36576 -2.570776552658184 -0.08556141830814801
35031 10628960 2.1592514692642704 0.13642251487339505 0.36576 -2.570776552658184 -0.08556141830814801
35032 10628960 2.2192807575398543 0.1448572259671804 0.36576 -2.570776552658184 -0.08556141830814801
35033 10628960 2.263156293330404 0.15576340751766846 0.36576 -2.570776552658184 -0.08556141830814801
35034 10628960 2.3100819707952795 0.16730932034795884 0.36576 -2.570776552658184 -0.08556141830814801
35035 10628960 2.3508938605073295 0.1753612346904441 0.36576 -2.570776552658184 -0.08556141830814801
35036 10628960 2.3870386269048858 0.1827176623990924 0.36576 -2.570776552658184 -0.08556141830814801
35037 10628960 2.405490124234466 0.18755715873174797 0.36576 -2.570776552658184 -0.08556141830814801
35038 10628960 2.4953564817180593 0.20307355966244414 0.39624000000000004 -2.570776552658184 -0.08556141830814801
35039 10628960 2.53249759198516 0.2094044415272157 0.39624000000000004 -2.570776552658184 -0.08556141830814801
35040 10628960 2.56963870225226 0.21573532339198728 0.39624000000000004 -2.570776552658184 -0.08556141830814801
35041 10628960 2.610394531107998 0.2213537448511168 0.39624000000000004 -2.570776552658184 -0.08556141830814801
35042 10628960 2.6511503599637356 0.22697216631024636 0.39624000000000004 -2.570776552658184 -0.08556141830814801
35043 10628960 2.6919061888194733 0.23259058776937588 0.39624000000000004 -2.570776552658184 -0.08556141830814801
35044 10628960 2.7336346673753695 0.23733728402670876 0.40386000000000005 -2.570776552658184 -0.08556141830814801
35045 10628960 2.775363145931266 0.24208398028404166 0.41148000000000007 -2.570776552658184 -0.08556141830814801
35046 10628960 2.817091624487163 0.24683067654137453 0.41910000000000003 -2.570776552658184 -0.08556141830814801
35047 10628960 2.858820103043059 0.2515773727987074 0.42672000000000004 -2.570776552658184 -0.08556141830814801
35048 10628960 2.9016435253310515 0.25219979362616574 0.42672000000000004 -2.570776552658184 -0.08556141830814801
35049 10628960 2.918705471435913 0.2546903788633278 0.42672000000000004 -2.570776552658184 -0.08556141830814801
35050 10628960 2.9357674175407746 0.25718096410048985 0.42672000000000004 -2.570776552658184 -0.08556141830814801
35051 10628960 3.0007460771778347 0.26529069913554776 0.42672000000000004 -2.570776552658184 -0.08556141830814801
35052 10628960 3.0657247368148948 0.27340043417060567 0.42672000000000004 -2.570776552658184 -0.08556141830814801
35053 10628960 3.1007811822870117 0.2792461616078677 0.43688000000000005 -2.570776552658184 -0.08556141830814801
35054 10628960 3.1358376277591287 0.2850918890451298 0.44704000000000005 -2.570776552658184 -0.08556141830814801
35055 10628960 3.1708940732312456 0.2909376164823918 0.45720000000000005 -2.570776552658184 -0.08556141830814801
35056 10628960 3.222026037088457 0.29979176844232486 0.45720000000000005 -2.570776552658184 -0.08556141830814801
35057 10628960 3.2731580009456684 0.30864592040225786 0.45720000000000005 -2.570776552658184 -0.08556141830814801
35058 10628960 3.3242899648028796 0.3175000723621909 0.45720000000000005 -2.570776552658184 -0.08556141830814801
35059 10628960 3.364703579816117 0.3307362983408305 0.4603531034482759 -2.570776552658184 -0.08556141830814801
35060 10628960 3.405117194829354 0.34397252431947006 0.46350620689655175 -2.570776552658184 -0.08556141830814801
35061 10628960 3.445530809842592 0.35720875029810967 0.46665931034482766 -2.570776552658184 -0.08556141830814801
35062 10628960 3.485944424855829 0.37044497627674927 0.4698124137931035 -2.570776552658184 -0.08556141830814801
35063 10628960 3.5263580398690664 0.3836812022553888 0.47296551724137936 -2.570776552658184 -0.08556141830814801
35064 10628960 3.5667716548823036 0.3969174282340284 0.4761186206896552 -2.570776552658184 -0.08556141830814801
35065 10628960 3.607185269895541 0.41015365421266803 0.47927172413793107 -2.570776552658184 -0.08556141830814801
35066 10628960 3.647598884908778 0.42338988019130763 0.4824248275862069 -2.570776552658184 -0.08556141830814801
35067 10628960 3.6880124999220154 0.43662610616994724 0.4855779310344828 -2.570776552658184 -0.08556141830814801
35068 10628960 3.728426114935253 0.4498623321485868 0.4887310344827587 -2.570776552658184 -0.08556141830814801
35069 10628960 3.7688397299484904 0.4630985581272264 0.4918841379310345 -2.570776552658184 -0.08556141830814801
35070 10628960 3.8092533449617276 0.47633478410586594 0.4950372413793104 -2.570776552658184 -0.08556141830814801
35071 10628960 3.849666959974965 0.48957101008450554 0.49819034482758623 -2.570776552658184 -0.08556141830814801
35072 10628960 3.890080574988202 0.5028072360631451 0.5013434482758621 -2.570776552658184 -0.08556141830814801
35073 10628960 3.93049419000144 0.5160434620417848 0.504496551724138 -2.570776552658184 -0.08556141830814801
35074 10628960 3.970907805014677 0.5292796880204244 0.5076496551724138 -2.570776552658184 -0.08556141830814801
35075 10628960 4.011321420027914 0.5425159139990638 0.5108027586206897 -2.570776552658184 -0.08556141830814801
35076 10628960 4.051735035041151 0.5557521399777035 0.5139558620689656 -2.570776552658184 -0.08556141830814801
35077 10628960 4.092148650054389 0.5689883659563431 0.5171089655172414 -2.570776552658184 -0.08556141830814801
35078 10628960 4.132562265067627 0.5822245919349827 0.5202620689655173 -2.570776552658184 -0.08556141830814801
35079 10628960 4.172975880080863 0.5954608179136223 0.5234151724137931 -2.570776552658184 -0.08556141830814801
35080 10628960 4.213389495094101 0.6086970438922619 0.526568275862069 -2.570776552658184 -0.08556141830814801
35081 10628960 4.253803110107338 0.6219332698709015 0.5297213793103448 -2.570776552658184 -0.08556141830814801
35082 10628960 4.294216725120576 0.6351694958495411 0.5328744827586207 -2.570776552658184 -0.08556141830814801
35083 10628960 4.334630340133813 0.6484057218281807 0.5360275862068966 -2.570776552658184 -0.08556141830814801
35084 10628960 4.37504395514705 0.6616419478068203 0.5391806896551724 -2.570776552658184 -0.08556141830814801
35085 10628960 4.415457570160288 0.6748781737854598 0.5423337931034483 -2.570776552658184 -0.08556141830814801
35086 10628960 4.455871185173525 0.6881143997640994 0.5454868965517241 -2.570776552658184 -0.08556141830814801
35087 10628960 4.496284800186762 0.701350625742739 0.54864 -2.570776552658184 -0.08556141830814801
35088 10628960 4.523789570788404 0.7067451191293866 0.54864 -2.570776552658184 -0.08556141830814801
35089 10628960 4.564390974617365 0.7223515692688448 0.54864 -2.570776552658184 -0.08556141830814801
35090 10628960 4.621407754283894 0.7365747521900741 0.54864 -2.570776552658184 -0.08556141830814801
35091 10628960 4.678424533950421 0.7507979351113033 0.54864 -2.570776552658184 -0.08556141830814801
35092 10628960 4.701117986322397 0.7523309010772253 0.54864 -2.570776552658184 -0.08556141830814801
35093 10628960 4.723811438694373 0.7538638670431473 0.54864 -2.570776552658184 -0.08556141830814801
35094 10628960 4.799581330814859 0.7657084409428202 0.57912 -2.570776552658184 -0.08556141830814801
35095 10628960 4.8337778853379305 0.7657672664275289 0.57912 -2.570776552658184 -0.08556141830814801
35096 10628960 4.867974439861002 0.7658260919122376 0.57912 -2.570776552658184 -0.08556141830814801
35097 10628960 4.954422011415007 0.7641436062712509 0.57912 -2.570776552658184 -0.08556141830814801
35098 10628960 4.993208340939768 0.7612655455711691 0.57912 -2.570776552658184 -0.08556141830814801
35099 10628960 5.031994670464529 0.7583874848710873 0.57912 -2.570776552658184 -0.08556141830814801
35100 10628960 5.0707809999892905 0.7555094241710055 0.57912 -2.570776552658184 -0.08556141830814801
35101 10628960 5.11213523301123 0.7493805684872112 0.57912 -2.570776552658184 -0.08556141830814801
35102 10628960 5.15348946603317 0.7432517128034168 0.57912 -2.570776552658184 -0.08556141830814801
35103 10628960 5.1948436990551095 0.7371228571196224 0.57912 -2.570776552658184 -0.08556141830814801
35104 10628960 5.236197932077049 0.7309940014358282 0.57912 -2.570776552658184 -0.08556141830814801
35105 10628960 5.304656518539433 0.7247866896292842 0.6096 -2.570776552658184 -0.08556141830814801
35106 10628960 5.335526327565704 0.7200924038247368 0.6096 -2.570776552658184 -0.08556141830814801
35107 10628960 5.366396136591975 0.7153981180201895 0.6096 -2.570776552658184 -0.08556141830814801
35108 10628960 5.402446831780878 0.7088976693886518 0.6096 -2.570776552658184 -0.08556141830814801
35109 10628960 5.449732512027818 0.7041848343533884 0.6096 -2.570776552658184 -0.08556141830814801
35110 10628960 5.4970181922747585 0.699471999318125 0.6096 -2.570776552658184 -0.08556141830814801
35111 10628960 5.544303872521699 0.6947591642828616 0.6096 -2.570776552658184 -0.08556141830814801
35112 10628960 5.5873453171720895 0.6824758819626838 0.6096 -2.570776552658184 -0.08556141830814801
35113 10628960 5.630446548583558 0.6771816718962375 0.6096 -2.570776552658184 -0.08556141830814801
35114 10628960 5.675666117046839 0.66477274022169 0.6096 -2.570776552658184 -0.08556141830814801
35115 10628960 5.7342941785945065 0.6403998143084461 0.6096 -2.570776552658184 -0.08556141830814801
35116 10628960 5.77895932282544 0.6140392982613151 0.6096 -2.570776552658184 -0.08556141830814801
35117 10628960 5.823624467056374 0.5876787822141841 0.6096 -2.570776552658184 -0.08556141830814801
35118 10628960 5.823508101489023 0.5883988867018287 0.6096 -2.570776552658184 -0.08556141830814801
35119 10628960 5.823391735921672 0.5891189911894733 0.6096 -2.570776552658184 -0.08556141830814801
35120 10628960 5.82327537035432 0.5898390956771178 0.6096 -2.570776552658184 -0.08556141830814801
35121 10628960 5.8231590047869695 0.5905592001647624 0.6096 -2.570776552658184 -0.08556141830814801
35122 10628960 5.823042639219619 0.591279304652407 0.6096 -2.570776552658184 -0.08556141830814801
35123 10628960 5.822926273652268 0.5919994091400516 0.6096 -2.570776552658184 -0.08556141830814801
35124 10628960 5.822809908084916 0.592719513627696 0.6096 -2.570776552658184 -0.08556141830814801
35125 10628960 5.822693542517565 0.5934396181153406 0.6096 -2.570776552658184 -0.08556141830814801
35126 10628960 5.822577176950214 0.5941597226029852 0.6096 -2.570776552658184 -0.08556141830814801
35127 10628960 5.8224608113828635 0.5948798270906298 0.6096 -2.570776552658184 -0.08556141830814801
35128 10628960 5.822344445815512 0.5955999315782743 0.6096 -2.570776552658184 -0.08556141830814801
35129 10628960 5.822228080248161 0.5963200360659189 0.6096 -2.570776552658184 -0.08556141830814801
35130 10628960 5.82211171468081 0.5970401405535635 0.6096 -2.570776552658184 -0.08556141830814801
35131 10628960 5.821995349113459 0.5977602450412081 0.6096 -2.570776552658184 -0.08556141830814801
35132 10628960 5.821878983546108 0.5984803495288527 0.6096 -2.570776552658184 -0.08556141830814801
35133 10628960 5.821762617978757 0.5992004540164971 0.6096 -2.570776552658184 -0.08556141830814801
35134 10628960 5.821646252411406 0.5999205585041417 0.6096 -2.570776552658184 -0.08556141830814801
35135 10628960 5.821529886844055 0.6006406629917863 0.6096 -2.570776552658184 -0.08556141830814801
35136 10628960 5.821413521276704 0.6013607674794309 0.6096 -2.570776552658184 -0.08556141830814801
35137 10628960 5.8212971557093525 0.6020808719670754 0.6096 -2.570776552658184 -0.08556141830814801
35138 10628960 5.821180790142002 0.60280097645472 0.6096 -2.570776552658184 -0.08556141830814801
35139 10628960 5.821064424574651 0.6035210809423646 0.6096 -2.570776552658184 -0.08556141830814801
35140 10628960 5.8209480590073 0.6042411854300092 0.6096 -2.570776552658184 -0.08556141830814801
35141 10628960 5.820831693439949 0.6049612899176536 0.6096 -2.570776552658184 -0.08556141830814801
35142 10628960 5.820715327872597 0.6056813944052982 0.6096 -2.570776552658184 -0.08556141830814801
35143 10628960 5.8205989623052465 0.6064014988929428 0.6096 -2.570776552658184 -0.08556141830814801
35144 10628960 5.820482596737896 0.6071216033805874 0.6096 -2.570776552658184 -0.08556141830814801
35145 10628960 5.820366231170545 0.6078417078682319 0.6096 -2.570776552658184 -0.08556141830814801
35146 10628960 5.820249865603193 0.6085618123558765 0.6096 -2.570776552658184 -0.08556141830814801
35147 10628960 5.820133500035842 0.6092819168435211 0.6096 -2.570776552658184 -0.08556141830814801
35148 10628960 5.8200171344684914 0.6100020213311657 0.6096 -2.570776552658184 -0.08556141830814801
35149 10628960 5.819900768901141 0.6107221258188102 0.6096 -2.570776552658184 -0.08556141830814801
35150 10628960 5.819784403333789 0.6114422303064547 0.6096 -2.570776552658184 -0.08556141830814801
35151 10628960 5.819668037766438 0.6121623347940993 0.6096 -2.570776552658184 -0.08556141830814801
35152 10628960 5.819551672199087 0.6128824392817439 0.6096 -2.570776552658184 -0.08556141830814801
35153 10628960 5.819435306631736 0.6136025437693885 0.6096 -2.570776552658184 -0.08556141830814801
35154 10628960 5.8193189410643855 0.614322648257033 0.6096 -2.570776552658184 -0.08556141830814801
35155 10628960 5.819202575497034 0.6150427527446776 0.6096 -2.570776552658184 -0.08556141830814801
35156 10628960 5.819086209929683 0.6157628572323222 0.6096 -2.570776552658184 -0.08556141830814801
35157 10628960 5.818969844362332 0.6164829617199667 0.6096 -2.570776552658184 -0.08556141830814801
35158 10628960 5.818853478794981 0.6172030662076112 0.6096 -2.570776552658184 -0.08556141830814801
35159 10628960 5.8187371132276295 0.6179231706952558 0.6096 -2.570776552658184 -0.08556141830814801
35160 10628960 5.818620747660279 0.6186432751829004 0.6096 -3.057007930061816 -1.903281293434885
35161 10628960 5.818504382092928 0.619363379670545 0.6096 -3.057007930061816 -1.903281293434885
35162 10628960 5.818388016525577 0.6200834841581895 0.6096 -3.057007930061816 -1.903281293434885
35163 10628960 5.818271650958226 0.6208035886458341 0.6096 -3.057007930061816 -1.903281293434885
35164 10628960 5.8181552853908745 0.6215236931334787 0.6096 -3.057007930061816 -1.903281293434885
35165 10628960 5.818038919823524 0.6222437976211233 0.6096 -3.057007930061816 -1.903281293434885
35166 10628960 5.817922554256173 0.6229639021087678 0.6096 -3.057007930061816 -1.903281293434885
35167 10628960 5.817806188688822 0.6236840065964123 0.6096 -3.057007930061816 -1.903281293434885
35168 10628960 5.81768982312147 0.6244041110840569 0.6096 -3.057007930061816 -1.903281293434885
35169 10628960 5.817573457554119 0.6251242155717015 0.6096 -3.057007930061816 -1.903281293434885
35170 10628960 5.8174570919867685 0.6258443200593461 0.6096 -3.057007930061816 -1.903281293434885
35171 10628960 5.817340726419418 0.6265644245469906 0.6096 -3.057007930061816 -1.903281293434885
35172 10628960 5.817224360852066 0.6272845290346352 0.6096 -3.057007930061816 -1.903281293434885
35173 10628960 5.817107995284715 0.6280046335222798 0.6096 -3.057007930061816 -1.903281293434885
35174 10628960 5.816991629717364 0.6287247380099243 0.6096 -3.057007930061816 -1.903281293434885
35175 10628960 5.816875264150013 0.6294448424975688 0.6096 -3.057007930061816 -1.903281293434885
35176 10628960 5.816758898582663 0.6301649469852134 0.6096 -3.057007930061816 -1.903281293434885
35177 10628960 5.816642533015311 0.630885051472858 0.6096 -3.057007930061816 -1.903281293434885
