41055 11245849 0.4329344302432149 0.004780225899401455 0.35814000000000007 0.0 0.0
41056 11245849 0.46015629907404165 0.004646720801949611 0.35814000000000007 0.0 0.0
41057 11245849 0.48737816790486843 0.004513215704497767 0.35814000000000007 0.0 0.0
41058 11245849 0.5166166235864346 0.002669428947753294 0.35814000000000007 0.0 0.0
41059 11245849 0.551611530077088 0.001047625278237943 0.35814000000000007 0.0 0.0
41060 11245849 0.612956012967734 -0.0014734436118252897 0.36576 0.0 0.0
41061 11245849 0.6440596747719474 -0.0032251153663571397 0.36829999999999996 0.0 0.0
41062 11245849 0.6751633365761606 -0.00497678712088899 0.37084 0.0 0.0
41063 11245849 0.7062669983803739 -0.00672845887542084 0.37338 0.0 0.0
41064 11245849 0.7544259138841862 -0.007743873198158238 0.37338 0.0 0.0
41065 11245849 0.8010354799000923 -0.010238672688981598 0.37338 0.0 0.0
41066 11245849 0.8476450459159984 -0.012733472179804958 0.37338 0.0 0.0
41067 11245849 0.8920773281059963 -0.013464908673094952 0.37719 0.0 0.0
41068 11245849 0.9365096102959941 -0.014196345166384947 0.381 0.0 0.0
41069 11245849 0.9881896662543082 -0.013673695382078202 0.381 0.0 0.0
41070 11245849 1.0208411116021758 -0.01295049238125797 0.381 0.0 0.0
41071 11245849 1.0534925569500437 -0.01222728938043774 0.381 0.0 0.0
41072 11245849 1.0996162589967087 -0.012400267372921624 0.38481 0.0 0.0
41073 11245849 1.1457399610433738 -0.012573245365405508 0.38862 0.0 0.0
41074 11245849 1.2022342190079 -0.013621903911214595 0.38862 0.0 0.0
41075 11245849 1.2588318195324275 -0.014353432196095098 0.39624000000000004 0.0 0.0
41076 11245849 1.3129185437433892 -0.014614813481063998 0.40386 0.0 0.0
41077 11245849 1.3425296577431518 -0.015584079266089707 0.41148 0.0 0.0
41078 11245849 1.3721407717429146 -0.016553345051115415 0.41910000000000003 0.0 0.0
41079 11245849 1.4134753080972602 -0.01860638858225902 0.42672000000000004 0.0 0.0
41080 11245849 1.4548098444516058 -0.020659432113402626 0.43434000000000006 0.0 0.0
41081 11245849 1.5112345733393553 -0.021916750467552676 0.44958000000000004 0.0 0.0
41082 11245849 1.5502704008370696 -0.0233934619289288 0.45720000000000005 0.0 0.0
41083 11245849 1.589306228334784 -0.024870173390304923 0.46482000000000007 0.0 0.0
41084 11245849 1.6243940230641194 -0.02347998460930903 0.47243999999999997 0.0 0.0
41085 11245849 1.6622260493847572 -0.024562950947542087 0.47624999999999995 0.0 0.0
41086 11245849 1.7000580757053947 -0.025645917285775144 0.48006 0.0 0.0
41087 11245849 1.7240339244425917 -0.02564941845604926 0.48768 0.0 0.0
41088 11245849 1.7649971426622217 -0.025301249370929133 0.49149 0.0 0.0
41089 11245849 1.8059603608818517 -0.024953080285809004 0.4953 0.0 0.0
41090 11245849 1.8513071823268628 -0.027496477723329776 0.4953 0.0 0.0
41091 11245849 1.880774547654941 -0.02835830138033417 0.49911000000000005 0.0 0.0
41092 11245849 1.910241912983019 -0.029220125037338562 0.50292 0.0 0.0
41093 11245849 1.953405915179452 -0.029472847007154912 0.50673 0.0 0.0
41094 11245849 1.996569917375885 -0.02972556897697126 0.51054 0.0 0.0
41095 11245849 2.036022474695423 -0.03291307101648397 0.51054 0.0 0.0
41096 11245849 2.0832592585895995 -0.03782456592694236 0.5181600000000001 0.0 0.0
41097 11245849 2.13035812875531 -0.0431580011082085 0.5181600000000001 0.0 0.0
41098 11245849 2.158291330559628 -0.04871627411427794 0.52197 0.0 0.0
41099 11245849 2.186224532363946 -0.05427454712034738 0.52578 0.0 0.0
41100 11245849 2.2287444742209295 -0.06547166663745341 0.52959 0.0 0.0
41101 11245849 2.271264416077913 -0.07666878615455944 0.5334 0.0 0.0
41102 11245849 2.3266429511611015 -0.09743770097375881 0.5334 0.0 0.0
41103 11245849 2.357948156744574 -0.1103460271544317 0.5334 0.0 0.0
41104 11245849 2.388197326021311 -0.12512895286149686 0.54102 0.0 0.0
41105 11245849 2.434297516123541 -0.15011023526247977 0.54102 0.0 0.0
41106 11245849 2.4632254249873986 -0.16948449718261355 0.5448299999999999 0.0 0.0
41107 11245849 2.4921533338512565 -0.18885875910274733 0.54864 0.0 0.0
41108 11245849 2.5245860096930675 -0.2146338359855147 0.55626 0.0 0.0
41109 11245849 2.5558249745352075 -0.24270579604448247 0.56388 0.0 0.0
41110 11245849 2.581766861734799 -0.2706836657555014 0.5715 0.0 0.0
41111 11245849 2.6219243057716044 -0.32175939588092295 0.58674 0.0 0.0
41112 11245849 2.644895602825025 -0.35203796845979196 0.59436 0.0 0.0
41113 11245849 2.660807257902859 -0.37674088498463587 0.6019800000000001 0.0 0.0
41114 11245849 2.675365231425312 -0.40287085763856045 0.60579 0.0 0.0
41115 11245849 2.689923204947765 -0.42900083029248504 0.6096 0.0 0.0
41116 11245849 2.707553714664497 -0.46612148883048177 0.61341 0.0 0.0
41117 11245849 2.7251842243812288 -0.5032421473684785 0.61722 0.0 0.0
41118 11245849 2.7404421856907266 -0.5394712892023714 0.61722 0.0 0.0
41119 11245849 2.7557001470002245 -0.5757004310362644 0.61722 0.0 0.0
41120 11245849 2.7706579504531907 -0.6060490444244606 0.61722 0.0 0.0
41121 11245849 2.786052090979739 -0.6459436548435298 0.61722 0.0 0.0
41122 11245849 2.801446231506287 -0.6858382652625991 0.61722 0.0 0.0
41123 11245849 2.821375871374668 -0.7363247152779008 0.61341 0.0 0.0
41124 11245849 2.841305511243049 -0.7868111652932025 0.6096 0.0 0.0
41125 11245849 2.8522417985585244 -0.8131598792061877 0.6096 0.0 0.0
41126 11245849 2.8768672299724 -0.8862638422812418 0.6096 0.0 0.0
41127 11245849 2.891853290168739 -0.9312228497233098 0.6096 0.0 0.0
41128 11245849 2.905531007945853 -0.9682201022131263 0.6096 0.0 0.0
41129 11245849 2.9192087257229673 -1.0052173547029426 0.6096 0.0 0.0
41130 11245849 2.9287950915380563 -1.0384259898298485 0.61341 0.0 0.0
41131 11245849 2.9383814573531453 -1.0716346249567545 0.61722 0.0 0.0
41132 11245849 2.954657984710866 -1.1295134856511055 0.61722 0.0 0.0
41133 11245849 2.968211522225278 -1.187846771772207 0.62103 0.0 0.0
41134 11330440 4.963425716927849 2.718121836938098 0.9906 0.0 0.0
41134 11245849 2.98176505973969 -1.2461800578933084 0.6248400000000001 0.0 0.0
41135 11330440 4.917911619307939 2.695592072555527 0.9906 0.0 0.0
41135 11245849 2.9894119305237448 -1.2962190544918888 0.6248400000000001 0.0 0.0
41136 11245849 2.9977583183250553 -1.3468367099823386 0.63246 0.0 0.0
41136 11330440 4.873361683680181 2.6664985541299853 0.9906 0.0 0.0
41137 11245849 3.0049539348498655 -1.406423820225344 0.63246 0.0 0.0
41137 11330440 4.828811748052423 2.637405035704444 0.9906 0.0 0.0
41138 11330440 4.732629146868816 2.581996950655278 0.9906 0.0 0.0
41138 11245849 3.0086737266129626 -1.445368595751361 0.6362700000000001 0.0 0.0
41139 11245849 3.0123935183760597 -1.4843133712773777 0.6400800000000001 0.0 0.0
41139 11330440 4.581834571709388 2.4952318481627533 0.98298 0.0 0.0
41140 11330440 4.504826691916299 2.4441986704950827 0.97536 0.0 0.0
41140 11245849 3.0166763473382803 -1.5457532069726858 0.6400800000000001 0.0 0.0
41141 11330440 4.4306896519570556 2.403326417875403 0.97536 0.0 0.0
41141 11245849 3.020161600413127 -1.597120330362144 0.6438900000000001 0.0 0.0
41142 11245849 3.023646853487974 -1.648487453751602 0.6477 0.0 0.0
41142 11330440 4.353937593807541 2.360971751440888 0.97536 0.0 0.0
41143 11245849 3.0261924198647145 -1.6991973964172902 0.6477 0.0 0.0
41143 11330440 4.31672054614243 2.34239514306441 0.97536 0.0 0.0
41144 11330440 4.242581545113865 2.30152475628613 0.96774 0.0 0.0
41144 11245849 3.0244084227186576 -1.7386820954606834 0.6477 0.0 0.0
41145 11330440 4.146593033015544 2.2576228332580532 0.97536 0.0 0.0
41145 11245849 3.024027148544338 -1.8214948858416733 0.6477 0.0 0.0
41146 11330440 4.065220266224181 2.2177126985314226 0.96012 0.0 0.0
41146 11245849 3.0224122159487052 -1.8686275156286687 0.65151 0.0 0.0
41147 11245849 3.0207972833530725 -1.9157601454156639 0.65532 0.0 0.0
41147 11330440 3.991009198800355 2.1932216445768837 0.96774 0.0 0.0
41148 11330440 3.8939840488838806 2.1635614373404555 0.97536 0.0 0.0
41148 11245849 3.016848467585504 -1.9768495183923391 0.6629400000000001 0.0 0.0
41149 11245849 3.0143918580933176 -2.0179446399614247 0.6629400000000001 0.0 0.0
41149 11330440 3.8745337626275993 2.1570018180057255 0.97536 0.0 0.0
41150 11245849 3.0119352486011306 -2.0590397615305105 0.6629400000000001 0.0 0.0
41150 11330440 3.855083476371318 2.150442198670996 0.97536 0.0 0.0
41151 11245849 3.009478639108944 -2.1001348830995963 0.6629400000000001 0.0 0.0
41151 11330440 3.7463460366270747 2.12624184790744 0.96774 0.0 0.0
41152 11330440 3.6291122025125055 2.116264343077981 0.96774 0.0 0.0
41152 11245849 3.0036083258847577 -2.1507848610350124 0.6667500000000001 0.0 0.0
41153 11245849 2.9977380126605713 -2.2014348389704286 0.67056 0.0 0.0
41153 11330440 3.557812636090789 2.112671133825272 0.96774 0.0 0.0
41154 11330440 3.4948851934134293 2.1156908842552173 0.96774 0.0 0.0
41154 11245849 2.991867902451184 -2.2520848551557124 0.67056 0.0 0.0
41155 11245849 2.986884944253088 -2.2932121174102518 0.6781800000000001 0.0 0.0
41155 11330440 3.3885191246986652 2.125415873939788 0.97536 0.0 0.0
41156 11330440 3.319983223636937 2.1400808226048427 0.97536 0.0 0.0
41156 11245849 2.980307366148926 -2.3637229359433873 0.6781800000000001 0.0 0.0
41157 11330440 3.287400504802253 2.1476810905739874 0.97536 0.0 0.0
41157 11245849 2.9700937946815706 -2.43585072905647 0.6781800000000001 0.0 0.0
41158 11245849 2.9649165626392495 -2.476213671755151 0.6858000000000001 0.0 0.0
41158 11330440 3.227026238642035 2.17007954675498 0.97536 0.0 0.0
41159 11245849 2.9570556468769444 -2.5166353830982104 0.6858000000000001 0.0 0.0
41159 11330440 3.1666519724818167 2.1924780029359723 0.97536 0.0 0.0
41160 11330440 3.1096778976755077 2.2164539990453176 0.97536 0.0 0.0
41160 11245849 2.9490190347031167 -2.56657833057349 0.6896100000000001 0.0 0.0
41161 11245849 2.940982422529289 -2.6165212780487694 0.69342 0.0 0.0
41161 11330440 3.0309731457475895 2.2581566666901245 0.97536 0.0 0.0
41162 11330440 2.998819431646916 2.281116687000085 0.97282 0.0 0.0
41162 11245849 2.9295093018526277 -2.685434483484064 0.69342 0.0 0.0
41163 11245849 2.921763579695626 -2.725504367750293 0.69596 0.0 0.0
41163 11330440 2.9666657175462423 2.3040767073100463 0.97028 0.0 0.0
41164 11245849 2.9140178575386244 -2.765574252016522 0.6985000000000001 0.0 0.0
41164 11330440 2.934512003445569 2.327036727620007 0.96774 0.0 0.0
41165 11330440 2.8793815874955957 2.3824806939956993 0.96393 0.0 0.0
41165 11245849 2.9062721353816228 -2.8056441362827504 0.7010400000000001 0.0 0.0
41166 11330440 2.8242511715456224 2.437924660371391 0.96012 0.0 0.0
41166 11245849 2.8955524831646517 -2.854828344139404 0.7010400000000001 0.0 0.0
41167 11245849 2.881706115206634 -2.922850266692962 0.7010400000000001 0.0 0.0
41167 11330440 2.785824715675507 2.488790827103018 0.96012 0.0 0.0
41168 11330440 2.758111824142862 2.534406275271355 0.96012 0.0 0.0
41168 11245849 2.8734752356773976 -2.9728465481218165 0.7086600000000001 0.0 0.0
41169 11245849 2.8646632380905572 -3.0127826182439623 0.7086600000000001 0.0 0.0
41169 11330440 2.721777865009936 2.605267293057971 0.96012 0.0 0.0
41170 11330440 2.7039559667234108 2.662139003713719 0.9525 0.0 0.0
41170 11245849 2.855851240503717 -3.052718688366108 0.7086600000000001 0.0 0.0
41171 11330440 2.687954840695337 2.7164302538602345 0.9525 0.0 0.0
41171 11245849 2.8451664622683306 -3.101797415120053 0.7112 0.0 0.0
41172 11245849 2.8344816840329448 -3.1508761418739977 0.7137400000000002 0.0 0.0
41172 11330440 2.676120984678519 2.7644540823545523 0.9525 0.0 0.0
41173 11245849 2.8237969057975585 -3.1999548686279424 0.7162800000000001 0.0 0.0
41173 11330440 2.674921202452676 2.8022292200944765 0.9525 0.0 0.0
41174 11245849 2.8127333717216088 -3.2501949140171487 0.7162800000000001 0.0 0.0
41174 11330440 2.6737214202268325 2.840004357834401 0.9525 0.0 0.0
41175 11245849 2.801669837645659 -3.300434959406355 0.7162800000000001 0.0 0.0
41175 11330440 2.675448985669382 2.915959144707032 0.9448799999999999 0.0 0.0
41176 11330440 2.6816269919704157 2.968848199075263 0.9448799999999999 0.0 0.0
41176 11245849 2.78642249538086 -3.3594140063444815 0.7200900000000001 0.0 0.0
41177 11245849 2.7711751531160607 -3.4183930532826086 0.7239000000000001 0.0 0.0
41177 11330440 2.692742931633438 3.019189929443189 0.9448799999999999 0.0 0.0
41178 11330440 2.7056374596169492 3.058670338148345 0.94107 0.0 0.0
41178 11245849 2.7605895788895705 -3.4637661396543673 0.7239000000000001 0.0 0.0
41179 11330440 2.7185319876004606 3.098150746853501 0.93726 0.0 0.0
41179 11245849 2.7500040046630803 -3.509139226026126 0.7239000000000001 0.0 0.0
41180 11330440 2.7280659411623573 3.1219062159848696 0.93726 0.0 0.0
41180 11245849 2.7300245284200484 -3.570370541672245 0.7239000000000001 0.0 0.0
41181 11330440 2.748634536823194 3.1685765572461646 0.93726 0.0 0.0
41181 11245849 2.7170120464064524 -3.618689686371783 0.7239000000000001 0.0 0.0
41182 11245849 2.701909743156627 -3.6621606592359215 0.7239000000000001 0.0 0.0
41182 11330440 2.7885970499862736 3.2076617746314455 0.9339942857142857 0.0 0.0
41183 11245849 2.686807439906802 -3.70563163210006 0.7239000000000001 0.0 0.0
41183 11330440 2.8285595631493528 3.246746992016726 0.9307285714285715 0.0 0.0
41184 11330440 2.8685220763124324 3.285832209402007 0.9274628571428571 0.0 0.0
41184 11245849 2.6717051366569766 -3.749102604964199 0.7239000000000001 0.0 0.0
41185 11245849 2.6486943000057757 -3.8196241605085706 0.7239000000000001 0.0 0.0
41185 11330440 2.908484589475512 3.324917426787288 0.9241971428571428 0.0 0.0
41186 11330440 2.9484471026385917 3.3640026441725683 0.9209314285714286 0.0 0.0
41186 11245849 2.630102690170297 -3.8636698037589383 0.7277100000000001 0.0 0.0
41187 11330440 2.988409615801671 3.4030878615578493 0.9176657142857143 0.0 0.0
41187 11245849 2.611511080334818 -3.907715447009306 0.73152 0.0 0.0
41188 11245849 2.595840143318635 -3.9475743934919696 0.73152 0.0 0.0
41188 11330440 3.0283721289647505 3.4421730789431297 0.9144000000000001 0.0 0.0
41189 11330440 3.06833464212783 3.4812582963284107 0.9111342857142858 0.0 0.0
41189 11245849 2.577137796437512 -3.996723583504019 0.73152 0.0 0.0
41190 11330440 3.1082971552909093 3.5203435137136916 0.9078685714285715 0.0 0.0
41190 11245849 2.5462462309741207 -4.0668930576170865 0.73152 0.0 0.0
41191 11330440 3.148259668453989 3.559428731098972 0.9046028571428573 0.0 0.0
41191 11245849 2.5223990352454475 -4.115473175037044 0.73152 0.0 0.0
41192 11330440 3.1882221816170686 3.598513948484253 0.901337142857143 0.0 0.0
41192 11245849 2.4985518395167743 -4.164053292457003 0.73152 0.0 0.0
41193 11245849 2.4733542226839393 -4.207695489754791 0.73152 0.0 0.0
41193 11330440 3.2281846947801482 3.637599165869534 0.8980714285714286 0.0 0.0
41194 11245849 2.448156605851105 -4.25133768705258 0.73152 0.0 0.0
41194 11330440 3.2681472079432274 3.6766843832548144 0.8948057142857144 0.0 0.0
41195 11245849 2.42295898901827 -4.294979884350368 0.73152 0.0 0.0
41195 11330440 3.308109721106307 3.7157696006400953 0.8915400000000001 0.0 0.0
41196 11330440 3.3280913412372466 3.7293963027322548 0.8915400000000001 0.0 0.0
41196 11245849 2.3976179793865953 -4.331800186524683 0.73152 0.0 0.0
41197 11330440 3.348072961368186 3.7430230048244146 0.8915400000000001 0.0 0.0
41197 11245849 2.3472116754384595 -4.402960826842423 0.73152 0.0 0.0
41198 11245849 2.3217440657401873 -4.4396229146879 0.73152 0.0 0.0
41198 11330440 3.418497217468513 3.783109890076251 0.88392 0.0 0.0
41199 11330440 3.466860366504262 3.810541324532021 0.88392 0.0 0.0
41199 11245849 2.2962764560419155 -4.476285002533376 0.73152 0.0 0.0
41200 11330440 3.5192331792256066 3.8366636997528403 0.88392 0.0 0.0
41200 11245849 2.258862621382673 -4.524234294327713 0.73152 0.0 0.0
41201 11245849 2.22144878672343 -4.57218358612205 0.73152 0.0 0.0
41201 11330440 3.5608873439105193 3.8507105817679315 0.88138 0.0 0.0
41202 11330440 3.602541508595432 3.8647574637830227 0.8788400000000001 0.0 0.0
41202 11245849 2.188907797614544 -4.609282396217197 0.73533 0.0 0.0
41203 11330440 3.6441956732803447 3.878804345798114 0.8763000000000001 0.0 0.0
41203 11245849 2.156366808505658 -4.646381206312344 0.73914 0.0 0.0
41204 11330440 3.6858498379652573 3.892851227813205 0.8737600000000001 0.0 0.0
41204 11245849 2.1286154989787933 -4.682414669088968 0.73914 0.0 0.0
41205 11245849 2.091030914312336 -4.722715170933141 0.73914 0.0 0.0
41205 11330440 3.72750400265017 3.906898109828296 0.8712200000000001 0.0 0.0
41206 11330440 3.7691581673350827 3.9209449918433874 0.8686800000000001 0.0 0.0
41206 11245849 2.0920976486409235 -4.713344439464906 0.7392095537525355 0.0 0.0
41207 11330440 3.845919394590406 3.9372372879596553 0.8686800000000001 0.0 0.0
41207 11245849 2.0931643829695115 -4.7039737079966715 0.739279107505071 0.0 0.0
41208 11330440 3.906721317885376 3.945423214773697 0.86106 0.0 0.0
41208 11245849 2.094231117298099 -4.694602976528437 0.7393486612576066 0.0 0.0
41209 11245849 2.0952978516266865 -4.685232245060202 0.739418215010142 0.0 0.0
41209 11330440 3.9738042945488763 3.9551803923641127 0.86106 0.0 0.0
41210 11245849 2.0963645859552744 -4.6758615135919674 0.7394877687626775 0.0 0.0
41210 11330440 3.9973474699128655 3.9156466726195056 0.8563582978723405 0.0 0.0
41211 11245849 2.097431320283862 -4.6664907821237325 0.739557322515213 0.0 0.0
41211 11330440 4.020890645276855 3.8761129528748985 0.8516565957446809 0.0 0.0
41212 11330440 4.044433820640844 3.8365792331302915 0.8469548936170214 0.0 0.0
41212 11245849 2.0984980546124494 -4.6571200506554975 0.7396268762677485 0.0 0.0
41213 11245849 2.099564788941037 -4.647749319187263 0.739696430020284 0.0 0.0
41213 11330440 4.067976996004832 3.7970455133856844 0.8422531914893617 0.0 0.0
41214 11330440 4.091520171368821 3.757511793641078 0.8375514893617022 0.0 0.0
41214 11245849 2.100631523269625 -4.6383785877190284 0.7397659837728195 0.0 0.0
41215 11245849 2.1016982575982124 -4.6290078562507935 0.739835537525355 0.0 0.0
41215 11330440 4.115063346732811 3.7179780738964707 0.8328497872340426 0.0 0.0
41216 11330440 4.1386065220968 3.6784443541518637 0.828148085106383 0.0 0.0
41216 11245849 2.1027649919268 -4.6196371247825585 0.7399050912778905 0.0 0.0
41217 11245849 2.103831726255388 -4.6102663933143235 0.739974645030426 0.0 0.0
41217 11330440 4.162149697460789 3.6389106344072566 0.8234463829787234 0.0 0.0
41218 11330440 4.185692872824778 3.5993769146626495 0.8187446808510639 0.0 0.0
41218 11245849 2.1048984605839753 -4.6008956618460894 0.7400441987829615 0.0 0.0
41219 11330440 4.209236048188767 3.5598431949180425 0.8140429787234044 0.0 0.0
41219 11245849 2.105965194912563 -4.5915249303778545 0.7401137525354969 0.0 0.0
41220 11330440 4.232779223552756 3.5203094751734354 0.8093412765957447 -0.4845159657961637 -0.9076554044837779
41220 11245849 2.107031929241151 -4.5821541989096195 0.7401833062880325 -0.4845159657961637 -0.9076554044837779
41221 11245849 2.1080986635697383 -4.5727834674413845 0.740252860040568 -0.4845159657961637 -0.9076554044837779
41221 11330440 4.256322398916745 3.4807757554288283 0.8046395744680852 -0.4845159657961637 -0.9076554044837779
41222 11330440 4.279865574280734 3.4412420356842217 0.7999378723404256 -0.4845159657961637 -0.9076554044837779
41222 11245849 2.109165397898326 -4.56341273597315 0.7403224137931035 -0.4845159657961637 -0.9076554044837779
41223 11330440 4.303408749644723 3.401708315939614 0.795236170212766 -0.4845159657961637 -0.9076554044837779
41223 11245849 2.1102321322269133 -4.5540420045049155 0.740391967545639 -0.4845159657961637 -0.9076554044837779
41224 11245849 2.1112988665555013 -4.5446712730366805 0.7404615212981744 -0.4845159657961637 -0.9076554044837779
41224 11330440 4.3269519250087125 3.3621745961950076 0.7905344680851064 -0.4845159657961637 -0.9076554044837779
41225 11330440 4.350495100372702 3.3226408764504005 0.7858327659574469 -0.4845159657961637 -0.9076554044837779
41225 11245849 2.1123656008840888 -4.5353005415684455 0.7405310750507099 -0.4845159657961637 -0.9076554044837779
41226 11245849 2.1134323352126763 -4.525929810100211 0.7406006288032455 -0.4845159657961637 -0.9076554044837779
41226 11330440 4.374038275736691 3.2831071567057935 0.7811310638297873 -0.4845159657961637 -0.9076554044837779
41227 11245849 2.114499069541264 -4.516559078631976 0.740670182555781 -0.4845159657961637 -0.9076554044837779
41227 11330440 4.397581451100679 3.2435734369611864 0.7764293617021277 -0.4845159657961637 -0.9076554044837779
41228 11245849 2.1155658038698517 -4.5071883471637415 0.7407397363083165 -0.4845159657961637 -0.9076554044837779
41228 11330440 4.421124626464668 3.2040397172165793 0.7717276595744682 -0.4845159657961637 -0.9076554044837779
41229 11330440 4.444667801828658 3.1645059974719723 0.7670259574468086 -0.4845159657961637 -0.9076554044837779
41229 11245849 2.116632538198439 -4.4978176156955065 0.7408092900608519 -0.4845159657961637 -0.9076554044837779
41230 11330440 4.468210977192647 3.124972277727365 0.762324255319149 -0.4845159657961637 -0.9076554044837779
41230 11245849 2.117699272527027 -4.488446884227272 0.7408788438133874 -0.4845159657961637 -0.9076554044837779
41231 11330440 4.491754152556636 3.0854385579827586 0.7576225531914894 -0.4845159657961637 -0.9076554044837779
41231 11245849 2.1187660068556147 -4.479076152759037 0.7409483975659229 -0.4845159657961637 -0.9076554044837779
41232 11245849 2.119832741184202 -4.469705421290802 0.7410179513184585 -0.4845159657961637 -0.9076554044837779
41232 11330440 4.515297327920625 3.045904838238151 0.7529208510638299 -0.4845159657961637 -0.9076554044837779
41233 11330440 4.538840503284614 3.0063711184935444 0.7482191489361703 -0.4845159657961637 -0.9076554044837779
41233 11245849 2.12089947551279 -4.4603346898225675 0.741087505070994 -0.4845159657961637 -0.9076554044837779
41234 11330440 4.562383678648603 2.9668373987489374 0.7435174468085107 -0.4845159657961637 -0.9076554044837779
41234 11245849 2.1219662098413776 -4.450963958354333 0.7411570588235294 -0.4845159657961637 -0.9076554044837779
41235 11245849 2.123032944169965 -4.441593226886098 0.7412266125760649 -0.4845159657961637 -0.9076554044837779
41235 11330440 4.585926854012592 2.9273036790043303 0.7388157446808511 -0.4845159657961637 -0.9076554044837779
41236 11330440 4.609470029376581 2.8877699592597232 0.7341140425531916 -0.4845159657961637 -0.9076554044837779
41236 11245849 2.1240996784985526 -4.432222495417863 0.7412961663286004 -0.4845159657961637 -0.9076554044837779
41237 11330440 4.63301320474057 2.848236239515116 0.7294123404255319 -0.4845159657961637 -0.9076554044837779
41237 11245849 2.1251664128271406 -4.422851763949628 0.7413657200811359 -0.4845159657961637 -0.9076554044837779
41238 11245849 2.126233147155728 -4.413481032481394 0.7414352738336715 -0.4845159657961637 -0.9076554044837779
41238 11330440 4.6565563801045595 2.808702519770509 0.7247106382978724 -0.4845159657961637 -0.9076554044837779
41239 11245849 2.1272998814843156 -4.404110301013159 0.741504827586207 -0.4845159657961637 -0.9076554044837779
41239 11330440 4.680099555468548 2.769168800025902 0.7200089361702129 -0.4845159657961637 -0.9076554044837779
41240 11245849 2.1283666158129035 -4.394739569544924 0.7415743813387424 -0.4845159657961637 -0.9076554044837779
41240 11330440 4.703642730832537 2.7296350802812954 0.7153072340425533 -0.4845159657961637 -0.9076554044837779
41241 11330440 4.727185906196526 2.690101360536688 0.7106055319148937 -0.4845159657961637 -0.9076554044837779
41241 11245849 2.129433350141491 -4.385368838076689 0.7416439350912779 -0.4845159657961637 -0.9076554044837779
41242 11330440 4.750729081560515 2.6505676407920813 0.7059038297872341 -0.4845159657961637 -0.9076554044837779
41242 11245849 2.1305000844700785 -4.375998106608454 0.7417134888438134 -0.4845159657961637 -0.9076554044837779
41243 11245849 2.1315668187986665 -4.36662737514022 0.7417830425963489 -0.4845159657961637 -0.9076554044837779
41243 11330440 4.774272256924505 2.611033921047474 0.7012021276595746 -0.4845159657961637 -0.9076554044837779
41244 11245849 2.132633553127254 -4.357256643671985 0.7418525963488845 -0.4845159657961637 -0.9076554044837779
41244 11330440 4.797815432288494 2.571500201302867 0.6965004255319149 -0.4845159657961637 -0.9076554044837779
41245 11330440 4.821358607652483 2.53196648155826 0.6917987234042554 -0.4845159657961637 -0.9076554044837779
41245 11245849 2.1337002874558415 -4.34788591220375 0.7419221501014199 -0.4845159657961637 -0.9076554044837779
41246 11330440 4.844901783016471 2.492432761813653 0.6870970212765959 -0.4845159657961637 -0.9076554044837779
41246 11245849 2.134767021784429 -4.338515180735515 0.7419917038539554 -0.4845159657961637 -0.9076554044837779
41247 11330440 4.8684449583804605 2.452899042069046 0.6823953191489363 -0.4845159657961637 -0.9076554044837779
41247 11245849 2.135833756113017 -4.32914444926728 0.7420612576064909 -0.4845159657961637 -0.9076554044837779
41248 11330440 4.89198813374445 2.413365322324439 0.6776936170212767 -0.4845159657961637 -0.9076554044837779
41248 11245849 2.1369004904416045 -4.319773717799046 0.7421308113590264 -0.4845159657961637 -0.9076554044837779
41249 11330440 4.915531309108439 2.3738316025798323 0.6729919148936171 -0.4845159657961637 -0.9076554044837779
41249 11245849 2.137967224770192 -4.310402986330811 0.7422003651115618 -0.4845159657961637 -0.9076554044837779
41250 11330440 4.939074484472428 2.3342978828352248 0.6682902127659576 -0.4845159657961637 -0.9076554044837779
41250 11245849 2.13903395909878 -4.301032254862576 0.7422699188640974 -0.4845159657961637 -0.9076554044837779
41251 11330440 4.962617659836417 2.294764163090618 0.6635885106382979 -0.4845159657961637 -0.9076554044837779
41251 11245849 2.1401006934273674 -4.291661523394341 0.7423394726166329 -0.4845159657961637 -0.9076554044837779
41252 11330440 4.9861608352004065 2.2552304433460106 0.6588868085106384 -0.4845159657961637 -0.9076554044837779
41252 11245849 2.141167427755955 -4.282290791926106 0.7424090263691684 -0.4845159657961637 -0.9076554044837779
41253 11245849 2.142234162084543 -4.272920060457872 0.7424785801217039 -0.4845159657961637 -0.9076554044837779
41253 11330440 5.009704010564395 2.215696723601404 0.6541851063829789 -0.4845159657961637 -0.9076554044837779
41254 11245849 2.1433008964131304 -4.263549328989637 0.7425481338742393 -0.4845159657961637 -0.9076554044837779
41254 11330440 5.033247185928384 2.176163003856797 0.6494834042553193 -0.4845159657961637 -0.9076554044837779
41255 11245849 2.144367630741718 -4.254178597521402 0.7426176876267748 -0.4845159657961637 -0.9076554044837779
41255 11330440 5.056790361292373 2.13662928411219 0.6447817021276596 -0.4845159657961637 -0.9076554044837779
41256 11330440 5.0803335366563624 2.097095564367583 0.6400800000000001 -0.4845159657961637 -0.9076554044837779
41256 11245849 2.145434365070306 -4.244807866053167 0.7426872413793104 -0.4845159657961637 -0.9076554044837779
41257 11330440 5.0290312333068545 2.0122070223682647 0.6400800000000001 -0.4845159657961637 -0.9076554044837779
41257 11245849 2.1465010993988933 -4.235437134584932 0.7427567951318459 -0.4845159657961637 -0.9076554044837779
41258 11245849 2.147567833727481 -4.226066403116698 0.7428263488843814 -0.4845159657961637 -0.9076554044837779
41258 11330440 4.99979670662892 1.9563305286194757 0.63246 -0.4845159657961637 -0.9076554044837779
41259 11245849 2.1486345680560683 -4.216695671648463 0.7428959026369168 -0.4845159657961637 -0.9076554044837779
41259 11330440 4.947719125196107 1.8810398492117815 0.63246 -0.4845159657961637 -0.9076554044837779
41260 11330440 4.925280083576145 1.8449068242811841 0.63246 -0.4845159657961637 -0.9076554044837779
41260 11245849 2.1497013023846563 -4.207324940180228 0.7429654563894523 -0.4845159657961637 -0.9076554044837779
41261 11245849 2.150768036713244 -4.197954208711993 0.7430350101419878 -0.4845159657961637 -0.9076554044837779
41261 11330440 4.894797060026103 1.803162949773509 0.62865 -0.4845159657961637 -0.9076554044837779
41262 11330440 4.864314036476061 1.7614190752658343 0.6248400000000001 -0.4845159657961637 -0.9076554044837779
41262 11245849 2.1518347710418313 -4.188583477243758 0.7431045638945234 -0.4845159657961637 -0.9076554044837779
41263 11330440 4.818538013018766 1.7054491612976281 0.6248400000000001 -0.4845159657961637 -0.9076554044837779
41263 11245849 2.1529015053704192 -4.179212745775523 0.7431741176470589 -0.4845159657961637 -0.9076554044837779
41264 11245849 2.1539682396990067 -4.169842014307289 0.7432436713995944 -0.4845159657961637 -0.9076554044837779
41264 11330440 4.765669785649684 1.6454269868846507 0.6248400000000001 -0.4845159657961637 -0.9076554044837779
41265 11245849 2.1550349740275943 -4.160471282839054 0.7433132251521298 -0.4845159657961637 -0.9076554044837779
41265 11330440 4.72799737214198 1.6068173712217366 0.62103 -0.4845159657961637 -0.9076554044837779
41266 11330440 4.6903249586342755 1.5682077555588225 0.61722 -0.4845159657961637 -0.9076554044837779
41267 11330440 4.650988404549826 1.531980980453538 0.61722 -0.4845159657961637 -0.9076554044837779
41268 11330440 4.610101562539301 1.4910036074904436 0.61722 -0.4845159657961637 -0.9076554044837779
41269 11330440 4.533931473925348 1.428947791534884 0.61722 -0.4845159657961637 -0.9076554044837779
41270 11330440 4.5084445876244015 1.4098711919871465 0.61722 -0.4845159657961637 -0.9076554044837779
41271 11330440 4.482957701323455 1.390794592439409 0.61722 -0.4845159657961637 -0.9076554044837779
41272 11330440 4.40652061888468 1.3363609742893576 0.6096 -0.4845159657961637 -0.9076554044837779
41273 11330440 4.357346360200738 1.3053599865479635 0.60579 -0.4845159657961637 -0.9076554044837779
41274 11330440 4.308172101516796 1.2743589988065693 0.6019800000000001 -0.4845159657961637 -0.9076554044837779
41275 11330440 4.2519615553849555 1.2432888210164454 0.6019800000000001 -0.4845159657961637 -0.9076554044837779
41276 11330440 4.203147568185737 1.2177486201020546 0.59436 -0.4845159657961637 -0.9076554044837779
41277 11330440 4.1253460395827695 1.179006014008395 0.59436 -0.4845159657961637 -0.9076554044837779
41278 11330440 4.099821793329161 1.1677104698998855 0.59436 -0.4845159657961637 -0.9076554044837779
41279 11330440 4.046959891036668 1.1417396814271217 0.58674 -0.4845159657961637 -0.9076554044837779
41280 11330440 3.964368343220988 1.1090002567052835 0.58674 -0.4845159657961637 -0.9076554044837779
41281 11330440 3.905087013643807 1.0851250746679009 0.57912 -0.4845159657961637 -0.9076554044837779
41282 11330440 3.8499348646717433 1.0657433755873942 0.57912 -0.4845159657961637 -0.9076554044837779
41283 11330440 3.795013672790356 1.0497910378534223 0.5715 -0.4845159657961637 -0.9076554044837779
41284 11330440 3.7389207387148486 1.0302497418848353 0.5715 -0.4845159657961637 -0.9076554044837779
41285 11330440 3.684343479726934 1.0153539399849276 0.56388 -0.4845159657961637 -0.9076554044837779
41286 11330440 3.6378481258677673 1.0007411842845422 0.56388 -0.4845159657961637 -0.9076554044837779
41287 11330440 3.5913527720086007 0.9861284285841567 0.56388 -0.4845159657961637 -0.9076554044837779
41288 11330440 3.5157842178819485 0.9716600382311391 0.56388 -0.4845159657961637 -0.9076554044837779
41289 11330440 3.480888608045536 0.9643009985507403 0.5600700000000001 -0.4845159657961637 -0.9076554044837779
41290 11330440 3.4459929982091237 0.9569419588703415 0.55626 -0.4845159657961637 -0.9076554044837779
41291 11330440 3.371801214536413 0.9458806582721127 0.55626 -0.4845159657961637 -0.9076554044837779
41292 11330440 3.2976094308637025 0.9348193576738839 0.55626 -0.4845159657961637 -0.9076554044837779
41293 11330440 3.2045225285213688 0.9216330407893721 0.54864 -0.4845159657961637 -0.9076554044837779
41294 11330440 3.146748385023251 0.9132744450615667 0.54864 -0.4845159657961637 -0.9076554044837779
41295 11330440 3.089756950841723 0.9100343242792026 0.54864 -0.4845159657961637 -0.9076554044837779
41296 11330440 3.03402647260896 0.9068502258702451 0.54102 -0.4845159657961637 -0.9076554044837779
41297 11330440 2.9775161129104593 0.9034538460610999 0.54102 -0.4845159657961637 -0.9076554044837779
41298 11330440 2.9382155054414656 0.9027335162109174 0.54102 -0.4845159657961637 -0.9076554044837779
41299 11330440 2.898914897972472 0.9020131863607349 0.54102 -0.4845159657961637 -0.9076554044837779
41300 11330440 2.8375099227584997 0.9002157839641659 0.5334 -0.4845159657961637 -0.9076554044837779
41301 11330440 2.77125630303792 0.8998851008358181 0.5334 -0.4845159657961637 -0.9076554044837779
41302 11330440 2.716021678263022 0.902031824429577 0.5334 -0.4845159657961637 -0.9076554044837779
41303 11330440 2.6428445139680257 0.9036123560931005 0.5334 -0.4845159657961637 -0.9076554044837779
41304 11330440 2.583261681772462 0.901689267720868 0.52578 -0.4845159657961637 -0.9076554044837779
41305 11330440 2.549991637416028 0.9020389890750812 0.52578 -0.4845159657961637 -0.9076554044837779
41306 11330440 2.486595394324671 0.906385092734651 0.52578 -0.4845159657961637 -0.9076554044837779
41307 11330440 2.4086381427735315 0.9096455591765861 0.52578 -0.4845159657961637 -0.9076554044837779
41308 11330440 2.3464421495992367 0.9095121746222755 0.52578 -0.4845159657961637 -0.9076554044837779
41309 11330440 2.3165945669540924 0.9105560653446085 0.52578 -0.4845159657961637 -0.9076554044837779
41310 11330440 2.286746984308948 0.9115999560669416 0.52578 -0.4845159657961637 -0.9076554044837779
41311 11330440 2.2278634734528495 0.9107362439150065 0.52578 -0.4845159657961637 -0.9076554044837779
41312 11330440 2.176837025600861 0.9149004200925128 0.5181600000000001 -0.4845159657961637 -0.9076554044837779
41313 11330440 2.127526758156968 0.9145325125913639 0.5181600000000001 -0.4845159657961637 -0.9076554044837779
41314 11330440 2.0668326410585305 0.9151959245524243 0.5181600000000001 -0.4845159657961637 -0.9076554044837779
41315 11330440 2.0131670085537663 0.9167184853003564 0.5181600000000001 -0.4845159657961637 -0.9076554044837779
41316 11330440 1.9357496574125126 0.9227280299197783 0.51054 -0.4845159657961637 -0.9076554044837779
41317 11330440 1.881498993449811 0.9240921354995264 0.51054 -0.4845159657961637 -0.9076554044837779
41318 11330440 1.8278489559745772 0.9311016201311466 0.51054 -0.4845159657961637 -0.9076554044837779
41319 11330440 1.7731737672496162 0.9322546983935032 0.50292 -0.4845159657961637 -0.9076554044837779
41320 11330440 1.7441624991958302 0.9331444856748758 0.50292 -0.4845159657961637 -0.9076554044837779
41321 11330440 1.715151231142044 0.9340342729562484 0.50292 -0.4845159657961637 -0.9076554044837779
41322 11330440 1.6328425530162796 0.9457335723376746 0.50292 -0.4845159657961637 -0.9076554044837779
41323 11330440 1.5798912386816133 0.9521661696026873 0.50292 -0.4845159657961637 -0.9076554044837779
41324 11330440 1.532670226946325 0.9560262573018938 0.4953 -0.4845159657961637 -0.9076554044837779
41325 11330440 1.4805556672658058 0.9623030588148648 0.4953 -0.4845159657961637 -0.9076554044837779
41326 11330440 1.4281546382142298 0.9687906494933148 0.50292 -0.4845159657961637 -0.9076554044837779
41327 11330440 1.3519702562168787 0.9829318156522537 0.4953 -0.4845159657961637 -0.9076554044837779
41328 11330440 1.2950072127147623 0.9906771566471274 0.4953 -0.4845159657961637 -0.9076554044837779
41329 11330440 1.2429615595794932 0.9971668303062381 0.4953 -0.4845159657961637 -0.9076554044837779
41330 11330440 1.220436624960571 1.0016055414349885 0.4953 -0.4845159657961637 -0.9076554044837779
41331 11330440 1.1979116903416487 1.0060442525637388 0.4953 -0.4845159657961637 -0.9076554044837779
41332 11330440 1.1296471371935186 1.0172497626960504 0.4953 -0.4845159657961637 -0.9076554044837779
41333 11330440 1.076764645648514 1.023897250565107 0.4953 -0.4845159657961637 -0.9076554044837779
41334 11330440 1.032415150651579 1.0338320065641589 0.4953 -0.4845159657961637 -0.9076554044837779
41335 11330440 0.9639856795103465 1.0401862438662104 0.4953 -0.4845159657961637 -0.9076554044837779
41336 11330440 0.9134576227879756 1.0513228731681559 0.50292 -0.4845159657961637 -0.9076554044837779
41337 11330440 0.8825406304441796 1.056168332843874 0.50292 -0.4845159657961637 -0.9076554044837779
41338 11330440 0.8119545325869142 1.0613594808619702 0.4953 -0.4845159657961637 -0.9076554044837779
41339 11330440 0.7571824188473306 1.070379261827496 0.4953 -0.4845159657961637 -0.9076554044837779
41340 11330440 0.7065854459834706 1.0813062612601907 0.4953 -0.4845159657961637 -0.9076554044837779
41341 11330440 0.6593535509607031 1.0862270722306118 0.4953 -0.4845159657961637 -0.9076554044837779
41342 11330440 0.6259493740940203 1.0918865561754643 0.4953 -0.4845159657961637 -0.9076554044837779
41343 11330440 0.5925451972273375 1.0975460401203168 0.4953 -0.4845159657961637 -0.9076554044837779
41344 11330440 0.5419827983766665 1.1085797769159953 0.4953 -0.4845159657961637 -0.9076554044837779
41345 11330440 0.46539515025733064 1.1204089729421989 0.48768 -0.4845159657961637 -0.9076554044837779
41346 11330440 0.417257382661782 1.1252769610860611 0.48768 -0.4845159657961637 -0.9076554044837779
41347 11330440 0.37081890075819574 1.1326274639689378 0.48768 -0.4845159657961637 -0.9076554044837779
41348 11330440 0.32654583658046465 1.1384526772722514 0.48006 -0.4845159657961637 -0.9076554044837779
41349 11330440 0.24875716083000166 1.1531302391436307 0.48006 -0.4845159657961637 -0.9076554044837779
41350 11330440 0.22231582505188824 1.156457283615867 0.48006 -0.4845159657961637 -0.9076554044837779
41351 11330440 0.19587448927377482 1.1597843280881035 0.48006 -0.4845159657961637 -0.9076554044837779
41352 11330440 0.123046420691869 1.1706219856403752 0.48006 -0.4845159657961637 -0.9076554044837779
41353 11330440 0.07093150948349392 1.1769091959499065 0.48006 -0.4845159657961637 -0.9076554044837779
41354 11330440 0.02369940102009105 1.1818342597704772 0.48006 -0.4845159657961637 -0.9076554044837779
41355 11330440 -0.03281529945380013 1.190962508649726 0.48006 -0.4845159657961637 -0.9076554044837779
41356 11330440 -0.06794827974427226 1.1989429599385701 0.48006 -0.4845159657961637 -0.9076554044837779
41357 11330440 -0.10308126003474438 1.2069234112274143 0.48006 -0.4845159657961637 -0.9076554044837779
41358 11330440 -0.14763044468512332 1.2119071804281767 0.48006 -0.4845159657961637 -0.9076554044837779
41359 11330440 -0.22622126001051535 1.2268522745441557 0.47243999999999997 -0.4845159657961637 -0.9076554044837779
41360 11330440 -0.2727373161676234 1.2366859037644762 0.47243999999999997 -0.4845159657961637 -0.9076554044837779
41361 11330440 -0.3242051531675292 1.2476715063234938 0.47243999999999997 -0.4845159657961637 -0.9076554044837779
41362 11330440 -0.38111645150528517 1.2610214691857744 0.47243999999999997 -0.4845159657961637 -0.9076554044837779
41363 11330440 -0.42456126925326587 1.2693846223412708 0.46482000000000007 -0.4845159657961637 -0.9076554044837779
41364 11330440 -0.49108295539572566 1.2805033763695703 0.46482000000000007 -0.4845159657961637 -0.9076554044837779
41365 11330440 -0.5036500128149907 1.284846217138179 0.46482000000000007 -0.4845159657961637 -0.9076554044837779
41366 11330440 -0.5162170702342557 1.2891890579067877 0.46482000000000007 -0.4845159657961637 -0.9076554044837779
41367 11330440 -0.604653297658962 1.306890420607817 0.46482000000000007 -0.4845159657961637 -0.9076554044837779
41368 11330440 -0.6578737926163079 1.3190358371970596 0.46482000000000007 -0.4845159657961637 -0.9076554044837779
41369 11330440 -0.6883783381014683 1.323519673754413 0.46482000000000007 -0.4845159657961637 -0.9076554044837779
41370 11330440 -0.7340572831333088 1.3331995446789067 0.46482000000000007 -0.4845159657961637 -0.9076554044837779
41371 11330440 -0.8046069985306166 1.3510130445695154 0.46482000000000007 -0.4845159657961637 -0.9076554044837779
41372 11330440 -0.871162969034414 1.3620298369603423 0.46482000000000007 -0.4845159657961637 -0.9076554044837779
41373 11330440 -0.8972204175260677 1.3651771151320287 0.46101000000000003 -0.4845159657961637 -0.9076554044837779
41374 11330440 -0.9232778660177214 1.368324393303715 0.45720000000000005 -0.4845159657961637 -0.9076554044837779
41375 11330440 -1.0030838840533716 1.3730435212592298 0.46482000000000007 -0.4845159657961637 -0.9076554044837779
41376 11330440 -1.0210562289351408 1.3680555347705776 0.46482000000000007 -0.4845159657961637 -0.9076554044837779
41377 11330440 -1.073769595167308 1.35351656768754 0.46482000000000007 -0.4845159657961637 -0.9076554044837779
41378 11330440 -1.1264829613994751 1.3389776006045024 0.46482000000000007 -0.4845159657961637 -0.9076554044837779
41379 11330440 -1.1791963276316424 1.3244386335214646 0.46482000000000007 -0.4845159657961637 -0.9076554044837779
41380 11330440 -1.2319096938638094 1.309899666438427 0.46482000000000007 -0.4845159657961637 -0.9076554044837779
41381 11330440 -1.2846230600959767 1.2953606993553894 0.46482000000000007 -0.4845159657961637 -0.9076554044837779
41382 11330440 -1.3075950157040148 1.2807920334740173 0.46482000000000007 -0.4845159657961637 -0.9076554044837779
41383 11330440 -1.330566971312053 1.266223367592645 0.46482000000000007 -0.4845159657961637 -0.9076554044837779
41384 11330440 -1.3689617643156422 1.241159905060199 0.46482000000000007 -0.4845159657961637 -0.9076554044837779
41385 11330440 -1.4249776908500282 1.1893790715419998 0.46482000000000007 -0.4845159657961637 -0.9076554044837779
41386 11330440 -1.4645847114468349 1.1388907943112774 0.45720000000000005 -0.4845159657961637 -0.9076554044837779
41387 11330440 -1.5049940099826504 1.0794346673775137 0.45720000000000005 -0.4845159657961637 -0.9076554044837779
41388 11330440 -1.5179955654652848 1.0565223437647466 0.45339000000000007 -0.4845159657961637 -0.9076554044837779
41389 11330440 -1.5309971209479192 1.0336100201519798 0.44958000000000004 -0.4845159657961637 -0.9076554044837779
41390 11330440 -1.5639380793156794 0.9682057760210289 0.44958000000000004 -0.4845159657961637 -0.9076554044837779
41391 11330440 -1.5784389035698274 0.9238763911123026 0.44196 -0.4845159657961637 -0.9076554044837779
41392 11330440 -1.600377713159516 0.8731002471133216 0.44196 -0.4845159657961637 -0.9076554044837779
41393 11330440 -1.611376485830745 0.8231853715975551 0.43434000000000006 -0.4845159657961637 -0.9076554044837779
41394 11330440 -1.6335074995209957 0.7555303038405752 0.43434000000000006 -0.4845159657961637 -0.9076554044837779
41395 11330440 -1.6460598112666223 0.7008658278740594 0.42672000000000004 -0.4845159657961637 -0.9076554044837779
41396 11330440 -1.6599138055542058 0.6411356812021495 0.42672000000000004 -0.4845159657961637 -0.9076554044837779
41397 11330440 -1.6723857235111799 0.5864449256961727 0.41910000000000003 -0.4845159657961637 -0.9076554044837779
41398 11330440 -1.6818679333677247 0.5387213207963697 0.41910000000000003 -0.4845159657961637 -0.9076554044837779
41399 11330440 -1.6850005690773997 0.5125807773474104 0.41529000000000005 -0.4845159657961637 -0.9076554044837779
41400 11330440 -1.6881332047870747 0.48644023389845104 0.41148 -0.4845159657961637 -0.9076554044837779
41401 11330440 -1.6902629818015773 0.41095738409209326 0.41148 -0.4845159657961637 -0.9076554044837779
41402 11330440 -1.6862571832080706 0.3553166350389093 0.40386 -0.4845159657961637 -0.9076554044837779
41403 11330440 -1.673793586623751 0.2752941171403369 0.40386 -0.4845159657961637 -0.9076554044837779
41404 11330440 -1.6599981226343616 0.2407540017333083 0.40005 -0.4845159657961637 -0.9076554044837779
41405 11330440 -1.6462026586449723 0.20621388632627966 0.39624000000000004 -0.4845159657961637 -0.9076554044837779
41406 11330440 -1.622632344788575 0.16041477892990672 0.39624000000000004 -0.4845159657961637 -0.9076554044837779
41407 11330440 -1.5864597921220607 0.10371728631464747 0.38862 -0.4845159657961637 -0.9076554044837779
41408 11330440 -1.5614649816608142 0.07965203792087225 0.38862 -0.4845159657961637 -0.9076554044837779
41409 11330440 -1.5060128308983416 0.03464256267075591 0.37338 -0.4845159657961637 -0.9076554044837779
41410 11330440 -1.4643831580447475 0.016353625437550895 0.36576 -0.4845159657961637 -0.9076554044837779
41411 11330440 -1.4046818669768901 -0.003171819633391443 0.35814000000000007 -0.4845159657961637 -0.9076554044837779
41412 11330440 -1.3475486592435921 -0.011808837234799113 0.35052000000000005 -0.4845159657961637 -0.9076554044837779
41413 11330440 -1.2954587242675977 -0.01821190190049829 0.34290000000000004 -0.4845159657961637 -0.9076554044837779
41414 11330440 -1.2596095363425184 -0.016557713805269186 0.33909 -0.4845159657961637 -0.9076554044837779
41415 11330440 -1.223760348417439 -0.014903525710040083 0.33528 -0.4845159657961637 -0.9076554044837779
41416 11330440 -1.1735943999506782 -0.008175053955926798 0.32766 -0.4845159657961637 -0.9076554044837779
41417 11330440 -1.1180445803963086 -0.006711936758210607 0.32766 -0.4845159657961637 -0.9076554044837779
41418 11330440 -1.0304213823076325 0.0048267833745548605 0.32004000000000005 -0.4845159657961637 -0.9076554044837779
41419 11330440 -0.9734629607124772 0.0048956056694385575 0.32004000000000005 -0.4845159657961637 -0.9076554044837779
41420 11330440 -0.9460494161325732 0.005746016265374382 0.32004000000000005 -0.4845159657961637 -0.9076554044837779
41421 11330440 -0.9186358715526692 0.006596426861310206 0.32004000000000005 -0.4845159657961637 -0.9076554044837779
41422 11330440 -0.8694871912842357 0.006415586102220011 0.31242000000000003 -0.4845159657961637 -0.9076554044837779
41423 11330440 -0.810409129435097 0.005091528095955061 0.3048 -0.4845159657961637 -0.9076554044837779
41424 11330440 -0.7690451201821396 0.006638787392407003 0.3048 -0.4845159657961637 -0.9076554044837779
41425 11330440 -0.7193807432986445 0.006407119170768555 0.3048 -0.4845159657961637 -0.9076554044837779
41426 11330440 -0.6430119269433507 0.003637173839900948 0.29718 -0.4845159657961637 -0.9076554044837779
41427 11330440 -0.5932442413833916 0.003723043229122841 0.28956 -0.4845159657961637 -0.9076554044837779
41428 11330440 -0.5452195552347441 0.003911728218477489 0.28956 -0.4845159657961637 -0.9076554044837779
41429 11330440 -0.49301023837051683 0.0033168404986421984 0.28956 -0.4845159657961637 -0.9076554044837779
41430 11330440 -0.4448646304668378 -0.001557202460343382 0.28194 -0.4845159657961637 -0.9076554044837779
41431 11330440 -0.4081971370368216 -0.00010826806032684932 0.27813 -0.4845159657961637 -0.9076554044837779
41432 11330440 -0.3715296436068054 0.0013406663396896834 0.27432 -0.4845159657961637 -0.9076554044837779
41433 11330440 -0.3100067663522721 0.0034271982386067934 0.27432 -0.4845159657961637 -0.9076554044837779
41434 11330440 -0.2863998798900884 -0.00043420934155144475 0.27432 -0.4845159657961637 -0.9076554044837779
41435 11330440 -0.21517499784646388 0.002804383288334239 0.2667 -0.4845159657961637 -0.9076554044837779
41436 11330440 -0.1719912500421461 0.0017738111401186807 0.25908000000000003 -0.4845159657961637 -0.9076554044837779
41437 11330440 -0.10581553434077084 0.0015232389518941292 0.2667 -0.4845159657961637 -0.9076554044837779
41438 11330440 -0.06497717312762433 0.003304537763075155 0.26289 -0.4845159657961637 -0.9076554044837779
41439 11330440 -0.02413881191447781 0.005085836574256181 0.25908000000000003 -0.4845159657961637 -0.9076554044837779
41440 11330440 0.015894274530502656 0.004268396727424295 0.25527 -0.4845159657961637 -0.9076554044837779
41441 11330440 0.05592736097548312 0.0034509568805924096 0.25146 -0.4845159657961637 -0.9076554044837779
41442 11330440 0.08880945717464306 0.0043285294906082045 0.25146 -0.4845159657961637 -0.9076554044837779
41443 11330440 0.121691553373803 0.005206102100623999 0.25146 -0.4845159657961637 -0.9076554044837779
41444 11330440 0.183956317629538 0.004951077382885027 0.25146 -0.4845159657961637 -0.9076554044837779
41445 11330440 0.23560327994725017 0.005362690424144889 0.25146 -0.4845159657961637 -0.9076554044837779
41446 11330440 0.27280031633410784 0.003954558157014537 0.25146 -0.4845159657961637 -0.9076554044837779
41447 11330440 0.3215913487127531 0.0037813068585443865 0.25146 -0.4845159657961637 -0.9076554044837779
41448 11330440 0.3657401479443957 0.005709571106851996 0.25146 -0.4845159657961637 -0.9076554044837779
41449 11330440 0.4019969509204545 0.00455099981067375 0.25146 -0.4845159657961637 -0.9076554044837779
41450 11330440 0.4382537538965133 0.0033924285144955046 0.25146 -0.4845159657961637 -0.9076554044837779
41451 11330440 0.4754751789133478 0.003963570348602207 0.254 -0.4845159657961637 -0.9076554044837779
41452 11330440 0.5126966039301823 0.004534712182708909 0.25654000000000005 -0.4845159657961637 -0.9076554044837779
41453 11330440 0.5499180289470168 0.005105854016815611 0.25908000000000003 -0.4845159657961637 -0.9076554044837779
41454 11330440 0.5745255144348367 0.005126074956511864 0.25908000000000003 -0.4845159657961637 -0.9076554044837779
41455 11330440 0.5991329999226567 0.005146295896208117 0.25908000000000003 -0.4845159657961637 -0.9076554044837779
41456 11330440 0.6357326764355344 0.0030004934664546318 0.25908000000000003 -0.4845159657961637 -0.9076554044837779
41457 11330440 0.6473497533209214 0.0045786017797024015 0.25908000000000003 -0.4845159657961637 -0.9076554044837779
41458 11330440 0.7093472282355093 0.0016112702713357574 0.25908000000000003 -0.4845159657961637 -0.9076554044837779
41459 11330440 0.7383004128237001 0.0016139564183529492 0.25908000000000003 -0.4845159657961637 -0.9076554044837779
41460 11330440 0.7711981681188909 0.0017298295952544868 0.2667 -0.31954237263611107 -0.978001393910093
41461 11330440 0.7863203592989207 0.0024841761313014535 0.2667 -0.31954237263611107 -0.978001393910093
41462 11330440 0.8014425504789506 0.00323852266734842 0.2667 -0.31954237263611107 -0.978001393910093
41463 11330440 0.8241702096313192 0.003260522919216658 0.2667 -0.31954237263611107 -0.978001393910093
41464 11330440 0.8468978687836878 0.0032825231710848965 0.2667 -0.31954237263611107 -0.978001393910093
41465 11330440 0.8696255279360563 0.0033045234229531345 0.2667 -0.31954237263611107 -0.978001393910093
41466 11330440 0.8923531870884248 0.0033265236748213725 0.2667 -0.31954237263611107 -0.978001393910093
41467 11330440 0.9150808462407934 0.003348523926689611 0.2667 -0.31954237263611107 -0.978001393910093
41468 11330440 0.937808505393162 0.003370524178557849 0.2667 -0.31954237263611107 -0.978001393910093
41469 11330440 0.9539767467025283 0.003929442522669593 0.2667 -0.31954237263611107 -0.978001393910093
41470 11330440 0.9778152415420646 0.0035011834967054734 0.2667 -0.31954237263611107 -0.978001393910093
