42924 10713358 -0.6697212722848456 -4.524139559810454 0.67056 0.0 0.0
42925 10713358 -0.655696016796739 -4.4469438792868425 0.67056 0.0 0.0
42926 10713358 -0.6396131619823968 -4.3814021185534795 0.67056 0.0 0.0
42927 10713358 -0.6228874861044889 -4.28125618583482 0.67056 0.0 0.0
42928 10713358 -0.6147645161502507 -4.246876364836858 0.67056 0.0 0.0
42929 10713358 -0.6066415461960126 -4.2124965438388955 0.67056 0.0 0.0
42930 10713358 -0.5937892279113428 -4.140525183432613 0.67056 0.0 0.0
42931 10713358 -0.5809823750555294 -4.085011458977729 0.67056 0.0 0.0
42932 10713358 -0.5578036052328699 -3.99503492156895 0.67056 0.0 0.0
42933 10713358 -0.5515400510281663 -3.9622672252893927 0.6400800000000001 0.0 0.0
42934 10713358 -0.5326627086146323 -3.8881755112636873 0.6400800000000001 0.0 0.0
42935 10713358 -0.5131156974472719 -3.7916382529362065 0.6400800000000001 0.0 0.0
42936 10713358 -0.4966552599987173 -3.7290235802508875 0.6400800000000001 0.0 0.0
42937 10713358 -0.48185410986125987 -3.660609535557116 0.6400800000000001 0.0 0.0
42938 10713358 -0.4756107847908976 -3.6245056297297893 0.6400800000000001 0.0 0.0
42939 10713358 -0.4693674597205353 -3.588401723902462 0.6400800000000001 0.0 0.0
42940 10713358 -0.4473773410350399 -3.4775919977439096 0.6400800000000001 0.0 0.0
42941 10713358 -0.4332185087781315 -3.409785801414132 0.6096 0.0 0.0
42942 10713358 -0.417168446540922 -3.3443499559581444 0.6096 0.0 0.0
42943 10713358 -0.40284284452497343 -3.2841919713098036 0.6096 0.0 0.0
42944 10713358 -0.3953148629423153 -3.248916672761263 0.6096 0.0 0.0
42945 10713358 -0.3877868813596572 -3.213641374212723 0.6096 0.0 0.0
42946 10713358 -0.36614763230170966 -3.113698594386898 0.6096 0.0 0.0
42947 10713358 -0.35736150610283923 -3.0525482968367754 0.6096 0.0 0.0
42948 10713358 -0.33816483064799585 -2.9676958178880835 0.57912 0.0 0.0
42949 10713358 -0.32057413524110845 -2.9138618847878863 0.57912 0.0 0.0
42950 10713358 -0.30862291661164787 -2.8544467267546705 0.57912 0.0 0.0
42951 10713358 -0.2907814980657022 -2.7876100608023773 0.57912 0.0 0.0
42952 10713358 -0.2687508809102388 -2.702515270374211 0.57912 0.0 0.0
42953 10713358 -0.24878955063856534 -2.638707832607745 0.57912 0.0 0.0
42954 10713358 -0.22830140733179682 -2.57600714783061 0.57912 0.0 0.0
42955 10713358 -0.2077097864082671 -2.512989786410601 0.57912 0.0 0.0
42956 10713358 -0.19226529880500964 -2.475920193788777 0.5638799999999999 0.0 0.0
42957 10713358 -0.1768208112017522 -2.438850601166953 0.54864 0.0 0.0
42958 10713358 -0.14460684211455943 -2.3568496168364335 0.54864 0.0 0.0
42959 10713358 -0.1253812465598012 -2.3099753430826913 0.54864 0.0 0.0
42960 10713358 -0.10162917846852493 -2.253598362412616 0.54864 0.0 0.0
42961 10713358 -0.07110138245846598 -2.2009541405999276 0.54864 0.0 0.0
42962 10713358 -0.04365591855181783 -2.1441483906653684 0.54864 0.0 0.0
42963 10713358 -0.038179673893372346 -2.130107698110616 0.54864 0.0 0.0
42964 10713358 -0.03270342923492686 -2.1160670055558635 0.54864 0.0 0.0
42965 10713358 0.03100998171903946 -2.0135160982776497 0.54864 0.0 0.0
42966 10713358 0.06332286177793844 -1.9651934938596833 0.54864 0.0 0.0
42967 10713358 0.10339824194155567 -1.9048038487751258 0.54864 0.0 0.0
42968 10713358 0.13688139901806995 -1.855344785539451 0.54864 0.0 0.0
42969 10713358 0.1640903464960849 -1.8210091717762427 0.54864 0.0 0.0
42970 10713358 0.2077346589714093 -1.7717157334593512 0.54864 0.0 0.0
42971 10713358 0.24168916153972209 -1.7346773100401105 0.54864 0.0 0.0
42972 10713358 0.3045514963413164 -1.6749565903720987 0.54864 0.0 0.0
42973 10713358 0.33969675490251927 -1.6397089380839054 0.54864 0.0 0.0
42974 10713358 0.36326133420742246 -1.622640849353759 0.54864 0.0 0.0
42975 10713358 0.3868259135123256 -1.6055727606236128 0.54864 0.0 0.0
42976 10713358 0.43529971630589337 -1.567319517852457 0.54864 0.0 0.0
42977 10713358 0.48541912225531136 -1.5362628017011826 0.54864 0.0 0.0
42978 10713358 0.5379898891874239 -1.5085769026760272 0.54864 0.0 0.0
42979 10713358 0.616512995307197 -1.4667051392671782 0.5181600000000001 0.0 0.0
42980 10713358 0.6636464767670135 -1.4393451879087868 0.5181600000000001 0.0 0.0
42981 10713358 0.7121706031162361 -1.4229535769802575 0.5181600000000001 0.0 0.0
42982 10713358 0.7347031302754352 -1.4116225132600193 0.5181600000000001 0.0 0.0
42983 10713358 0.7572356574346342 -1.400291449539781 0.5181600000000001 0.0 0.0
42984 10713358 0.8075975638668172 -1.3793594602388466 0.5181600000000001 0.0 0.0
42985 10713358 0.8573824548509893 -1.3629117039886447 0.5181600000000001 0.0 0.0
42986 10713358 0.9275826283976824 -1.3437865422950548 0.5181600000000001 0.0 0.0
42987 10713358 0.9731221173475925 -1.3294561230934907 0.5181600000000001 0.0 0.0
42988 10713358 1.034831989837605 -1.314566231502697 0.5181600000000001 0.0 0.0
42989 10713358 1.0772736412930903 -1.3015599009167014 0.5181600000000001 0.0 0.0
42990 10713358 1.1292426868501093 -1.2920157708247337 0.5181600000000001 0.0 0.0
42991 10713358 1.1924974919695315 -1.280549998370231 0.5181600000000001 0.0 0.0
42992 10713358 1.2652603426245603 -1.2671658320522878 0.5181600000000001 0.0 0.0
42993 10713358 1.288932549113342 -1.2640328559640848 0.5181600000000001 0.0 0.0
42994 10713358 1.3126047556021239 -1.2608998798758815 0.5181600000000001 0.0 0.0
42995 10713358 1.3679058721349229 -1.2574659367519252 0.5181600000000001 0.0 0.0
42996 10713358 1.4182534462011764 -1.2528811340396182 0.5181600000000001 0.0 0.0
42997 10713358 1.4720373619450013 -1.2540911265666532 0.5181600000000001 0.0 0.0
42998 10713358 1.5477279171232716 -1.250772722275064 0.5181600000000001 0.0 0.0
42999 10713358 1.5973026100269216 -1.2523595540523167 0.48768 0.0 0.0
43000 10713358 1.645614661146472 -1.2556365102763258 0.48768 0.0 0.0
43001 10713358 1.6942121669083823 -1.2607586732250449 0.48768 0.0 0.0
43002 10713358 1.7356574452641724 -1.2600404016361844 0.48768 0.0 0.0
43003 10713358 1.7724558651740767 -1.2629445234417065 0.48768 0.0 0.0
43004 10713358 1.809254285083981 -1.2658486452472288 0.48768 0.0 0.0
43005 10713358 1.8317908902377251 -1.262109672712769 0.48768 0.0 0.0
43006 10713358 1.927978112617086 -1.2694521622282129 0.48768 0.0 0.0
43007 10713358 1.9637156108279223 -1.269166267319966 0.48768 0.0 0.0
43008 10713358 1.9994531090387584 -1.2688803724117192 0.48768 0.0 0.0
43009 10713358 2.0351906072495947 -1.2685944775034723 0.48768 0.0 0.0
43010 10713358 2.082212057251974 -1.2622185929429561 0.45720000000000005 0.0 0.0
43011 10713358 2.1733770308976146 -1.2479423645448384 0.45720000000000005 0.0 0.0
43012 10713358 2.2042201129292165 -1.2365758597084504 0.45720000000000005 0.0 0.0
43013 10713358 2.235063194960819 -1.2252093548720624 0.45720000000000005 0.0 0.0
43014 10713358 2.273800445234305 -1.2058479180027641 0.45720000000000005 0.0 0.0
43015 10713358 2.3117472003057538 -1.1848264661838512 0.45720000000000005 0.0 0.0
43016 10713358 2.3464933852839565 -1.1654468271333471 0.45720000000000005 0.0 0.0
43017 10713358 2.376689775968612 -1.1409604356655287 0.45720000000000005 0.0 0.0
43018 10713358 2.4270524102375566 -1.0846244959425786 0.45720000000000005 0.0 0.0
43019 10713358 2.4584416252628243 -1.0387993592478917 0.45720000000000005 0.0 0.0
43020 10713358 2.4898308402880924 -0.9929742225532047 0.45720000000000005 0.0 0.0
43021 10713358 2.4989840854265 -0.9687439346701826 0.45720000000000005 0.0 0.0
43022 10713358 2.52321283806736 -0.9111190545779709 0.45720000000000005 0.0 0.0
43023 10713358 2.530197330115679 -0.8795222098263893 0.44196 0.0 0.0
43024 10713358 2.5371818221639977 -0.8479253650748076 0.42672000000000004 0.0 0.0
43025 10713358 2.546565051965771 -0.8028599061728997 0.42672000000000004 0.0 0.0
43026 10713358 2.555948343289336 -0.7577944602711842 0.42672000000000004 0.0 0.0
43027 10713358 2.5665614954618796 -0.7078737274301341 0.42672000000000004 0.0 0.0
43028 10713358 2.573267687900105 -0.6720974131725721 0.42672000000000004 0.0 0.0
43029 10713358 2.5789808615934326 -0.6287542502549465 0.42672000000000004 0.0 0.0
43030 10713358 2.58469403528676 -0.5854110873373208 0.42672000000000004 0.0 0.0
43031 10713358 2.589169093449005 -0.5227393160010431 0.42672000000000004 0.0 0.0
43032 10713358 2.5885217083127987 -0.47439922388495337 0.42672000000000004 0.0 0.0
43033 10713358 2.58738822443882 -0.45271000449451465 0.42672000000000004 0.0 0.0
43034 10713358 2.5862547405648417 -0.43102078510407593 0.42672000000000004 0.0 0.0
43035 10713358 2.5788752071609062 -0.3856227897116129 0.42672000000000004 0.0 0.0
43036 10713358 2.5689999502547693 -0.3342699758405522 0.39624000000000004 0.0 0.0
43037 10713358 2.557671404098832 -0.29716166144281 0.39624000000000004 0.0 0.0
43038 10713358 2.5243740471497604 -0.22344281451350803 0.39624000000000004 0.0 0.0
43039 10713358 2.5041954329042344 -0.1846130360811942 0.39624000000000004 0.0 0.0
43040 10713358 2.4844880738376554 -0.16229156215569138 0.39624000000000004 0.0 0.0
43041 10713358 2.454415575542269 -0.12221716048189743 0.36576 0.0 0.0
43042 10713358 2.4171052944460594 -0.08690533196622088 0.36576 0.0 0.0
43043 10713358 2.3776928279842497 -0.05803278496362965 0.36576 0.0 0.0
43044 10713358 2.3380931542618653 -0.03517341374069319 0.36576 0.0 0.0
43045 10713358 2.2947075904879064 -0.01575036910833158 0.36576 0.0 0.0
43046 10713358 2.2452321732152303 0.0013391707489291693 0.36576 0.0 0.0
43047 10713358 2.199512520878537 0.010894416326921702 0.36576 0.0 0.0
43048 10713358 2.150656017195085 0.01084363164590621 0.36576 0.0 0.0
43049 10713358 2.0709360924629387 0.01526428625482315 0.33528 0.0 0.0
43050 10713358 2.020331971020778 0.008775762437516071 0.33528 0.0 0.0
43051 10713358 2.000248001520619 0.007098584890545642 0.33528 0.0 0.0
43052 10713358 1.9801640320204605 0.005421407343575213 0.33528 0.0 0.0
43053 10713358 1.9312476737570625 0.002470999987191247 0.33528 0.0 0.0
43054 10713358 1.8839360673072247 -0.0010031925789885932 0.33528 0.0 0.0
43055 10713358 1.8174347877405743 0.002023662006437582 0.33528 0.0 0.0
43056 10713358 1.774047198620631 0.0024087501506896702 0.33528 0.0 0.0
43057 10713358 1.7122318849483906 0.0007518979466960285 0.33528 0.0 0.0
43058 10713358 1.6708282504896497 0.0017746400860357558 0.33528 0.0 0.0
43059 10713358 1.6242758257749839 0.0022596547780942 0.3048 0.0 0.0
43060 10713358 1.579808418772477 0.0004284092475859702 0.3048 0.0 0.0
43061 10713358 1.535757173444062 0.0031344135234139398 0.3048 0.0 0.0
43062 10713358 1.491840025679589 0.001357581164909416 0.3048 0.0 0.0
43063 10713358 1.4496693857048868 0.0043843992956074385 0.3048 0.0 0.0
43064 10713358 1.4056260771745386 0.002766082967968861 0.3048 0.0 0.0
43065 10713358 1.3615826789384047 0.0011480393884464868 0.3048 0.0 0.0
43066 10713358 1.3414025217554901 0.001898803878494476 0.3048 0.0 0.0
43067 10713358 1.3015001604341994 0.0026280403273679365 0.3048 0.0 0.0
43068 10713358 1.2615977991129084 0.003357276776241397 0.3048 0.0 0.0
43069 10713358 1.2216954377916176 0.004086513225114857 0.3048 0.0 0.0
43070 10713358 1.1914980068275514 0.0032618957254690537 0.3048 0.0 0.0
43071 10713358 1.1613005758634851 0.00243727822582325 0.3048 0.0 0.0
43072 10713358 1.1256511522384196 0.0020504431262027556 0.3048 0.0 0.0
43073 10713358 1.0755670761373282 0.0036925052040886475 0.3048 0.0 0.0
43074 10713358 1.0590195711934833 0.0019721594371635287 0.3048 0.0 0.0
43075 10713358 1.0150916059017046 0.0020707285400436426 0.3048 0.0 0.0
43076 10713358 0.987171979478618 0.0035985570357041086 0.3048 0.0 0.0
43077 10713358 0.9624868269266412 0.003555869581649143 0.3048 0.0 0.0
43078 10713358 0.9378016743746644 0.0035131821275941775 0.3048 0.0 0.0
43079 10713358 0.9131165218226875 0.0034704946735392124 0.3048 0.0 0.0
43080 10713358 0.8884313692707108 0.003427807219484247 0.3048 0.0 0.0
43081 10713358 0.863746216718734 0.0033851197654292814 0.3048 0.0 0.0
43082 10713358 0.8368921496900681 0.004098092851859164 0.3048 0.0 0.0
43083 10713358 0.8100380826614022 0.004811065938289047 0.3048 0.0 0.0
43084 10713358 0.7804733460905249 0.0002180270518189753 0.3048 0.0 0.0
43085 10713358 0.7546975605993499 0.0015135372637530425 0.3048 0.0 0.0
43086 10713358 0.7334857897070286 0.003187104689830439 0.3048 0.0 0.0
43087 10713358 0.699397008311198 0.004862487920299058 0.3048 0.0 0.0
43088 10713358 0.6733761963653494 0.0013315836797506697 0.3048 0.0 0.0
43089 10713358 0.6522446191967706 0.0029791745037111295 0.3048 0.0 0.0
43090 10713358 0.6357326764355344 0.0030004934664546318 0.3048 0.0 0.0
43091 10713358 0.6221094923131123 0.0020779276152527865 0.3048 0.0 0.0
43092 10713358 0.6084863081906902 0.0011553617640509412 0.3048 0.0 0.0
43093 10713358 0.5767012156063183 0.0017280458915502478 0.3048 0.0 0.0
43094 10713358 0.5660625779132662 0.004503435784835794 0.3048 0.0 0.0
43095 10713358 0.5415810538141883 0.004325329437067316 0.3048 0.0 0.0
43096 10713358 0.5170995297151105 0.004147223089298838 0.3048 0.0 0.0
43097 10713358 0.499805744382816 0.004494493082524387 0.3048 0.0 0.0
43098 10713358 0.4825119590505214 0.004841763075749936 0.3048 0.0 0.0
43099 10713358 0.4652181737182269 0.005189033068975485 0.3048 0.0 0.0
43100 10713358 0.4479243883859323 0.005536303062201034 0.3048 0.0 0.0
43101 10713358 0.43063060305363776 0.005883573055426583 0.3048 0.0 0.0
43102 10713358 0.43061087827863237 0.005883840552685744 0.30479413846153847 0.0 0.0
43103 10713358 0.430591153503627 0.005884108049944905 0.3047882769230769 0.0 0.0
43104 10713358 0.43057142872862153 0.005884375547204066 0.3047824153846154 0.0 0.0
43105 10713358 0.43055170395361614 0.005884643044463227 0.3047765538461539 0.0 0.0
43106 10713358 0.43053197917861075 0.005884910541722388 0.3047706923076923 0.0 0.0
43107 10713358 0.43051225440360535 0.0058851780389815485 0.3047648307692308 0.0 0.0
43108 10713358 0.4304925296285999 0.005885445536240709 0.3047589692307692 0.0 0.0
43109 10713358 0.4304728048535945 0.00588571303349987 0.30475310769230773 0.0 0.0
43110 10713358 0.4304530800785891 0.005885980530759031 0.3047472461538462 0.0 0.0
43111 10713358 0.43043335530358373 0.005886248028018192 0.30474138461538464 0.0 0.0
43112 10713358 0.43041363052857834 0.005886515525277353 0.3047355230769231 0.0 0.0
43113 10713358 0.4303939057535729 0.005886783022536514 0.30472966153846154 0.0 0.0
43114 10713358 0.4303741809785675 0.005887050519795675 0.3047238 0.0 0.0
43115 10713358 0.4303544562035621 0.005887318017054836 0.3047179384615385 0.0 0.0
43116 10713358 0.4303347314285567 0.005887585514313997 0.30471207692307695 0.0 0.0
43117 10713358 0.43031500665355127 0.0058878530115731575 0.3047062153846154 0.0 0.0
43118 10713358 0.4302952818785459 0.0058881205088323185 0.30470035384615385 0.0 0.0
43119 10713358 0.4302755571035405 0.005888388006091479 0.3046944923076923 0.0 0.0
43120 10713358 0.4302558323285351 0.00588865550335064 0.3046886307692308 0.0 0.0
43121 10713358 0.4302361075535297 0.005888923000609801 0.30468276923076926 0.0 0.0
43122 10713358 0.43021638277852425 0.005889190497868962 0.3046769076923077 0.0 0.0
43123 10713358 0.43019665800351886 0.005889457995128123 0.30467104615384616 0.0 0.0
43124 10713358 0.43017693322851347 0.005889725492387284 0.3046651846153846 0.0 0.0
43125 10713358 0.4301572084535081 0.005889992989646445 0.3046593230769231 0.0 0.0
43126 10713358 0.4301374836785027 0.005890260486905606 0.30465346153846157 0.0 0.0
43127 10713358 0.43011775890349724 0.005890527984164767 0.3046476 0.0 0.0
43128 10713358 0.43009803412849185 0.0058907954814239275 0.30464173846153847 0.0 0.0
43129 10713358 0.43007830935348645 0.005891062978683088 0.3046358769230769 0.0 0.0
43130 10713358 0.43005858457848106 0.005891330475942249 0.3046300153846154 0.0 0.0
43131 10713358 0.4300388598034756 0.00589159797320141 0.3046241538461539 0.0 0.0
43132 10713358 0.4300191350284702 0.005891865470460571 0.30461829230769233 0.0 0.0
43133 10713358 0.42999941025346483 0.005892132967719732 0.3046124307692308 0.0 0.0
43134 10713358 0.42997968547845944 0.005892400464978893 0.30460656923076923 0.0 0.0
43135 10713358 0.42995996070345405 0.005892667962238054 0.3046007076923077 0.0 0.0
43136 10713358 0.4299402359284486 0.005892935459497215 0.3045948461538462 0.0 0.0
43137 10713358 0.4299205111534432 0.005893202956756376 0.30458898461538464 0.0 0.0
43138 10713358 0.4299007863784378 0.005893470454015537 0.3045831230769231 0.0 0.0
43139 10713358 0.4298810616034324 0.0058937379512746975 0.30457726153846154 0.0 0.0
43140 10713358 0.429861336828427 0.005894005448533858 0.3045714 0.0 0.0
43141 10713358 0.4298416120534216 0.005894272945793019 0.3045655384615385 0.0 0.0
43142 10713358 0.4298218872784162 0.00589454044305218 0.30455967692307695 0.0 0.0
43143 10713358 0.4298021625034108 0.005894807940311341 0.3045538153846154 0.0 0.0
43144 10713358 0.4297824377284054 0.005895075437570502 0.30454795384615385 0.0 0.0
43145 10713358 0.42976271295339996 0.005895342934829663 0.3045420923076923 0.0 0.0
43146 10713358 0.42974298817839457 0.005895610432088824 0.3045362307692308 0.0 0.0
43147 10713358 0.4297232634033892 0.005895877929347985 0.30453036923076926 0.0 0.0
43148 10713358 0.4297035386283838 0.005896145426607146 0.3045245076923077 0.0 0.0
43149 10713358 0.42968381385337834 0.0058964129238663066 0.30451864615384616 0.0 0.0
43150 10713358 0.42966408907837295 0.0058966804211254675 0.3045127846153846 0.0 0.0
43151 10713358 0.42964436430336755 0.005896947918384628 0.3045069230769231 0.0 0.0
43152 10713358 0.42962463952836216 0.005897215415643789 0.30450106153846157 0.0 0.0
43153 10713358 0.42960491475335677 0.00589748291290295 0.3044952 0.0 0.0
43154 10713358 0.4295851899783513 0.005897750410162111 0.3044893384615385 0.0 0.0
43155 10713358 0.42956546520334593 0.005898017907421272 0.3044834769230769 0.0 0.0
43156 10713358 0.42954574042834054 0.005898285404680433 0.3044776153846154 0.0 0.0
43157 10713358 0.42952601565333515 0.005898552901939594 0.3044717538461539 0.0 0.0
43158 10713358 0.42950629087832976 0.005898820399198755 0.30446589230769233 0.0 0.0
43159 10713358 0.4294865661033243 0.005899087896457916 0.3044600307692308 0.0 0.0
43160 10713358 0.4294668413283189 0.0058993553937170765 0.30445416923076923 0.0 0.0
43161 10713358 0.4294471165533135 0.005899622890976237 0.3044483076923077 0.0 0.0
