43245 11230188 4.847469042924283 -0.03667205055109404 0.50292 0.0 0.0
43246 11230188 4.780847441852995 -0.034741719325502324 0.48768 0.0 0.0
43247 11230188 4.6947011505952085 -0.03210716944190942 0.48768 0.0 0.0
43248 11230188 4.663116812988487 -0.02822936719995764 0.48768 0.0 0.0
43249 11230188 4.565744754233309 -0.02870655789463064 0.48768 0.0 0.0
43250 11230188 4.530056862648859 -0.022438334670068755 0.48768 0.0 0.0
43251 11230188 4.4844038901802525 -0.020862099367400938 0.47244 0.0 0.0
43252 11230188 4.438750917711646 -0.01928586406473312 0.45720000000000005 0.0 0.0
43253 11230188 4.378560921170841 -0.016003933505951 0.45720000000000005 0.0 0.0
43254 11230188 4.290544214887735 -0.014740385495017355 0.45720000000000005 0.0 0.0
43255 11230188 4.230938762443106 -0.011297551037174586 0.45720000000000005 0.0 0.0
43256 11230188 4.170713986019302 -0.008119427152103703 0.42672000000000004 0.0 0.0
43257 11230188 4.1210585922766985 -0.007921978524489087 0.42672000000000004 0.0 0.0
43258 11230188 4.059710988937146 -0.0027412790939360943 0.42672000000000004 0.0 0.0
43259 11230188 4.0006774689914115 -0.0013522050826237086 0.42672000000000004 0.0 0.0
43260 11230188 3.9461038332942033 0.00010066914653814041 0.42672000000000004 0.0 0.0
43261 11230188 3.896184192754391 3.5517157357639606e-05 0.42672000000000004 0.0 0.0
43262 11230188 3.8462645522145786 -2.9634831822861196e-05 0.42672000000000004 0.0 0.0
43263 11230188 3.789316534377374 -0.00013712923600420202 0.42672000000000004 0.0 0.0
43264 11230188 3.7457132105539044 -0.00179530372873285 0.42672000000000004 0.0 0.0
43265 11230188 3.6639998671444127 -0.001880595159624715 0.39624000000000004 0.0 0.0
43266 11230188 3.61029693021527 -0.00047585285283871515 0.39624000000000004 0.0 0.0
43267 11230188 3.5502289286767628 -0.00225014722005748 0.39624000000000004 0.0 0.0
43268 11230188 3.506189482476856 -0.003881486881076951 0.39624000000000004 0.0 0.0
43269 11230188 3.451856068038123 -0.0016858188672694008 0.39624000000000004 0.0 0.0
43270 11230188 3.390847410407038 -0.0036191632422807596 0.39624000000000004 0.0 0.0
43271 11230188 3.317821946704428 -0.007003519415854559 0.39624000000000004 0.0 0.0
43272 11230188 3.2925233309109276 -0.00698199762662885 0.39624000000000004 0.0 0.0
43273 11230188 3.267224715117427 -0.006960475837403141 0.39624000000000004 0.0 0.0
43274 11230188 3.212718566636675 -0.005290821039128174 0.39624000000000004 0.0 0.0
43275 11230188 3.1413464989980824 -0.003606059720740268 0.39624000000000004 0.0 0.0
43276 11230188 3.0944411195033226 -0.0031314925184659226 0.39624000000000004 0.0 0.0
43277 11230188 3.04663972753238 -0.005401384823499417 0.39624000000000004 0.0 0.0
43278 11230188 2.9970176971857496 -0.0034553921308723423 0.39624000000000004 0.0 0.0
43279 11230188 2.9429925291289925 -0.001940823788802254 0.39624000000000004 0.0 0.0
43280 11230188 2.9025186005395502 -0.00216260658144668 0.39624000000000004 0.0 0.0
43281 11230188 2.862044671950108 -0.002384389374091106 0.39624000000000004 0.0 0.0
43282 11230188 2.8244382929279923 -0.0006215332496332937 0.39624000000000004 0.0 0.0
43283 11230188 2.7707682582890554 0.00089513326882254 0.36576 0.0 0.0
43284 11230188 2.715227327306761 -0.0005983920192590142 0.36576 0.0 0.0
43285 11230188 2.6506279533975987 -0.0026387465789718123 0.36576 0.0 0.0
43286 11230188 2.612969598590251 -0.001033017988628343 0.36576 0.0 0.0
43287 11230188 2.5753112437829024 0.0005727106017151262 0.36576 0.0 0.0
43288 11230188 2.5488244720008595 -0.0005925177293374662 0.36576 0.0 0.0
43289 11230188 2.4615356067696466 0.00022061064966646948 0.36576 0.0 0.0
43290 11230188 2.4110746537689254 0.0006920211466190096 0.36576 0.0 0.0
43291 11230188 2.3610492969614647 0.001138352484452848 0.36576 0.0 0.0
43292 11230188 2.3299762382963465 0.00047843985730100513 0.36576 0.0 0.0
43293 11230188 2.298903179631228 -0.00018147276985083782 0.36576 0.0 0.0
43294 11230188 2.2765079687252987 -0.003499509387964589 0.36576 0.0 0.0
43295 11230188 2.205970479755136 -0.001961786729469589 0.36576 0.0 0.0
43296 11230188 2.1382978648927793 -0.0025271288563506744 0.33528 0.0 0.0
43297 11230188 2.0986280098140897 0.0010813125979377836 0.33528 0.0 0.0
43298 11230188 2.04520751562142 0.0006524126211957804 0.33528 0.0 0.0
43299 11230188 2.01268577382094 0.0030369099823854967 0.33528 0.0 0.0
43300 11230188 1.9801640320204605 0.005421407343575213 0.33528 0.0 0.0
43301 11230188 1.9327645363563277 0.007115774614889631 0.33528 0.0 0.0
43302 11230188 1.887107746599291 0.008708589874999811 0.33528 0.0 0.0
43303 11230188 1.846231037949243 0.008623746183463232 0.33528 0.0 0.0
43304 11230188 1.803645964647015 0.008746589555491235 0.33528 0.0 0.0
43305 11230188 1.7473318965010165 0.0035404750183832268 0.33528 0.0 0.0
43306 11230188 1.7026026386092719 0.0038968655231163274 0.33528 0.0 0.0
43307 11230188 1.6611990055501884 0.004919664300129162 0.33528 0.0 0.0
43308 11230188 1.6123759483908358 0.0049781455493821125 0.3048 0.0 0.0
43309 11230188 1.5826435387808102 0.004350607092199574 0.3048 0.0 0.0
43310 11230188 1.5529111291707847 0.003723068635017035 0.3048 0.0 0.0
43311 11230188 1.5081909511991873 0.0013906744871928084 0.3048 0.0 0.0
43312 11230188 1.4705484595634053 0.00305515209225872 0.3048 0.0 0.0
43313 11230188 1.4280568270825207 0.00618694213645378 0.3048 0.0 0.0
43314 11230188 1.3679145018461307 0.004219984206888558 0.3048 0.0 0.0
43315 11230188 1.351953433142702 0.004293486630140425 0.3048 0.0 0.0
43316 11230188 1.3134110458635273 0.0041111064674136015 0.3048 0.0 0.0
43317 11230188 1.2748686585843523 0.003928726304686779 0.3048 0.0 0.0
43318 11230188 1.2363262713051775 0.0037463461419599553 0.3048 0.0 0.0
43319 11230188 1.1820339202912034 0.005010076570006489 0.3048 0.0 0.0
43320 11230188 1.1516713318309606 0.005582999437905051 0.3048 0.0 0.0
43321 11230188 1.124525943661615 0.004949344547413419 0.29464 0.0 0.0
43322 11230188 1.0973805554922698 0.004315689656921788 0.28448 0.0 0.0
43323 11230188 1.0702351673229242 0.003682034766430156 0.27432 0.0 0.0
43324 11230188 1.0427041975258233 0.003680780844141751 0.27432 0.0 0.0
43325 11230188 1.0092205187033234 0.0017691478610899758 0.27432 0.0 0.0
43326 11230188 0.9778152415420646 0.0035011834967054734 0.27432 0.0 0.0
43327 11230188 0.9533858362107075 0.003479995094334165 0.27432 0.0 0.0
43328 11230188 0.9289564308793504 0.003458806691962857 0.27432 0.0 0.0
43329 11230188 0.8988926886823948 0.005220172513131241 0.27432 0.0 0.0
43330 11230188 0.8753173959675881 0.005095375796314097 0.27432 0.0 0.0
43331 11230188 0.8457509176813143 0.005117380598845776 0.27432 0.0 0.0
43332 11230188 0.8161844393950406 0.005139385401377455 0.27432 0.0 0.0
43333 11230188 0.7935607311844194 0.004937575908455283 0.27432 0.0 0.0
43334 11230188 0.779795104144893 0.004937485560544283 0.27432 0.0 0.0
43335 11230188 0.7660294771053664 0.004937395212633283 0.27432 0.0 0.0
43336 11230188 0.744667096845257 0.004790909847680991 0.27432 0.0 0.0
43337 11230188 0.727915888213887 0.006525794310560107 0.27432 0.0 0.0
43338 11230188 0.7093472282355093 0.0016112702713357574 0.27432 0.0 0.0
43339 11230188 0.6894411474611254 0.0015732278731181992 0.27432 0.0 0.0
43340 11230188 0.6761974020046149 0.001811677854614141 0.27432 0.0 0.0
43341 11230188 0.6593989883803936 0.0020433784269724697 0.27432 0.0 0.0
43342 11230188 0.6569916769688788 0.002829979544835007 0.27432 0.0 0.0
43343 11230188 0.654584365557364 0.003616580662697544 0.27432 0.0 0.0
43344 11230188 0.6357326764355344 0.0030004934664546318 0.27432 0.0 0.0
43345 11230188 0.6277667419361125 0.006888536872801443 0.27432 0.0 0.0
43346 11230188 0.6261034331767577 0.006146933603814395 0.27432 0.0 0.0
43347 11230188 0.6159659361106368 0.0050200096398344135 0.27432 0.0 0.0
43348 11230188 0.6100729422684366 0.006010990115679599 0.27432 0.0 0.0
43349 11230188 0.6063366956138381 0.008166476815643656 0.27432 0.0 0.0
43350 11230188 0.6007421595237314 0.009527254581502019 0.27432 0.0 0.0
43351 11230188 0.5951476234336248 0.010888032347360382 0.27432 0.0 0.0
43352 11230188 0.5927537221727683 0.01389000593407073 0.27432 0.0 0.0
43353 11230188 0.5903598209119119 0.016891979520781076 0.27432 0.0 0.0
43354 11230188 0.5879659196510554 0.019893953107491424 0.27432 0.0 0.0
