47136 11390177 1.1241046388563984 0.003840749940590943 0.25908000000000003 -1.5314650184869443 -1.374405731489353
47137 11390177 1.0900109476775026 -0.0010262278303458106 0.25908000000000003 -1.5314650184869443 -1.374405731489353
47138 11390177 1.047518820303458 0.002107844063514455 0.25908000000000003 -1.5314650184869443 -1.374405731489353
47139 11390177 1.0314885842565324 0.001970948846770973 0.25908000000000003 -1.5314650184869443 -1.374405731489353
47140 11390177 0.9878309294680758 0.001086299383698787 0.26162 -1.5314650184869443 -1.374405731489353
47141 11390177 0.9441732746796191 0.00020164992062660092 0.26416 -1.5314650184869443 -1.374405731489353
47142 11390177 0.9005156198911625 -0.0006829995424455851 0.26670000000000005 -1.5314650184869443 -1.374405731489353
47143 11390177 0.8568579651027058 -0.001567649005517771 0.26924000000000003 -1.5314650184869443 -1.374405731489353
47144 11390177 0.8132003103142491 -0.002452298468589957 0.27178 -1.5314650184869443 -1.374405731489353
47145 11390177 0.7695426555257925 -0.003336947931662143 0.27432 -1.5314650184869443 -1.374405731489353
47146 11390177 0.7104079218074268 -0.004926935955890055 0.27813 -1.5314650184869443 -1.374405731489353
47147 11390177 0.6512731880890612 -0.006516923980117967 0.28194 -1.5314650184869443 -1.374405731489353
47148 11390177 0.6063914147835137 -0.007973643920562545 0.28194 -1.5314650184869443 -1.374405731489353
47149 11390177 0.569983022886569 -0.009862292777914845 0.28956000000000004 -1.5314650184869443 -1.374405731489353
47150 11390177 0.5335746309896243 -0.011750941635267145 0.29718 -1.5314650184869443 -1.374405731489353
47151 11390177 0.4522655214176758 -0.023033347139260835 0.3048 -1.5314650184869443 -1.374405731489353
47152 11390177 0.41214614789931525 -0.026220405681732964 0.30861000000000005 -1.5314650184869443 -1.374405731489353
47153 11390177 0.3720267743809548 -0.029407464224205093 0.31242000000000003 -1.5314650184869443 -1.374405731489353
47154 11390177 0.3090348273979483 -0.03464102114669729 0.32004000000000005 -1.5314650184869443 -1.374405731489353
47155 11390177 0.2628849222211206 -0.04269116794118055 0.32004000000000005 -1.5314650184869443 -1.374405731489353
47156 11390177 0.21983810161497686 -0.04287615397098288 0.32766 -1.5314650184869443 -1.374405731489353
47157 11390177 0.16812480634801674 -0.05272930584288851 0.33528 -1.5314650184869443 -1.374405731489353
47158 11390177 0.0968406342593594 -0.058872893319095704 0.34290000000000004 -1.5314650184869443 -1.374405731489353
47159 11390177 0.04338398671048793 -0.06862283664583005 0.35052000000000005 -1.5314650184869443 -1.374405731489353
47160 11390177 0.020337859065913344 -0.07201404985970944 0.35814 0.0 0.0
47161 11390177 -0.0027082685786612437 -0.07540526307358883 0.36576 0.0 0.0
47162 11390177 -0.06615633349790073 -0.08854823528913888 0.37338 0.0 0.0
47163 11390177 -0.12972916557669534 -0.09989750687188018 0.381 0.0 0.0
47164 11390177 -0.18251497059806976 -0.1146554375916781 0.39624000000000004 0.0 0.0
47165 11390177 -0.2105651619522695 -0.11623514881240202 0.39624000000000004 0.0 0.0
47166 11390177 -0.2768885321628247 -0.1370823138587253 0.41148 0.0 0.0
47167 11390177 -0.32414461601899025 -0.1485063956551357 0.41910000000000003 0.0 0.0
47168 11390177 -0.3714008989479607 -0.15993016823446302 0.41910000000000003 0.0 0.0
47169 11390177 -0.4186573809484455 -0.17135363159612196 0.41910000000000003 0.0 0.0
47170 11390177 -0.46548956143896403 -0.1825650593831675 0.42672000000000004 0.0 0.0
47171 11390177 -0.5014883629312579 -0.19106717072240467 0.42672000000000004 0.0 0.0
47172 11390177 -0.5374871644235517 -0.19956928206164185 0.42672000000000004 0.0 0.0
47173 11390177 -0.5853293423687229 -0.21115090953621504 0.43434000000000006 0.0 0.0
47174 11390177 -0.6632001937496412 -0.22927170938774952 0.43434000000000006 0.0 0.0
47175 11390177 -0.6929077534366141 -0.23591601526178416 0.44196 0.0 0.0
47176 11390177 -0.7464368662893903 -0.2458711954998625 0.44196 0.0 0.0
47177 11390177 -0.8291855515034385 -0.2669523208675323 0.44958000000000004 0.0 0.0
47178 11390177 -0.8565293920985846 -0.27179851664937066 0.45339000000000007 0.0 0.0
47179 11390177 -0.8838732326937306 -0.27664471243120903 0.45720000000000005 0.0 0.0
47180 11390177 -0.9569657705991246 -0.2964421470191396 0.45720000000000005 0.0 0.0
47181 11390177 -1.009945541005185 -0.3063416978947858 0.46482000000000007 0.0 0.0
47182 11390177 -1.0484810032793284 -0.3209639789941008 0.46482000000000007 0.0 0.0
47183 11390177 -1.1052923407685948 -0.33171315173797544 0.47243999999999997 0.0 0.0
47184 11390177 -1.158954409676564 -0.34641265484144623 0.48006 0.0 0.0
47185 11390177 -1.2365012876598962 -0.368957424127482 0.48768 0.0 0.0
47186 11390177 -1.2901640337827336 -0.3836559558208602 0.4953 0.0 0.0
47187 11390177 -1.3294513557907108 -0.39242301617273 0.49911000000000005 0.0 0.0
47188 11390177 -1.368738677798688 -0.4011900765245998 0.50292 0.0 0.0
47189 11390177 -1.420108513276389 -0.4159366726627036 0.51054 0.0 0.0
47190 11390177 -1.447881750463169 -0.42426263272083364 0.51054 0.0 0.0
47191 11390177 -1.5011847450962532 -0.43405359791803333 0.5181600000000001 0.0 0.0
47192 11390177 -1.58068432391595 -0.4571252724458671 0.52578 0.0 0.0
47193 11390177 -1.616335442230151 -0.46427623331127327 0.5334 0.0 0.0
47194 11390177 -1.651986560544352 -0.47142719417667944 0.54102 0.0 0.0
47195 11390177 -1.7017769928821582 -0.4878571812566088 0.54102 0.0 0.0
47196 11390177 -1.7499451665704189 -0.4993261086869155 0.54864 0.0 0.0
47197 11390177 -1.8046201155073824 -0.5143916347802026 0.55626 0.0 0.0
47198 11390177 -1.8727658611859368 -0.5353325185731148 0.56388 0.0 0.0
47199 11390177 -1.900802554950398 -0.5422857385621136 0.56388 0.0 0.0
47200 11390177 -1.9570833009850575 -0.5568251304935284 0.5715 0.0 0.0
47201 11390177 -2.026474824350178 -0.5831993912627376 0.5715 0.0 0.0
47202 11390177 -2.0664459386739984 -0.5959458568349567 0.57531 0.0 0.0
47203 11390177 -2.106417052997819 -0.6086923224071759 0.57912 0.0 0.0
47204 11390177 -2.1360248686620684 -0.6150140559299425 0.57912 0.0 0.0
47205 11390177 -2.1938867606428456 -0.6370967810304706 0.58674 0.0 0.0
47206 11390177 -2.2604814589841578 -0.6532844863074133 0.59436 0.0 0.0
47207 11390177 -2.3400905481382717 -0.6766644765822011 0.59436 0.0 0.0
47208 11390177 -2.3913502283197934 -0.6812766417315406 0.6019800000000001 0.0 0.0
47209 11390177 -2.442593419430686 -0.6912685869239374 0.6019800000000001 0.0 0.0
47210 11390177 -2.529372686708017 -0.6958264187086477 0.6096 0.0 0.0
47211 11390177 -2.5956390391401953 -0.6947095844066272 0.6096 0.0 0.0
47212 11390177 -2.6232755383015762 -0.6963583059633001 0.6096 0.0 0.0
47213 11390177 -2.650912037462957 -0.6980070275199729 0.6096 0.0 0.0
47214 11390177 -2.7389420145638192 -0.6928059383802279 0.61722 0.0 0.0
47215 11390177 -2.799046877319724 -0.6891465471188646 0.6248400000000001 0.0 0.0
47216 11390177 -2.8529125708566667 -0.685425085959514 0.63246 0.0 0.0
47217 11390177 -2.9229524373721674 -0.6838885481512612 0.63246 0.0 0.0
47218 11390177 -2.9970781543916676 -0.6845196321331363 0.6400800000000001 0.0 0.0
47219 11390177 -3.0516531953318324 -0.6791624936044017 0.6477 0.0 0.0
47220 11390177 -3.0997462324104754 -0.6768024140126031 0.65151 0.0 0.0
47221 11390177 -3.1478392694891184 -0.6744423344208045 0.65532 0.0 0.0
47222 11390177 -3.1915734664202766 -0.6761373285622544 0.6629400000000001 0.0 0.0
47223 11390177 -3.2601228233335586 -0.6743844373455768 0.67056 0.0 0.0
47224 11390177 -3.3200111387841167 -0.6711423071877555 0.67056 0.0 0.0
47225 11390177 -3.401906914544246 -0.6661884466871152 0.6781800000000001 0.0 0.0
47226 11390177 -3.4652068689450903 -0.6668529193826006 0.6858000000000001 0.0 0.0
47227 11390177 -3.52370786253607 -0.6637127205269765 0.69342 0.0 0.0
47228 11390177 -3.5691388817041396 -0.660000914187136 0.69342 0.0 0.0
47229 11390177 -3.614569900872209 -0.6562891078472955 0.69342 0.0 0.0
47230 11390177 -3.6908486919828336 -0.6531707151279863 0.7010400000000001 0.0 0.0
47231 11390177 -3.74652789626941 -0.6495502980711793 0.7010400000000001 0.0 0.0
47232 11390177 -3.7682144457108393 -0.6479430163837842 0.7010400000000001 0.0 0.0
47233 11390177 -3.902726545433846 -0.6381452471059782 0.7086600000000001 0.0 0.0
47234 11390177 -3.9325340685000514 -0.6369169584639546 0.7086600000000001 0.0 0.0
47235 11390177 -4.027159731808808 -0.6301257561614925 0.7162800000000001 0.0 0.0
