47902 10696062 0.12693140015630422 0.004661872706394579 0.25908000000000003 -0.7657325092434721 -0.6872028657446765
47903 10696062 0.1408526113355999 0.005135694393130441 0.25908000000000003 -0.7657325092434721 -0.6872028657446765
47904 10696062 0.16703011081469665 0.0037068239091041233 0.25908000000000003 -0.7657325092434721 -0.6872028657446765
47905 10696062 0.1870475585270739 0.003901899466460255 0.25908000000000003 -0.7657325092434721 -0.6872028657446765
47906 10696062 0.20706500623945112 0.0040969750238163865 0.25908000000000003 -0.7657325092434721 -0.6872028657446765
47907 10696062 0.22708245395182836 0.0042920505811725185 0.25908000000000003 -0.7657325092434721 -0.6872028657446765
47908 10696062 0.25704557600246924 0.0046638567064211656 0.25908000000000003 -0.7657325092434721 -0.6872028657446765
47909 10696062 0.2852762957469348 0.0040832096827803505 0.25908000000000003 -0.7657325092434721 -0.6872028657446765
47910 10696062 0.31350701549140036 0.0035025626591395354 0.25908000000000003 -0.7657325092434721 -0.6872028657446765
47911 10696062 0.3403038226615229 0.002339211721324591 0.25908000000000003 -0.7657325092434721 -0.6872028657446765
47912 10696062 0.3707962362801067 0.004875063797188772 0.25908000000000003 -0.7657325092434721 -0.6872028657446765
47913 10696062 0.4113993010317065 0.004106961532525016 0.25908000000000003 -0.7657325092434721 -0.6872028657446765
47914 10696062 0.44956050534672837 0.004020206939537599 0.25908000000000003 -0.7657325092434721 -0.6872028657446765
47915 10696062 0.48464988246383556 0.005404763236717167 0.25908000000000003 -0.7657325092434721 -0.6872028657446765
47916 10696062 0.5253562594111889 0.004953982728868794 0.25908000000000003 -0.7657325092434721 -0.6872028657446765
47917 10696062 0.5548121761273055 0.0026887971225141305 0.25908000000000003 -0.7657325092434721 -0.6872028657446765
47918 10696062 0.5870674754656171 0.0021960980657523 0.26289 -0.7657325092434721 -0.6872028657446765
47919 10696062 0.6193227748039288 0.0017033990089904694 0.2667 -0.7657325092434721 -0.6872028657446765
47920 10696062 0.6467289057010212 0.002678570251195403 0.2667 -0.7657325092434721 -0.6872028657446765
47921 10696062 0.6916760048605741 0.00025885070648992703 0.2667 -0.7657325092434721 -0.6872028657446765
47922 10696062 0.72954363302643 -0.0007235356804960388 0.27051000000000003 -0.7657325092434721 -0.6872028657446765
47923 10696062 0.7674112611922859 -0.0017059220674820047 0.27432 -0.7657325092434721 -0.6872028657446765
47924 10696062 0.7961335365664088 -0.0034968002713021418 0.27432 -0.7657325092434721 -0.6872028657446765
47925 10696062 0.8562302118959645 -0.003038027268805907 0.28194 -0.7657325092434721 -0.6872028657446765
47926 10696062 0.8804700284786086 -0.00359770160838864 0.28194 -0.7657325092434721 -0.6872028657446765
47927 10696062 0.9235831729202532 -0.004832720703570104 0.28194 -0.7657325092434721 -0.6872028657446765
47928 10696062 0.9545999274696026 -0.005036057252628123 0.28575 -0.7657325092434721 -0.6872028657446765
47929 10696062 0.9856166820189523 -0.005239393801686143 0.28956 -0.7657325092434721 -0.6872028657446765
47930 10696062 1.0294194047897158 -0.004362592972621954 0.29718 -0.7657325092434721 -0.6872028657446765
47931 10696062 1.0671785411500174 -0.004314946950619444 0.29718 -0.7657325092434721 -0.6872028657446765
47932 10696062 1.1213458325040915 -0.004604005454907592 0.3048 -0.7657325092434721 -0.6872028657446765
47933 10696062 1.1468580439953473 -0.0053448256783024325 0.3048 -0.7657325092434721 -0.6872028657446765
47934 10696062 1.172370255486603 -0.006085645901697273 0.3048 -0.7657325092434721 -0.6872028657446765
47935 10696062 1.2323513456354507 -0.005703034057556511 0.31242000000000003 -0.7657325092434721 -0.6872028657446765
47936 10696062 1.2700644360036968 -0.005522535226530442 0.32004000000000005 -0.7657325092434721 -0.6872028657446765
47937 10696062 1.2999918634139493 -0.0052518241093118465 0.32385 -0.7657325092434721 -0.6872028657446765
47938 10696062 1.329919290824202 -0.004981112992093251 0.32766 -0.7657325092434721 -0.6872028657446765
47939 10696062 1.3572443812617454 -0.003976987912227309 0.32766 -0.7657325092434721 -0.6872028657446765
47940 10696062 1.3948760597720635 -0.004995853627501136 0.33147000000000004 -0.7657325092434721 -0.6872028657446765
47941 10696062 1.4325077382823816 -0.006014719342774963 0.33528 -0.7657325092434721 -0.6872028657446765
47942 10696062 1.492602949792802 -0.005550559046840542 0.33528 -0.7657325092434721 -0.6872028657446765
47943 10696062 1.528864670601036 -0.006004475784099163 0.33909 -0.7657325092434721 -0.6872028657446765
47944 10696062 1.5651263914092703 -0.006458392521357784 0.34290000000000004 -0.7657325092434721 -0.6872028657446765
47945 10696062 1.5868548624067196 -0.006546046245689566 0.34290000000000004 -0.7657325092434721 -0.6872028657446765
47946 10696062 1.6247511216933193 -0.006073187916752737 0.35052000000000005 -0.7657325092434721 -0.6872028657446765
47947 10696062 1.6615981744889827 -0.005549433527207812 0.35433000000000003 -0.7657325092434721 -0.6872028657446765
47948 10696062 1.6984452272846462 -0.005025679137662886 0.35814000000000007 -0.7657325092434721 -0.6872028657446765
47949 10696062 1.725769893920743 -0.004020136680382647 0.35814000000000007 -0.7657325092434721 -0.6872028657446765
47950 10696062 1.7853942378282648 -0.003633583380851485 0.36576 -0.7657325092434721 -0.6872028657446765
47951 10696062 1.8109058622389285 -0.004372015171703422 0.36576 -0.7657325092434721 -0.6872028657446765
47952 10696062 1.8364174866495921 -0.0051104469625553595 0.36576 -0.7657325092434721 -0.6872028657446765
47953 10696062 1.880218711913554 -0.004228398551929302 0.36576 -0.7657325092434721 -0.6872028657446765
47954 10696062 1.9343385934904296 -0.004379483179871885 0.37338 -0.7657325092434721 -0.6872028657446765
47955 10696062 1.9605395567208799 -0.0030061129104207024 0.37719 -0.7657325092434721 -0.6872028657446765
47956 10696062 1.9867405199513304 -0.00163274264096952 0.381 -0.7657325092434721 -0.6872028657446765
47957 10696062 2.0385562741519223 -0.0006801965895105733 0.381 -0.7657325092434721 -0.6872028657446765
47958 10696062 2.0798980617270986 0.0008309865138596967 0.38481 -0.7657325092434721 -0.6872028657446765
47959 10696062 2.121239849302275 0.0023421696172299666 0.38862 -0.7657325092434721 -0.6872028657446765
47960 10696062 2.1570161666877015 0.0058462627638821985 0.38862 -0.7657325092434721 -0.6872028657446765
47961 10696062 2.1871256323550683 0.005593581181392943 0.39624000000000004 -0.7657325092434721 -0.6872028657446765
47962 10696062 2.208624701467052 0.006166664052494802 0.39624000000000004 -0.7657325092434721 -0.6872028657446765
47963 10696062 2.2459932691701865 0.007749472276735836 0.40005 -0.7657325092434721 -0.6872028657446765
47964 10696062 2.283361836873321 0.00933228050097687 0.40386 -0.7657325092434721 -0.6872028657446765
47965 10696062 2.3191378419765067 0.012837187631473707 0.40386 -0.7657325092434721 -0.6872028657446765
47966 10696062 2.3653454358701533 0.01293619314413788 0.41148 -0.7657325092434721 -0.6872028657446765
47967 10696062 2.4154078977008586 0.016683237537535173 0.41910000000000003 -0.7657325092434721 -0.6872028657446765
47968 10696062 2.4440327852832024 0.017325180693447045 0.41910000000000003 -0.7657325092434721 -0.6872028657446765
47969 10696062 2.4726576728655463 0.017967123849358918 0.41910000000000003 -0.7657325092434721 -0.6872028657446765
47970 10696062 2.517112522858648 0.02085884023782339 0.41910000000000003 -0.7657325092434721 -0.6872028657446765
47971 10696062 2.5461508654947576 0.02276798385302184 0.42291 -0.7657325092434721 -0.6872028657446765
47972 10696062 2.5751892081308667 0.02467712746822029 0.42672000000000004 -0.7657325092434721 -0.6872028657446765
47973 10696062 2.627589489939366 0.027428586708273334 0.43434000000000006 -0.7657325092434721 -0.6872028657446765
47974 10696062 2.6614906842784287 0.02882146524498294 0.43688000000000005 -0.7657325092434721 -0.6872028657446765
47975 10696062 2.695391878617491 0.03021434378169255 0.43942000000000003 -0.7657325092434721 -0.6872028657446765
47976 10696062 2.729293072956554 0.031607222318402156 0.44196 -0.7657325092434721 -0.6872028657446765
47977 10696062 2.779389047539804 0.03546239163597084 0.44196 -0.7657325092434721 -0.6872028657446765
47978 10696062 2.8048160492967105 0.038551389695411636 0.44577 -0.7657325092434721 -0.6872028657446765
47979 10696062 2.830243051053617 0.04164038775485243 0.44958000000000004 -0.7657325092434721 -0.6872028657446765
47980 10696062 2.871603482306802 0.04811428298010387 0.45339000000000007 -0.7657325092434721 -0.6872028657446765
47981 10696062 2.912963913559987 0.0545881782053553 0.45720000000000005 -0.7657325092434721 -0.6872028657446765
47982 10696062 2.9394875439400954 0.06076565291169175 0.45720000000000005 -0.7657325092434721 -0.6872028657446765
47983 10696062 2.974737914385029 0.06946809978140808 0.46482000000000007 -0.7657325092434721 -0.6872028657446765
47984 10696062 3.0202080316648976 0.08499773421631082 0.46482000000000007 -0.7657325092434721 -0.6872028657446765
47985 10696062 3.0426291318353607 0.09520146068410854 0.46863 -0.7657325092434721 -0.6872028657446765
47986 10696062 3.0650502320058237 0.10540518715190625 0.47243999999999997 -0.7657325092434721 -0.6872028657446765
47987 10696062 3.1015913066594516 0.12595247226495707 0.47243999999999997 -0.7657325092434721 -0.6872028657446765
47988 10696062 3.119082968559808 0.1376485512042986 0.48006 -0.7657325092434721 -0.6872028657446765
47989 10696062 3.1711795898523176 0.1732108822819811 0.48006 -0.7657325092434721 -0.6872028657446765
47990 10696062 3.193283615346213 0.1908777677897001 0.48768 -0.7657325092434721 -0.6872028657446765
47991 10696062 3.2190933424611066 0.2128254756172092 0.48768 -0.7657325092434721 -0.6872028657446765
47992 10696062 3.240090998283102 0.23091197688208467 0.49149 -0.7657325092434721 -0.6872028657446765
47993 10696062 3.261088654105097 0.24899847814696016 0.4953 -0.7657325092434721 -0.6872028657446765
47994 10696062 3.2868104951830475 0.27815915357342097 0.4953 -0.7657325092434721 -0.6872028657446765
47995 10696062 3.3125323362609977 0.30731982899988175 0.4953 -0.7657325092434721 -0.6872028657446765
47996 10696062 3.3315211019515303 0.3314940305221883 0.4953 -0.7657325092434721 -0.6872028657446765
47997 10696062 3.3518830643875814 0.36123604333498643 0.49911000000000005 -0.7657325092434721 -0.6872028657446765
47998 10696062 3.3722450268236326 0.3909780561477846 0.50292 -0.7657325092434721 -0.6872028657446765
47999 10696062 3.3897024342868156 0.4240628135712048 0.50292 -0.7657325092434721 -0.6872028657446765
48000 10696062 3.4071598417499986 0.457147570994625 0.50292 -0.7657325092434721 -0.6872028657446765
48001 10696062 3.4278806042839545 0.5029514091341585 0.51054 -0.7657325092434721 -0.6872028657446765
48002 10696062 3.4419387050769323 0.5460236103982046 0.51054 -0.7657325092434721 -0.6872028657446765
48003 10696062 3.4499637331158235 0.5748276216517902 0.5143500000000001 -0.7657325092434721 -0.6872028657446765
48004 10696062 3.4579887611547147 0.6036316329053759 0.5181600000000001 -0.7657325092434721 -0.6872028657446765
48005 10696062 3.4670791888836288 0.6407322344803057 0.5181600000000001 -0.7657325092434721 -0.6872028657446765
48006 10696062 3.472584683199199 0.6739214554547932 0.52197 -0.7657325092434721 -0.6872028657446765
48007 10696062 3.478090177514769 0.7071106764292808 0.52578 -0.7657325092434721 -0.6872028657446765
48008 10696062 3.481417600905133 0.7499471756963023 0.52959 -0.7657325092434721 -0.6872028657446765
48009 10696062 3.4847450242954974 0.7927836749633239 0.5334 -0.7657325092434721 -0.6872028657446765
48010 10696062 3.4836400007550585 0.8233995157382962 0.5334 -0.7657325092434721 -0.6872028657446765
48011 10696062 3.4828551177100513 0.8713163820703903 0.5334 -0.7657325092434721 -0.6872028657446765
48012 10696062 3.476725350363039 0.9145530099469692 0.5334 -0.7657325092434721 -0.6872028657446765
48013 10696062 3.470595583016027 0.9577896378235482 0.5334 -0.7657325092434721 -0.6872028657446765
48014 10696062 3.460532094838818 0.9887013140512697 0.53721 -0.7657325092434721 -0.6872028657446765
48015 10696062 3.450468606661609 1.0196129902789912 0.54102 -0.7657325092434721 -0.6872028657446765
48016 10696062 3.4375486205980703 1.0561881790785081 0.54102 -0.7657325092434721 -0.6872028657446765
48017 10696062 3.417992794653377 1.0952799209593116 0.54102 -0.7657325092434721 -0.6872028657446765
48018 10696062 3.3975876053545067 1.132312719496797 0.54864 -0.7657325092434721 -0.6872028657446765
48019 10696062 3.3620809867009536 1.1812841164636494 0.54864 -0.7657325092434721 -0.6872028657446765
48020 10696062 3.3336092151237273 1.2144088072785453 0.54864 -0.7657325092434721 -0.6872028657446765
48021 10696062 3.305137443546501 1.2475334980934412 0.54864 -0.7657325092434721 -0.6872028657446765
48022 10696062 3.286761711202531 1.2660314634166265 0.54864 -0.7657325092434721 -0.6872028657446765
48023 10696062 3.252584228146822 1.2945942305183806 0.54864 -0.7657325092434721 -0.6872028657446765
48024 10696062 3.2137284786401508 1.3210632747338829 0.55245 -0.7657325092434721 -0.6872028657446765
48025 10696062 3.1748727291334795 1.347532318949385 0.55626 -0.7657325092434721 -0.6872028657446765
48026 10696062 3.129773501163968 1.3711923174338971 0.55626 -0.7657325092434721 -0.6872028657446765
48027 10696062 3.084674273194456 1.394852315918409 0.55626 -0.7657325092434721 -0.6872028657446765
48028 10696062 3.051564514650062 1.4076478145865452 0.55626 -0.7657325092434721 -0.6872028657446765
48029 10696062 3.001221751652013 1.4240841178751416 0.5600700000000001 -0.7657325092434721 -0.6872028657446765
48030 10696062 2.9508789886539644 1.440520421163738 0.56388 -0.7657325092434721 -0.6872028657446765
48031 10696062 2.893106234002911 1.4545939033659967 0.56388 -0.7657325092434721 -0.6872028657446765
48032 10696062 2.835333479351857 1.4686673855682557 0.56388 -0.7657325092434721 -0.6872028657446765
48033 10696062 2.796306025052561 1.4776139657378446 0.56388 -0.7657325092434721 -0.6872028657446765
48034 10696062 2.7572785707532645 1.4865605459074336 0.56388 -0.7657325092434721 -0.6872028657446765
48035 10696062 2.7115102935235464 1.495255484805368 0.5600700000000001 -0.7657325092434721 -0.6872028657446765
48036 10696062 2.6657420162938283 1.5039504237033026 0.55626 -0.7657325092434721 -0.6872028657446765
48037 10696062 2.6153560359649335 1.5154971519191454 0.55626 -0.7657325092434721 -0.6872028657446765
48038 10696062 2.5529549465009396 1.5255940869139621 0.55626 -0.7657325092434721 -0.6872028657446765
48039 10696062 2.5101905408988747 1.5346527213047574 0.55626 -0.7657325092434721 -0.6872028657446765
48040 10696062 2.4361911679503976 1.5486551052203132 0.54864 -0.7657325092434721 -0.6872028657446765
48041 10696062 2.393025697068599 1.557845449605457 0.54864 -0.7657325092434721 -0.6872028657446765
48042 10696062 2.3313699277733657 1.5680519727403255 0.54864 -0.7657325092434721 -0.6872028657446765
48043 10696062 2.269714158478133 1.578258495875194 0.54864 -0.7657325092434721 -0.6872028657446765
48044 10696062 2.2080583891828995 1.5884650190100624 0.54864 -0.7657325092434721 -0.6872028657446765
48045 10696062 2.174829046594658 1.5938273989930043 0.54864 -0.7657325092434721 -0.6872028657446765
48046 10696062 2.1097215801320557 1.6027094105640565 0.54864 -0.7657325092434721 -0.6872028657446765
48047 10696062 2.0606622362914484 1.6100303120647244 0.55245 -0.7657325092434721 -0.6872028657446765
48048 10696062 2.011602892450841 1.617351213565392 0.55626 -0.7657325092434721 -0.6872028657446765
48049 10626382 0.18909191437081507 0.003272651775728802 0.25146 -0.7657325092434721 -0.6872028657446765
48049 10696062 1.9544165408324752 1.625750148733092 0.55626 -0.7657325092434721 -0.6872028657446765
48050 10626382 0.22205934905186553 0.0035970904721343844 0.25146 -0.7657325092434721 -0.6872028657446765
48050 10696062 1.9109514678850654 1.6329385254938882 0.55626 -0.7657325092434721 -0.6872028657446765
48051 10626382 0.24110484515405678 0.0026300859527717962 0.25146 -0.7657325092434721 -0.6872028657446765
48051 10696062 1.8250952166183911 1.6429932386632322 0.55626 -0.7657325092434721 -0.6872028657446765
48052 10696062 1.7811023343368135 1.649653879565763 0.55626 -0.7657325092434721 -0.6872028657446765
48052 10626382 0.26015034125624803 0.0016630814334092081 0.25146 -0.7657325092434721 -0.6872028657446765
48053 10696062 1.7137027281186805 1.6594051153990022 0.55626 -0.7657325092434721 -0.6872028657446765
48053 10626382 0.28461384318386135 0.002780945077779105 0.25146 -0.7657325092434721 -0.6872028657446765
48054 10696062 1.663003269910158 1.6659210782786502 0.55626 -0.7657325092434721 -0.6872028657446765
48054 10626382 0.3090773451114747 0.0038988087221490018 0.25146 -0.7657325092434721 -0.6872028657446765
48055 10626382 0.33354084703908804 0.005016672366518898 0.25146 -0.7657325092434721 -0.6872028657446765
48055 10696062 1.6123038117016357 1.6724370411582983 0.55626 -0.7657325092434721 -0.6872028657446765
48056 10626382 0.3668860655543852 0.004867773304338657 0.25146 -0.7657325092434721 -0.6872028657446765
48056 10696062 1.5552898202731429 1.6813670088140569 0.55626 -0.7657325092434721 -0.6872028657446765
48057 10626382 0.43576619911395625 0.004205327404858877 0.25908000000000003 -0.7657325092434721 -0.6872028657446765
48057 10696062 1.524788093735982 1.6858413185636936 0.55626 -0.7657325092434721 -0.6872028657446765
48058 10626382 0.4714841107362882 0.0031646872168548945 0.25908000000000003 -0.7657325092434721 -0.6872028657446765
48058 10696062 1.4338437266127657 1.6982640167363912 0.55626 -0.7657325092434721 -0.6872028657446765
48059 10696062 1.3995122142276546 1.7018872606300384 0.55626 -0.7657325092434721 -0.6872028657446765
48059 10626382 0.4989519449169806 0.002425217030950534 0.25908000000000003 -0.7657325092434721 -0.6872028657446765
48060 10696062 1.3428648307927893 1.710582328746437 0.55626 0.0 0.0
48060 10626382 0.526419779097673 0.0016857468450461738 0.25908000000000003 0.0 0.0
48061 10696062 1.2869379274656754 1.7174070689908234 0.55626 0.0 0.0
48061 10626382 0.5630892148840559 0.0005684347718040901 0.26416 0.0 0.0
48062 10696062 1.2310110241385614 1.7242318092352098 0.55626 0.0 0.0
48062 10626382 0.5997586506704388 -0.0005488773014379936 0.26924000000000003 0.0 0.0
48063 10626382 0.6364280864568217 -0.001666189374680077 0.27432 0.0 0.0
48063 10696062 1.1660982201845782 1.7331756579541668 0.55626 0.0 0.0
48064 10696062 1.1009559635161539 1.7419614195555764 0.55626 0.0 0.0
48064 10626382 0.673078144936375 -0.0012703550380323836 0.27770666666666666 0.0 0.0
48065 10696062 1.0608081123392465 1.747487036641796 0.55245 0.0 0.0
48065 10626382 0.7097282034159282 -0.0008745207013846901 0.28109333333333336 0.0 0.0
48066 10696062 1.0206602611623392 1.7530126537280157 0.54864 0.0 0.0
48066 10626382 0.7463782618954814 -0.00047868636473699655 0.28448 0.0 0.0
48067 10626382 0.7830283203750347 -8.285202808930303e-05 0.28786666666666666 0.0 0.0
48067 10696062 0.9647504772453317 1.7598927011015708 0.54864 0.0 0.0
48068 10626382 0.8196783788545879 0.0003129823085583905 0.29125333333333336 0.0 0.0
48068 10696062 0.9088406933283242 1.766772748475126 0.54864 0.0 0.0
48069 10626382 0.8563284373341411 0.000708816645206084 0.29464 0.0 0.0
48069 10696062 0.8594478363103819 1.773217712752622 0.54864 0.0 0.0
48070 10696062 0.8033374224572873 1.7801646082158977 0.5448299999999999 0.0 0.0
48070 10626382 0.8929784958136944 0.0011046509818537775 0.29802666666666666 0.0 0.0
48071 10696062 0.7472270086041927 1.7871115036791736 0.54102 0.0 0.0
48071 10626382 0.9296285542932476 0.001500485318501471 0.30141333333333337 0.0 0.0
48072 10626382 0.9662786127728009 0.0018963196551491646 0.3048 0.0 0.0
48072 10696062 0.6977305905709926 1.7932411066957128 0.54102 0.0 0.0
48073 10696062 0.6482341725377926 1.799370709712252 0.54102 0.0 0.0
48073 10626382 1.0099553698872352 0.0008482065487787904 0.30607 0.0 0.0
48074 10626382 1.0536321270016695 -0.0001999065575915837 0.30734 0.0 0.0
48074 10696062 0.6095073710343275 1.804492787493611 0.54102 0.0 0.0
48075 10626382 1.0973088841161038 -0.0012480196639619578 0.30861000000000005 0.0 0.0
48075 10696062 0.5707805695308625 1.80961486527497 0.54102 0.0 0.0
48076 10696062 0.516539716550316 1.8175299374413953 0.54102 0.0 0.0
48076 10626382 1.1409856412305384 -0.002296132770332332 0.30988000000000004 0.0 0.0
48077 10626382 1.1846623983449727 -0.003344245876702706 0.31115000000000004 0.0 0.0
48077 10696062 0.4706532498227944 1.8224811353910209 0.54102 0.0 0.0
48078 10626382 1.228339155459407 -0.00439235898307308 0.31242000000000003 0.0 0.0
48078 10696062 0.4247667830952727 1.8274323333406464 0.54102 0.0 0.0
48079 10626382 1.2886729694028587 -0.007278805227810131 0.32004000000000005 0.0 0.0
48079 10696062 0.3800146148673081 1.8317795229151372 0.54102 0.0 0.0
48080 10696062 0.3434485798326744 1.8367223664330186 0.54102 0.0 0.0
48080 10626382 1.333450018435166 -0.00613445622875422 0.32766 0.0 0.0
48081 10696062 0.2731803489420097 1.8445041121920782 0.5334 0.0 0.0
48081 10626382 1.37189515857705 -0.008061779571169075 0.32766 0.0 0.0
48082 10626382 1.3964103884143628 -0.007775163789327813 0.33147000000000004 0.0 0.0
48082 10696062 0.2551388540780156 1.847714659179037 0.5334 0.0 0.0
48083 10696062 0.2118594892927546 1.8518152223744728 0.5334 0.0 0.0
48083 10626382 1.4209256182516758 -0.007488548007486551 0.33528 0.0 0.0
48084 10626382 1.4837729834919169 -0.006755193658215322 0.34290000000000004 0.0 0.0
48084 10696062 0.1685801245074936 1.8559157855699084 0.5334 0.0 0.0
48085 10696062 0.1263380056987924 1.859794472771872 0.5334 0.0 0.0
48085 10626382 1.5210487633778313 -0.008182987737553354 0.34290000000000004 0.0 0.0
48086 10696062 0.06411780381076537 1.867751217173016 0.52578 0.0 0.0
48086 10626382 1.5644807093980893 -0.011154069593452762 0.35052000000000005 0.0 0.0
48087 10696062 0.013792898932353137 1.871352186210869 0.52578 0.0 0.0
48087 10626382 1.5964543401765836 -0.011141666495852437 0.35433000000000003 0.0 0.0
48088 10696062 -0.03082147943948066 1.8761241865260356 0.5181600000000001 0.0 0.0
48088 10626382 1.628427970955078 -0.011129263398252112 0.35814000000000007 0.0 0.0
48089 10696062 -0.0730292128111465 1.8801096174196805 0.5181600000000001 0.0 0.0
48089 10626382 1.6648791864585464 -0.01100198764091559 0.36576 0.0 0.0
48090 10696062 -0.10422565350407564 1.883824989504118 0.5181600000000001 0.0 0.0
48090 10626382 1.7041074521203867 -0.007809577317521438 0.37338 0.0 0.0
48091 10696062 -0.1354220941970048 1.887540361588555 0.5181600000000001 0.0 0.0
48091 10626382 1.768634423171672 -0.014164539428436318 0.381 0.0 0.0
48092 10696062 -0.177664398189618 1.8914208662173468 0.5181600000000001 0.0 0.0
48092 10626382 1.8014964658604562 -0.01414945208167706 0.381 0.0 0.0
48093 10696062 -0.219941242334041 1.8951960723465524 0.5181600000000001 0.0 0.0
48093 10626382 1.8405960972528652 -0.014068545336419297 0.38862 0.0 0.0
48094 10696062 -0.2613898200328171 1.9015047502487503 0.51054 0.0 0.0
48094 10626382 1.8721675954552053 -0.014741427194302631 0.39243000000000006 0.0 0.0
48095 10696062 -0.3219973945549168 1.906250313386432 0.51054 0.0 0.0
48095 10626382 1.9037390936575451 -0.015414309052185965 0.39624000000000004 0.0 0.0
48096 10626382 1.9505194036270337 -0.017373887877646293 0.39624000000000004 0.0 0.0
48096 10696062 -0.37156333356681026 1.9121761373779367 0.51054 0.0 0.0
48097 10696062 -0.39546667123456314 1.9123979854864859 0.50292 0.0 0.0
48097 10626382 1.994640304057013 -0.0182310687065321 0.40386 0.0 0.0
48098 10696062 -0.45579639954669315 1.9196241918974124 0.50292 0.0 0.0
48098 10626382 2.0258473885973274 -0.023281983306226606 0.40386 0.0 0.0
48099 10626382 2.081653362487446 -0.022347118215463785 0.41148 0.0 0.0
48099 10696062 -0.48866738702878487 1.9228372770407036 0.49911000000000005 0.0 0.0
48100 10626382 2.1254514035365486 -0.025551342474966293 0.41910000000000003 0.0 0.0
48100 10696062 -0.5215383745108766 1.926050362183995 0.4953 0.0 0.0
48101 10696062 -0.5553314606554971 1.9299741398131662 0.4953 0.0 0.0
48101 10626382 2.1631276880201207 -0.027106775525274934 0.41910000000000003 0.0 0.0
48102 10626382 2.2031779047363003 -0.027918530346037446 0.42672000000000004 0.0 0.0
48102 10696062 -0.6055533557263022 1.933896166433904 0.4953 0.0 0.0
48103 10696062 -0.6559133708224354 1.937396353846973 0.48768 0.0 0.0
48103 10626382 2.225090112406308 -0.026896146781588887 0.42672000000000004 0.0 0.0
48104 10696062 -0.6818307275539566 1.94096502099341 0.48768 0.0 0.0
48104 10626382 2.2470023200763163 -0.025873763217140328 0.42672000000000004 0.0 0.0
48105 10696062 -0.7209073221645457 1.946383789546823 0.48768 0.0 0.0
48105 10626382 2.3068517389405905 -0.030229443132625627 0.43434000000000006 0.0 0.0
48106 10696062 -0.7628636267957305 1.9500573007691542 0.48768 0.0 0.0
48106 10626382 2.3496747495620687 -0.03369809174654034 0.43434000000000006 0.0 0.0
48107 10626382 2.390435078890686 -0.03532482140207985 0.44196 0.0 0.0
48107 10696062 -0.8123952985418292 1.9560917668246949 0.48006 0.0 0.0
48108 10626382 2.432856793452756 -0.03866196513777695 0.44196 0.0 0.0
48108 10696062 -0.846315399441069 1.9593574103166942 0.48006 0.0 0.0
48109 10696062 -0.8869578428483123 1.9640625177291429 0.48006 0.0 0.0
48109 10626382 2.481816453413626 -0.03829253254062756 0.44958000000000004 0.0 0.0
48110 10626382 2.519423419338535 -0.040057201914729584 0.45720000000000005 0.0 0.0
48110 10696062 -0.9276002862555555 1.9687676251415913 0.48006 0.0 0.0
48111 10696062 -0.9697740344092705 1.9728639605447837 0.47243999999999997 0.0 0.0
48111 10626382 2.5626474437120175 -0.04365555578855254 0.45720000000000005 0.0 0.0
48112 10696062 -1.0249131078163882 1.9780466412345323 0.47243999999999997 0.0 0.0
48112 10626382 2.617648354370912 -0.044907159991137396 0.46482000000000007 0.0 0.0
48113 10626382 2.655771114374688 -0.046722725188719755 0.46482000000000007 0.0 0.0
48113 10696062 -1.0752389592934497 1.9816553633799074 0.47243999999999997 0.0 0.0
48114 10626382 2.695937992605575 -0.043364545325831644 0.47243999999999997 0.0 0.0
48114 10696062 -1.0910597193676523 1.982156660845594 0.46482000000000007 0.0 0.0
48115 10626382 2.7254611493020438 -0.04540950694356072 0.47243999999999997 0.0 0.0
48115 10696062 -1.154799799152969 1.9854800776267878 0.46482000000000007 0.0 0.0
48116 10696062 -1.1740020644643703 1.9865034554864145 0.46482000000000007 0.0 0.0
48116 10626382 2.754984305998513 -0.04745446856128979 0.47243999999999997 0.0 0.0
48117 10626382 2.7810898801749047 -0.05071992684815488 0.48006 0.0 0.0
48117 10696062 -1.2229470731951138 1.9851047196489435 0.45720000000000005 0.0 0.0
48118 10626382 2.8444742708105815 -0.04804811765207237 0.48006 0.0 0.0
48118 10696062 -1.281376603227877 1.9813173764936132 0.45720000000000005 0.0 0.0
48119 10626382 2.890336656385241 -0.049001356229782994 0.48768 0.0 0.0
48119 10696062 -1.312130904203192 1.976889628893143 0.45720000000000005 0.0 0.0
48120 10626382 2.9272441108609097 -0.05018521288930686 0.48768 0.0 0.0
48120 10696062 -1.3543153281792153 1.9728127616160387 0.45720000000000005 0.0 0.0
48121 10626382 2.964885047549312 -0.05184195016228563 0.4953 0.0 0.0
48121 10696062 -1.400978179067194 1.9631907113609428 0.44958000000000004 0.0 0.0
48122 10626382 3.0090045338183486 -0.05269281719594013 0.50292 0.0 0.0
48122 10696062 -1.4290763722923092 1.9560250508498367 0.44958000000000004 0.0 0.0
48123 10626382 3.0522280286668897 -0.05628818172334801 0.50292 0.0 0.0
48123 10696062 -1.4571745655174244 1.9488593903387306 0.44958000000000004 0.0 0.0
48124 10696062 -1.5053916431255103 1.9344884734867036 0.44196 0.0 0.0
48124 10626382 3.1162999382301635 -0.05313769366822288 0.51054 0.0 0.0
48125 10696062 -1.5515263146816431 1.9169828494034205 0.44196 0.0 0.0
48125 10626382 3.1348840579194963 -0.05604956187143975 0.51054 0.0 0.0
48126 10696062 -1.5886616218410805 1.899162184348648 0.43815000000000004 0.0 0.0
48126 10626382 3.1812184792768807 -0.05283296600556822 0.51054 0.0 0.0
48127 10696062 -1.6257969290005179 1.8813415192938752 0.43434000000000006 0.0 0.0
48127 10626382 3.2236393211677 -0.05616537175438688 0.5181600000000001 0.0 0.0
48128 10626382 3.289783494845844 -0.05754472366061328 0.52578 0.0 0.0
48128 10696062 -1.662224589029357 1.8568632585883926 0.4305300000000001 0.0 0.0
48129 10696062 -1.6986522490581961 1.8323849978829103 0.42672000000000004 0.0 0.0
48129 10626382 3.310415374518302 -0.05826250452478368 0.52578 0.0 0.0
48130 10696062 -1.731397116902526 1.8055919626802757 0.42672000000000004 0.0 0.0
48130 10626382 3.33104725419076 -0.058980285388954085 0.52578 0.0 0.0
48131 10626382 3.390003654474601 -0.05789606975036124 0.5334 0.0 0.0
48131 10696062 -1.7505999722442709 1.7889736243132468 0.42672000000000004 0.0 0.0
48132 10626382 3.4335712480003204 -0.06043340975946723 0.5334 0.0 0.0
48132 10696062 -1.778898302934502 1.760842719104233 0.42672000000000004 0.0 0.0
48133 10696062 -1.8089357126979266 1.7268545449776307 0.42291 0.0 0.0
48133 10626382 3.4943390213755423 -0.0592386757765804 0.54102 0.0 0.0
48134 10696062 -1.8389731224613513 1.6928663708510283 0.41910000000000003 0.0 0.0
48134 10626382 3.539284565251517 -0.057552560725536966 0.54864 0.0 0.0
48135 10696062 -1.8653205267873627 1.6576709503922356 0.41529000000000005 0.0 0.0
48135 10626382 3.572947012037802 -0.057791138326629105 0.54864 0.0 0.0
48136 10626382 3.6036290118456225 -0.05682326440770433 0.55245 0.0 0.0
48136 10696062 -1.8916679311133742 1.6224755299334428 0.41148 0.0 0.0
48137 10696062 -1.8992546654110731 1.6074314285171378 0.41148 0.0 0.0
48137 10626382 3.634311011653443 -0.05585539048877955 0.55626 0.0 0.0
48138 10696062 -1.9189348711066179 1.572391454083283 0.41148 0.0 0.0
48138 10626382 3.674681925769823 -0.053493364120371895 0.55626 0.0 0.0
48139 10626382 3.723811564060874 -0.05258750835458706 0.56388 0.0 0.0
48139 10696062 -1.9386150768021626 1.5373514796494285 0.41148 0.0 0.0
48140 10696062 -1.9609823751160447 1.4947780374513764 0.40386 0.0 0.0
48140 10626382 3.76239177029732 -0.054079577056272116 0.5715 0.0 0.0
48141 10626382 3.8067519683201354 -0.05255137678744795 0.5715 0.0 0.0
48141 10696062 -1.9807490167248412 1.4506526225382945 0.40386 0.0 0.0
48142 10626382 3.8634267183725983 -0.049200541459576336 0.57912 0.0 0.0
48142 10696062 -1.9942584004998678 1.4175078471431664 0.40386 0.0 0.0
48143 10626382 3.910138474809888 -0.04481790721702153 0.57912 0.0 0.0
48143 10696062 -2.007767784274894 1.3843630717480384 0.40386 0.0 0.0
48144 10696062 -2.022513650374276 1.339295942746982 0.39624000000000004 0.0 0.0
48144 10626382 3.9433596323735958 -0.04368431628010758 0.58293 0.0 0.0
48145 10626382 3.9765807899373034 -0.042550725343193624 0.58674 0.0 0.0
48145 10696062 -2.032183070113656 1.3097437288050628 0.39624000000000004 0.0 0.0
48146 10626382 4.014279100931424 -0.041300763244593 0.59436 0.0 0.0
48146 10696062 -2.0446256550056665 1.2635724490172568 0.39624000000000004 0.0 0.0
48147 10626382 4.056038043898381 -0.03576855504130841 0.59436 0.0 0.0
48147 10696062 -2.049574424011033 1.2403041306743852 0.39624000000000004 0.0 0.0
48148 10696062 -2.0591959641599002 1.185381350461723 0.38862 0.0 0.0
48148 10626382 4.101303380528694 -0.034183613414942055 0.6019800000000001 0.0 0.0
48149 10696062 -2.0646619086282625 1.1521169325266951 0.38862 0.0 0.0
48149 10626382 4.142683214208757 -0.029812199380198662 0.6019800000000001 0.0 0.0
48150 10626382 4.2108359426279875 -0.021209303516491335 0.6096 0.0 0.0
48150 10696062 -2.0701278530966247 1.1188525145916672 0.38862 0.0 0.0
48151 10626382 4.250197300999367 -0.017580555450920993 0.6096 0.0 0.0
48151 10696062 -2.076409786741804 1.065991824294198 0.38862 0.0 0.0
48152 10696062 -2.079020501062229 1.041724846300462 0.38862 0.0 0.0
48152 10626382 4.279469435255974 -0.013580322124874283 0.61341 0.0 0.0
48153 10626382 4.308741569512581 -0.009580088798827574 0.61722 0.0 0.0
48153 10696062 -2.0804432107186406 1.004800689820216 0.38862 0.0 0.0
48154 10696062 -2.082729142445724 0.9652379221996549 0.38862 0.0 0.0
48154 10626382 4.348068249889573 -0.006056374954895 0.6248400000000001 0.0 0.0
48155 10626382 4.397716450768104 0.004613252341184787 0.6248400000000001 0.0 0.0
48155 10696062 -2.082598731806211 0.9276303851810548 0.38481 0.0 0.0
48156 10626382 4.436974021272198 0.007926307053064602 0.63246 0.0 0.0
48156 10696062 -2.082468321166698 0.8900228481624547 0.381 0.0 0.0
48157 10696062 -2.08181868287323 0.8594312678422854 0.381 0.0 0.0
48157 10626382 4.50498835796399 0.017744810040173226 0.6400800000000001 0.0 0.0
48158 10626382 4.545829859217268 0.025914892426687514 0.6400800000000001 0.0 0.0
48158 10696062 -2.0775382941920837 0.7978570042161947 0.381 0.0 0.0
48159 10696062 -2.076546114639533 0.7750986737772315 0.381 0.0 0.0
48159 10626382 4.586270008592948 0.034216082961372324 0.6400800000000001 0.0 0.0
48160 10696062 -2.0732575403417552 0.7362827031418208 0.381 0.0 0.0
48160 10626382 4.614710269587224 0.03825519831268595 0.6438900000000001 0.0 0.0
48161 10626382 4.643150530581499 0.04229431366399958 0.6477 0.0 0.0
48161 10696062 -2.0677942859116842 0.703298439291418 0.381 0.0 0.0
48162 10696062 -2.0623310314816132 0.6703141754410152 0.381 0.0 0.0
48162 10626382 4.678626664451027 0.051981525357180786 0.65532 0.0 0.0
48163 10696062 -2.052984617797118 0.62449217022776 0.381 0.0 0.0
48163 10626382 4.735495425465293 0.060297813133175365 0.65532 0.0 0.0
48164 10696062 -2.045828849017832 0.5920642957713671 0.37719 0.0 0.0
48164 10626382 4.7532210194837194 0.06292630096873317 0.65532 0.0 0.0
48165 10696062 -2.0386730802385458 0.5596364213149742 0.37338 0.0 0.0
48165 10626382 4.824560416486939 0.07750314938260403 0.6629400000000001 0.0 0.0
48166 10696062 -2.023735794753766 0.5184118354973221 0.37338 0.0 0.0
48166 10626382 4.866306609716975 0.08573005534329611 0.67056 0.0 0.0
48167 10626382 4.904316003999921 0.09611039360225102 0.67056 0.0 0.0
48167 10696062 -2.0087985092689866 0.47718724967966997 0.37338 0.0 0.0
48168 10696062 -1.996111763793128 0.4426579933515934 0.37338 0.0 0.0
48168 10626382 4.967444561906135 0.10729242766139033 0.6781800000000001 0.0 0.0
48169 10626382 4.988300198835043 0.11135350693144394 0.6781800000000001 0.0 0.0
48169 10696062 -1.9791793965479252 0.41024509562105094 0.37338 0.0 0.0
48170 10626382 5.009155835763952 0.11541458620149755 0.6781800000000001 0.0 0.0
48170 10696062 -1.970053774335671 0.389266151142868 0.36576 0.0 0.0
48171 10626382 5.055200057232495 0.12212381100485867 0.6858000000000001 0.0 0.0
48171 10696062 -1.9370055993959137 0.3409487574700416 0.36576 0.0 0.0
48172 10696062 -1.9189323746461109 0.3174518474416074 0.36195 0.0 0.0
48172 10626382 5.117170069503592 0.13356796374508426 0.6858000000000001 0.0 0.0
48173 10696062 -1.900859149896308 0.29395493741317325 0.35814000000000007 0.0 0.0
48173 10626382 5.138369793627999 0.13868521996252334 0.69342 0.0 0.0
48174 10696062 -1.88087431744291 0.272228042759287 0.35814000000000007 0.0 0.0
48174 10626382 5.204892443155935 0.15483597879167674 0.69342 0.0 0.0
48175 10626382 5.222789556512178 0.15799351403676418 0.69342 0.0 0.0
48175 10696062 -1.854323683057198 0.24613344956179992 0.35814000000000007 0.0 0.0
48176 10696062 -1.810392443582485 0.2066420937204335 0.35814000000000007 0.0 0.0
48176 10626382 5.287569158594981 0.17424608471842915 0.7010400000000001 0.0 0.0
48177 10696062 -1.7809486070521678 0.18622260629287976 0.3556000000000001 0.0 0.0
48177 10626382 5.324372108646857 0.18093341099884816 0.7010400000000001 0.0 0.0
48178 10696062 -1.7515047705218507 0.16580311886532603 0.35306000000000004 0.0 0.0
48178 10626382 5.36721886447194 0.19417681318553268 0.7086600000000001 0.0 0.0
48179 10696062 -1.7220609339915336 0.1453836314377723 0.35052000000000005 0.0 0.0
48179 10626382 5.428775496362779 0.20844444225034117 0.7086600000000001 0.0 0.0
48180 10626382 5.446208432882739 0.2130386563017905 0.7124700000000002 0.0 0.0
48180 10696062 -1.6969536066614508 0.1298102127361583 0.35052000000000005 0.0 0.0
48181 10696062 -1.6704223104273581 0.11587430915181421 0.3467100000000001 0.0 0.0
48181 10626382 5.463641369402699 0.21763287035323983 0.7162800000000001 0.0 0.0
48182 10696062 -1.6438910141932654 0.10193840556747011 0.34290000000000004 0.0 0.0
48182 10626382 5.511359211905496 0.22893814677532806 0.7162800000000001 0.0 0.0
48183 10696062 -1.6107675734825915 0.08643071294734092 0.34290000000000004 0.0 0.0
48183 10626382 5.554354283388399 0.2423676487052507 0.7239000000000001 0.0 0.0
48184 10626382 5.620507663244473 0.25875863702911517 0.7239000000000001 0.0 0.0
48184 10696062 -1.565711157330744 0.06666971792392348 0.34290000000000004 0.0 0.0
48185 10696062 -1.5344121204240178 0.055089140566842526 0.34290000000000004 0.0 0.0
48185 10626382 5.657402216302191 0.26845435975430976 0.73152 0.0 0.0
48186 10696062 -1.5031130835172914 0.04350856320976157 0.34290000000000004 0.0 0.0
48186 10626382 5.714349857444454 0.2865627719973577 0.73152 0.0 0.0
48187 10626382 5.766766844899102 0.2978556661055466 0.73914 0.0 0.0
48187 10696062 -1.4686084583706973 0.03222344417131881 0.33528 0.0 0.0
48188 10696062 -1.4336307971671973 0.02347107290433978 0.33528 0.0 0.0
48188 10626382 5.791841098734194 0.30614969902855427 0.73914 0.0 0.0
48189 10626382 5.8522164556810345 0.3268790686226398 0.74676 0.0 0.0
48189 10696062 -1.3929876191094583 0.015202745154231562 0.33528 0.0 0.0
48190 10696062 -1.3646450105504282 0.010606944495822973 0.33528 0.0 0.0
48191 10696062 -1.3158599822487986 0.002246764893271219 0.33528 0.0 0.0
48192 10696062 -1.2866544261102029 0.0002899903945421112 0.33528 0.0 0.0
48193 10696062 -1.2608105873005468 -0.003254545376044332 0.33528 0.0 0.0
48194 10696062 -1.2231409773961932 -0.004181751243266446 0.33147000000000004 0.0 0.0
48195 10696062 -1.1854713674918396 -0.00510895711048856 0.32766 0.0 0.0
48196 10696062 -1.1564151755636585 -0.0072500514489888535 0.32766 0.0 0.0
48197 10696062 -1.1150850202699274 -0.005810353614766367 0.32766 0.0 0.0
48198 10696062 -1.0960248479978796 -0.004565614434911464 0.32766 0.0 0.0
48199 10696062 -1.0546257807479302 -0.0029144663969739304 0.32766 0.0 0.0
48200 10696062 -1.0200259814132624 -0.0003249128522526401 0.32385 0.0 0.0
48201 10696062 -0.9854261820785946 0.00226464069246865 0.32004000000000005 0.0 0.0
48202 10696062 -0.944890167708744 0.0012776773385533013 0.32004000000000005 0.0 0.0
48203 10696062 -0.9134398836016353 0.0023855551956771526 0.31623 0.0 0.0
48204 10696062 -0.8819895994945266 0.003493433052801004 0.31242000000000003 0.0 0.0
48205 10696062 -0.8357763244276097 0.0035716017634863373 0.31242000000000003 0.0 0.0
48206 10696062 -0.8055945076244762 0.003517323913250908 0.31242000000000003 0.0 0.0
48207 10696062 -0.7785663759098083 0.003325989961906972 0.30861000000000005 0.0 0.0
48208 10696062 -0.7515382441951404 0.003134656010563036 0.3048 0.0 0.0
48209 10696062 -0.7087091701141899 0.002100210197503477 0.3048 0.0 0.0
48210 10696062 -0.6678958052550772 0.003594369970475547 0.3048 0.0 0.0
48211 10696062 -0.6273257394892693 0.0027147722569989263 0.29718 0.0 0.0
48212 10696062 -0.6053772340470398 0.0030163781148074 0.29718 0.0 0.0
48213 10696062 -0.5741637543156635 0.0028594432986033536 0.29718 0.0 0.0
48214 10696062 -0.5429502745842871 0.0027025084823993073 0.29718 0.0 0.0
48215 10696062 -0.5027125881945427 0.0021658959305890513 0.28956 0.0 0.0
48216 10696062 -0.46481325661127393 0.0026276006094642923 0.28956 0.0 0.0
48217 10696062 -0.4322245464281649 0.0017879260792190432 0.28956 0.0 0.0
48218 10696062 -0.38845387038779444 0.00255042832258498 0.28956 0.0 0.0
48219 10696062 -0.34584360215148924 0.001122194475112942 0.28194 0.0 0.0
48220 10696062 -0.314279758654865 0.001903264078809308 0.28194 0.0 0.0
48221 10696062 -0.2827159151582408 0.002684333682505674 0.28194 0.0 0.0
48222 10696062 -0.2539582277374348 0.000994752506803337 0.28194 0.0 0.0
48223 10696062 -0.2125951704887954 0.002545251623871897 0.28194 0.0 0.0
48224 10696062 -0.18500433333068722 0.003807644909338742 0.27432 0.0 0.0
48225 10696062 -0.142153634808035 0.0023019456768603452 0.27432 0.0 0.0
48226 10696062 -0.10427810177405972 0.002422684114635615 0.27432 0.0 0.0
48227 10696062 -0.0811893958115123 0.002411522727675225 0.27432 0.0 0.0
48228 10696062 -0.05810068984896488 0.002400361340714835 0.27432 0.0 0.0
48229 10696062 -0.017496992370835796 0.0016298049881587617 0.27432 0.0 0.0
48230 10696062 0.014609750869189031 0.0009495495443219981 0.2667 0.0 0.0
48231 10696062 0.06050048769260663 0.001138462413863589 0.2667 0.0 0.0
48232 10696062 0.08513769734340565 0.0017899916595379983 0.26289 0.0 0.0
48233 10696062 0.10977490699420467 0.0024415209052124076 0.25908000000000003 0.0 0.0
48234 10696062 0.14807454441310863 0.002775365233094046 0.25908000000000003 0.0 0.0
48235 10696062 0.17391531676308397 0.003033819110481936 0.25908000000000003 0.0 0.0
48236 10696062 0.1997560891130593 0.0032922729878698265 0.25908000000000003 0.0 0.0
48237 10696062 0.22398519805691797 0.0029676908544982172 0.25908000000000003 0.0 0.0
48238 10696062 0.2526355397313057 0.0035349126329366626 0.25908000000000003 0.0 0.0
48239 10696062 0.28128588140569344 0.004102134411375108 0.25908000000000003 0.0 0.0
48240 10696062 0.3110997044443715 0.004289281650497856 0.25908000000000003 0.0 0.0
48241 10696062 0.3382129540941088 0.004366090110757753 0.25908000000000003 0.0 0.0
48242 10696062 0.36532620374384606 0.0044428985710176505 0.25908000000000003 0.0 0.0
48243 10696062 0.37801816962616 0.0025149705368641417 0.25908000000000003 0.0 0.0
48244 10696062 0.4008332162804601 0.0025752307575019617 0.25908000000000003 0.0 0.0
48245 10696062 0.4236482629347601 0.0026354909781397817 0.25908000000000003 0.0 0.0
48246 10696062 0.44646330958906016 0.0026957511987776017 0.25908000000000003 0.0 0.0
48247 10696062 0.4442883163339459 0.002691070564134002 0.25908000000000003 0.0 0.0
48248 10696062 0.44211332307883155 0.002686389929490402 0.25908000000000003 0.0 0.0
48249 10696062 0.4399383298237173 0.0026817092948468024 0.25908000000000003 0.0 0.0
48250 10696062 0.43776333656860295 0.0026770286602032026 0.25908000000000003 0.0 0.0
48251 10696062 0.43558834331348867 0.0026723480255596028 0.25908000000000003 0.0 0.0
48252 10696062 0.43341335005837434 0.002667667390916003 0.25908000000000003 0.0 0.0
48253 10696062 0.43123835680326006 0.0026629867562724036 0.25908000000000003 0.0 0.0
48254 10696062 0.4290633635481458 0.002658306121628804 0.25908000000000003 0.0 0.0
48255 10696062 0.42688837029303145 0.002653625486985204 0.25908000000000003 0.0 0.0
48256 10696062 0.4247133770379172 0.0026489448523416043 0.25908000000000003 0.0 0.0
48257 10696062 0.42253838378280284 0.0026442642176980045 0.25908000000000003 0.0 0.0
48258 10696062 0.42036339052768856 0.0026395835830544047 0.25908000000000003 0.0 0.0
48259 10696062 0.41818839727257423 0.002634902948410805 0.25908000000000003 0.0 0.0
48260 10696062 0.41601340401745995 0.002630222313767205 0.25908000000000003 0.0 0.0
48261 10696062 0.4138384107623456 0.0026255416791236053 0.25908000000000003 0.0 0.0
48262 10696062 0.41166341750723134 0.0026208610444800056 0.25908000000000003 0.0 0.0
48263 10696062 0.40948842425211707 0.0026161804098364058 0.25908000000000003 0.0 0.0
48264 10696062 0.40731343099700273 0.002611499775192806 0.25908000000000003 0.0 0.0
48265 10696062 0.40513843774188846 0.002606819140549206 0.25908000000000003 0.0 0.0
48266 10696062 0.4029634444867741 0.002602138505905607 0.25908000000000003 0.0 0.0
48267 10696062 0.40078845123165985 0.002597457871262007 0.25908000000000003 0.0 0.0
48268 10696062 0.39861345797654557 0.0025927772366184073 0.25908000000000003 0.0 0.0
48269 10696062 0.39643846472143124 0.0025880966019748075 0.25908000000000003 0.0 0.0
48270 10696062 0.39426347146631696 0.0025834159673312077 0.25908000000000003 0.0 0.0
48271 10696062 0.39208847821120263 0.002578735332687608 0.25908000000000003 0.0 0.0
48272 10696062 0.38991348495608835 0.002574054698044008 0.25908000000000003 0.0 0.0
48273 10696062 0.387738491700974 0.0025693740634004083 0.25908000000000003 0.0 0.0
48274 10696062 0.38556349844585974 0.0025646934287568085 0.25908000000000003 0.0 0.0
48275 10696062 0.3833885051907454 0.0025600127941132087 0.25908000000000003 0.0 0.0
48276 10696062 0.38121351193563113 0.002555332159469609 0.25908000000000003 0.0 0.0
48277 10696062 0.37903851868051686 0.002550651524826009 0.25908000000000003 0.0 0.0
48278 10696062 0.3768635254254025 0.0025459708901824094 0.25908000000000003 0.0 0.0
48279 10696062 0.37468853217028825 0.0025412902555388096 0.25908000000000003 0.0 0.0
48280 10696062 0.3725135389151739 0.00253660962089521 0.25908000000000003 0.0 0.0
48281 10696062 0.37033854566005964 0.0025319289862516105 0.25908000000000003 0.0 0.0
48282 10696062 0.36816355240494536 0.0025272483516080107 0.25908000000000003 0.0 0.0
48283 10696062 0.365988559149831 0.002522567716964411 0.25908000000000003 0.0 0.0
48284 10696062 0.36381356589471675 0.002517887082320811 0.25908000000000003 0.0 0.0
48285 10696062 0.3616385726396024 0.0025132064476772113 0.25908000000000003 0.0 0.0
48286 10696062 0.35946357938448814 0.0025085258130336115 0.25908000000000003 0.0 0.0
48287 10696062 0.35728858612937386 0.0025038451783900117 0.25908000000000003 0.0 0.0
48288 10696062 0.35511359287425953 0.002499164543746412 0.25908000000000003 0.0 0.0
48289 10696062 0.3529385996191452 0.002494483909102812 0.25908000000000003 0.0 0.0
48290 10696062 0.3507636063640309 0.0024898032744592124 0.25908000000000003 0.0 0.0
48291 10696062 0.34858861310891665 0.0024851226398156126 0.25908000000000003 0.0 0.0
48292 10696062 0.3464136198538023 0.002480442005172013 0.25908000000000003 0.0 0.0
48293 10696062 0.34423862659868804 0.0024757613705284134 0.25908000000000003 0.0 0.0
48294 10696062 0.3420636333435737 0.0024710807358848137 0.25908000000000003 0.0 0.0
48295 10696062 0.3398886400884594 0.002466400101241214 0.25908000000000003 0.0 0.0
48296 10696062 0.33771364683334515 0.002461719466597614 0.25908000000000003 0.0 0.0
48297 10696062 0.3355386535782308 0.0024570388319540143 0.25908000000000003 0.0 0.0
48298 10696062 0.33336366032311654 0.0024523581973104145 0.25908000000000003 0.0 0.0
48299 10696062 0.3311886670680022 0.0024476775626668147 0.25908000000000003 0.0 0.0
48300 10696062 0.32901367381288793 0.002442996928023215 0.25908000000000003 0.0 0.0
48301 10713358 0.3280617730255364 0.007274558803063269 0.27432 0.0 0.0
48301 10696062 0.3268386805577736 0.002438316293379615 0.25908000000000003 0.0 0.0
48302 10713358 0.3450778658890189 0.0066205113154768624 0.27432 0.0 0.0
48302 10696062 0.3246636873026593 0.0024336356587360154 0.25908000000000003 0.0 0.0
48303 10713358 0.39532512470356407 0.006555968796967099 0.27432 0.0 0.0
48303 10696062 0.322488694047545 0.0024289550240924156 0.25908000000000003 0.0 0.0
48304 10696062 0.3203137007924307 0.0024242743894488158 0.25908000000000003 0.0 0.0
48304 10713358 0.43576619911395625 0.004205327404858877 0.27432 0.0 0.0
48305 10713358 0.4567192731772938 0.00798957864482236 0.27432 0.0 0.0
48305 10696062 0.31813870753731643 0.002419593754805216 0.25908000000000003 0.0 0.0
48306 10713358 0.5164695592786598 0.004937223058767981 0.27432 0.0 0.0
48306 10696062 0.3159637142822021 0.002414913120161616 0.25908000000000003 0.0 0.0
48307 10713358 0.5622452845029181 0.0058679001822941985 0.28448 0.0 0.0
48308 10713358 0.6080210097271764 0.006798577305820415 0.29464 0.0 0.0
48309 10713358 0.6537967349514348 0.0077292544293466325 0.3048 0.0 0.0
48310 10713358 0.694582387416053 0.006435662799449002 0.3048 0.0 0.0
48311 10713358 0.7375296555297257 0.007863506090486867 0.3048 0.0 0.0
48312 10713358 0.7804769236433985 0.009291349381524733 0.3048 0.0 0.0
48313 10713358 0.8234241917570713 0.010719192672562598 0.3048 0.0 0.0
48314 10713358 0.8663714598707439 0.012147035963600464 0.3048 0.0 0.0
48315 10713358 0.9093187279844166 0.01357487925463833 0.3048 0.0 0.0
48316 10713358 0.9522659960980894 0.015002722545676195 0.3048 0.0 0.0
48317 10713358 0.9943721254646456 0.016667686455476748 0.310896 0.0 0.0
48318 10713358 1.036478254831202 0.018332650365277304 0.316992 0.0 0.0
48319 10713358 1.0785843841977583 0.019997614275077857 0.32308800000000004 0.0 0.0
48320 10713358 1.1206905135643144 0.021662578184878413 0.32918400000000003 0.0 0.0
48321 10713358 1.1627966429308707 0.023327542094678966 0.33528 0.0 0.0
48322 10713358 1.229626702763331 0.028365286086893787 0.33528 0.0 0.0
48323 10713358 1.2654946719937552 0.029966316833356828 0.33528 0.0 0.0
48324 10713358 1.3013626412241792 0.03156734757981987 0.33528 0.0 0.0
48325 10713358 1.3245958874990564 0.03472575081633229 0.36576 0.0 0.0
48326 10713358 1.374203037822156 0.03978318731549317 0.36576 0.0 0.0
48327 10713358 1.444196922976635 0.04472380062632275 0.36576 0.0 0.0
48328 10713358 1.4896034535521228 0.04507921042476529 0.36576 0.0 0.0
48329 10713358 1.5336119162534347 0.04659247865977864 0.36576 0.0 0.0
48330 10713358 1.5886725303426585 0.04659889285647881 0.36576 0.0 0.0
48331 10713358 1.6571862001534972 0.051090250405435356 0.39624000000000004 0.0 0.0
48332 10713358 1.685669237416421 0.05265183168963242 0.39624000000000004 0.0 0.0
48333 10713358 1.7135676286360084 0.054462922486750595 0.39624000000000004 0.0 0.0
48334 10713358 1.7414660198555958 0.05627401328386877 0.39624000000000004 0.0 0.0
48335 10713358 1.8198966121028968 0.059864303354332515 0.39624000000000004 0.0 0.0
48336 10713358 1.8636410793547342 0.06193289722473064 0.39624000000000004 0.0 0.0
48337 10713358 1.9091656583524297 0.06809324611590103 0.39624000000000004 0.0 0.0
48338 10713358 1.9561071597262982 0.06771639500025187 0.42672000000000004 0.0 0.0
48339 10713358 2.0069477696131317 0.06840293373901365 0.42672000000000004 0.0 0.0
48340 10713358 2.0734194267976678 0.07344784897105835 0.42672000000000004 0.0 0.0
48341 10713358 2.123930369922157 0.07856515452798493 0.42672000000000004 0.0 0.0
48342 10713358 2.1766760866850925 0.08236891536937177 0.42672000000000004 0.0 0.0
48343 10713358 2.222128035004603 0.08423235008973592 0.45720000000000005 0.0 0.0
48344 10713358 2.267235186094188 0.0850404306593934 0.45720000000000005 0.0 0.0
48345 10713358 2.3185372608440575 0.09095198471832586 0.45720000000000005 0.0 0.0
48346 10713358 2.3435440637387184 0.09084732652615668 0.45720000000000005 0.0 0.0
48347 10713358 2.368550866633379 0.0907426683339875 0.45720000000000005 0.0 0.0
48348 10713358 2.4218226000415752 0.09344172061433478 0.45720000000000005 0.0 0.0
48349 10713358 2.467449070441165 0.09992232605969434 0.45720000000000005 0.0 0.0
48350 10713358 2.5395263504078653 0.10582762957813094 0.48768 0.0 0.0
48351 10713358 2.5939888583768083 0.10673721025393443 0.48768 0.0 0.0
48352 10713358 2.6181358552685197 0.1072645473431568 0.48768 0.0 0.0
48353 10713358 2.6884698567144607 0.11327304774140087 0.48768 0.0 0.0
48354 10713358 2.743793587208307 0.1168229331078676 0.48768 0.0 0.0
48355 10713358 2.7645681637005453 0.11518079218785657 0.48768 0.0 0.0
48356 10713358 2.8150082234861653 0.12009186010765924 0.5181600000000001 0.0 0.0
48357 10713358 2.8704422465514243 0.11718166729441967 0.5181600000000001 0.0 0.0
48358 10713358 2.940361792593869 0.12192585038285939 0.5181600000000001 0.0 0.0
48359 10713358 2.989216203374064 0.12198205141475046 0.5181600000000001 0.0 0.0
48360 10713358 3.032958150135822 0.12405783226227371 0.5181600000000001 0.0 0.0
48361 10713358 3.0883351416354694 0.12233598588997471 0.5181600000000001 0.0 0.0
48362 10713358 3.1376938624736868 0.12257895154411899 0.54864 0.0 0.0
48363 10713358 3.1862009433612952 0.1174930589968822 0.54864 0.0 0.0
48364 10713358 3.2137460590148827 0.11673790027590611 0.54864 0.0 0.0
48365 10713358 3.2412911746684703 0.11598274155493002 0.54864 0.0 0.0
48366 10713358 3.2885020239143934 0.10991882208151568 0.54864 0.0 0.0
48367 10713358 3.331068735583905 0.10268422382482842 0.54864 0.0 0.0
48368 10713358 3.386303832772997 0.09400200792218602 0.57912 0.0 0.0
48369 10713358 3.4617120923502993 0.07476479675903955 0.57912 0.0 0.0
48370 10713358 3.4858661066014207 0.06851733671466484 0.57912 0.0 0.0
48371 10713358 3.562512666276999 0.04899395823474148 0.57912 0.0 0.0
48372 10713358 3.593005099086998 0.039042996544970426 0.57912 0.0 0.0
48373 10713358 3.6443255681771634 0.02054310422030789 0.57912 0.0 0.0
48374 10713358 3.685359853457112 -0.0017253247629374358 0.57912 0.0 0.0
48375 10713358 3.756679555086957 -0.03621230103748932 0.6096 0.0 0.0
48376 10713358 3.805201785148072 -0.057302095515731205 0.6096 0.0 0.0
48377 10713358 3.8474509622706217 -0.08183477792044927 0.6096 0.0 0.0
48378 10713358 3.8725691103542137 -0.0987331494219281 0.6096 0.0 0.0
48379 10713358 3.8976872584378057 -0.11563152092340692 0.6096 0.0 0.0
48380 10713358 3.947638182552507 -0.14758249931334302 0.6096 0.0 0.0
48381 10713358 4.00952943714884 -0.19464265244803616 0.6096 0.0 0.0
48382 10713358 4.053540022848436 -0.23119586128540828 0.6096 0.0 0.0
48383 10713358 4.097964338707664 -0.26648192316145825 0.6096 0.0 0.0
48384 10713358 4.13583149736325 -0.30009557543900744 0.6400800000000001 0.0 0.0
48385 10713358 4.179636601664392 -0.3372814518392946 0.6400800000000001 0.0 0.0
48386 10713358 4.211701101959628 -0.3750755369056945 0.6400800000000001 0.0 0.0
48387 10713358 4.265577778689097 -0.4303810686423867 0.6400800000000001 0.0 0.0
48388 10713358 4.311616900386402 -0.47541982659296844 0.6400800000000001 0.0 0.0
48389 10713358 4.346031106193361 -0.518534933900106 0.6400800000000001 0.0 0.0
48390 10713358 4.379886562250409 -0.5549261930812863 0.6400800000000001 0.0 0.0
48391 10713358 4.418850644283775 -0.6055988821493308 0.6400800000000001 0.0 0.0
48392 10713358 4.4384819608886925 -0.6311589314222099 0.6553200000000001 0.0 0.0
48393 10713358 4.458113277493609 -0.6567189806950889 0.67056 0.0 0.0
48394 10713358 4.49031257526698 -0.7104407043389528 0.67056 0.0 0.0
48395 10713358 4.5195014088516015 -0.7516162346627492 0.67056 0.0 0.0
48396 10713358 4.562383380471986 -0.8188670858499801 0.67056 0.0 0.0
48397 10713358 4.593840285004674 -0.8694254880363754 0.67056 0.0 0.0
48398 10713358 4.620572477830809 -0.9235821315926255 0.67056 0.0 0.0
48399 10713358 4.6500598543308325 -0.9692925780553677 0.67056 0.0 0.0
48400 10713358 4.672335306043439 -1.0153372405536214 0.67056 0.0 0.0
48401 10713358 4.699561159299155 -1.072340696826496 0.7010400000000001 0.0 0.0
48402 10713358 4.714086685497316 -1.0984533738505022 0.7010400000000001 0.0 0.0
48403 10713358 4.728612211695475 -1.1245660508745086 0.7010400000000001 0.0 0.0
48404 10713358 4.767379570368296 -1.2030872909803383 0.7010400000000001 0.0 0.0
48405 10713358 4.785820988035275 -1.230943912039123 0.7010400000000001 0.0 0.0
48406 10713358 4.813692588913397 -1.2832510377713278 0.7010400000000001 0.0 0.0
48407 10696062 0.09628939551565774 0.0019421690211580411 0.25908000000000003 0.0 0.0
48407 10713358 4.852541237836727 -1.3667034481189526 0.7010400000000001 0.0 0.0
48408 10696062 0.11416657263238822 0.002291334933235384 0.25908000000000003 0.0 0.0
48408 10713358 4.873180466289841 -1.4123297504342316 0.7010400000000001 0.0 0.0
48409 10713358 4.903404425046011 -1.4650526745807975 0.7010400000000001 0.0 0.0
48409 10696062 0.1320437497491187 0.0026405008453127266 0.25908000000000003 0.0 0.0
48410 10713358 4.928283224705589 -1.5265447525863014 0.73152 0.0 0.0
48410 10696062 0.1535446337986086 0.003207363429100829 0.25908000000000003 0.0 0.0
48411 10713358 4.946447058463148 -1.5715969141862776 0.73152 0.0 0.0
48411 10696062 0.1699076319301746 0.003000056900984649 0.25908000000000003 0.0 0.0
48412 10696062 0.1862706300617406 0.002792750372868469 0.25908000000000003 0.0 0.0
48412 10713358 4.981069117473269 -1.653318827711953 0.73152 0.0 0.0
48413 10696062 0.2161190463744897 0.003085116861008083 0.25908000000000003 0.0 0.0
48413 10713358 4.989584433167488 -1.6734990948529915 0.73152 0.0 0.0
48414 10696062 0.2459674626872388 0.0033774833491476974 0.25908000000000003 0.0 0.0
48414 10713358 4.998099748861707 -1.69367936199403 0.73152 0.0 0.0
48415 10713358 5.02446703091184 -1.776213160998919 0.73152 0.0 0.0
48415 10696062 0.26746824474236663 0.003944690696792735 0.25908000000000003 0.0 0.0
48416 10713358 5.037276968249939 -1.8240742582746776 0.73152 0.0 0.0
48416 10696062 0.2895989616044943 0.00372194226662953 0.25908000000000003 0.0 0.0
48417 10696062 0.3264059714224674 0.0022078768752150923 0.25908000000000003 0.0 0.0
48417 10713358 5.053297828471159 -1.8729821509639135 0.73152 0.0 0.0
48418 10713358 5.075654014711548 -1.9542073922617533 0.762 0.0 0.0
48418 10696062 0.3621254991418065 0.0028018110947184427 0.25908000000000003 0.0 0.0
48419 10713358 5.089587004797143 -2.0122456510698905 0.762 0.0 0.0
48419 10696062 0.394851248598238 0.002388159993764377 0.25908000000000003 0.0 0.0
48420 10696062 0.4256935550337815 0.003096511897342174 0.25908000000000003 0.0 0.0
48420 10713358 5.102478336921769 -2.062585604840113 0.762 0.0 0.0
48421 10713358 5.108091025931841 -2.097120161803974 0.762 0.0 0.0
48421 10696062 0.45653586146932496 0.0038048638009199704 0.25908000000000003 0.0 0.0
48422 10713358 5.123396229345133 -2.1836379628026443 0.762 0.0 0.0
48422 10696062 0.48737816790486843 0.004513215704497767 0.25908000000000003 0.0 0.0
48423 10713358 5.132605665958099 -2.2452750257831364 0.762 0.0 0.0
48423 10696062 0.5301708813178561 0.003380692108630068 0.25908000000000003 0.0 0.0
48424 10713358 5.136440922280076 -2.2839019898553157 0.762 0.0 0.0
48424 10696062 0.5670937436255459 0.003582431035909779 0.26289 0.0 0.0
48425 10696062 0.6040166059332356 0.0037841699631894904 0.2667 0.0 0.0
48425 10713358 5.145844587938516 -2.3544791238773177 0.762 0.0 0.0
48426 10696062 0.6350854338693014 0.0037377719460672185 0.27051000000000003 0.0 0.0
48426 10713358 5.148289302228998 -2.4150785643630397 0.762 0.0 0.0
48427 10713358 5.148251186353296 -2.4397112659864364 0.77724 0.0 0.0
48427 10696062 0.6661542618053672 0.0036913739289449465 0.27432 0.0 0.0
48428 10696062 0.7115715278584924 0.0013517955243838586 0.27432 0.0 0.0
48428 10713358 5.148213070477594 -2.464343967609833 0.7924800000000001 0.0 0.0
48429 10696062 0.7549734811444058 0.0023579996002810605 0.27432 0.0 0.0
48430 10696062 0.7846424646135687 0.0014260725854618045 0.27813 0.0 0.0
48431 10696062 0.8143114480827316 0.0004941455706425485 0.28194 0.0 0.0
48432 10696062 0.8437924294925045 0.0010257374678990516 0.28194 0.0 0.0
48433 10696062 0.8971901313531212 -0.0013499783667639126 0.28956 0.0 0.0
48434 10696062 0.9254374737213629 -0.001875298285965575 0.29337 0.0 0.0
48435 10696062 0.9536848160896044 -0.0024006182051672376 0.29718 0.0 0.0
48436 10696062 0.9918107845397838 -0.002590015280195229 0.29718 0.0 0.0
48437 10696062 1.0301091312762158 -0.0022514123729863444 0.3048 0.0 0.0
48438 10696062 1.0651333063254027 -0.0024200278004714304 0.30861000000000005 0.0 0.0
48439 10696062 1.1001574813745898 -0.0025886432279565164 0.31242000000000003 0.0 0.0
48440 10696062 1.140759498062169 -0.0033524542771504254 0.31623 0.0 0.0
48441 10696062 1.181361514749748 -0.004116265326344334 0.32004000000000005 0.0 0.0
48442 10696062 1.2166673584534264 -0.003149628283244582 0.32004000000000005 0.0 0.0
48443 10696062 1.2625215192850285 -0.003058504606186785 0.32004000000000005 0.0 0.0
48444 10696062 1.2911650466661975 -0.0023684260846621175 0.32385 0.0 0.0
48445 10696062 1.3198085740473666 -0.00167834756313745 0.32766 0.0 0.0
48446 10696062 1.3782095390069558 0.002025317345151087 0.33528 0.0 0.0
48447 10696062 1.4027021708366525 0.002786619727707683 0.33528 0.0 0.0
48448 10696062 1.427194802666349 0.003547922110264279 0.33528 0.0 0.0
48449 10696062 1.4856067336848358 0.007015135113267942 0.34290000000000004 0.0 0.0
48450 10696062 1.5117163387344899 0.008241612959672198 0.34290000000000004 0.0 0.0
48451 10696062 1.537825943784144 0.009468090806076454 0.34290000000000004 0.0 0.0
48452 10696062 1.5959855304992385 0.013252171798847079 0.35052000000000005 0.0 0.0
48453 10696062 1.6152783925119656 0.014544241063307206 0.35052000000000005 0.0 0.0
48454 10696062 1.6345712545246927 0.015836310327767333 0.35052000000000005 0.0 0.0
48455 10696062 1.6838424176943598 0.017150284977257957 0.35814000000000007 0.0 0.0
48456 10696062 1.7240155627734244 0.019158074309799336 0.36195 0.0 0.0
48457 10696062 1.764188707852489 0.021165863642340715 0.36576 0.0 0.0
48458 10696062 1.8023775948003922 0.02253704796147596 0.36576 0.0 0.0
48459 10696062 1.8405664817482954 0.023908232280611202 0.36576 0.0 0.0
48460 10696062 1.8699177838384515 0.021331825346213223 0.37338 0.0 0.0
48461 10696062 1.9133176003844525 0.02234510453301991 0.37338 0.0 0.0
48462 10696062 1.943232905640525 0.022855792577696155 0.37338 0.0 0.0
48463 10696062 2.0045399309486136 0.020241195362049352 0.381 0.0 0.0
48464 10696062 2.034856352308097 0.020621246294982326 0.381 0.0 0.0
48465 10696062 2.069499931349093 0.01929638441076248 0.38481 0.0 0.0
48466 10696062 2.104143510390089 0.017971522526542633 0.38862 0.0 0.0
48467 10696062 2.140972528598138 0.018444979282333712 0.39243000000000006 0.0 0.0
48468 10696062 2.1778015468061866 0.018918436038124792 0.39624000000000004 0.0 0.0
48469 10696062 2.2147203421314536 0.01667597507794852 0.39624000000000004 0.0 0.0
48470 10696062 2.244967585622582 0.01684579498296826 0.40386 0.0 0.0
48471 10696062 2.2832639810300908 0.017191155110214434 0.40386 0.0 0.0
48472 10696062 2.3428868962959046 0.017582386169526593 0.41148 0.0 0.0
48473 10696062 2.3726982839840227 0.01777825204567937 0.41148 0.0 0.0
48474 10696062 2.402509671672141 0.01797411792183215 0.41148 0.0 0.0
48475 10696062 2.454221047199206 0.01861299782569778 0.41910000000000003 0.0 0.0
48476 10696062 2.4757198494795327 0.019186888109370553 0.41910000000000003 0.0 0.0
48477 10696062 2.5081734595952403 0.01863742307030991 0.42291 0.0 0.0
48478 10696062 2.540627069710948 0.018087958031249268 0.42672000000000004 0.0 0.0
48479 10696062 2.5840257221078904 0.019105336459762784 0.42672000000000004 0.0 0.0
48480 10696062 2.6172258505521038 0.02070737641543674 0.4305300000000001 0.0 0.0
48481 10696062 2.650425978996317 0.022309416371110696 0.43434000000000006 0.0 0.0
48482 10696062 2.690373907993078 0.024454041208166993 0.43815000000000004 0.0 0.0
48483 10696062 2.730321836989839 0.02659866604522329 0.44196 0.0 0.0
48484 10696062 2.781796347928086 0.03467651676108671 0.44958000000000004 0.0 0.0
48485 10696062 2.8095470156403497 0.04080352458856665 0.44958000000000004 0.0 0.0
48486 10696062 2.837297683352613 0.04693053241604658 0.44958000000000004 0.0 0.0
48487 10696062 2.870807138444804 0.05818676932105335 0.45720000000000005 0.0 0.0
48488 10696062 2.904983058621802 0.07202916509242627 0.45720000000000005 0.0 0.0
48489 10696062 2.9288862716805166 0.08677189917967928 0.45720000000000005 0.0 0.0
48490 10696062 2.9662091800002175 0.10998388248170685 0.46482000000000007 0.0 0.0
48491 10696062 2.9947249036671355 0.13069733729194907 0.46482000000000007 0.0 0.0
48492 10696062 3.024866189606851 0.15707152881851186 0.46863 0.0 0.0
48493 10696062 3.0550074755465664 0.18344572034507464 0.47243999999999997 0.0 0.0
48494 10696062 3.0814527393559503 0.21277870293627796 0.47243999999999997 0.0 0.0
48495 10696062 3.1034756018809873 0.24311724769869408 0.47434499999999996 0.0 0.0
48496 10696062 3.125498464406024 0.27345579246111024 0.47624999999999995 0.0 0.0
48497 10696062 3.147521326931061 0.30379433722352633 0.478155 0.0 0.0
48498 10696062 3.169544189456098 0.3341328819859425 0.48006 0.0 0.0
48499 10696062 3.191214836055339 0.37495386433222355 0.48006 0.0 0.0
48500 10696062 3.207745159122261 0.40927560164056453 0.48768 0.0 0.0
48501 10696062 3.222040567548402 0.4449109252876876 0.48768 0.0 0.0
48502 10696062 3.2339288040942753 0.48133197949465045 0.4953 0.0 0.0
48503 10696062 3.240411999626999 0.5093543125635512 0.4953 0.0 0.0
48504 10696062 3.252196873698911 0.5454586617215366 0.50292 0.0 0.0
48505 10696062 3.2592364395313593 0.5833455702608418 0.50292 0.0 0.0
48506 10696062 3.2651528738160596 0.615524659137116 0.50546 0.0 0.0
48507 10696062 3.2710693081007594 0.64770374801339 0.508 0.0 0.0
48508 10696062 3.2769857423854596 0.6798828368896642 0.51054 0.0 0.0
48509 10696062 3.2799042161355736 0.7180636159738873 0.51054 0.0 0.0
48510 10696062 3.2828226898856876 0.7562443950581105 0.51054 0.0 0.0
48511 10696062 3.282607001006693 0.796382774126322 0.5181600000000001 0.0 0.0
48512 10696062 3.2742722306282728 0.8415661916966547 0.52197 0.0 0.0
48513 10696062 3.2659374602498525 0.8867496092669874 0.52578 0.0 0.0
48514 10696062 3.2598640358798274 0.9089414002018722 0.52578 0.0 0.0
48515 10696062 3.2360570781233955 0.9692802325682002 0.52578 0.0 0.0
48516 10696062 3.227709503241983 0.9845045713534263 0.5334 0.0 0.0
48517 10696062 3.193787669557423 1.0383330086283407 0.5334 0.0 0.0
48518 10696062 3.1690698353131594 1.0714009146988444 0.5334 0.0 0.0
48519 10696062 3.144954824208811 1.096795938497464 0.5334 0.0 0.0
48520 10696062 3.120839813104462 1.1221909622960835 0.5334 0.0 0.0
48521 10696062 3.0733123535964113 1.1599022130264391 0.5334 0.0 0.0
48522 10696062 3.0391545339156556 1.1839037601837856 0.5334 0.0 0.0
48523 10696062 3.0049967142349 1.2079053073411323 0.5334 0.0 0.0
48524 10696062 2.9725657839097455 1.2255024665320582 0.5334 0.0 0.0
48525 10696062 2.914624288026525 1.254699691120541 0.5334 0.0 0.0
48526 10696062 2.878477050188893 1.2690716104242983 0.5334 0.0 0.0
48527 10696062 2.852690752500286 1.2798272258815173 0.5334 0.0 0.0
48528 10696062 2.796988086852189 1.2968465652264751 0.5334 0.0 0.0
48529 10696062 2.7412854212040916 1.313865904571433 0.5334 0.0 0.0
48530 10696062 2.695608507122466 1.3235235793621942 0.54102 0.0 0.0
48531 10696062 2.647949092913231 1.334179374544835 0.54864 0.0 0.0
48532 10696062 2.6131393894391293 1.3428591479146024 0.54864 0.0 0.0
48533 10696062 2.5468884226535033 1.357483785582042 0.55626 0.0 0.0
48534 10696062 2.529213161308684 1.3604519533265191 0.55626 0.0 0.0
48535 10696062 2.4707782526744104 1.3718240577819367 0.55626 0.0 0.0
48536 10696062 2.4072319830168194 1.3852163406517133 0.55626 0.0 0.0
48537 10696062 2.3690798067122074 1.3927694224751197 0.55626 0.0 0.0
48538 10696062 2.3309276304075954 1.4003225042985263 0.55626 0.0 0.0
48539 10696062 2.2932299447208147 1.4099470939425163 0.55626 0.0 0.0
48540 10696062 2.2460568906825564 1.4191035781491217 0.5600700000000001 0.0 0.0
48541 10696062 2.198883836644298 1.4282600623557271 0.56388 0.0 0.0
48542 10696062 2.1405525871503364 1.4399515928205662 0.56388 0.0 0.0
48543 10696062 2.071801105479067 1.4523601456262334 0.56388 0.0 0.0
48544 10696062 2.033379541516509 1.4597693280042754 0.56388 0.0 0.0
48545 10696062 1.9885616944920825 1.4679830480356153 0.56388 0.0 0.0
48546 10696062 1.943743847467656 1.476196768066955 0.56388 0.0 0.0
48547 10696062 1.9054602520445336 1.4840288927370227 0.5715 0.0 0.0
48548 10696062 1.8287643644141915 1.4965815612063764 0.5715 0.0 0.0
48549 10696062 1.777584750051334 1.5057063772411297 0.5715 0.0 0.0
48550 10696062 1.7336600194781577 1.512578559445536 0.5715 0.0 0.0
48551 10696062 1.6897352889049813 1.5194507416499423 0.5715 0.0 0.0
48552 10696062 1.6593618394255745 1.5270366643495117 0.57912 0.0 0.0
48553 10696062 1.5922586806877943 1.5363413187201143 0.57912 0.0 0.0
48554 10696062 1.5427272083825114 1.5423592479631194 0.57912 0.0 0.0
48555 10696062 1.4811273172478376 1.552203551621816 0.57912 0.0 0.0
48556 10696062 1.4628223318978892 1.5559642947905956 0.57912 0.0 0.0
48557 10696062 1.3969569992196358 1.5649835102774474 0.57912 0.0 0.0
48558 10696062 1.3310916665413821 1.5740027257642992 0.57912 0.0 0.0
48559 10696062 1.301607569109081 1.5761592529675355 0.57912 0.0 0.0
48560 10696062 1.2289319698571632 1.5847178449525128 0.58674 0.0 0.0
48561 10696062 1.1977998589396404 1.5899834843381853 0.58674 0.0 0.0
48562 10696062 1.1482337639113975 1.5958986240947395 0.58674 0.0 0.0
48563 10696062 1.0803716023328098 1.602885880653954 0.57912 0.0 0.0
48564 10696062 1.0596253807909013 1.6073285702140088 0.57912 0.0 0.0
48565 10696062 1.010162701450302 1.6135615239080918 0.58293 0.0 0.0
48566 10696062 0.9607000221097028 1.619794477602175 0.58674 0.0 0.0
48567 10696062 0.9038445713778003 1.6278597155639871 0.58674 0.0 0.0
48568 10696062 0.8472650788520575 1.6367698604361307 0.58674 0.0 0.0
48569 10696062 0.800105607829064 1.6419009089083951 0.57912 0.0 0.0
48570 10696062 0.7442850496172735 1.653134109270814 0.57912 0.0 0.0
48571 10696062 0.7131055841795612 1.6568986386061275 0.57912 0.0 0.0
48572 10696062 0.6819261187418488 1.6606631679414408 0.57912 0.0 0.0
48573 10696062 0.617621773805091 1.671749369753353 0.57912 0.0 0.0
48574 10696062 0.5737426990968713 1.6784968621310234 0.5715 0.0 0.0
48575 10696062 0.53732450668597 1.6828060331579267 0.5715 0.0 0.0
48576 10696062 0.47747573849653646 1.689866920542638 0.5715 0.0 0.0
48577 10696062 0.44314334862035365 1.6934948034075128 0.5715 0.0 0.0
48578 10696062 0.4080259445432997 1.6974379461793676 0.56769 0.0 0.0
48579 10696062 0.3729085404662458 1.7013810889512222 0.56388 0.0 0.0
48580 10696062 0.31995896173338023 1.7061881127399414 0.56388 0.0 0.0
48581 10696062 0.27807163888254705 1.710066536231621 0.56388 0.0 0.0
48582 10696062 0.22850519482295073 1.7159881336002427 0.56388 0.0 0.0
48583 10696062 0.19417269738081377 1.7196172264796241 0.56388 0.0 0.0
48584 10696062 0.14395059780579977 1.7235339089065818 0.55626 0.0 0.0
48585 10696062 0.09376295625582154 1.727556500625853 0.55626 0.0 0.0
48586 10696062 0.07065317616168976 1.7302044728302792 0.55626 0.0 0.0
48587 10696062 0.012809686154352073 1.7366136297402157 0.55626 0.0 0.0
48588 10696062 -0.021719212377315333 1.7389644367566266 0.55245 0.0 0.0
48589 10696062 -0.05624811090898274 1.7413152437730377 0.54864 0.0 0.0
48590 10696062 -0.09576347387240214 1.7443034863072417 0.54864 0.0 0.0
48591 10696062 -0.13515293018401153 1.747133939947398 0.54864 0.0 0.0
48592 10696062 -0.16938208340558214 1.7510814538153694 0.54102 0.0 0.0
48593 10696062 -0.2184529531225724 1.754449111792428 0.54102 0.0 0.0
48594 10696062 -0.26752382283956266 1.7578167697694864 0.54102 0.0 0.0
48595 10696062 -0.3018565781703657 1.7614482725134057 0.5334 0.0 0.0
48596 10696062 -0.3360428536848057 1.7628121665416934 0.5334 0.0 0.0
48597 10696062 -0.3831339669559617 1.7681622161090702 0.5334 0.0 0.0
48598 10696062 -0.433460147221002 1.7717663486043318 0.52578 0.0 0.0
48599 10696062 -0.4653172546192661 1.7748227721954348 0.52578 0.0 0.0
48600 10696062 -0.5234503883945114 1.7789941536116392 0.52578 0.0 0.0
48601 10696062 -0.5602944805436232 1.7822798149328682 0.52197 0.0 0.0
48602 10696062 -0.597138572692735 1.7855654762540973 0.5181600000000001 0.0 0.0
48603 10696062 -0.62946875829817 1.7860900651503708 0.51054 0.0 0.0
48604 10696062 -0.6900778298543739 1.7908387589629222 0.51054 0.0 0.0
48605 10696062 -0.7227980331350385 1.7912576173632742 0.51054 0.0 0.0
48606 10696062 -0.7565918556099132 1.7951823455771716 0.51054 0.0 0.0
48607 10696062 -0.799159140859345 1.7967188444577358 0.50292 0.0 0.0
48608 10696062 -0.8398589769513951 1.7971774780070218 0.50292 0.0 0.0
48609 10696062 -0.8829655689164142 1.7984234724834396 0.50292 0.0 0.0
48610 10696062 -0.9187913567081853 1.8002094753144622 0.49911000000000005 0.0 0.0
48611 10696062 -0.9546171444999565 1.8019954781454846 0.4953 0.0 0.0
48612 10696062 -1.0114591321300745 1.8030610703268575 0.4953 0.0 0.0
48613 10696062 -1.0455160366440035 1.8029254538528312 0.4953 0.0 0.0
48614 10696062 -1.0795729411579325 1.802789837378805 0.4953 0.0 0.0
48615 10696062 -1.1254561356921913 1.8026085976957675 0.48768 0.0 0.0
48616 10696062 -1.157557377267865 1.8032942087097625 0.48768 0.0 0.0
48617 10696062 -1.1909340545675373 1.801709836341385 0.48768 0.0 0.0
48618 10696062 -1.2402528590802389 1.8002579993966312 0.48387 0.0 0.0
48619 10696062 -1.2895716635929404 1.7988061624518774 0.48006 0.0 0.0
48620 10696062 -1.3220772637964424 1.7971710758678017 0.48006 0.0 0.0
48621 10696062 -1.3689723447121758 1.7949854561800993 0.48006 0.0 0.0
48622 10696062 -1.4142205018813783 1.7896909722935939 0.47624999999999995 0.0 0.0
48623 10696062 -1.4594686590505808 1.7843964884070882 0.47243999999999997 0.0 0.0
48624 10696062 -1.4903367009449395 1.7769101446770215 0.47243999999999997 0.0 0.0
48625 10696062 -1.5212047428392983 1.7694238009469545 0.47243999999999997 0.0 0.0
48626 10696062 -1.5690085949935848 1.7563199549035946 0.46863 0.0 0.0
48627 10696062 -1.6168124471478713 1.7432161088602347 0.46482000000000007 0.0 0.0
48628 10696062 -1.658993011161301 1.7255856103822256 0.46101000000000003 0.0 0.0
48629 10696062 -1.7011735751747306 1.7079551119042164 0.45720000000000005 0.0 0.0
48630 10696062 -1.7371070668918083 1.689332571079419 0.45720000000000005 0.0 0.0
48631 10696062 -1.7727076264584152 1.671185429564338 0.45720000000000005 0.0 0.0
48632 10696062 -1.7998327507150715 1.6550559381183352 0.45720000000000005 0.0 0.0
48633 10696062 -1.8262107408957324 1.6360531282243433 0.45720000000000005 0.0 0.0
48634 10696062 -1.8525887310763933 1.6170503183303515 0.45720000000000005 0.0 0.0
48635 10696062 -1.8971558140123552 1.5812729691861531 0.44958000000000004 0.0 0.0
48636 10696062 -1.920729479772311 1.5588990860956813 0.44958000000000004 0.0 0.0
48637 10696062 -1.9443031455322666 1.5365252030052095 0.44958000000000004 0.0 0.0
48638 10696062 -1.9715729700394538 1.5066559663978962 0.44577 0.0 0.0
48639 10696062 -1.998842794546641 1.476786729790583 0.44196 0.0 0.0
48640 10696062 -2.032827385815219 1.4326397636217092 0.44196 0.0 0.0
48641 10696062 -2.0498104889275943 1.41330910837359 0.44196 0.0 0.0
48642 10696062 -2.0759001818980947 1.3742906120951577 0.43434000000000006 0.0 0.0
48643 10696062 -2.0927904041513505 1.3471010985994638 0.43434000000000006 0.0 0.0
48644 10696062 -2.1175653005902673 1.305315562726938 0.43434000000000006 0.0 0.0
48645 10696062 -2.136042946851628 1.2698822453820688 0.43434000000000006 0.0 0.0
48646 10696062 -2.1545205931129887 1.2344489280371997 0.43434000000000006 0.0 0.0
48647 10696062 -2.1689351111614306 1.2066830614488357 0.43434000000000006 0.0 0.0
48648 10696062 -2.1908437840229062 1.1560143580905757 0.42672000000000004 0.0 0.0
48649 10696062 -2.2029205380208667 1.1272498676483533 0.42672000000000004 0.0 0.0
48650 10696062 -2.220073980737162 1.0829705545300643 0.42672000000000004 0.0 0.0
48651 10696062 -2.229674756290561 1.053629581686591 0.42672000000000004 0.0 0.0
48652 10696062 -2.2474603643258177 0.9992749054845413 0.41910000000000003 0.0 0.0
48653 10696062 -2.251787742482499 0.9779064136686868 0.41910000000000003 0.0 0.0
48654 10696062 -2.2607480191016998 0.9383073359060321 0.41529000000000005 0.0 0.0
48655 10696062 -2.2697082957209007 0.8987082581433773 0.41148 0.0 0.0
48656 10696062 -2.275474158246973 0.8642566376433178 0.41148 0.0 0.0
48657 10696062 -2.281240020773045 0.8298050171432583 0.41148 0.0 0.0
48658 10696062 -2.2914815656052143 0.7653870566223985 0.40386 0.0 0.0
48659 10696062 -2.29344684205701 0.7257192050265817 0.40386 0.0 0.0
48660 10696062 -2.295959169626965 0.6976810001574689 0.40386 -0.873430837160519 -0.5437946552671099
48661 10696062 -2.2984714971969193 0.6696427952883562 0.40386 -0.873430837160519 -0.5437946552671099
48662 10696062 -2.3031300314401735 0.6309730731688136 0.40386 -0.873430837160519 -0.5437946552671099
48663 10696062 -2.3060712919671884 0.5717613137763613 0.40386 -0.873430837160519 -0.5437946552671099
48664 10696062 -2.3056075213911154 0.5392440744169401 0.40386 -0.873430837160519 -0.5437946552671099
48665 10696062 -2.3041980364966745 0.5109742864145584 0.40386 -0.873430837160519 -0.5437946552671099
48666 10696062 -2.3017006530059745 0.4814138241035094 0.40005 -0.873430837160519 -0.5437946552671099
48667 10696062 -2.2992032695152744 0.4518533617924604 0.39624000000000004 -0.873430837160519 -0.5437946552671099
48668 10696062 -2.294510855621743 0.40755361378927113 0.39624000000000004 -0.873430837160519 -0.5437946552671099
48669 10696062 -2.283184680516692 0.36750979230516506 0.39243000000000006 -0.873430837160519 -0.5437946552671099
48670 10696062 -2.2718585054116414 0.327465970821059 0.38862 -0.873430837160519 -0.5437946552671099
48671 10696062 -2.2565921766486934 0.29267628275638546 0.38862 -0.873430837160519 -0.5437946552671099
48672 10696062 -2.2394962528603792 0.25804760914069125 0.38481 -0.873430837160519 -0.5437946552671099
48673 10696062 -2.222400329072065 0.223418935524997 0.381 -0.873430837160519 -0.5437946552671099
48674 10696062 -2.190274402904964 0.18042623687971657 0.381 -0.873430837160519 -0.5437946552671099
48675 10696062 -2.1766369492627664 0.16346246319166233 0.381 -0.873430837160519 -0.5437946552671099
48676 10696062 -2.1393174194883873 0.12846885783842096 0.381 -0.873430837160519 -0.5437946552671099
48677 10696062 -2.11128180211941 0.10691167321751047 0.381 -0.873430837160519 -0.5437946552671099
48678 10696062 -2.088258003766867 0.09447213036718519 0.37719 -0.873430837160519 -0.5437946552671099
48679 10696062 -2.065234205414324 0.0820325875168599 0.37338 -0.873430837160519 -0.5437946552671099
48680 10696062 -2.0109874949475035 0.05669161644111528 0.37338 -0.873430837160519 -0.5437946552671099
48681 10696062 -1.9840659013170039 0.04788469397468917 0.37338 -0.873430837160519 -0.5437946552671099
48682 10696062 -1.9571443076865045 0.039077771508263054 0.37338 -0.873430837160519 -0.5437946552671099
48683 10696062 -1.9302627852385557 0.03028412823755086 0.37338 -0.873430837160519 -0.5437946552671099
48684 10696062 -1.8798641720867504 0.018705016969840255 0.37338 -0.873430837160519 -0.5437946552671099
48685 10696062 -1.8594104112720446 0.014701610306620289 0.36576 -0.873430837160519 -0.5437946552671099
48686 10696062 -1.8099690027428397 0.008343395118328018 0.36576 -0.873430837160519 -0.5437946552671099
48687 10696062 -1.781056965392633 0.0050787141804239655 0.36576 -0.873430837160519 -0.5437946552671099
48688 10696062 -1.7521449280424262 0.0018140332425199135 0.36576 -0.873430837160519 -0.5437946552671099
48689 10696062 -1.7177903362877842 -0.0004264762212443929 0.36195 -0.873430837160519 -0.5437946552671099
48690 10696062 -1.6834357445331423 -0.0026669856850086993 0.35814000000000007 -0.873430837160519 -0.5437946552671099
48691 10696062 -1.6348482361843588 -0.0034869651262342816 0.35814000000000007 -0.873430837160519 -0.5437946552671099
48692 10696062 -1.6025791481853509 -0.0042270304868174124 0.35052000000000005 -0.873430837160519 -0.5437946552671099
48693 10696062 -1.5597263569205826 -0.005741293069857073 0.35052000000000005 -0.873430837160519 -0.5437946552671099
48694 10696062 -1.5351789412697898 -0.004831797682248812 0.35052000000000005 -0.873430837160519 -0.5437946552671099
48695 10696062 -1.510631525618997 -0.003922302294640551 0.35052000000000005 -0.873430837160519 -0.5437946552671099
48696 10696062 -1.4860575108792047 -0.004832381448883455 0.34290000000000004 -0.873430837160519 -0.5437946552671099
48697 10696062 -1.443192773961923 -0.005765712233514991 0.34290000000000004 -0.873430837160519 -0.5437946552671099
48698 10696062 -1.3888487194203607 -0.006363755814883271 0.34290000000000004 -0.873430837160519 -0.5437946552671099
48699 10696062 -1.3777351468261625 -0.004974377325041385 0.34290000000000004 -0.873430837160519 -0.5437946552671099
48700 10696062 -1.3347567078427833 -0.006645315331038321 0.33528 -0.873430837160519 -0.5437946552671099
48701 10696062 -1.3076459691983755 -0.00522982270208408 0.33528 -0.873430837160519 -0.5437946552671099
48702 10696062 -1.2614664162876064 -0.005259972037694821 0.33528 -0.873430837160519 -0.5437946552671099
48703 10696062 -1.2288767705426087 -0.006103305228229022 0.32766 -0.873430837160519 -0.5437946552671099
48704 10696062 -1.2017618945082817 -0.00603237717621849 0.32766 -0.873430837160519 -0.5437946552671099
48705 10696062 -1.1746470184739548 -0.005961449124207957 0.32766 -0.873430837160519 -0.5437946552671099
48706 10696062 -1.1337870877942204 -0.004601754001805208 0.32766 -0.873430837160519 -0.5437946552671099
48707 10696062 -1.1014952632332347 -0.0049966518944006 0.32004000000000005 -0.873430837160519 -0.5437946552671099
48708 10696062 -1.0689058002691507 -0.005839250274890767 0.32004000000000005 -0.873430837160519 -0.5437946552671099
48709 10696062 -1.0287018194404889 -0.006484393601067923 0.32004000000000005 -0.873430837160519 -0.5437946552671099
48710 10696062 -0.9957543507269326 -0.004873363884298293 0.32004000000000005 -0.873430837160519 -0.5437946552671099
48711 10696062 -0.9686008768162289 -0.006041066120392374 0.32004000000000005 -0.873430837160519 -0.5437946552671099
48712 10696062 -0.9359641347637754 -0.005379635015534817 0.31623 -0.873430837160519 -0.5437946552671099
48713 10696062 -0.9033273927113219 -0.00471820391067726 0.31242000000000003 -0.873430837160519 -0.5437946552671099
48714 10696062 -0.8787625354303945 -0.002936142297743888 0.31242000000000003 -0.873430837160519 -0.5437946552671099
48715 10696062 -0.8460352866579337 -0.0033555152400257804 0.31242000000000003 -0.873430837160519 -0.5437946552671099
48716 10696062 -0.8047056869776101 -0.0019140127262181894 0.31242000000000003 -0.873430837160519 -0.5437946552671099
48717 10696062 -0.7746030464221834 -0.0008517065269106245 0.30988000000000004 -0.873430837160519 -0.5437946552671099
48718 10696062 -0.7445004058667566 0.00021059967239694033 0.30734 -0.873430837160519 -0.5437946552671099
48719 10696062 -0.7143977653113298 0.001272905871704505 0.3048 -0.873430837160519 -0.5437946552671099
48720 10696062 -0.6748005533351332 0.002171661505591088 0.30099 -0.873430837160519 -0.5437946552671099
48721 10696062 -0.6352033413589366 0.0030704171394776714 0.29718 -0.873430837160519 -0.5437946552671099
48722 10696062 -0.5946333199763423 0.0021910064356684134 0.29718 -0.873430837160519 -0.5437946552671099
48723 10696062 -0.5682481564374025 0.0013927313899421423 0.29718 -0.873430837160519 -0.5437946552671099
48724 10696062 -0.5411986072962347 -8.999038849941132e-05 0.29718 -0.873430837160519 -0.5437946552671099
48725 10696062 -0.49508943332644395 -0.0003262593129047253 0.29718 -0.873430837160519 -0.5437946552671099
48726 10696062 -0.4721436132978878 -0.00023345009694755725 0.29337 -0.873430837160519 -0.5437946552671099
48727 10696062 -0.4491977932693316 -0.00014064088099038918 0.28956 -0.873430837160519 -0.5437946552671099
48728 10696062 -0.4091094858552933 -0.0008615944333353609 0.28956 -0.873430837160519 -0.5437946552671099
48729 10696062 -0.3820255595878095 -0.0022381560944463585 0.28956 -0.873430837160519 -0.5437946552671099
48730 10696062 -0.34731747029193866 -0.0011219405974302876 0.28956 -0.873430837160519 -0.5437946552671099
48731 10696062 -0.3126093809960679 -5.7251004142166995e-06 0.28956 -0.873430837160519 -0.5437946552671099
48732 10696062 -0.27790129170019706 0.0011104903966018542 0.28956 -0.873430837160519 -0.5437946552671099
48733 10696062 -0.25155091556363485 0.00020784028581269376 0.28194 -0.873430837160519 -0.5437946552671099
48734 10696062 -0.2021033468896647 0.0020365019149052033 0.28194 -0.873430837160519 -0.5437946552671099
48735 10696062 -0.17218870856651244 0.0021890216849023703 0.28003500000000003 -0.873430837160519 -0.5437946552671099
48736 10696062 -0.1422740702433602 0.0023415414548995372 0.27813 -0.873430837160519 -0.5437946552671099
48737 10696062 -0.11235943192020795 0.0024940612248967042 0.276225 -0.873430837160519 -0.5437946552671099
48738 10696062 -0.0824447935970557 0.0026465809948938712 0.27432 -0.873430837160519 -0.5437946552671099
48739 10696062 -0.04843948243619761 0.0027475435957900474 0.27432 -0.873430837160519 -0.5437946552671099
48740 10696062 -0.014434171275339525 0.0028485061966862235 0.27432 -0.873430837160519 -0.5437946552671099
48741 10696062 0.019422190829688823 0.003173693806176381 0.27051000000000003 -0.873430837160519 -0.5437946552671099
48742 10696062 0.05327855293471717 0.003498881415666538 0.2667 -0.873430837160519 -0.5437946552671099
48743 10696062 0.07759927906554087 0.002910236337314742 0.25908000000000003 -0.873430837160519 -0.5437946552671099
48744 10696062 0.10721406748017037 0.0025776196364836836 0.25908000000000003 -0.873430837160519 -0.5437946552671099
48745 10696062 0.13682885589479987 0.0022450029356526255 0.25908000000000003 -0.873430837160519 -0.5437946552671099
48746 10696062 0.16644364430942937 0.001912386234821567 0.25908000000000003 -0.873430837160519 -0.5437946552671099
48747 10696062 0.19896264465597424 0.0008645009882578547 0.25908000000000003 -0.873430837160519 -0.5437946552671099
48748 10696062 0.22203384166949486 0.0008015482788802236 0.25908000000000003 -0.873430837160519 -0.5437946552671099
48749 10696062 0.24510503868301547 0.0007385955695025925 0.25908000000000003 -0.873430837160519 -0.5437946552671099
48750 10696062 0.269875555906284 0.003157956785344196 0.25908000000000003 -0.873430837160519 -0.5437946552671099
48751 10696062 0.30005611763010154 0.003108379921132387 0.25908000000000003 -0.873430837160519 -0.5437946552671099
48752 10696062 0.3215913487127531 0.0037813068585443865 0.25908000000000003 -0.873430837160519 -0.5437946552671099
48753 10696062 0.3462328201602882 0.003088687265880269 0.25908000000000003 -0.873430837160519 -0.5437946552671099
48754 10696062 0.3701408260010694 0.002869498499541795 0.25908000000000003 -0.873430837160519 -0.5437946552671099
48755 10696062 0.38549852517375083 0.0027575299904580206 0.25908000000000003 -0.873430837160519 -0.5437946552671099
48756 10696062 0.40085622434643225 0.002645561481374246 0.25908000000000003 -0.873430837160519 -0.5437946552671099
48757 10696062 0.4162139235191137 0.0025335929722904715 0.25908000000000003 -0.873430837160519 -0.5437946552671099
48758 10696062 0.43931942195903295 0.002576902745558232 0.25908000000000003 -0.873430837160519 -0.5437946552671099
48759 10696062 0.46242492039895217 0.002620212518825993 0.25908000000000003 -0.873430837160519 -0.5437946552671099
48760 10696062 0.4815054892546339 0.0025769724871527247 0.25908000000000003 -0.873430837160519 -0.5437946552671099
48761 10696062 0.5005860581103155 0.0025337324554794566 0.25908000000000003 -0.873430837160519 -0.5437946552671099
48762 10696062 0.4982424558764456 0.0025382779405952027 0.25908000000000003 -0.873430837160519 -0.5437946552671099
48763 10696062 0.4958988536425757 0.0025428234257109483 0.25908000000000003 -0.873430837160519 -0.5437946552671099
48764 10696062 0.49355525140870576 0.0025473689108266944 0.25908000000000003 -0.873430837160519 -0.5437946552671099
48765 10696062 0.4912116491748359 0.00255191439594244 0.25908000000000003 -0.873430837160519 -0.5437946552671099
48766 10696062 0.488868046940966 0.002556459881058186 0.25908000000000003 -0.873430837160519 -0.5437946552671099
48767 10696062 0.48652444470709605 0.0025610053661739318 0.25908000000000003 -0.873430837160519 -0.5437946552671099
48768 10696062 0.4841808424732261 0.002565550851289678 0.25908000000000003 -0.873430837160519 -0.5437946552671099
48769 10696062 0.4818372402393562 0.0025700963364054235 0.25908000000000003 -0.873430837160519 -0.5437946552671099
48770 10696062 0.4794936380054863 0.0025746418215211696 0.25908000000000003 -0.873430837160519 -0.5437946552671099
48771 10696062 0.4771500357716164 0.0025791873066369152 0.25908000000000003 -0.873430837160519 -0.5437946552671099
48772 10696062 0.4748064335377465 0.0025837327917526613 0.25908000000000003 -0.873430837160519 -0.5437946552671099
48773 10696062 0.47246283130387656 0.002588278276868407 0.25908000000000003 -0.873430837160519 -0.5437946552671099
48774 10696062 0.47011922907000664 0.002592823761984153 0.25908000000000003 -0.873430837160519 -0.5437946552671099
48775 10696062 0.4677756268361367 0.0025973692470998987 0.25908000000000003 -0.873430837160519 -0.5437946552671099
48776 10696062 0.4654320246022668 0.0026019147322156448 0.25908000000000003 -0.873430837160519 -0.5437946552671099
48777 10696062 0.46308842236839687 0.0026064602173313904 0.25908000000000003 -0.873430837160519 -0.5437946552671099
48778 10696062 0.460744820134527 0.0026110057024471365 0.25908000000000003 -0.873430837160519 -0.5437946552671099
48779 10696062 0.4584012179006571 0.002615551187562882 0.25908000000000003 -0.873430837160519 -0.5437946552671099
48780 10696062 0.45605761566678715 0.0026200966726786282 0.25908000000000003 -0.873430837160519 -0.5437946552671099
48781 10696062 0.45371401343291723 0.002624642157794374 0.25908000000000003 -0.873430837160519 -0.5437946552671099
48782 10696062 0.4513704111990473 0.00262918764291012 0.25908000000000003 -0.873430837160519 -0.5437946552671099
48783 10696062 0.4490268089651774 0.0026337331280258656 0.25908000000000003 -0.873430837160519 -0.5437946552671099
48784 10696062 0.44668320673130746 0.0026382786131416117 0.25908000000000003 -0.873430837160519 -0.5437946552671099
48785 10696062 0.4443396044974376 0.0026428240982573573 0.25908000000000003 -0.873430837160519 -0.5437946552671099
48786 10696062 0.44199600226356767 0.0026473695833731034 0.25908000000000003 -0.873430837160519 -0.5437946552671099
48787 10696062 0.43965240002969774 0.002651915068488849 0.25908000000000003 -0.873430837160519 -0.5437946552671099
48788 10696062 0.4373087977958278 0.002656460553604595 0.25908000000000003 -0.873430837160519 -0.5437946552671099
48789 10696062 0.4349651955619579 0.002661006038720341 0.25908000000000003 -0.873430837160519 -0.5437946552671099
48790 10696062 0.43262159332808797 0.002665551523836087 0.25908000000000003 -0.873430837160519 -0.5437946552671099
48791 10696062 0.43027799109421805 0.0026700970089518325 0.25908000000000003 -0.873430837160519 -0.5437946552671099
48792 10696062 0.4279343888603482 0.0026746424940675786 0.25908000000000003 -0.873430837160519 -0.5437946552671099
48793 10696062 0.42559078662647826 0.0026791879791833242 0.25908000000000003 -0.873430837160519 -0.5437946552671099
48794 10696062 0.42324718439260833 0.0026837334642990703 0.25908000000000003 -0.873430837160519 -0.5437946552671099
48795 10696062 0.4209035821587384 0.002688278949414816 0.25908000000000003 -0.873430837160519 -0.5437946552671099
48796 10696062 0.4185599799248685 0.002692824434530562 0.25908000000000003 -0.873430837160519 -0.5437946552671099
48797 10696062 0.41621637769099856 0.0026973699196463077 0.25908000000000003 -0.873430837160519 -0.5437946552671099
48798 10696062 0.41387277545712864 0.0027019154047620538 0.25908000000000003 -0.873430837160519 -0.5437946552671099
48799 10696062 0.41152917322325877 0.0027064608898777994 0.25908000000000003 -0.873430837160519 -0.5437946552671099
48800 10696062 0.40918557098938885 0.0027110063749935455 0.25908000000000003 -0.873430837160519 -0.5437946552671099
48801 10696062 0.4068419687555189 0.002715551860109291 0.25908000000000003 -0.873430837160519 -0.5437946552671099
48802 10696062 0.404498366521649 0.0027200973452250372 0.25908000000000003 -0.873430837160519 -0.5437946552671099
48803 10696062 0.4021547642877791 0.002724642830340783 0.25908000000000003 -0.873430837160519 -0.5437946552671099
48804 10696062 0.3998111620539092 0.002729188315456529 0.25908000000000003 -0.873430837160519 -0.5437946552671099
48805 10696062 0.39746755982003923 0.0027337338005722746 0.25908000000000003 -0.873430837160519 -0.5437946552671099
48806 10696062 0.39512395758616936 0.0027382792856880207 0.25908000000000003 -0.873430837160519 -0.5437946552671099
48807 10696062 0.39278035535229944 0.0027428247708037663 0.25908000000000003 -0.873430837160519 -0.5437946552671099
48808 10696062 0.3904367531184295 0.0027473702559195124 0.25908000000000003 -0.873430837160519 -0.5437946552671099
48809 10696062 0.3880931508845596 0.002751915741035258 0.25908000000000003 -0.873430837160519 -0.5437946552671099
48810 10696062 0.38574954865068967 0.002756461226151004 0.25908000000000003 -0.873430837160519 -0.5437946552671099
48811 10696062 0.3834059464168198 0.00276100671126675 0.25908000000000003 -0.873430837160519 -0.5437946552671099
48812 10696062 0.3810623441829498 0.002765552196382496 0.25908000000000003 -0.873430837160519 -0.5437946552671099
48813 10696062 0.37871874194907995 0.0027700976814982415 0.25908000000000003 -0.873430837160519 -0.5437946552671099
48814 10696062 0.37637513971521 0.0027746431666139876 0.25908000000000003 -0.873430837160519 -0.5437946552671099
48815 10696062 0.3740315374813401 0.0027791886517297333 0.25908000000000003 -0.873430837160519 -0.5437946552671099
48816 10696062 0.3716879352474702 0.0027837341368454793 0.25908000000000003 -0.873430837160519 -0.5437946552671099
48817 10696062 0.36934433301360026 0.002788279621961225 0.25908000000000003 -0.873430837160519 -0.5437946552671099
48818 10696062 0.3670007307797304 0.002792825107076971 0.25908000000000003 -0.873430837160519 -0.5437946552671099
48819 10696062 0.3646571285458604 0.0027973705921927167 0.25908000000000003 -0.873430837160519 -0.5437946552671099
48820 10696062 0.36231352631199054 0.002801916077308463 0.25908000000000003 -0.873430837160519 -0.5437946552671099
48821 10696062 0.3599699240781206 0.0028064615624242084 0.25908000000000003 -0.873430837160519 -0.5437946552671099
