53378 10603290 0.2352432420974414 -4.701067035413078 0.76962 -0.7657325092434721 -0.6872028657446765
53379 10603290 0.24464086042186428 -4.6140670229069 0.76962 -0.7657325092434721 -0.6872028657446765
53380 10603290 0.2514559562427088 -4.550756009055377 0.76962 -0.7657325092434721 -0.6872028657446765
53381 10603290 0.25590199123509266 -4.508575254254497 0.76962 -0.7657325092434721 -0.6872028657446765
53382 10603290 0.26034802622747655 -4.466394499453616 0.76962 -0.7657325092434721 -0.6872028657446765
53383 10603290 0.2702826430175009 -4.385644421118126 0.76962 -0.7657325092434721 -0.6872028657446765
53384 10603290 0.2802172598075252 -4.304894342782635 0.76962 -0.7657325092434721 -0.6872028657446765
53385 10603290 0.2851465388419386 -4.261235836427195 0.76962 -0.7657325092434721 -0.6872028657446765
53386 10603290 0.29007581787635195 -4.217577330071756 0.76962 -0.7657325092434721 -0.6872028657446765
53387 10603290 0.294827371337545 -4.154059433829114 0.76962 -0.7657325092434721 -0.6872028657446765
53388 10603290 0.30249988982445464 -4.078878749404004 0.76962 -0.7657325092434721 -0.6872028657446765
53389 10603290 0.31021710013545944 -4.0062827041686875 0.77724 -0.7657325092434721 -0.6872028657446765
53390 10603290 0.31394277051960384 -3.962230972231839 0.77724 -0.7657325092434721 -0.6872028657446765
53391 10603290 0.31766844090374824 -3.91817924029499 0.77724 -0.7657325092434721 -0.6872028657446765
53392 10603290 0.32662256164972125 -3.8309170174568914 0.77724 -0.7657325092434721 -0.6872028657446765
53393 10603290 0.33492211065947525 -3.764702610297542 0.77724 -0.7657325092434721 -0.6872028657446765
53394 10603290 0.34322165966922924 -3.698488203138193 0.77724 -0.7657325092434721 -0.6872028657446765
53395 10603290 0.34591383230901074 -3.648082416598207 0.77724 -0.7657325092434721 -0.6872028657446765
53396 10603290 0.34860600494879224 -3.597676630058221 0.77724 -0.7657325092434721 -0.6872028657446765
53397 10603290 0.35335993285473644 -3.5341591523227405 0.77724 -0.7657325092434721 -0.6872028657446765
53398 10603290 0.36290110734604974 -3.4467379361263 0.77724 -0.7657325092434721 -0.6872028657446765
53399 10603290 0.37258215958432217 -3.374666162623612 0.77724 -0.7657325092434721 -0.6872028657446765
53400 10603290 0.3806393567825081 -3.3132789398099005 0.77724 -0.7657325092434721 -0.6872028657446765
53401 10603290 0.388696553980694 -3.2518917169961887 0.77724 -0.7657325092434721 -0.6872028657446765
53402 10603290 0.3925598363633524 -3.2019850793408873 0.77724 -0.7657325092434721 -0.6872028657446765
53403 10603290 0.39642311874601077 -3.1520784416855863 0.77724 -0.7657325092434721 -0.6872028657446765
53404 10603290 0.40301557913936553 -3.095177661097361 0.7734300000000001 -0.7657325092434721 -0.6872028657446765
53405 10603290 0.4096080395327203 -3.0382768805091356 0.76962 -0.7657325092434721 -0.6872028657446765
53406 10603290 0.42335830976838373 -2.955384478297891 0.76962 -0.7657325092434721 -0.6872028657446765
53407 10603290 0.4262882017233726 -2.878420237224136 0.76962 -0.7657325092434721 -0.6872028657446765
53408 10603290 0.4334875683576283 -2.8155843588959972 0.76962 -0.7657325092434721 -0.6872028657446765
53409 10603290 0.4414348359828686 -2.76677795359834 0.7734300000000001 -0.7657325092434721 -0.6872028657446765
53410 10603290 0.4493821036081088 -2.7179715483006825 0.77724 -0.7657325092434721 -0.6872028657446765
53411 10603290 0.4534566141112885 -2.629348173334402 0.77724 -0.7657325092434721 -0.6872028657446765
53412 10603290 0.45801058485053603 -2.5868515670029035 0.77724 -0.7657325092434721 -0.6872028657446765
53413 10603290 0.46256455558978354 -2.5443549606714053 0.77724 -0.7657325092434721 -0.6872028657446765
53414 10603290 0.4704676901094434 -2.444014631131391 0.77724 -0.7657325092434721 -0.6872028657446765
53415 10603290 0.47348760471951457 -2.4062155086058103 0.77724 -0.7657325092434721 -0.6872028657446765
53416 10603290 0.4765075193295857 -2.3684163860802294 0.77724 -0.7657325092434721 -0.6872028657446765
53417 10603290 0.48923749499957175 -2.2723396529816053 0.77724 -0.7657325092434721 -0.6872028657446765
53418 10603290 0.49217077677445265 -2.195375989596724 0.77724 -0.7657325092434721 -0.6872028657446765
53419 10603290 0.4974099617758749 -2.134469548873856 0.77724 -0.7657325092434721 -0.6872028657446765
53420 10603290 0.5026491467772971 -2.0735631081509878 0.77724 -0.7657325092434721 -0.6872028657446765
53421 10603290 0.5082288660675246 -2.0102561143624413 0.77724 -0.7657325092434721 -0.6872028657446765
53422 10603290 0.5138085853577521 -1.9469491205738951 0.77724 -0.7657325092434721 -0.6872028657446765
53423 10603290 0.5199910034351183 -1.8913157491449828 0.7734300000000001 -0.7657325092434721 -0.6872028657446765
53424 10603290 0.5261734215124845 -1.8356823777160705 0.76962 -0.7657325092434721 -0.6872028657446765
53425 10603290 0.5325695284857036 -1.7861936743376716 0.76962 -0.7657325092434721 -0.6872028657446765
53426 10603290 0.5389656354589227 -1.7367049709592728 0.76962 -0.7657325092434721 -0.6872028657446765
53427 10603290 0.546588874074812 -1.6644273463706503 0.76962 -0.7657325092434721 -0.6872028657446765
53428 10603290 0.5551435144275995 -1.5892996835629822 0.76962 -0.7657325092434721 -0.6872028657446765
53429 10603290 0.5579422425952475 -1.5127588335039188 0.76962 -0.7657325092434721 -0.6872028657446765
53430 10603290 0.5628782468027238 -1.4691015708814077 0.76962 -0.7657325092434721 -0.6872028657446765
53431 10603290 0.5678142510102 -1.4254443082588966 0.76962 -0.7657325092434721 -0.6872028657446765
53432 10603290 0.5832910181288687 -1.3280446125298253 0.76962 -0.7657325092434721 -0.6872028657446765
53433 10603290 0.586916694070917 -1.2663769490487424 0.76962 -0.7657325092434721 -0.6872028657446765
53434 10603290 0.5936293449102857 -1.2172835255627694 0.76962 -0.7657325092434721 -0.6872028657446765
53435 10603290 0.6003419957496545 -1.1681901020767962 0.76962 -0.7657325092434721 -0.6872028657446765
53436 10603290 0.6028887918801364 -1.093786321604472 0.76962 -0.7657325092434721 -0.6872028657446765
53437 10603290 0.6078525543307438 -1.0452897088726405 0.7734300000000001 -0.7657325092434721 -0.6872028657446765
53438 10603290 0.6128163167813511 -0.996793096140809 0.77724 -0.7657325092434721 -0.6872028657446765
53439 10603290 0.6225248592410453 -0.9018311202102042 0.77724 -0.7657325092434721 -0.6872028657446765
53440 10603290 0.6265954614680151 -0.8594680632373877 0.77724 -0.7657325092434721 -0.6872028657446765
53441 10603290 0.630666063694985 -0.8171050062645712 0.77724 -0.7657325092434721 -0.6872028657446765
53442 10603290 0.6340854566577689 -0.7577061697328022 0.77724 -0.7657325092434721 -0.6872028657446765
53443 10603290 0.6427088966691896 -0.6731375062248847 0.77724 -0.7657325092434721 -0.6872028657446765
53444 10603290 0.6493721193302769 -0.6021811670628762 0.77724 -0.7657325092434721 -0.6872028657446765
53445 10603290 0.6523305649903741 -0.5605060650015834 0.77724 -0.7657325092434721 -0.6872028657446765
53446 10603290 0.6552890106504712 -0.5188309629402906 0.77724 -0.7657325092434721 -0.6872028657446765
53447 10603290 0.6597018279345059 -0.45911396957360256 0.77724 -0.7657325092434721 -0.6872028657446765
53448 10603290 0.6641146452185408 -0.3993969762069145 0.77724 -0.7657325092434721 -0.6872028657446765
53449 10603290 0.6712605191512165 -0.328598162590076 0.77724 -0.7657325092434721 -0.6872028657446765
53450 10603290 0.6764713094766459 -0.2752752148943863 0.77724 -0.7657325092434721 -0.6872028657446765
53451 10603290 0.6816820998020752 -0.2219522671986965 0.77724 -0.7657325092434721 -0.6872028657446765
53452 10603290 0.689572597962117 -0.13936345328446156 0.77724 -0.7657325092434721 -0.6872028657446765
53453 10603290 0.6945186824480334 -0.08572026239018385 0.77724 -0.7657325092434721 -0.6872028657446765
53454 10603290 0.6994647669339497 -0.032077071495906134 0.77724 -0.7657325092434721 -0.6872028657446765
53455 10603290 0.704410851419866 0.021566119398371567 0.77724 -0.7657325092434721 -0.6872028657446765
53456 10603290 0.709136435548903 0.10261904145641997 0.77724 -0.7657325092434721 -0.6872028657446765
53457 10603290 0.7125837918410785 0.1548438837185494 0.77978 -0.7657325092434721 -0.6872028657446765
53458 10603290 0.7160311481332539 0.20706872598067882 0.78232 -0.7657325092434721 -0.6872028657446765
53459 10603290 0.7194785044254293 0.25929356824280825 0.78486 -0.7657325092434721 -0.6872028657446765
53460 10603290 0.7250404792289307 0.3252362586572472 0.77724 -0.7657325092434721 -0.6872028657446765
53461 10603290 0.7273904735908157 0.3697975950057699 0.77724 -0.7657325092434721 -0.6872028657446765
53462 10603290 0.7297404679527005 0.4143589313542926 0.77724 -0.7657325092434721 -0.6872028657446765
53463 10603290 0.7322323746378325 0.46343023609805223 0.77724 -0.7657325092434721 -0.6872028657446765
53464 10603290 0.7347242813229644 0.5125015408418119 0.77724 -0.7657325092434721 -0.6872028657446765
53465 10603290 0.7385975752376286 0.5990906626272461 0.77724 -0.7657325092434721 -0.6872028657446765
53466 10603290 0.7400690280431859 0.6538696177047146 0.77724 -0.7657325092434721 -0.6872028657446765
53467 10603290 0.7444179383246101 0.7079419860299397 0.77724 -0.7657325092434721 -0.6872028657446765
53468 10603290 0.7451617896364298 0.7564163969638322 0.7734300000000001 -0.7657325092434721 -0.6872028657446765
53469 10603290 0.7459056409482495 0.8048908078977247 0.76962 -0.7657325092434721 -0.6872028657446765
53470 10603290 0.7468230150108235 0.8484601873648241 0.76962 -0.7657325092434721 -0.6872028657446765
53471 10603290 0.7477403890733976 0.8920295668319235 0.76962 -0.7657325092434721 -0.6872028657446765
53472 10603290 0.7497035641634655 0.9564616623721626 0.76962 -0.7657325092434721 -0.6872028657446765
53473 10603290 0.7540294034894297 1.015214921321017 0.76581 -0.7657325092434721 -0.6872028657446765
53474 10603290 0.7583552428153939 1.0739681802698715 0.762 -0.7657325092434721 -0.6872028657446765
53475 10603290 0.7546181766282003 1.129106066383354 0.75819 -0.7657325092434721 -0.6872028657446765
53476 10603290 0.7508811104410067 1.1842439524968367 0.75438 -0.7657325092434721 -0.6872028657446765
53477 10603290 0.7513970297861704 1.244242458870453 0.75438 -0.7657325092434721 -0.6872028657446765
53478 10603290 0.7519129491313341 1.3042409652440694 0.75438 -0.7657325092434721 -0.6872028657446765
53479 10603290 0.7522071027133934 1.3418223505029399 0.75057 -0.7657325092434721 -0.6872028657446765
53480 10603290 0.7525012562954527 1.3794037357618103 0.74676 -0.7657325092434721 -0.6872028657446765
53481 10603290 0.7525741473593536 1.4546182013671105 0.74676 -0.7657325092434721 -0.6872028657446765
53482 10603290 0.7533504879694493 1.498292481607976 0.74295 -0.7657325092434721 -0.6872028657446765
53483 10603290 0.7541268285795449 1.5419667618488413 0.73914 -0.7657325092434721 -0.6872028657446765
53484 10603290 0.7536864079509886 1.60718495818372 0.73914 -0.7657325092434721 -0.6872028657446765
53485 10603290 0.7545308396222022 1.6844841276250349 0.73152 -0.7657325092434721 -0.6872028657446765
53486 10603290 0.7552850932003272 1.7282241834316734 0.73152 -0.7657325092434721 -0.6872028657446765
53487 10603290 0.7560393467784523 1.7719642392383121 0.73152 -0.7657325092434721 -0.6872028657446765
53488 10603290 0.7561602996783839 1.8470466033062816 0.7239000000000001 -0.7657325092434721 -0.6872028657446765
53489 10603290 0.7574007354295258 1.9005584565737808 0.7239000000000001 -0.7657325092434721 -0.6872028657446765
53490 10603290 0.7586411711806677 1.9540703098412802 0.7239000000000001 -0.7657325092434721 -0.6872028657446765
53491 10603290 0.7590224481291437 1.9965304627707314 0.7239000000000001 -0.7657325092434721 -0.6872028657446765
53492 10603290 0.7594037250776197 2.0389906157001825 0.7239000000000001 -0.7657325092434721 -0.6872028657446765
53493 10603290 0.7588844648174757 2.0917341921228916 0.7200900000000001 -0.7657325092434721 -0.6872028657446765
53494 10603290 0.7583652045573318 2.1444777685456007 0.7162800000000001 -0.7657325092434721 -0.6872028657446765
53495 10603290 0.7589584710184575 2.21963983831227 0.7162800000000001 -0.7657325092434721 -0.6872028657446765
53496 10603290 0.758439989849097 2.2723833098951927 0.7162800000000001 -0.7657325092434721 -0.6872028657446765
53497 10603290 0.7579215086797364 2.3251267814781156 0.7162800000000001 -0.7657325092434721 -0.6872028657446765
53498 10603290 0.7575639192702988 2.377817754247146 0.7124700000000002 -0.7657325092434721 -0.6872028657446765
53499 10603290 0.757206329860861 2.430508727016176 0.7086600000000001 -0.7657325092434721 -0.6872028657446765
53500 10603290 0.7606253143995787 2.4659594636149507 0.7048500000000001 -0.7657325092434721 -0.6872028657446765
53501 10603290 0.7640442989382965 2.501410200213725 0.7010400000000001 -0.7657325092434721 -0.6872028657446765
53502 10603290 0.7531896067982364 2.567346216000843 0.7010400000000001 -0.7657325092434721 -0.6872028657446765
53503 10603290 0.751669989359059 2.6204172241048753 0.69723 -0.7657325092434721 -0.6872028657446765
53504 10603290 0.7501503719198818 2.6734882322089075 0.69342 -0.7657325092434721 -0.6872028657446765
53505 10603290 0.7438510993030034 2.737059334886352 0.69342 -0.7657325092434721 -0.6872028657446765
53506 10603290 0.737551826686125 2.800630437563796 0.69342 -0.7657325092434721 -0.6872028657446765
53507 10603290 0.7282126263937952 2.8562577016999344 0.6858000000000001 -0.7657325092434721 -0.6872028657446765
53508 10603290 0.7181922432867223 2.907083937607212 0.6858000000000001 -0.7657325092434721 -0.6872028657446765
53509 10603290 0.7086466467066905 2.95664520201161 0.6819900000000001 -0.7657325092434721 -0.6872028657446765
53510 10603290 0.6991010501266587 3.0062064664160077 0.6781800000000001 -0.7657325092434721 -0.6872028657446765
53511 10603290 0.68010913018861 3.043842836681714 0.6781800000000001 -0.7657325092434721 -0.6872028657446765
53512 10603290 0.6611172102505614 3.08147920694742 0.6781800000000001 -0.7657325092434721 -0.6872028657446765
53513 10603290 0.6396921504132578 3.1313608222943294 0.6781800000000001 -0.7657325092434721 -0.6872028657446765
53514 10603290 0.6170038292128146 3.178734758113079 0.67056 -0.7657325092434721 -0.6872028657446765
53515 10603290 0.5893190779350026 3.226574071894686 0.67056 -0.7657325092434721 -0.6872028657446765
53516 10603290 0.5616343266571906 3.274413385676293 0.67056 -0.7657325092434721 -0.6872028657446765
53517 10603290 0.5190939401169239 3.3308487193526384 0.6667500000000001 -0.7657325092434721 -0.6872028657446765
53518 10603290 0.4765535535766573 3.387284053028984 0.6629400000000001 -0.7657325092434721 -0.6872028657446765
53519 10603290 0.4453171565485903 3.420045695747683 0.6629400000000001 -0.7657325092434721 -0.6872028657446765
53520 10603290 0.41408075952052326 3.452807338466382 0.6629400000000001 -0.7657325092434721 -0.6872028657446765
53521 10603290 0.3584518795084401 3.4937786082715827 0.65913 -0.7657325092434721 -0.6872028657446765
53522 10603290 0.30282299949635694 3.5347498780767834 0.65532 -0.7657325092434721 -0.6872028657446765
53523 10603290 0.2543452193041837 3.5643292463484126 0.65151 -0.7657325092434721 -0.6872028657446765
53524 10603290 0.20586743911201044 3.5939086146200423 0.6477 -0.7657325092434721 -0.6872028657446765
53525 10603290 0.16378912844843815 3.6118352311637816 0.6451600000000001 -0.7657325092434721 -0.6872028657446765
53526 10603290 0.12171081778486585 3.6297618477075204 0.6426200000000001 -0.7657325092434721 -0.6872028657446765
53527 10603290 0.07963250712129355 3.6476884642512597 0.6400800000000001 -0.7657325092434721 -0.6872028657446765
53528 10603290 0.0016558375965163297 3.6752908855130673 0.6400800000000001 -0.7657325092434721 -0.6872028657446765
53529 10603290 -0.04276574795543525 3.688766349175821 0.6400800000000001 -0.7657325092434721 -0.6872028657446765
53530 10603290 -0.08718733350738683 3.702241812838575 0.6400800000000001 -0.7657325092434721 -0.6872028657446765
53531 10603290 -0.14251016282160323 3.714959875181925 0.6400800000000001 -0.7657325092434721 -0.6872028657446765
53532 10603290 -0.23363120704881246 3.7349464193245216 0.6400800000000001 -0.7657325092434721 -0.6872028657446765
53533 10603290 -0.2912218308005585 3.7488747506414137 0.63246 -0.7657325092434721 -0.6872028657446765
53534 10603290 -0.34118528210818233 3.7576218225878364 0.63246 -0.7657325092434721 -0.6872028657446765
53535 10603290 -0.39114873341580614 3.7663688945342595 0.63246 -0.7657325092434721 -0.6872028657446765
53536 10603290 -0.44712720280355633 3.777084164639766 0.63246 -0.7657325092434721 -0.6872028657446765
53537 10603290 -0.5031056721913065 3.787799434745273 0.63246 -0.7657325092434721 -0.6872028657446765
53538 10603290 -0.555359617137387 3.793616801700579 0.62865 -0.7657325092434721 -0.6872028657446765
53539 10603290 -0.6076135620834675 3.7994341686558846 0.6248400000000001 -0.7657325092434721 -0.6872028657446765
53540 10603290 -0.6642479943753645 3.808145551930778 0.6248400000000001 -0.7657325092434721 -0.6872028657446765
53541 10603290 -0.7220775535795185 3.8145610051187036 0.6248400000000001 -0.7657325092434721 -0.6872028657446765
53542 10603290 -0.7917366785864746 3.824847157952637 0.62103 -0.7657325092434721 -0.6872028657446765
53543 10603290 -0.8613958035934306 3.83513331078657 0.61722 -0.7657325092434721 -0.6872028657446765
53544 10603290 -0.9017352139794983 3.8407358185719422 0.61341 -0.7657325092434721 -0.6872028657446765
53545 10603290 -0.942074624365566 3.8463383263573148 0.6096 -0.7657325092434721 -0.6872028657446765
53546 10603290 -1.0355431289737227 3.859158168021967 0.6019800000000001 -0.7657325092434721 -0.6872028657446765
53547 10603290 -1.0764478380495979 3.8662903154689428 0.6019800000000001 -0.7657325092434721 -0.6872028657446765
53548 10603290 -1.117352547125473 3.873422462915919 0.6019800000000001 -0.7657325092434721 -0.6872028657446765
53549 10603290 -1.207990708080904 3.8856690546942336 0.59436 -0.7657325092434721 -0.6872028657446765
53550 10603290 -1.254327843993095 3.8932944882000315 0.59436 -0.7657325092434721 -0.6872028657446765
53551 10603290 -1.3006649799052858 3.900919921705829 0.59436 -0.7657325092434721 -0.6872028657446765
53552 10603290 -1.3579203021404003 3.912352415297306 0.59436 -0.7657325092434721 -0.6872028657446765
53553 10603290 -1.4151756243755147 3.923784908888783 0.59436 -0.7657325092434721 -0.6872028657446765
53554 10603290 -1.481829947323369 3.9352562085784006 0.59055 -0.7657325092434721 -0.6872028657446765
53555 10603290 -1.5484842702712232 3.946727508268018 0.58674 -0.7657325092434721 -0.6872028657446765
53556 10603290 -1.603190374637278 3.957269358442839 0.58674 -0.7657325092434721 -0.6872028657446765
53557 10603290 -1.6578964790033328 3.9678112086176607 0.58674 -0.7657325092434721 -0.6872028657446765
53558 10603290 -1.711651859912631 3.9778675006264352 0.58674 -0.7657325092434721 -0.6872028657446765
53559 10603290 -1.765407240821929 3.9879237926352094 0.58674 -0.7657325092434721 -0.6872028657446765
53560 10603290 -1.8039632215049768 3.9942330734503666 0.58674 -0.7657325092434721 -0.6872028657446765
53561 10603290 -1.8425192021880246 4.000542354265524 0.58674 -0.7657325092434721 -0.6872028657446765
53562 10603290 -1.9013744644631771 4.011159284723378 0.58293 -0.7657325092434721 -0.6872028657446765
53563 10603290 -1.9602297267383297 4.021776215181232 0.57912 -0.7657325092434721 -0.6872028657446765
53564 10603290 -2.015505624228057 4.026782074646084 0.57912 -0.7657325092434721 -0.6872028657446765
53565 10603290 -2.075028998880409 4.031426197510813 0.57912 -0.7657325092434721 -0.6872028657446765
53566 10603290 -2.1345523735327614 4.036070320375541 0.57912 -0.7657325092434721 -0.6872028657446765
53567 10603290 -2.1634501885864554 3.996366403141808 0.5778708196721312 -0.7657325092434721 -0.6872028657446765
53568 10603290 -2.19234800364015 3.9566624859080757 0.5766216393442622 -0.7657325092434721 -0.6872028657446765
53569 10603290 -2.221245818693844 3.916958568674343 0.5753724590163934 -0.7657325092434721 -0.6872028657446765
53570 10603290 -2.250143633747538 3.8772546514406105 0.5741232786885245 -0.7657325092434721 -0.6872028657446765
53571 10603290 -2.2790414488012325 3.8375507342068778 0.5728740983606557 -0.7657325092434721 -0.6872028657446765
53572 10603290 -2.3079392638549265 3.7978468169731454 0.5716249180327868 -0.7657325092434721 -0.6872028657446765
53573 10603290 -2.3368370789086206 3.7581428997394126 0.570375737704918 -0.7657325092434721 -0.6872028657446765
53574 10603290 -2.3657348939623146 3.7184389825056803 0.5691265573770492 -0.7657325092434721 -0.6872028657446765
53575 10603290 -2.394632709016009 3.6787350652719475 0.5678773770491803 -0.7657325092434721 -0.6872028657446765
53576 10603290 -2.423530524069703 3.639031148038215 0.5666281967213115 -0.7657325092434721 -0.6872028657446765
53577 10603290 -2.452428339123397 3.5993272308044824 0.5653790163934426 -0.7657325092434721 -0.6872028657446765
53578 10603290 -2.4813261541770917 3.55962331357075 0.5641298360655738 -0.7657325092434721 -0.6872028657446765
53579 10603290 -2.5102239692307857 3.5199193963370172 0.5628806557377048 -0.7657325092434721 -0.6872028657446765
53580 10603290 -2.5391217842844798 3.480215479103285 0.561631475409836 -0.7657325092434721 -0.6872028657446765
53581 10603290 -2.5680195993381743 3.440511561869552 0.5603822950819672 -0.7657325092434721 -0.6872028657446765
53582 10603290 -2.5969174143918683 3.4008076446358197 0.5591331147540983 -0.7657325092434721 -0.6872028657446765
53583 10603290 -2.6258152294455623 3.361103727402087 0.5578839344262295 -0.7657325092434721 -0.6872028657446765
53584 10603290 -2.654713044499257 3.3213998101683546 0.5566347540983606 -0.7657325092434721 -0.6872028657446765
53585 10603290 -2.683610859552951 3.281695892934622 0.5553855737704918 -0.7657325092434721 -0.6872028657446765
53586 10603290 -2.712508674606645 3.2419919757008895 0.5541363934426229 -0.7657325092434721 -0.6872028657446765
53587 10603290 -2.7414064896603394 3.2022880584671567 0.5528872131147541 -0.7657325092434721 -0.6872028657446765
53588 10603290 -2.7703043047140334 3.1625841412334244 0.5516380327868853 -0.7657325092434721 -0.6872028657446765
53589 10603290 -2.7992021197677275 3.1228802239996916 0.5503888524590164 -0.7657325092434721 -0.6872028657446765
53590 10603290 -2.828099934821422 3.083176306765959 0.5491396721311476 -0.7657325092434721 -0.6872028657446765
53591 10603290 -2.856997749875116 3.0434723895322264 0.5478904918032786 -0.7657325092434721 -0.6872028657446765
53592 10603290 -2.88589556492881 3.0037684722984936 0.5466413114754098 -0.7657325092434721 -0.6872028657446765
53593 10603290 -2.9147933799825045 2.9640645550647613 0.5453921311475409 -0.7657325092434721 -0.6872028657446765
53594 10603290 -2.9436911950361986 2.924360637831029 0.5441429508196721 -0.7657325092434721 -0.6872028657446765
53595 10603290 -2.9725890100898926 2.884656720597296 0.5428937704918033 -0.7657325092434721 -0.6872028657446765
53596 10603290 -3.001486825143587 2.8449528033635634 0.5416445901639344 -0.7657325092434721 -0.6872028657446765
53597 10603290 -3.030384640197281 2.805248886129831 0.5403954098360656 -0.7657325092434721 -0.6872028657446765
53598 10603290 -3.059282455250975 2.7655449688960987 0.5391462295081967 -0.7657325092434721 -0.6872028657446765
53599 10603290 -3.0881802703046692 2.725841051662366 0.5378970491803279 -0.7657325092434721 -0.6872028657446765
53600 10603290 -3.1170780853583633 2.686137134428633 0.536647868852459 -0.7657325092434721 -0.6872028657446765
53601 10603290 -3.1459759004120578 2.6464332171949008 0.5353986885245902 -0.7657325092434721 -0.6872028657446765
53602 10603290 -3.174873715465752 2.6067292999611684 0.5341495081967214 -0.7657325092434721 -0.6872028657446765
53603 10603290 -3.203771530519446 2.5670253827274356 0.5329003278688524 -0.7657325092434721 -0.6872028657446765
53604 10603290 -3.2326693455731403 2.527321465493703 0.5316511475409836 -0.7657325092434721 -0.6872028657446765
53605 10603290 -3.2615671606268344 2.4876175482599705 0.5304019672131147 -0.7657325092434721 -0.6872028657446765
53606 10603290 -3.2904649756805284 2.447913631026238 0.5291527868852459 -0.7657325092434721 -0.6872028657446765
53607 10603290 -3.319362790734223 2.4082097137925054 0.5279036065573771 -0.7657325092434721 -0.6872028657446765
53608 10603290 -3.348260605787917 2.3685057965587726 0.5266544262295082 -0.7657325092434721 -0.6872028657446765
53609 10603290 -3.377158420841611 2.3288018793250402 0.5254052459016394 -0.7657325092434721 -0.6872028657446765
53610 10603290 -3.4060562358953055 2.289097962091308 0.5241560655737705 -0.7657325092434721 -0.6872028657446765
53611 10603290 -3.4349540509489995 2.249394044857575 0.5229068852459017 -0.7657325092434721 -0.6872028657446765
53612 10603290 -3.4638518660026936 2.2096901276238423 0.5216577049180328 -0.7657325092434721 -0.6872028657446765
53613 10603290 -3.492749681056388 2.16998621039011 0.520408524590164 -0.7657325092434721 -0.6872028657446765
53614 10603290 -3.521647496110082 2.130282293156377 0.5191593442622952 -0.7657325092434721 -0.6872028657446765
53615 10603290 -3.550545311163776 2.090578375922645 0.5179101639344262 -0.7657325092434721 -0.6872028657446765
53616 10603290 -3.5794431262174706 2.050874458688912 0.5166609836065574 -0.7657325092434721 -0.6872028657446765
53617 10603290 -3.6083409412711647 2.0111705414551797 0.5154118032786885 -0.7657325092434721 -0.6872028657446765
53618 10603290 -3.6372387563248587 1.971466624221447 0.5141626229508197 -0.7657325092434721 -0.6872028657446765
53619 10603290 -3.666136571378553 1.9317627069877146 0.5129134426229508 -0.7657325092434721 -0.6872028657446765
53620 10603290 -3.6950343864322472 1.8920587897539818 0.511664262295082 -0.7657325092434721 -0.6872028657446765
53621 10603290 -3.7239322014859413 1.8523548725202494 0.5104150819672132 -0.7657325092434721 -0.6872028657446765
53622 10603290 -3.7528300165396358 1.8126509552865167 0.5091659016393443 -0.7657325092434721 -0.6872028657446765
53623 10603290 -3.78172783159333 1.7729470380527843 0.5079167213114755 -0.7657325092434721 -0.6872028657446765
53624 10603290 -3.810625646647024 1.7332431208190515 0.5066675409836066 -0.7657325092434721 -0.6872028657446765
53625 10603290 -3.8395234617007183 1.6935392035853192 0.5054183606557378 -0.7657325092434721 -0.6872028657446765
53626 10603290 -3.8684212767544124 1.6538352863515864 0.504169180327869 -0.7657325092434721 -0.6872028657446765
53627 10603290 -3.8973190918081064 1.6141313691178538 0.50292 -0.7657325092434721 -0.6872028657446765
53628 10603290 -3.898827868046004 1.5606980447137566 0.50292 -0.7657325092434721 -0.6872028657446765
53629 10603290 -3.900336644283901 1.5072647203096592 0.50292 -0.7657325092434721 -0.6872028657446765
53630 10603290 -3.899843010534703 1.4545195460410052 0.50292 -0.7657325092434721 -0.6872028657446765
53631 10603290 -3.899349376785505 1.401774371772351 0.50292 -0.7657325092434721 -0.6872028657446765
53632 10603290 -3.894937799306233 1.3615348426266287 0.50292 -0.7657325092434721 -0.6872028657446765
53633 10603290 -3.8905262218269607 1.3212953134809065 0.50292 -0.7657325092434721 -0.6872028657446765
53634 10603290 -3.881359594690841 1.2706180637245028 0.50292 -0.7657325092434721 -0.6872028657446765
53635 10603290 -3.872192967554721 1.2199408139680992 0.50292 -0.7657325092434721 -0.6872028657446765
53636 10603290 -3.8617419870677283 1.1612477817054945 0.51054 -0.7657325092434721 -0.6872028657446765
53637 10603290 -3.8477259207295207 1.109099748936864 0.50673 -0.7657325092434721 -0.6872028657446765
53638 10603290 -3.833709854391313 1.0569517161682334 0.50292 -0.7657325092434721 -0.6872028657446765
53639 10603290 -3.8189850015078743 1.014562613069232 0.50292 -0.7657325092434721 -0.6872028657446765
53640 10603290 -3.8042601486244356 0.9721735099702304 0.50292 -0.7657325092434721 -0.6872028657446765
53641 10603290 -3.787295304947393 0.9241434652197869 0.49911000000000005 -0.7657325092434721 -0.6872028657446765
53642 10603290 -3.7703304612703503 0.8761134204693432 0.4953 -0.7657325092434721 -0.6872028657446765
53643 10603290 -3.7488664696012455 0.8184893727173219 0.48768 -0.7657325092434721 -0.6872028657446765
53644 10603290 -3.735134471655361 0.7863582133436529 0.48768 -0.7657325092434721 -0.6872028657446765
53645 10603290 -3.7214024737094764 0.7542270539699837 0.48768 -0.7657325092434721 -0.6872028657446765
53646 10603290 -3.6892859920740886 0.7112275280424464 0.48006 -0.7657325092434721 -0.6872028657446765
53647 10603290 -3.6610392224514756 0.6319864699790381 0.48006 -0.7657325092434721 -0.6872028657446765
53648 10603290 -3.6431376661718757 0.5998344760904641 0.47624999999999995 -0.7657325092434721 -0.6872028657446765
53649 10603290 -3.625236109892276 0.5676824822018903 0.47243999999999997 -0.7657325092434721 -0.6872028657446765
53650 10603290 -3.5859673801259397 0.5044644674943187 0.47243999999999997 -0.7657325092434721 -0.6872028657446765
53651 10603290 -3.5598366597030053 0.4682751487520961 0.46863 -0.7657325092434721 -0.6872028657446765
53652 10603290 -3.533705939280071 0.43208583000987344 0.46482000000000007 -0.7657325092434721 -0.6872028657446765
53653 10603290 -3.496887151648486 0.39122957988238194 0.46482000000000007 -0.7657325092434721 -0.6872028657446765
53654 10603290 -3.4600683640169008 0.35037332975489044 0.46482000000000007 -0.7657325092434721 -0.6872028657446765
53655 10603290 -3.425391280224185 0.31518482581627216 0.46482000000000007 -0.7657325092434721 -0.6872028657446765
53656 10603290 -3.3907141964314693 0.2799963218776539 0.46482000000000007 -0.7657325092434721 -0.6872028657446765
53657 10603290 -3.344276833929536 0.2400238952152903 0.45720000000000005 -0.7657325092434721 -0.6872028657446765
53658 10603290 -3.308527919098502 0.20810757955949408 0.45720000000000005 -0.7657325092434721 -0.6872028657446765
53659 10603290 -3.28140429553052 0.18783680796847332 0.45339000000000007 -0.7657325092434721 -0.6872028657446765
53660 10603290 -3.2542806719625377 0.16756603637745257 0.44958000000000004 -0.7657325092434721 -0.6872028657446765
53661 10603290 -3.1856950688295216 0.12034563736465662 0.44958000000000004 -0.7657325092434721 -0.6872028657446765
53662 10603290 -3.148004023673512 0.09924589262265557 0.44577 -0.7657325092434721 -0.6872028657446765
53663 10603290 -3.110312978517502 0.07814614788065452 0.44196 -0.7657325092434721 -0.6872028657446765
53664 10603290 -3.0567813736774196 0.050343397514091975 0.44196 -0.7657325092434721 -0.6872028657446765
53665 10603290 -3.0240091523736585 0.03850768699849191 0.43815000000000004 -0.7657325092434721 -0.6872028657446765
53666 10603290 -2.9912369310698974 0.02667197648289185 0.43434000000000006 -0.7657325092434721 -0.6872028657446765
53667 10603290 -2.936829496886712 0.015117477386505346 0.4305300000000001 -0.7657325092434721 -0.6872028657446765
53668 10603290 -2.882422062703527 0.00356297829011884 0.42672000000000004 -0.7657325092434721 -0.6872028657446765
53669 10603290 -2.832979422558809 -0.0028023834041987217 0.42672000000000004 -0.7657325092434721 -0.6872028657446765
53670 10603290 -2.7866642609398187 -0.006507992817008451 0.42291 -0.7657325092434721 -0.6872028657446765
53671 10603290 -2.740349099320828 -0.01021360222981818 0.41910000000000003 -0.7657325092434721 -0.6872028657446765
53672 10603290 -2.682959313055619 -0.016724813051082782 0.41910000000000003 -0.7657325092434721 -0.6872028657446765
53673 10603290 -2.6363161870475613 -0.0194267830282914 0.41529000000000005 -0.7657325092434721 -0.6872028657446765
53674 10603290 -2.5896730610395036 -0.022128753005500018 0.41148 -0.7657325092434721 -0.6872028657446765
53675 10603290 -2.5503078818108236 -0.021280350105637585 0.41148 -0.7657325092434721 -0.6872028657446765
53676 10603290 -2.5109427025821436 -0.020431947205775153 0.41148 -0.7657325092434721 -0.6872028657446765
53677 10603290 -2.462469564201972 -0.017538973026190424 0.40767 -0.7657325092434721 -0.6872028657446765
53678 10603290 -2.4139964258218 -0.014645998846605696 0.40386 -0.7657325092434721 -0.6872028657446765
53679 10603290 -2.369876932706155 -0.012840132293496925 0.40386 -0.7657325092434721 -0.6872028657446765
53680 10603290 -2.32575743959051 -0.011034265740388155 0.40386 -0.7657325092434721 -0.6872028657446765
53681 10603290 -2.2911900942075536 -0.008556438342541078 0.40005 -0.7657325092434721 -0.6872028657446765
53682 10603290 -2.256622748824597 -0.006078610944694002 0.39624000000000004 -0.7657325092434721 -0.6872028657446765
53683 10603290 -2.204867299441641 -0.005367926114502569 0.39624000000000004 -0.7657325092434721 -0.6872028657446765
53684 10603290 -2.1531118500586848 -0.004657241284311137 0.39624000000000004 -0.7657325092434721 -0.6872028657446765
53685 10603290 -2.1175604734004243 -0.003785843390520821 0.39243000000000006 -0.7657325092434721 -0.6872028657446765
53686 10603290 -2.082009096742164 -0.0029144454967305056 0.38862 -0.7657325092434721 -0.6872028657446765
53687 10603290 -2.0246685441114645 -0.0016930594340401062 0.38862 -0.7657325092434721 -0.6872028657446765
53688 10603290 -1.993396010942892 -0.00181658696747658 0.38481 -0.7657325092434721 -0.6872028657446765
53689 10603290 -1.96212347777432 -0.0019401145009130538 0.381 -0.7657325092434721 -0.6872028657446765
53690 10603290 -1.8960533207052956 0.0018011728325970366 0.37338 -0.7657325092434721 -0.6872028657446765
53691 10603290 -1.8649815600093067 0.0017438325500905016 0.37338 -0.7657325092434721 -0.6872028657446765
53692 10603290 -1.8339097993133178 0.0016864922675839666 0.37338 -0.7657325092434721 -0.6872028657446765
53693 10603290 -1.765353428965838 0.003797723989746399 0.36576 -0.7657325092434721 -0.6872028657446765
53694 10603290 -1.7268662923631772 0.00522951900544974 0.36195 -0.7657325092434721 -0.6872028657446765
53695 10603290 -1.6883791557605166 0.006661314021153081 0.35814000000000007 -0.7657325092434721 -0.6872028657446765
53696 10603290 -1.6398607755679595 0.0056303710074861735 0.35433000000000003 -0.7657325092434721 -0.6872028657446765
53697 10603290 -1.5913423953754025 0.004599427993819266 0.35052000000000005 -0.7657325092434721 -0.6872028657446765
53698 10603290 -1.5487649176040448 0.0030584201315353166 0.35052000000000005 -0.7657325092434721 -0.6872028657446765
53699 10603290 -1.5135022676319063 0.0029170150553088636 0.3467100000000001 -0.7657325092434721 -0.6872028657446765
53700 10603290 -1.4782396176597679 0.0027756099790824107 0.34290000000000004 -0.7657325092434721 -0.6872028657446765
53701 10603290 -1.416925547573834 0.00013143287468694864 0.33528 -0.7657325092434721 -0.6872028657446765
53702 10603290 -1.372329229485126 -0.0006666716038908616 0.33528 -0.7657325092434721 -0.6872028657446765
53703 10603290 -1.3277329113964178 -0.0014647760824686717 0.33528 -0.7657325092434721 -0.6872028657446765
53704 10603290 -1.296679062569498 -0.0015724029767909264 0.33147000000000004 -0.7657325092434721 -0.6872028657446765
53705 10603290 -1.265625213742578 -0.0016800298711131811 0.32766 -0.7657325092434721 -0.6872028657446765
53706 10603290 -1.2041734734178735 -0.0039001717265152724 0.32004000000000005 -0.7657325092434721 -0.6872028657446765
53707 10603290 -1.1556386072238574 -0.004875027368865664 0.32004000000000005 -0.7657325092434721 -0.6872028657446765
53708 10603290 -1.1071037410298412 -0.005849883011216056 0.32004000000000005 -0.7657325092434721 -0.6872028657446765
53709 10603290 -1.0666590009558434 -0.0065738464922225626 0.31623 -0.7657325092434721 -0.6872028657446765
53710 10603290 -1.0262142608818456 -0.007297809973229069 0.31242000000000003 -0.7657325092434721 -0.6872028657446765
53711 10603290 -0.9737364803512365 -0.004361795962174259 0.3048 -0.7657325092434721 -0.6872028657446765
53712 10603290 -0.9381350430922138 -0.0033261706243455647 0.3048 -0.7657325092434721 -0.6872028657446765
53713 10603290 -0.9025336058331912 -0.0022905452865168707 0.3048 -0.7657325092434721 -0.6872028657446765
53714 10603290 -0.8404268915368258 -0.0025020787604394246 0.29718 -0.7657325092434721 -0.6872028657446765
53715 10603290 -0.8048601681352184 -0.0015713366274713036 0.29337 -0.7657325092434721 -0.6872028657446765
53716 10603290 -0.769293444733611 -0.0006405944945031827 0.28956 -0.7657325092434721 -0.6872028657446765
53717 10603290 -0.706774609475812 -0.0012194785974520006 0.28956 -0.7657325092434721 -0.6872028657446765
53718 10603290 -0.6717999341083619 -0.0015549925089005656 0.28575 -0.7657325092434721 -0.6872028657446765
53719 10603290 -0.6368252587409118 -0.0018905064203491306 0.28194 -0.7657325092434721 -0.6872028657446765
53720 10603290 -0.5930197396097797 -0.0010235777491249265 0.28194 -0.7657325092434721 -0.6872028657446765
53721 10603290 -0.5492142204786477 -0.00015664907790072236 0.28194 -0.7657325092434721 -0.6872028657446765
53722 10603290 -0.4974967456807091 0.0004607361878011529 0.27432 -0.7657325092434721 -0.6872028657446765
53723 10603290 -0.4540927019520745 0.0014596847859116024 0.27432 -0.7657325092434721 -0.6872028657446765
53724 10603290 -0.4106886582234399 0.002458633384022052 0.27432 -0.7657325092434721 -0.6872028657446765
53725 10603290 -0.36337610521110586 0.001829894477796079 0.27051000000000003 -0.7657325092434721 -0.6872028657446765
53726 10603290 -0.3160635521987718 0.001201155571570106 0.2667 -0.7657325092434721 -0.6872028657446765
53727 10603290 -0.27387630925708695 0.0011968736801552526 0.2667 -0.7657325092434721 -0.6872028657446765
53728 10603290 -0.2316890663154021 0.0011925917887403992 0.2667 -0.7657325092434721 -0.6872028657446765
53729 10603290 -0.1966287552265884 0.001123302976071966 0.2667 -0.7657325092434721 -0.6872028657446765
53730 10603290 -0.1615684441377747 0.0010540141634035327 0.2667 -0.7657325092434721 -0.6872028657446765
53731 10603290 -0.09946347813467193 0.0008489628661832171 0.25908000000000003 -0.7657325092434721 -0.6872028657446765
53732 10603290 -0.06959747226097074 0.0011929055357610407 0.25908000000000003 -0.7657325092434721 -0.6872028657446765
53733 10603290 -0.03973146638726954 0.0015368482053388643 0.25908000000000003 -0.7657325092434721 -0.6872028657446765
53734 10603290 0.011881464047518109 0.0018412803041982229 0.25146 -0.7657325092434721 -0.6872028657446765
53735 10603290 0.054892375022892015 0.00028431708272075307 0.25146 -0.7657325092434721 -0.6872028657446765
53736 10603290 0.09312307740296566 0.00040685894471653716 0.24765 -0.7657325092434721 -0.6872028657446765
53737 10603290 0.1313537797830393 0.0005294008067123213 0.24384 -0.7657325092434721 -0.6872028657446765
53738 10603290 0.19349256554322158 0.0004324678071445931 0.24384 -0.7657325092434721 -0.6872028657446765
53739 10603290 0.2371931621495491 0.0009877156800849884 0.23621999999999999 -0.7657325092434721 -0.6872028657446765
53740 10603290 0.2666748212925777 0.0015169117421056921 0.23621999999999999 -0.7657325092434721 -0.6872028657446765
53741 10603290 0.3032519581034078 0.0020175707815920734 0.23621999999999999 -0.7657325092434721 -0.6872028657446765
53742 10603290 0.33982909491423796 0.0025182298210784547 0.23621999999999999 -0.7657325092434721 -0.6872028657446765
53743 10603290 0.3764062317250681 0.0030188888605648364 0.23621999999999999 -0.7657325092434721 -0.6872028657446765
53744 10603290 0.41298336853589823 0.0035195479000512176 0.23621999999999999 -0.7657325092434721 -0.6872028657446765
53745 10603290 0.44956050534672837 0.004020206939537599 0.23621999999999999 -0.7657325092434721 -0.6872028657446765
53746 10603290 0.4846199062258708 0.003954282583428628 0.23621999999999999 -0.7657325092434721 -0.6872028657446765
53747 10603290 0.5196793071050133 0.0038883582273196576 0.23621999999999999 -0.7657325092434721 -0.6872028657446765
53748 10603290 0.5464759317121065 0.0027257864151226524 0.23621999999999999 -0.7657325092434721 -0.6872028657446765
53749 10603290 0.5802775000236791 0.0025264098097854356 0.23621999999999999 -0.7657325092434721 -0.6872028657446765
53750 10603290 0.6140790683352516 0.0023270332044482193 0.23621999999999999 -0.7657325092434721 -0.6872028657446765
53751 10603290 0.6478806366468242 0.0021276565991110025 0.23621999999999999 -0.7657325092434721 -0.6872028657446765
53752 10603290 0.6816822049583967 0.0019282799937737857 0.23621999999999999 -0.7657325092434721 -0.6872028657446765
53753 10603290 0.7154837732699693 0.001728903388436569 0.23621999999999999 -0.7657325092434721 -0.6872028657446765
53754 10603290 0.7492853415815418 0.0015295267830993525 0.23621999999999999 -0.7657325092434721 -0.6872028657446765
53755 10603290 0.7722300622997971 0.0016263576532515936 0.23621999999999999 -0.7657325092434721 -0.6872028657446765
53756 10603290 0.7951747830180524 0.0017231885234038347 0.23621999999999999 -0.7657325092434721 -0.6872028657446765
53757 10603290 0.833369936423934 0.0017440556841972071 0.23621999999999999 -0.7657325092434721 -0.6872028657446765
53758 10603290 0.8548575532661724 0.0009152859393139826 0.23621999999999999 -0.7657325092434721 -0.6872028657446765
53759 10603290 0.8763451701084108 8.651619443075798e-05 0.23621999999999999 -0.7657325092434721 -0.6872028657446765
53760 10603290 0.9093243704482037 0.0018119338684299963 0.23621999999999999 0.0 0.0
53761 10603290 0.9318322231701895 0.0007084653704687305 0.23621999999999999 0.0 0.0
53762 10603290 0.9543400758921754 -0.0003950031274925353 0.23621999999999999 0.0 0.0
53763 10603290 0.9869961585474338 -0.0010170403970458514 0.23621999999999999 0.0 0.0
53764 10603290 1.0042342792256074 -0.0008075157968061297 0.23621999999999999 0.0 0.0
53765 10603290 1.021472399903781 -0.0005979911965664081 0.23621999999999999 0.0 0.0
53766 10603290 1.0387105205819545 -0.00038846659632668645 0.23621999999999999 0.0 0.0
53767 10603290 1.059011581960141 -0.0007706062128916835 0.23621999999999999 0.0 0.0
53768 10603290 1.079312643338327 -0.0011527458294566806 0.23621999999999999 0.0 0.0
53769 10603290 1.1040131790086711 0.0010584005887293996 0.23621999999999999 0.0 0.0
53770 10603290 1.117571726347405 0.0004257896955510779 0.23621999999999999 0.0 0.0
53771 10603290 1.1311302736861388 -0.00020682119762724382 0.23621999999999999 0.0 0.0
53772 10603290 1.1581001185131452 0.0007958365055120986 0.23621999999999999 0.0 0.0
