38640 11084829 1.2410327782793533 0.0032018911499418004 0.36576 2.0566212421265475 0.06844913464651936
38641 11084829 1.2253176784115436 0.0026695795273661838 0.36576 2.0566212421265475 0.06844913464651936
38642 11084829 1.2059743492242392 0.0032641748887089136 0.36576 2.0566212421265475 0.06844913464651936
38643 11084829 1.186631020036935 0.0038587702500516435 0.36576 2.0566212421265475 0.06844913464651936
38644 11084829 1.1620937209750908 0.004865149297143809 0.36576 2.0566212421265475 0.06844913464651936
38645 11084829 1.1143573359713594 0.0028193923445735958 0.36576 2.0566212421265475 0.06844913464651936
38646 11084829 1.0692821757837274 0.0021241642108263403 0.36576 2.0566212421265475 0.06844913464651936
38647 11084829 1.039480807936519 0.0021053418613918226 0.36576 2.0566212421265475 0.06844913464651936
38648 11084829 1.0096794400893105 0.002086519511957305 0.36576 2.0566212421265475 0.06844913464651936
38649 11084829 0.9766771686380055 1.774348511408841e-05 0.36576 2.0566212421265475 0.06844913464651936
38650 11084829 0.9587661043540396 -0.0004391073058575487 0.36576 2.0566212421265475 0.06844913464651936
38651 11084829 0.9408550400700739 -0.0008959580968291858 0.36576 2.0566212421265475 0.06844913464651936
38652 11084829 0.8617803664780256 -0.002631702043387543 0.36576 2.0566212421265475 0.06844913464651936
38653 11084829 0.832899601021045 -0.0018698658777083661 0.36576 2.0566212421265475 0.06844913464651936
38654 11084829 0.8040188355640643 -0.001108029712029189 0.36576 2.0566212421265475 0.06844913464651936
38655 11084829 0.779099522571294 -0.0005889296619630453 0.36576 2.0566212421265475 0.06844913464651936
38656 11084829 0.7541802095785237 -6.982961189690162e-05 0.36576 2.0566212421265475 0.06844913464651936
38657 11084829 0.7147721240533857 0.002993038537364018 0.36576 2.0566212421265475 0.06844913464651936
38658 11084829 0.6550890515690694 0.003802178026363588 0.36576 2.0566212421265475 0.06844913464651936
38659 11084829 0.5957036108826559 0.00416399346312224 0.36576 2.0566212421265475 0.06844913464651936
38660 11084829 0.5702426624656376 0.005065223991654884 0.36576 2.0566212421265475 0.06844913464651936
38661 11084829 0.5447817140486193 0.005966454520187528 0.36576 2.0566212421265475 0.06844913464651936
38662 11084829 0.48422686959885636 0.006828134806984257 0.36576 2.0566212421265475 0.06844913464651936
38663 11084829 0.4226152977988973 0.005815817451455166 0.39624000000000004 2.0566212421265475 0.06844913464651936
38664 11084829 0.3902908128852999 0.00609822550401426 0.39624000000000004 2.0566212421265475 0.06844913464651936
38665 11084829 0.35827487964650395 0.005286965962553153 0.39624000000000004 2.0566212421265475 0.06844913464651936
38666 11084829 0.32625894640770803 0.004475706421092046 0.39624000000000004 2.0566212421265475 0.06844913464651936
38667 11084829 0.26186019811040473 0.0030903825775531746 0.39624000000000004 2.0566212421265475 0.06844913464651936
38668 11084829 0.22539618395657143 0.003616540877506645 0.39624000000000004 2.0566212421265475 0.06844913464651936
38669 11084829 0.18893216980273814 0.004142699177460116 0.39624000000000004 2.0566212421265475 0.06844913464651936
38670 11084829 0.12682790884892636 0.004345194151157833 0.39624000000000004 2.0566212421265475 0.06844913464651936
38671 11084829 0.08583217185111014 0.002556031958010574 0.39624000000000004 2.0566212421265475 0.06844913464651936
38672 11084829 0.05087124188711967 0.004285689396050035 0.39624000000000004 2.0566212421265475 0.06844913464651936
38673 11084829 0.011881464047518109 0.0018412803041982229 0.39624000000000004 2.0566212421265475 0.06844913464651936
38674 11084829 -0.009423409327648902 0.0025543227485755743 0.41148000000000007 2.0566212421265475 0.06844913464651936
38675 11084829 -0.030728282702815912 0.0032673651929529257 0.42672000000000004 2.0566212421265475 0.06844913464651936
38676 11084829 -0.11054179854429758 -0.000436855989102064 0.42672000000000004 2.0566212421265475 0.06844913464651936
38677 11084829 -0.15916113198384263 0.0002671335363436944 0.42672000000000004 2.0566212421265475 0.06844913464651936
38678 11084829 -0.2005586095838856 -0.00138923052470033 0.42672000000000004 2.0566212421265475 0.06844913464651936
38679 11084829 -0.23903288792721566 -0.0038840899912022386 0.42672000000000004 2.0566212421265475 0.06844913464651936
38680 11084829 -0.2768741396355212 -0.0038985571991557444 0.45720000000000005 2.0566212421265475 0.06844913464651936
38681 11084829 -0.3024295477576893 -0.004978914302073437 0.45720000000000005 2.0566212421265475 0.06844913464651936
38682 11084829 -0.32798495587985743 -0.006059271404991129 0.45720000000000005 2.0566212421265475 0.06844913464651936
38683 11084829 -0.35731308919991395 -0.007132921533814632 0.45720000000000005 2.0566212421265475 0.06844913464651936
38684 11084829 -0.38664122251997046 -0.008206571662638135 0.45720000000000005 2.0566212421265475 0.06844913464651936
38685 11084829 -0.44293486839625495 -0.009782182092352681 0.45720000000000005 2.0566212421265475 0.06844913464651936
38686 11084829 -0.5078886507464315 -0.013666927870740947 0.45720000000000005 2.0566212421265475 0.06844913464651936
38687 11084829 -0.5464782692120465 -0.0162394447357265 0.48768 2.0566212421265475 0.06844913464651936
38688 11084829 -0.565559630435235 -0.01619339138681536 0.48768 2.0566212421265475 0.06844913464651936
38689 11084829 -0.5846409916584236 -0.01614733803790422 0.48768 2.0566212421265475 0.06844913464651936
38690 11084829 -0.6513976110318653 -0.022011847366255582 0.48768 2.0566212421265475 0.06844913464651936
38691 11084829 -0.6903542280707322 -0.024346858550315292 0.48768 2.0566212421265475 0.06844913464651936
38692 11084829 -0.71443001517196 -0.02644513145762009 0.48768 2.0566212421265475 0.06844913464651936
38693 11084829 -0.7385058022731879 -0.02854340436492489 0.48768 2.0566212421265475 0.06844913464651936
38694 11084829 -0.7625815893744157 -0.03064167727222969 0.48768 2.0566212421265475 0.06844913464651936
38695 11084829 -0.8285364524679659 -0.03676686785933342 0.5181600000000001 2.0566212421265475 0.06844913464651936
38696 11084829 -0.8861090823275852 -0.0430619643783057 0.5181600000000001 2.0566212421265475 0.06844913464651936
38697 11084829 -0.9115067081342197 -0.04603213688874008 0.5181600000000001 2.0566212421265475 0.06844913464651936
38698 11084829 -0.9369043339408543 -0.049002309399174465 0.5181600000000001 2.0566212421265475 0.06844913464651936
38699 11084829 -0.9956119927245994 -0.054691853114588046 0.5181600000000001 2.0566212421265475 0.06844913464651936
38700 11084829 -1.02554404979445 -0.05930431518845747 0.5181600000000001 2.0566212421265475 0.06844913464651936
38701 11084829 -1.0554761068643006 -0.06391677726232689 0.5181600000000001 2.0566212421265475 0.06844913464651936
38702 11084829 -1.1260958420250626 -0.07207775821522891 0.5181600000000001 2.0566212421265475 0.06844913464651936
38703 11084829 -1.1459370878046162 -0.07435223511710057 0.5181600000000001 2.0566212421265475 0.06844913464651936
38704 11084829 -1.1657783335841698 -0.07662671201897223 0.5181600000000001 2.0566212421265475 0.06844913464651936
38705 11084829 -1.2250054743123844 -0.08471513197753686 0.5181600000000001 2.0566212421265475 0.06844913464651936
38706 11084829 -1.2848178554673637 -0.09296229543685955 0.5181600000000001 2.0566212421265475 0.06844913464651936
38707 11084829 -1.327249073904235 -0.09912347209204467 0.5181600000000001 2.0566212421265475 0.06844913464651936
38708 11084829 -1.3696802923411064 -0.10528464874722979 0.5181600000000001 2.0566212421265475 0.06844913464651936
38709 11084829 -1.4125992215271606 -0.11157810094554202 0.5181600000000001 2.0566212421265475 0.06844913464651936
38710 11084829 -1.4648460287763319 -0.12194775060279342 0.5181600000000001 2.0566212421265475 0.06844913464651936
38711 11084829 -1.507661696018541 -0.1279239899509467 0.54864 2.0566212421265475 0.06844913464651936
38712 11084829 -1.5483939080753122 -0.13703494051400852 0.54864 2.0566212421265475 0.06844913464651936
38713 11084829 -1.5891261201320834 -0.14614589107707035 0.54864 2.0566212421265475 0.06844913464651936
38714 11084829 -1.624133222229074 -0.152689232040819 0.54864 2.0566212421265475 0.06844913464651936
38715 11084829 -1.6645765507958579 -0.15955746361000514 0.54864 2.0566212421265475 0.06844913464651936
38716 11084829 -1.6860891888718164 -0.16367919816029972 0.54864 2.0566212421265475 0.06844913464651936
38717 11084829 -1.7076018269477748 -0.1678009327105943 0.54864 2.0566212421265475 0.06844913464651936
38718 11084829 -1.7734216201958641 -0.1827258129334676 0.54864 2.0566212421265475 0.06844913464651936
38719 11084829 -1.841935572352402 -0.19665218338733706 0.54864 2.0566212421265475 0.06844913464651936
38720 11084829 -1.8827033799959614 -0.20586690563101565 0.57912 2.0566212421265475 0.06844913464651936
38721 11084829 -1.9210984699462583 -0.21597442664879632 0.57912 2.0566212421265475 0.06844913464651936
38722 11084829 -1.9567624987272756 -0.22452152546787787 0.57912 2.0566212421265475 0.06844913464651936
38723 11084829 -1.9758911223149582 -0.22936399787295045 0.57912 2.0566212421265475 0.06844913464651936
38724 11084829 -1.9950197459026409 -0.23420647027802302 0.57912 2.0566212421265475 0.06844913464651936
38725 11084829 -2.077095944302325 -0.2529248811684278 0.57912 2.0566212421265475 0.06844913464651936
38726 11084829 -2.1237711831829067 -0.2625428197292262 0.57912 2.0566212421265475 0.06844913464651936
38727 11084829 -2.153711442414113 -0.26954395938205705 0.59436 2.0566212421265475 0.06844913464651936
38728 11084829 -2.183651701645319 -0.2765450990348879 0.6096 2.0566212421265475 0.06844913464651936
38729 11084829 -2.2286145202783136 -0.287511281365813 0.6096 2.0566212421265475 0.06844913464651936
38730 11084829 -2.2735773389113083 -0.2984774636967381 0.6096 2.0566212421265475 0.06844913464651936
38731 11084829 -2.312123098315741 -0.3087677436849272 0.6096 2.0566212421265475 0.06844913464651936
38732 11084829 -2.351509714576774 -0.31714689434169696 0.6248400000000001 2.0566212421265475 0.06844913464651936
38733 11084829 -2.3908963308378066 -0.3255260449984667 0.6400800000000001 2.0566212421265475 0.06844913464651936
38734 11084829 -2.4355238421154937 -0.3383828538020608 0.6400800000000001 2.0566212421265475 0.06844913464651936
38735 11084829 -2.455729567405045 -0.3417619175809401 0.6400800000000001 2.0566212421265475 0.06844913464651936
38736 11084829 -2.4759352926945963 -0.3451409813598194 0.6400800000000001 2.0566212421265475 0.06844913464651936
38737 11084829 -2.5120052586690935 -0.35600678018112664 0.6400800000000001 2.0566212421265475 0.06844913464651936
38738 11084829 -2.5495971013097725 -0.3639208028571954 0.6400800000000001 2.0566212421265475 0.06844913464651936
38739 11084829 -2.6172226640898772 -0.3791835016252648 0.6400800000000001 2.0566212421265475 0.06844913464651936
38740 11084829 -2.644134349655584 -0.386765048950908 0.6553200000000001 2.0566212421265475 0.06844913464651936
38741 11084829 -2.671046035221291 -0.3943465962765513 0.67056 2.0566212421265475 0.06844913464651936
38742 11084829 -2.730260486057448 -0.40996538904380364 0.67056 2.0566212421265475 0.06844913464651936
38743 11084829 -2.7655370097172725 -0.4184024432161747 0.67056 2.0566212421265475 0.06844913464651936
38744 11084829 -2.7987617158887046 -0.42762761290366413 0.67056 2.0566212421265475 0.06844913464651936
38745 11084829 -2.834351308549529 -0.4386493643617556 0.67056 2.0566212421265475 0.06844913464651936
38746 11084829 -2.847779225257377 -0.4416748981886247 0.6858000000000001 2.0566212421265475 0.06844913464651936
38747 11084829 -2.8612071419652247 -0.4447004320154938 0.7010400000000001 2.0566212421265475 0.06844913464651936
38748 11084829 -2.8943549479007222 -0.4564041511491307 0.7010400000000001 2.0566212421265475 0.06844913464651936
38749 11084829 -2.9660133843264633 -0.47583624716927486 0.7010400000000001 2.0566212421265475 0.06844913464651936
38750 11084829 -2.987948437394943 -0.4811019234376025 0.7010400000000001 2.0566212421265475 0.06844913464651936
38751 11084829 -3.009883490463423 -0.48636759970593013 0.7010400000000001 2.0566212421265475 0.06844913464651936
38752 11084829 -3.0647216371934145 -0.4997357844739466 0.7010400000000001 2.0566212421265475 0.06844913464651936
38753 11084829 -3.1003878710412858 -0.5093584614163347 0.7010400000000001 2.0566212421265475 0.06844913464651936
38754 11084829 -3.1360541048891566 -0.5189811383587226 0.7010400000000001 2.0566212421265475 0.06844913464651936
38755 11084829 -3.188147088746854 -0.5331886114223284 0.7010400000000001 2.0566212421265475 0.06844913464651936
38756 11084829 -3.226696124912525 -0.5434740205613603 0.7010400000000001 2.0566212421265475 0.06844913464651936
38757 11084829 -3.2576605276209114 -0.55080822517575 0.7086600000000001 2.0566212421265475 0.06844913464651936
38758 11084829 -3.2886249303292976 -0.5581424297901397 0.71628 2.0566212421265475 0.06844913464651936
38759 11084829 -3.3295447245130982 -0.5654897411332767 0.7239 2.0566212421265475 0.06844913464651936
38760 11084829 -3.370464518696899 -0.5728370524764136 0.73152 2.0566212421265475 0.06844913464651936
38761 11084829 -3.432055065985397 -0.5737105277302764 0.73152 2.0566212421265475 0.06844913464651936
38762 11084829 -3.4482151129249985 -0.5736792521952976 0.73152 2.0566212421265475 0.06844913464651936
38763 11084829 -3.4643751598646 -0.5736479766603187 0.73152 2.0566212421265475 0.06844913464651936
38764 11084829 -3.54395363819122 -0.5599861366026323 0.73152 2.0566212421265475 0.06844913464651936
38765 11084829 -3.586887371226455 -0.5459325382650916 0.73152 2.0566212421265475 0.06844913464651936
38766 11084829 -3.6298211042616897 -0.5318789399275509 0.73152 2.0566212421265475 0.06844913464651936
38767 11084829 -3.6683556279131415 -0.5130719151941301 0.73152 2.0566212421265475 0.06844913464651936
38768 11084829 -3.7068901515645933 -0.4942648904607093 0.73152 2.0566212421265475 0.06844913464651936
38769 11084829 -3.7395920753699636 -0.47094018432941487 0.73152 2.0566212421265475 0.06844913464651936
38770 11084829 -3.7691467595270893 -0.44858704746889644 0.73152 2.0566212421265475 0.06844913464651936
38771 11084829 -3.798701443684215 -0.426233910608378 0.73152 2.0566212421265475 0.06844913464651936
38772 11084829 -3.8139866610868003 -0.4111810025049667 0.74676 2.0566212421265475 0.06844913464651936
38773 11084829 -3.8292718784893855 -0.3961280944015554 0.762 2.0566212421265475 0.06844913464651936
38774 11084829 -3.8918040532099347 -0.3306695272521737 0.762 2.0566212421265475 0.06844913464651936
38775 11084829 -3.9203675227302384 -0.30122012665397147 0.762 2.0566212421265475 0.06844913464651936
38776 11084829 -3.9401066539363816 -0.27901217353427926 0.762 2.0566212421265475 0.06844913464651936
38777 11084829 -3.9598457851425244 -0.25680422041458706 0.762 2.0566212421265475 0.06844913464651936
38778 11084829 -4.000439297495941 -0.21471037694252085 0.762 2.0566212421265475 0.06844913464651936
38779 11084829 -4.015561448119589 -0.1984832289389046 0.762 2.0566212421265475 0.06844913464651936
38780 11084829 -4.030683598743239 -0.18225608093528836 0.762 2.0566212421265475 0.06844913464651936
38781 11084829 -4.090334363698751 -0.11750432115867829 0.762 2.0566212421265475 0.06844913464651936
38782 11084829 -4.127143300765036 -0.08067976312218086 0.762 2.0566212421265475 0.06844913464651936
38783 11084829 -4.125811932920281 -0.07939986699986205 0.762 2.0566212421265475 0.06844913464651936
38784 11084829 -4.124480565075526 -0.07811997087754324 0.762 2.0566212421265475 0.06844913464651936
38785 11084829 -4.123149197230772 -0.07684007475522443 0.762 2.0566212421265475 0.06844913464651936
38786 11084829 -4.121817829386017 -0.07556017863290562 0.762 2.0566212421265475 0.06844913464651936
38787 11084829 -4.120486461541262 -0.07428028251058681 0.762 2.0566212421265475 0.06844913464651936
38788 11084829 -4.119155093696507 -0.073000386388268 0.762 2.0566212421265475 0.06844913464651936
38789 11084829 -4.117823725851752 -0.0717204902659492 0.762 2.0566212421265475 0.06844913464651936
38790 11084829 -4.1164923580069965 -0.0704405941436304 0.762 2.0566212421265475 0.06844913464651936
38791 11084829 -4.115160990162242 -0.06916069802131158 0.762 2.0566212421265475 0.06844913464651936
38792 11084829 -4.113829622317487 -0.06788080189899277 0.762 2.0566212421265475 0.06844913464651936
38793 11084829 -4.112498254472732 -0.06660090577667396 0.762 2.0566212421265475 0.06844913464651936
38794 11084829 -4.111166886627977 -0.06532100965435515 0.762 2.0566212421265475 0.06844913464651936
38795 11084829 -4.109835518783222 -0.06404111353203634 0.762 2.0566212421265475 0.06844913464651936
38796 11084829 -4.108504150938468 -0.06276121740971753 0.762 2.0566212421265475 0.06844913464651936
38797 11084829 -4.107172783093713 -0.06148132128739872 0.762 2.0566212421265475 0.06844913464651936
38798 11084829 -4.105841415248958 -0.06020142516507991 0.762 2.0566212421265475 0.06844913464651936
38799 11084829 -4.104510047404203 -0.0589215290427611 0.762 2.0566212421265475 0.06844913464651936
38800 11084829 -4.103178679559448 -0.0576416329204423 0.762 2.0566212421265475 0.06844913464651936
38801 11084829 -4.101847311714693 -0.056361736798123487 0.762 2.0566212421265475 0.06844913464651936
38802 11084829 -4.100515943869938 -0.055081840675804676 0.762 2.0566212421265475 0.06844913464651936
38803 11084829 -4.099184576025183 -0.05380194455348587 0.762 2.0566212421265475 0.06844913464651936
38804 11084829 -4.097853208180428 -0.05252204843116706 0.762 2.0566212421265475 0.06844913464651936
38805 11084829 -4.096521840335673 -0.05124215230884825 0.762 2.0566212421265475 0.06844913464651936
38806 11084829 -4.095190472490918 -0.04996225618652944 0.762 2.0566212421265475 0.06844913464651936
38807 11084829 -4.093859104646164 -0.04868236006421063 0.762 2.0566212421265475 0.06844913464651936
38808 11084829 -4.092527736801409 -0.04740246394189182 0.762 2.0566212421265475 0.06844913464651936
38809 11084829 -4.091196368956654 -0.04612256781957301 0.762 2.0566212421265475 0.06844913464651936
38810 11084829 -4.089865001111899 -0.0448426716972542 0.762 2.0566212421265475 0.06844913464651936
38811 11084829 -4.088533633267144 -0.043562775574935396 0.762 2.0566212421265475 0.06844913464651936
38812 11084829 -4.087202265422389 -0.042282879452616585 0.762 2.0566212421265475 0.06844913464651936
38813 11084829 -4.085870897577634 -0.041002983330297775 0.762 2.0566212421265475 0.06844913464651936
38814 11084829 -4.084539529732879 -0.039723087207978965 0.762 2.0566212421265475 0.06844913464651936
38815 11084829 -4.083208161888124 -0.038443191085660154 0.762 2.0566212421265475 0.06844913464651936
38816 11084829 -4.081876794043369 -0.037163294963341344 0.762 2.0566212421265475 0.06844913464651936
38817 11084829 -4.080545426198615 -0.03588339884102253 0.762 2.0566212421265475 0.06844913464651936
38818 11084829 -4.07921405835386 -0.03460350271870373 0.762 2.0566212421265475 0.06844913464651936
38819 11084829 -4.077882690509105 -0.03332360659638492 0.762 2.0566212421265475 0.06844913464651936
38820 11084829 -4.07655132266435 -0.03204371047406611 0.762 2.0566212421265475 0.06844913464651936
38821 11084829 -4.075219954819595 -0.0307638143517473 0.762 2.0566212421265475 0.06844913464651936
38822 11084829 -4.07388858697484 -0.029483918229428488 0.762 2.0566212421265475 0.06844913464651936
38823 11084829 -4.072557219130085 -0.028204022107109677 0.762 2.0566212421265475 0.06844913464651936
38824 11084829 -4.07122585128533 -0.026924125984790874 0.762 2.0566212421265475 0.06844913464651936
38825 11084829 -4.069894483440575 -0.025644229862472064 0.762 2.0566212421265475 0.06844913464651936
38826 11084829 -4.06856311559582 -0.024364333740153253 0.762 2.0566212421265475 0.06844913464651936
38827 11084829 -4.067231747751065 -0.023084437617834443 0.762 2.0566212421265475 0.06844913464651936
38828 11084829 -4.065900379906311 -0.021804541495515632 0.762 2.0566212421265475 0.06844913464651936
38829 11084829 -4.064569012061556 -0.020524645373196822 0.762 2.0566212421265475 0.06844913464651936
38830 11084829 -4.063237644216801 -0.019244749250878018 0.762 2.0566212421265475 0.06844913464651936
38831 11084829 -4.061906276372046 -0.017964853128559208 0.762 2.0566212421265475 0.06844913464651936
38832 11084829 -4.060574908527291 -0.016684957006240397 0.762 2.0566212421265475 0.06844913464651936
38833 11084829 -4.0592435406825365 -0.015405060883921587 0.762 2.0566212421265475 0.06844913464651936
38834 11084829 -4.057912172837781 -0.014125164761602776 0.762 2.0566212421265475 0.06844913464651936
38835 11084829 -4.056580804993026 -0.012845268639283966 0.762 2.0566212421265475 0.06844913464651936
38836 11084829 -4.055249437148271 -0.011565372516965156 0.762 2.0566212421265475 0.06844913464651936
38837 11084829 -4.053918069303516 -0.010285476394646345 0.762 2.0566212421265475 0.06844913464651936
38838 11084829 -4.052586701458761 -0.009005580272327535 0.762 2.0566212421265475 0.06844913464651936
38839 11084829 -4.051255333614007 -0.007725684150008724 0.762 2.0566212421265475 0.06844913464651936
38840 11084829 -4.049923965769252 -0.006445788027689928 0.762 2.0566212421265475 0.06844913464651936
38841 11084829 -4.048592597924497 -0.005165891905371117 0.762 2.0566212421265475 0.06844913464651936
38842 11084829 -4.047261230079742 -0.0038859957830523068 0.762 2.0566212421265475 0.06844913464651936
