38925 11217673 1.3009950771921321 0.0018972716618279525 0.33528 0.0 0.0
38926 11217673 1.2609073198634588 0.00015577123461628373 0.33528 0.0 0.0
38927 11217673 1.2350158820699346 -0.00026488460551668536 0.33528 0.0 0.0
38928 11217673 1.2091244442764104 -0.0006855404456496544 0.33528 0.0 0.0
38929 11217673 1.180509951499527 -0.00309808485883524 0.33528 0.0 0.0
38930 11217673 1.1518954587226438 -0.0055106292720208255 0.33528 0.0 0.0
38931 11217673 1.1232809659457603 -0.007923173685206411 0.33528 0.0 0.0
38932 11217673 1.0931702722243775 -0.00766597961304355 0.33528 0.0 0.0
38933 11217673 1.0707087604747163 -0.006081547924741963 0.33528 0.0 0.0
38934 11217673 1.0482472487250551 -0.004497116236440377 0.33528 0.0 0.0
38935 11217673 0.9998948938668885 -0.002310499064242591 0.33528 0.0 0.0
38936 11217673 0.9661980019898758 -0.0030617797674359257 0.33528 0.0 0.0
38937 11217673 0.9325011101128633 -0.0038130604706292604 0.33528 0.0 0.0
38938 11217673 0.8988042182358507 -0.004564341173822595 0.33528 0.0 0.0
38939 11217673 0.8724956527405693 -0.002861451283335849 0.33528 0.0 0.0
38940 11217673 0.8461870872452879 -0.0011585613928491029 0.33528 0.0 0.0
38941 11217673 0.8018240619122646 0.00019332605805501973 0.35052 0.0 0.0
38942 11217673 0.7574610365792414 0.0015452135089591423 0.36576 0.0 0.0
38943 11217673 0.7155928689182391 -0.0026491930500614214 0.36576 0.0 0.0
38944 11217673 0.680598133346392 -0.0010281991602683893 0.36576 0.0 0.0
38945 11217673 0.6467289057010212 0.002678570251195403 0.36576 0.0 0.0
38946 11217673 0.6145081517478743 0.0032766286543974565 0.36576 0.0 0.0
38947 11217673 0.5699114083979794 -2.5422061955771014e-05 0.36576 0.0 0.0
38948 11217673 0.5334205771757659 -0.0043403473437932105 0.36576 0.0 0.0
38949 11217673 0.49692974595355244 -0.00865527262563065 0.36576 0.0 0.0
38950 11217673 0.45672340475357576 -0.006673648075391322 0.36576 0.0 0.0
38951 11217673 0.416517063553599 -0.004692023525151995 0.36576 0.0 0.0
38952 11217673 0.37952942715340066 -0.006448911976792801 0.36576 0.0 0.0
38953 11217673 0.34254179075320235 -0.008205800428433607 0.36576 0.0 0.0
38954 11217673 0.3234610847889304 -0.008162136289084895 0.381 0.0 0.0
38955 11217673 0.3043803788246584 -0.008118472149736183 0.39624000000000004 0.0 0.0
38956 11217673 0.22584431302317154 -0.007920909224988476 0.39624000000000004 0.0 0.0
38957 11217673 0.18891189879286552 -0.005430754031275242 0.39624000000000004 0.0 0.0
38958 11217673 0.14685569119739494 -0.013182386118232761 0.39624000000000004 0.0 0.0
38959 11217673 0.10479948360192437 -0.02093401820519028 0.39624000000000004 0.0 0.0
38960 11217673 0.06380359147091841 -0.02272305757011847 0.39624000000000004 0.0 0.0
38961 11217673 0.029353627188932252 -0.02010878718262958 0.39624000000000004 0.0 0.0
38962 11217673 -0.005096337093053904 -0.01749451679514069 0.39624000000000004 0.0 0.0
38963 11217673 -0.047149142014676015 -0.021157311743835033 0.39624000000000004 0.0 0.0
38964 11217673 -0.091346154696896 -0.024586361119327854 0.39624000000000004 0.0 0.0
38965 11217673 -0.12979707946452357 -0.02673892476873571 0.39624000000000004 0.0 0.0
38966 11217673 -0.1680972605490132 -0.027071274427457687 0.42672000000000004 0.0 0.0
38967 11217673 -0.20935686937412945 -0.028305376972992097 0.42672000000000004 0.0 0.0
38968 11217673 -0.25059889595041385 -0.03491918252252671 0.42672000000000004 0.0 0.0
38969 11217673 -0.29184092252669824 -0.04153298807206132 0.42672000000000004 0.0 0.0
38970 11217673 -0.33201795209399465 -0.043529166118430246 0.42672000000000004 0.0 0.0
38971 11217673 -0.37219498166129106 -0.04552534416479917 0.42672000000000004 0.0 0.0
38972 11217673 -0.41239819596726 -0.04488392569547947 0.42672000000000004 0.0 0.0
38973 11217673 -0.4477868098984994 -0.04581623883425903 0.42672000000000004 0.0 0.0
38974 11217673 -0.4672649922095897 -0.04698430421516411 0.44196 0.0 0.0
38975 11217673 -0.48674317452068006 -0.048152369596069194 0.45720000000000005 0.0 0.0
38976 11217673 -0.5645783554564912 -0.055302922634178714 0.45720000000000005 0.0 0.0
38977 11217673 -0.6089100034320942 -0.0659288349748682 0.45720000000000005 0.0 0.0
38978 11217673 -0.6463828606980209 -0.06372536742878451 0.45720000000000005 0.0 0.0
38979 11217673 -0.685840180755186 -0.06577974068264424 0.45720000000000005 0.0 0.0
38980 11217673 -0.7252975008123513 -0.06783411393650397 0.45720000000000005 0.0 0.0
38981 11217673 -0.7647548208695165 -0.0698884871903637 0.45720000000000005 0.0 0.0
38982 11217673 -0.8076376574284734 -0.07608002366560271 0.45720000000000005 0.0 0.0
38983 11217673 -0.826932863229514 -0.0773654740466806 0.45720000000000005 0.0 0.0
38984 11217673 -0.8462280690305546 -0.07865092442775848 0.45720000000000005 0.0 0.0
38985 11217673 -0.9254239071072867 -0.08044610805611122 0.45720000000000005 0.0 0.0
38986 11217673 -0.9437118842908505 -0.07797138583055038 0.47244 0.0 0.0
38987 11217673 -0.9619998614744143 -0.07549666360498955 0.48768 0.0 0.0
38988 11217673 -1.0005905420434866 -0.07806672662225159 0.48768 0.0 0.0
38989 11217673 -1.0391813014283822 -0.0806365806578824 0.48768 0.0 0.0
38990 11217673 -1.1163371437758616 -0.08298007071568372 0.48768 0.0 0.0
38991 11217673 -1.135592513346079 -0.08427780444482183 0.48768 0.0 0.0
38992 11217673 -1.154847882916296 -0.08557553817395994 0.48768 0.0 0.0
38993 11217673 -1.2347117994270722 -0.0891353745568442 0.48768 0.0 0.0
38994 11217673 -1.2537023600584853 -0.08935105796184392 0.48768 0.0 0.0
38995 11217673 -1.2726929206898985 -0.08956674136684364 0.48768 0.0 0.0
38996 11217673 -1.355365349170843 -0.1022549098244985 0.5181600000000001 0.0 0.0
38997 11217673 -1.3868764730937861 -0.08996332512018271 0.5181600000000001 0.0 0.0
38998 11217673 -1.4073642333336198 -0.09068210413034525 0.5181600000000001 0.0 0.0
38999 11217673 -1.4278519935734535 -0.09140088314050779 0.5181600000000001 0.0 0.0
39000 11217673 -1.4858252313271194 -0.09510717025924922 0.5181600000000001 0.0 0.0
39001 11217673 -1.5339343099269271 -0.09689825331872734 0.5181600000000001 0.0 0.0
39002 11217673 -1.582043388526735 -0.09868933637820546 0.5181600000000001 0.0 0.0
39003 11217673 -1.6204216428292189 -0.09992375268766843 0.5181600000000001 0.0 0.0
39004 11217673 -1.6587998971317026 -0.1011581689971314 0.5181600000000001 0.0 0.0
39005 11217673 -1.6969431490589573 -0.10235224260091472 0.5334000000000001 0.0 0.0
39006 11217673 -1.735086400986212 -0.10354631620469804 0.54864 0.0 0.0
39007 11217673 -1.7763882786180731 -0.10896460583003173 0.54864 0.0 0.0
39008 11217673 -1.8176901562499344 -0.11438289545536542 0.54864 0.0 0.0
39009 11217673 -1.8461855093284048 -0.10237466076512539 0.54864 0.0 0.0
39010 11217673 -1.8839147266867233 -0.10230127762177013 0.54864 0.0 0.0
39011 11217673 -1.922286902564584 -0.1028352683649765 0.54864 0.0 0.0
39012 11217673 -1.9409896520883652 -0.10162451938021119 0.54864 0.0 0.0
39013 11217673 -1.9596924016121464 -0.10041377039544588 0.54864 0.0 0.0
39014 11217673 -1.9962954835545605 -0.09825457760989756 0.54864 0.0 0.0
39015 11217673 -2.0704256871539677 -0.09947539898924398 0.57912 0.0 0.0
39016 11217673 -2.108189738615441 -0.09950636885598188 0.57912 0.0 0.0
39017 11217673 -2.1389476528581346 -0.1025593822637047 0.57912 0.0 0.0
39018 11217673 -2.169705567100828 -0.10561239567142752 0.57912 0.0 0.0
39019 11217673 -2.2086870673677836 -0.10223583584522256 0.57912 0.0 0.0
39020 11217673 -2.2476685676347388 -0.09885927601901759 0.57912 0.0 0.0
39021 11217673 -2.2738656988133252 -0.09034686932209976 0.57912 0.0 0.0
39022 11217673 -2.3000628299919113 -0.08183446262518193 0.57912 0.0 0.0
39023 11217673 -2.3353745337109615 -0.06893761140901902 0.57912 0.0 0.0
39024 11217673 -2.3706862374300117 -0.056040760192856115 0.57912 0.0 0.0
39025 11217673 -2.4225922965420703 -0.029243015370315623 0.57912 0.0 0.0
39026 11217673 -2.4432126427537844 -0.011220845975219856 0.57912 0.0 0.0
39027 11217673 -2.463832988965498 0.00680132341987591 0.57912 0.0 0.0
39028 11217673 -2.4857773259437703 0.039102732005194846 0.6096 0.0 0.0
39029 11217673 -2.5282717226764087 0.10850767901060929 0.6096 0.0 0.0
39030 11217673 -2.539714744788209 0.1468376080465725 0.6096 0.0 0.0
39031 11217673 -2.5469546419307174 0.16679156456566088 0.6096 0.0 0.0
39032 11217673 -2.554194539073226 0.18674552108474926 0.6096 0.0 0.0
39033 11217673 -2.5645708473466344 0.2704124228217265 0.6096 0.0 0.0
39034 11217673 -2.561269905090051 0.31443394243264966 0.6096 0.0 0.0
39035 11217673 -2.559743440797976 0.3516749804509979 0.6096 0.0 0.0
39036 11217673 -2.556496960651255 0.38195599827911003 0.6096 0.0 0.0
39037 11217673 -2.553250480504534 0.4122370161072222 0.6096 0.0 0.0
39038 11217673 -2.542329732265492 0.46244082250386154 0.6096 0.0 0.0
39039 11217673 -2.5314089840264495 0.5126446289005009 0.6096 0.0 0.0
39040 11217673 -2.5228341082283894 0.5554078031572007 0.6400800000000001 0.0 0.0
39041 11217673 -2.5137048558052304 0.583306178569868 0.6400800000000001 0.0 0.0
39042 11217673 -2.504575603382072 0.6112045539825351 0.6400800000000001 0.0 0.0
39043 11217673 -2.495446350958913 0.6391029293952024 0.6400800000000001 0.0 0.0
39044 11217673 -2.49438951366181 0.6762640320579842 0.6400800000000001 0.0 0.0
39045 11217673 -2.4684521875557985 0.7555263552911201 0.6400800000000001 0.0 0.0
39046 11217673 -2.4485698483539897 0.7989126038831519 0.6400800000000001 0.0 0.0
39047 11217673 -2.4306896838677203 0.8369949939554835 0.6400800000000001 0.0 0.0
39048 11217673 -2.412809519381451 0.8750773840278152 0.6400800000000001 0.0 0.0
39049 11217673 -2.40232113811946 0.8943714190687567 0.6553200000000001 0.0 0.0
39050 11217673 -2.391832756857469 0.9136654541096982 0.67056 0.0 0.0
39051 11217673 -2.3730659469184223 0.9547293573479113 0.67056 0.0 0.0
39052 11217673 -2.3580185566087835 0.9925702995794671 0.67056 0.0 0.0
39053 11217673 -2.3224192274000313 1.068787830193356 0.67056 0.0 0.0
39054 11217673 -2.3050805954533327 1.109559614453318 0.67056 0.0 0.0
39055 11217673 -2.287741963506634 1.1503313987132802 0.67056 0.0 0.0
39056 11217673 -2.2697764597734027 1.1882690779455147 0.67056 0.0 0.0
39057 11217673 -2.2518109560401713 1.2262067571777493 0.67056 0.0 0.0
39058 11217673 -2.2361811542784262 1.2653761249297188 0.6807200000000001 0.0 0.0
39059 11217673 -2.2205513525166816 1.3045454926816882 0.69088 0.0 0.0
39060 11217673 -2.2049215507549365 1.3437148604336577 0.7010400000000001 0.0 0.0
39061 11217673 -2.189218300969947 1.3835612651780673 0.7010400000000001 0.0 0.0
39062 11217673 -2.1726862262776248 1.4259407174039187 0.7010400000000001 0.0 0.0
39063 11217673 -2.1561541515853024 1.4683201696297703 0.7010400000000001 0.0 0.0
39064 11217673 -2.140485519030549 1.5080610702027726 0.7010400000000001 0.0 0.0
39065 11217673 -2.1313614845791937 1.527801608013867 0.7010400000000001 0.0 0.0
39066 11217673 -2.1222374501278383 1.5475421458249616 0.7010400000000001 0.0 0.0
39067 11217673 -2.108941117767997 1.588176166522853 0.7010400000000001 0.0 0.0
39068 11217673 -2.0935488649756078 1.627072767566537 0.7010400000000001 0.0 0.0
39069 11217673 -2.0781566121832187 1.6659693686102213 0.7010400000000001 0.0 0.0
39070 11217673 -2.062453575839796 1.7058158747836363 0.7010400000000001 0.0 0.0
39071 11217673 -2.044343850523866 1.7448748681937283 0.7010400000000001 0.0 0.0
39072 11217673 -2.031703762250946 1.7835036077852713 0.7010400000000001 0.0 0.0
39073 11217673 -1.9943347782738965 1.8640497220841217 0.73152 0.0 0.0
39074 11217673 -1.9864432300601618 1.8839598874068182 0.73152 0.0 0.0
39075 11217673 -1.978551681846427 1.9038700527295145 0.73152 0.0 0.0
39076 11217673 -1.9410682533569827 1.9844956010381123 0.73152 0.0 0.0
39077 11217673 -1.925400024832512 2.024236688678333 0.73152 0.0 0.0
39078 11217673 -1.9047459327445881 2.062930548728608 0.73152 0.0 0.0
39079 11217673 -1.8898375603547033 2.1003497211668756 0.73152 0.0 0.0
39080 11217673 -1.8691836006040552 2.1390436413582607 0.73152 0.0 0.0
39081 11217673 -1.8501819940002249 2.176759280258176 0.73152 0.0 0.0
39082 11217673 -1.8311803873963945 2.214474919158091 0.73152 0.0 0.0
39083 11217673 -1.821084661522099 2.232437018909711 0.74676 0.0 0.0
39084 11217673 -1.8109889356478035 2.250399118661331 0.762 0.0 0.0
39085 11217673 -1.771041892102949 2.3222733263779523 0.762 0.0 0.0
39086 11217673 -1.7484136258359708 2.358860771208745 0.762 0.0 0.0
39087 11217673 -1.7257853595689927 2.395448216039538 0.762 0.0 0.0
39088 11217673 -1.7017830906458637 2.4351498311446047 0.762 0.0 0.0
39089 11217673 -1.677424218751794 2.467256813062934 0.762 0.0 0.0
39090 11217673 -1.6464891473013734 2.5048069056703643 0.762 0.0 0.0
39091 11217673 -1.6211614260101708 2.541504358486507 0.762 0.0 0.0
39092 11217673 -1.596071696936597 2.57611812320431 0.77724 0.0 0.0
39093 11217673 -1.570981967863023 2.6107318879221126 0.7924800000000001 0.0 0.0
39094 11217673 -1.545016269841244 2.644766992255633 0.7924800000000001 0.0 0.0
39095 11217673 -1.519050571819465 2.6788020965891532 0.7924800000000001 0.0 0.0
39096 11217673 -1.4905812961646638 2.7120765536029623 0.7924800000000001 0.0 0.0
39097 11217673 -1.4621120205098628 2.7453510106167713 0.7924800000000001 0.0 0.0
39098 11217673 -1.435829245100986 2.7768287956253457 0.7924800000000001 0.0 0.0
39099 11217673 -1.405543904782838 2.8096844409981228 0.7924800000000001 0.0 0.0
39100 11217673 -1.3908541780052461 2.8260852179075955 0.7924800000000001 0.0 0.0
39101 11217673 -1.3761644512276543 2.842485994817068 0.7924800000000001 0.0 0.0
39102 11217673 -1.3463150494789826 2.8753675262853418 0.7924800000000001 0.0 0.0
39103 11217673 -1.2878120299022815 2.938834588104991 0.7924800000000001 0.0 0.0
39104 11217673 -1.2586426068141405 2.9693682046321306 0.7924800000000001 0.0 0.0
39105 11217673 -1.2280108390399025 3.0049150236933397 0.7924800000000001 0.0 0.0
39106 11217673 -1.1981160061662768 3.033867759666497 0.80772 0.0 0.0
39107 11217673 -1.168221173292651 3.0628204956396545 0.82296 0.0 0.0
39108 11217673 -1.136512635065869 3.0939257679377685 0.82296 0.0 0.0
39109 11217673 -1.1048040968390869 3.1250310402358825 0.82296 0.0 0.0
39110 11217673 -1.0750598523017578 3.1575969106820456 0.82296 0.0 0.0
39111 11217673 -1.0432070098456858 3.1898235380348723 0.82296 0.0 0.0
39112 11217673 -1.0128816140862762 3.220096276440671 0.82296 0.0 0.0
39113 11217673 -0.9825562183268668 3.2503690148464703 0.82296 0.0 0.0
39114 11217673 -0.9518686304700291 3.2817502118913042 0.82296 0.0 0.0
39115 11217673 -0.9211810426131914 3.3131314089361377 0.82296 0.0 0.0
39116 11217673 -0.8893981858531561 3.3451475433678315 0.82296 0.0 0.0
39117 11217673 -0.8618430221251334 3.378897255829804 0.82296 0.0 0.0
39118 11217673 -0.829636129914298 3.4111253091708584 0.82296 0.0 0.0
39119 11217673 -0.8152933135029734 3.426471638874198 0.8382000000000001 0.0 0.0
39120 11217673 -0.8009504970916488 3.441817968577537 0.8534400000000001 0.0 0.0
39121 11217673 -0.7659602077466177 3.4727851159694745 0.8534400000000001 0.0 0.0
39122 11217673 -0.7049083833600875 3.535654072428058 0.8534400000000001 0.0 0.0
39123 11217673 -0.687999410711764 3.550161093006661 0.8534400000000001 0.0 0.0
39124 11217673 -0.6710904380634404 3.5646681135852645 0.8534400000000001 0.0 0.0
39125 11217673 -0.6403926522860619 3.5920155301289256 0.8534400000000001 0.0 0.0
39126 11217673 -0.6050103303537298 3.6255421343210803 0.8534400000000001 0.0 0.0
39127 11217673 -0.5378368851566957 3.6816188951484135 0.88392 0.0 0.0
39128 11217673 -0.5051347988579151 3.7083109941362213 0.88392 0.0 0.0
39129 11217673 -0.4732083586206779 3.7380610272456205 0.88392 0.0 0.0
39130 11217673 -0.43974713637701845 3.7670754411822953 0.88392 0.0 0.0
39131 11217673 -0.4036649817578748 3.7932463999182997 0.88392 0.0 0.0
39132 11217673 -0.37333514333448536 3.820831559120999 0.88392 0.0 0.0
39133 11217673 -0.33904209102927896 3.851034663046051 0.88392 0.0 0.0
39134 11217673 -0.30474903872407255 3.8812377669711027 0.88392 0.0 0.0
39135 11217673 -0.270784257342084 3.910438385734813 0.88392 0.0 0.0
39136 11217673 -0.23814916223576366 3.939781915326077 0.88392 0.0 0.0
39137 11217673 -0.2055140671294433 3.9691254449173408 0.88392 0.0 0.0
39138 11217673 -0.171469690681886 3.998300259580373 0.88392 0.0 0.0
39139 11217673 -0.13879508235777516 4.027631082194802 0.88392 0.0 0.0
39140 11217673 -0.10612047403366431 4.0569619048092305 0.88392 0.0 0.0
39141 11217673 -0.08076796479701415 4.07679924048508 0.8991600000000001 0.0 0.0
39142 11217673 -0.05541545556036398 4.096636576160931 0.9144000000000001 0.0 0.0
39143 11217673 -0.0092550651103534 4.129881994318545 0.9144000000000001 0.0 0.0
39144 11217673 0.03690532533965718 4.16312741247616 0.9144000000000001 0.0 0.0
39145 11217673 0.07473667332641076 4.188143396680811 0.9144000000000001 0.0 0.0
39146 11217673 0.11207235422614592 4.211101676341155 0.9144000000000001 0.0 0.0
39147 11217673 0.150846389108499 4.238730549295136 0.9144000000000001 0.0 0.0
39148 11217673 0.1879288548996183 4.26118768016793 0.9144000000000001 0.0 0.0
39149 11217673 0.22637855070852364 4.2864692654229 0.9144000000000001 0.0 0.0
39150 11217673 0.26567255625230723 4.308904454149128 0.9144000000000001 0.0 0.0
39151 11217673 0.30322438984470845 4.331442129108523 0.9144000000000001 0.0 0.0
39152 11217673 0.34328121997001204 4.354854986745083 0.92964 0.0 0.0
39153 11217673 0.38333805009531563 4.378267844381643 0.9448799999999999 0.0 0.0
39154 11217673 0.4232950397759505 4.400019424479372 0.9448799999999999 0.0 0.0
39155 11217673 0.4615971971616275 4.427569893066906 0.9448799999999999 0.0 0.0
39156 11217673 0.500045288844498 4.452852867057422 0.9448799999999999 0.0 0.0
39157 11217673 0.5371146545179615 4.475549036676584 0.9448799999999999 0.0 0.0
39158 11217673 0.5781354294567941 4.501101053855116 0.9448799999999999 0.0 0.0
39159 11217673 0.6191562043956267 4.526653071033649 0.9448799999999999 0.0 0.0
39160 11217673 0.6591036661644303 4.551095788304112 0.9448799999999999 0.0 0.0
39161 11217673 0.6967568305998415 4.573952075684976 0.9448799999999999 0.0 0.0
39162 11217673 0.7374670246702908 4.599372511100933 0.9448799999999999 0.0 0.0
39163 11217673 0.7781772187407401 4.624792946516889 0.9448799999999999 0.0 0.0
39164 11217673 0.8158642215249248 4.647755379606091 0.9448799999999999 0.0 0.0
39165 11217673 0.8527491073312841 4.670980178877788 0.9448799999999999 0.0 0.0
39166 11217673 0.8822546373700862 4.688264057154294 0.96012 0.0 0.0
39167 11217673 0.9117601674088884 4.7055479354308005 0.97536 0.0 0.0
39168 11217673 0.9704043427339355 4.740352728979547 0.97536 0.0 0.0
39169 11217673 1.0103234109987884 4.762001877898228 0.97536 0.0 0.0
39170 11217673 1.0491214651509855 4.78565339214285 0.97536 0.0 0.0
39171 11217673 1.0879195193031825 4.809304906387473 0.97536 0.0 0.0
39172 11217673 1.1269883856113307 4.829713562534148 0.97536 0.0 0.0
39173 11217673 1.1679605652289533 4.851194311271409 0.97536 0.0 0.0
39174 11217673 1.2089327448465756 4.87267506000867 0.97536 0.0 0.0
39175 11217673 1.2510622015614132 4.89430347238324 0.97536 0.0 0.0
39176 11217673 1.2898886607190843 4.913974107143833 0.97536 0.0 0.0
39177 11217673 1.329184862978845 4.933724990801125 0.97536 0.0 0.0
39178 11217673 1.3484146722275598 4.9436788191227246 0.9906 0.0 0.0
39179 11217673 1.367644481476275 4.953632647444324 1.00584 0.0 0.0
39180 11217673 1.411751494854559 4.971811254583678 1.00584 0.0 0.0
39181 11217673 1.4953970571001693 5.012115801139232 1.00584 0.0 0.0
39182 11217673 1.536195516668153 5.028864578148063 1.00584 0.0 0.0
39183 11217673 1.5769939762361365 5.045613355156895 1.00584 0.0 0.0
39184 11217673 1.5766417374326893 5.04557910867062 1.0058303590068007 0.0 0.0
39185 11217673 1.576289498629242 5.045544862184345 1.0058207180136012 0.0 0.0
39186 11217673 1.5759372598257948 5.0455106156980705 1.0058110770204018 0.0 0.0
39187 11217673 1.5755850210223477 5.045476369211795 1.0058014360272023 0.0 0.0
39188 11217673 1.5752327822189003 5.04544212272552 1.005791795034003 0.0 0.0
39189 11217673 1.5748805434154531 5.045407876239245 1.0057821540408034 0.0 0.0
39190 11217673 1.574528304612006 5.04537362975297 1.005772513047604 0.0 0.0
39191 11217673 1.5741760658085588 5.045339383266695 1.0057628720544047 0.0 0.0
39192 11217673 1.5738238270051115 5.04530513678042 1.0057532310612052 0.0 0.0
39193 11217673 1.5734715882016643 5.0452708902941446 1.0057435900680058 0.0 0.0
39194 11217673 1.5731193493982172 5.04523664380787 1.0057339490748063 0.0 0.0
39195 11217673 1.5727671105947698 5.045202397321595 1.005724308081607 0.0 0.0
39196 11217673 1.5724148717913227 5.04516815083532 1.0057146670884074 0.0 0.0
39197 11217673 1.5720626329878755 5.045133904349044 1.005705026095208 0.0 0.0
39198 11217673 1.5717103941844282 5.045099657862769 1.0056953851020085 1.0186313058750338 -0.14485964617975305
39199 11217673 1.571358155380981 5.045065411376495 1.0056857441088092 1.0186313058750338 -0.14485964617975305
39200 11217673 1.5710059165775339 5.0450311648902195 1.0056761031156098 1.0186313058750338 -0.14485964617975305
39201 11217673 1.5706536777740867 5.044996918403944 1.0056664621224103 1.0186313058750338 -0.14485964617975305
39202 11217673 1.5703014389706393 5.044962671917669 1.005656821129211 1.0186313058750338 -0.14485964617975305
39203 11217673 1.5699492001671922 5.044928425431395 1.0056471801360114 1.0186313058750338 -0.14485964617975305
39204 11217673 1.569596961363745 5.044894178945119 1.005637539142812 1.0186313058750338 -0.14485964617975305
39205 11217673 1.5692447225602977 5.044859932458844 1.0056278981496125 1.0186313058750338 -0.14485964617975305
39206 11217673 1.5688924837568505 5.044825685972569 1.0056182571564132 1.0186313058750338 -0.14485964617975305
39207 11217673 1.5685402449534034 5.0447914394862945 1.0056086161632138 1.0186313058750338 -0.14485964617975305
39208 11217673 1.568188006149956 5.044757193000019 1.0055989751700143 1.0186313058750338 -0.14485964617975305
39209 11217673 1.5678357673465089 5.044722946513744 1.005589334176815 1.0186313058750338 -0.14485964617975305
39210 11217673 1.5674835285430617 5.044688700027469 1.0055796931836154 1.0186313058750338 -0.14485964617975305
39211 11217673 1.5671312897396144 5.0446544535411935 1.005570052190416 1.0186313058750338 -0.14485964617975305
39212 11217673 1.5667790509361672 5.044620207054919 1.0055604111972165 1.0186313058750338 -0.14485964617975305
39213 11217673 1.56642681213272 5.044585960568644 1.0055507702040172 1.0186313058750338 -0.14485964617975305
39214 11217673 1.566074573329273 5.044551714082369 1.0055411292108176 1.0186313058750338 -0.14485964617975305
39215 11217673 1.5657223345258255 5.044517467596093 1.0055314882176183 1.0186313058750338 -0.14485964617975305
39216 11217673 1.5653700957223784 5.044483221109819 1.005521847224419 1.0186313058750338 -0.14485964617975305
39217 11217673 1.5650178569189312 5.044448974623544 1.0055122062312194 1.0186313058750338 -0.14485964617975305
39218 11217673 1.5646656181154839 5.044414728137268 1.00550256523802 1.0186313058750338 -0.14485964617975305
39219 11217673 1.5643133793120367 5.044380481650993 1.0054929242448205 1.0186313058750338 -0.14485964617975305
39220 11217673 1.5639611405085896 5.044346235164719 1.0054832832516212 1.0186313058750338 -0.14485964617975305
39221 11217673 1.5636089017051422 5.0443119886784435 1.0054736422584216 1.0186313058750338 -0.14485964617975305
39222 11217673 1.563256662901695 5.044277742192168 1.0054640012652223 1.0186313058750338 -0.14485964617975305
39223 11217673 1.562904424098248 5.044243495705893 1.005454360272023 1.0186313058750338 -0.14485964617975305
39224 11217673 1.5625521852948006 5.044209249219618 1.0054447192788234 1.0186313058750338 -0.14485964617975305
39225 11217673 1.5621999464913534 5.044175002733343 1.005435078285624 1.0186313058750338 -0.14485964617975305
39226 11217673 1.5618477076879063 5.044140756247068 1.0054254372924245 1.0186313058750338 -0.14485964617975305
39227 11217673 1.5614954688844591 5.044106509760793 1.0054157962992252 1.0186313058750338 -0.14485964617975305
39228 11217673 1.5611432300810117 5.044072263274518 1.0054061553060256 1.0186313058750338 -0.14485964617975305
39229 11217673 1.5607909912775646 5.044038016788243 1.0053965143128263 1.0186313058750338 -0.14485964617975305
39230 11217673 1.5604387524741175 5.044003770301968 1.0053868733196267 1.0186313058750338 -0.14485964617975305
39231 11217673 1.56008651367067 5.043969523815693 1.0053772323264274 1.0186313058750338 -0.14485964617975305
39232 11217673 1.559734274867223 5.0439352773294175 1.005367591333228 1.0186313058750338 -0.14485964617975305
39233 11217673 1.5593820360637758 5.043901030843143 1.0053579503400285 1.0186313058750338 -0.14485964617975305
39234 11217673 1.5590297972603284 5.043866784356868 1.0053483093468292 1.0186313058750338 -0.14485964617975305
39235 11217673 1.5586775584568813 5.043832537870593 1.0053386683536296 1.0186313058750338 -0.14485964617975305
39236 11217673 1.5583253196534341 5.043798291384317 1.0053290273604303 1.0186313058750338 -0.14485964617975305
39237 11217673 1.557973080849987 5.043764044898042 1.0053193863672307 1.0186313058750338 -0.14485964617975305
39238 11217673 1.5576208420465396 5.043729798411768 1.0053097453740314 1.0186313058750338 -0.14485964617975305
39239 11217673 1.5572686032430925 5.0436955519254925 1.005300104380832 1.0186313058750338 -0.14485964617975305
39240 11217673 1.5569163644396453 5.043661305439217 1.0052904633876325 1.0186313058750338 -0.14485964617975305
39241 11217673 1.556564125636198 5.043627058952942 1.0052808223944332 1.0186313058750338 -0.14485964617975305
39242 11217673 1.5562118868327508 5.043592812466668 1.0052711814012336 1.0186313058750338 -0.14485964617975305
39243 11217673 1.5558596480293037 5.043558565980392 1.0052615404080343 1.0186313058750338 -0.14485964617975305
