39991 10561439 0.7837462640969272 0.20593270424938886 0.27432 2.0372626117500676 -0.2897192923595061
39992 10561439 0.7842551488251819 0.20341319244370756 0.2786742857142857 2.0372626117500676 -0.2897192923595061
39993 10561439 0.7847640335534367 0.20089368063802626 0.28302857142857146 2.0372626117500676 -0.2897192923595061
39994 10561439 0.7852729182816914 0.19837416883234496 0.28738285714285716 2.0372626117500676 -0.2897192923595061
39995 10561439 0.7857818030099462 0.19585465702666363 0.29173714285714286 2.0372626117500676 -0.2897192923595061
39996 10561439 0.7862906877382009 0.19333514522098233 0.29609142857142856 2.0372626117500676 -0.2897192923595061
39997 10561439 0.7867995724664557 0.19081563341530103 0.3004457142857143 2.0372626117500676 -0.2897192923595061
39998 10561439 0.7873084571947104 0.18829612160961973 0.3048 2.0372626117500676 -0.2897192923595061
39999 10561439 0.7879378634587428 0.18418844127813352 0.3060192 2.0372626117500676 -0.2897192923595061
40000 10561439 0.7885672697227751 0.18008076094664732 0.3072384 2.0372626117500676 -0.2897192923595061
40001 10561439 0.7891966759868075 0.1759730806151611 0.3084576 2.0372626117500676 -0.2897192923595061
40002 10561439 0.7898260822508398 0.1718654002836749 0.30967680000000003 2.0372626117500676 -0.2897192923595061
40003 10561439 0.7904554885148722 0.1677577199521887 0.310896 2.0372626117500676 -0.2897192923595061
40004 10561439 0.7910848947789046 0.16365003962070246 0.31211520000000004 2.0372626117500676 -0.2897192923595061
40005 10561439 0.7917143010429369 0.15954235928921626 0.3133344 2.0372626117500676 -0.2897192923595061
40006 10561439 0.7923437073069693 0.15543467895773005 0.31455360000000004 2.0372626117500676 -0.2897192923595061
40007 10561439 0.7929731135710016 0.15132699862624385 0.3157728 2.0372626117500676 -0.2897192923595061
40008 10561439 0.793602519835034 0.14721931829475765 0.316992 2.0372626117500676 -0.2897192923595061
40009 10561439 0.7942319260990665 0.14311163796327142 0.3182112 2.0372626117500676 -0.2897192923595061
40010 10561439 0.7948613323630987 0.13900395763178522 0.3194304 2.0372626117500676 -0.2897192923595061
40011 10561439 0.7954907386271312 0.13489627730029902 0.32064960000000003 2.0372626117500676 -0.2897192923595061
40012 10561439 0.7961201448911635 0.1307885969688128 0.3218688 2.0372626117500676 -0.2897192923595061
40013 10561439 0.7967495511551959 0.12668091663732658 0.32308800000000004 2.0372626117500676 -0.2897192923595061
40014 10561439 0.7973789574192283 0.12257323630584038 0.3243072 2.0372626117500676 -0.2897192923595061
40015 10561439 0.7980083636832606 0.11846555597435418 0.3255264 2.0372626117500676 -0.2897192923595061
40016 10561439 0.798637769947293 0.11435787564286796 0.3267456 2.0372626117500676 -0.2897192923595061
40017 10561439 0.7992671762113253 0.11025019531138175 0.3279648 2.0372626117500676 -0.2897192923595061
40018 10561439 0.7998965824753577 0.10614251497989555 0.32918400000000003 2.0372626117500676 -0.2897192923595061
40019 10561439 0.8005259887393901 0.10203483464840934 0.3304032 2.0372626117500676 -0.2897192923595061
40020 10561439 0.8011553950034224 0.09792715431692313 0.33162240000000004 2.0372626117500676 -0.2897192923595061
40021 10561439 0.8017848012674548 0.09381947398543691 0.3328416 2.0372626117500676 -0.2897192923595061
40022 10561439 0.8024142075314871 0.08971179365395071 0.33406080000000005 2.0372626117500676 -0.2897192923595061
40023 10561439 0.8030436137955195 0.08560411332246451 0.33528 2.0372626117500676 -0.2897192923595061
40024 10561439 0.8083198268062082 0.08538962449178175 0.3364992 2.0372626117500676 -0.2897192923595061
40025 10561439 0.813596039816897 0.085175135661099 0.33771840000000003 2.0372626117500676 -0.2897192923595061
40026 10561439 0.8188722528275857 0.08496064683041625 0.3389376 2.0372626117500676 -0.2897192923595061
40027 10561439 0.8241484658382745 0.08474615799973349 0.34015680000000004 2.0372626117500676 -0.2897192923595061
40028 10561439 0.8294246788489632 0.08453166916905074 0.341376 2.0372626117500676 -0.2897192923595061
40029 10561439 0.8347008918596519 0.08431718033836798 0.3425952 2.0372626117500676 -0.2897192923595061
40030 10561439 0.8399771048703407 0.08410269150768523 0.3438144 2.0372626117500676 -0.2897192923595061
40031 10561439 0.8452533178810294 0.08388820267700248 0.3450336 2.0372626117500676 -0.2897192923595061
40032 10561439 0.8505295308917182 0.08367371384631972 0.3462528 2.0372626117500676 -0.2897192923595061
40033 10561439 0.8558057439024069 0.08345922501563696 0.347472 2.0372626117500676 -0.2897192923595061
40034 10561439 0.8610819569130956 0.08324473618495422 0.3486912 2.0372626117500676 -0.2897192923595061
40035 10561439 0.8663581699237844 0.08303024735427146 0.3499104 2.0372626117500676 -0.2897192923595061
40036 10561439 0.8716343829344732 0.0828157585235887 0.3511296 2.0372626117500676 -0.2897192923595061
40037 10561439 0.876910595945162 0.08260126969290595 0.3523488 2.0372626117500676 -0.2897192923595061
40038 10561439 0.8821868089558507 0.0823867808622232 0.353568 2.0372626117500676 -0.2897192923595061
40039 10561439 0.8874630219665394 0.08217229203154044 0.35478719999999997 2.0372626117500676 -0.2897192923595061
40040 10561439 0.8927392349772282 0.08195780320085769 0.3560064 2.0372626117500676 -0.2897192923595061
40041 10561439 0.8980154479879169 0.08174331437017493 0.3572256 2.0372626117500676 -0.2897192923595061
40042 10561439 0.9032916609986057 0.08152882553949219 0.3584448 2.0372626117500676 -0.2897192923595061
40043 10561439 0.9085678740092944 0.08131433670880943 0.359664 2.0372626117500676 -0.2897192923595061
40044 10561439 0.9138440870199831 0.08109984787812667 0.36088319999999996 2.0372626117500676 -0.2897192923595061
40045 10561439 0.9191203000306719 0.08088535904744391 0.3621024 2.0372626117500676 -0.2897192923595061
40046 10561439 0.9243965130413606 0.08067087021676117 0.36332159999999997 2.0372626117500676 -0.2897192923595061
40047 10561439 0.9296727260520494 0.08045638138607841 0.3645408 2.0372626117500676 -0.2897192923595061
40048 10561439 0.9349489390627381 0.08024189255539566 0.36576 2.0372626117500676 -0.2897192923595061
40049 10561439 0.9446096785687246 0.08059034721369181 0.36576 2.0372626117500676 -0.2897192923595061
40050 10561439 0.9542704180747109 0.08093880187198796 0.36576 2.0372626117500676 -0.2897192923595061
40051 10561439 0.9610645988420616 0.08134763431842484 0.36576 2.0372626117500676 -0.2897192923595061
40052 10561439 0.9678587796094122 0.08175646676486174 0.36576 2.0372626117500676 -0.2897192923595061
40053 10561439 0.974652960376763 0.08216529921129864 0.36576 2.0372626117500676 -0.2897192923595061
40054 10561439 0.9814471411441137 0.08257413165773553 0.36576 2.0372626117500676 -0.2897192923595061
40055 10561439 0.9886628462665755 0.08200801458163771 0.36576 2.0372626117500676 -0.2897192923595061
40056 10561439 0.9958785513890375 0.08144189750553989 0.36576 2.0372626117500676 -0.2897192923595061
40057 10561439 1.0030942565114993 0.08087578042944207 0.36576 2.0372626117500676 -0.2897192923595061
40058 10561439 1.0086675392243025 0.08162511289482785 0.36576 2.0372626117500676 -0.2897192923595061
40059 10561439 1.0142408219371055 0.08237444536021364 0.36576 2.0372626117500676 -0.2897192923595061
40060 10561439 1.0203012192049028 0.08189653120493044 0.36576 2.0372626117500676 -0.2897192923595061
40061 10561439 1.0263616164727 0.08141861704964724 0.36576 2.0372626117500676 -0.2897192923595061
40062 10561439 1.0324220137404974 0.08094070289436404 0.36576 2.0372626117500676 -0.2897192923595061
40063 10561439 1.0384824110082944 0.08046278873908086 0.36576 2.0372626117500676 -0.2897192923595061
40064 10561439 1.0445428082760917 0.07998487458379766 0.36576 2.0372626117500676 -0.2897192923595061
40065 10561439 1.050603205543889 0.07950696042851446 0.36576 2.0372626117500676 -0.2897192923595061
40066 10561439 1.0566636028116863 0.07902904627323126 0.36576 2.0372626117500676 -0.2897192923595061
40067 10561439 1.0657799474668532 0.07975021869183302 0.36576 2.0372626117500676 -0.2897192923595061
40068 10561439 1.07489629212202 0.08047139111043478 0.36576 2.0372626117500676 -0.2897192923595061
40069 10561439 1.084012636777187 0.08119256352903653 0.36576 2.0372626117500676 -0.2897192923595061
40070 10561439 1.0898037451333984 0.08192920130880885 0.36576 2.0372626117500676 -0.2897192923595061
40071 10561439 1.0955948534896096 0.08266583908858116 0.36576 2.0372626117500676 -0.2897192923595061
40072 10561439 1.1036803251074314 0.08125103201319253 0.36576 2.0372626117500676 -0.2897192923595061
40073 10561439 1.1117657967252534 0.07983622493780389 0.36576 2.0372626117500676 -0.2897192923595061
40074 10561439 1.1198512683430752 0.07842141786241524 0.36576 2.0372626117500676 -0.2897192923595061
40075 10561439 1.127936739960897 0.07700661078702661 0.36576 2.0372626117500676 -0.2897192923595061
40076 10561439 1.1328017496811 0.08102487511047747 0.36576 2.0372626117500676 -0.2897192923595061
40077 10561439 1.1448381763966304 0.07709269339061672 0.36576 2.0372626117500676 -0.2897192923595061
40078 10561439 1.1545177449387882 0.0795381054511704 0.36576 2.0372626117500676 -0.2897192923595061
40079 10561439 1.1593323158343363 0.0779652451466516 0.36576 2.0372626117500676 -0.2897192923595061
40080 10561439 1.1667454999975966 0.07823044857073227 0.36576 2.0372626117500676 -0.2897192923595061
40081 10561439 1.1741586841608567 0.07849565199481295 0.36576 2.0372626117500676 -0.2897192923595061
40082 10561439 1.181571868324117 0.07876085541889363 0.36576 2.0372626117500676 -0.2897192923595061
40083 10561439 1.1889850524873773 0.07902605884297431 0.36576 2.0372626117500676 -0.2897192923595061
40084 10561439 1.1981599232068731 0.08128592089724333 0.36576 2.0372626117500676 -0.2897192923595061
40085 10561439 1.2062763853145746 0.07921855098144327 0.36576 2.0372626117500676 -0.2897192923595061
40086 10561439 1.2157147078034691 0.0791393480326868 0.36576 2.0372626117500676 -0.2897192923595061
40087 10561439 1.2251530302923637 0.07906014508393033 0.36576 2.0372626117500676 -0.2897192923595061
40088 10561439 1.2345913527812582 0.07898094213517386 0.36576 2.0372626117500676 -0.2897192923595061
40089 10561439 1.2440296752701525 0.0789017391864174 0.36576 2.0372626117500676 -0.2897192923595061
40090 10561439 1.253467997759047 0.07882253623766092 0.36576 2.0372626117500676 -0.2897192923595061
40091 10561439 1.2629063202479416 0.07874333328890445 0.36576 2.0372626117500676 -0.2897192923595061
40092 10561439 1.2723446427368361 0.07866413034014798 0.36576 2.0372626117500676 -0.2897192923595061
40093 10561439 1.280594705316317 0.0787728755768391 0.36576 2.0372626117500676 -0.2897192923595061
40094 10561439 1.2888447678957977 0.0788816208135302 0.36576 2.0372626117500676 -0.2897192923595061
40095 10561439 1.2966415575456254 0.0785543415871808 0.36576 2.0372626117500676 -0.2897192923595061
40096 10561439 1.304438347195453 0.07822706236083142 0.36576 2.0372626117500676 -0.2897192923595061
40097 10561439 1.3122351368452807 0.07789978313448202 0.36576 2.0372626117500676 -0.2897192923595061
40098 10561439 1.3200319264951084 0.07757250390813264 0.36576 1.0186313058750338 -0.14485964617975305
40099 10561439 1.327828716144936 0.07724522468178324 0.36576 1.0186313058750338 -0.14485964617975305
40100 10561439 1.3335152701880388 0.07722250366811273 0.36576 1.0186313058750338 -0.14485964617975305
40101 10561439 1.3392018242311414 0.07719978265444222 0.36576 1.0186313058750338 -0.14485964617975305
40102 10561439 1.3448883782742442 0.0771770616407717 0.36576 1.0186313058750338 -0.14485964617975305
40103 10561439 1.3505749323173468 0.07715434062710119 0.36576 1.0186313058750338 -0.14485964617975305
40104 10561439 1.3562614863604496 0.07713161961343067 0.36576 1.0186313058750338 -0.14485964617975305
40105 10561439 1.3619480404035524 0.07710889859976015 0.36576 1.0186313058750338 -0.14485964617975305
40106 10561439 1.367634594446655 0.07708617758608964 0.36576 1.0186313058750338 -0.14485964617975305
40107 10561439 1.3733211484897578 0.07706345657241913 0.36576 1.0186313058750338 -0.14485964617975305
40108 10561439 1.3790077025328604 0.07704073555874862 0.36576 1.0186313058750338 -0.14485964617975305
40109 10561439 1.3846942565759632 0.0770180145450781 0.36576 1.0186313058750338 -0.14485964617975305
40110 10561439 1.390380810619066 0.07699529353140759 0.36576 1.0186313058750338 -0.14485964617975305
40111 10561439 1.3960673646621686 0.07697257251773708 0.36576 1.0186313058750338 -0.14485964617975305
40112 10561439 1.4017539187052714 0.07694985150406655 0.36576 1.0186313058750338 -0.14485964617975305
40113 10561439 1.407440472748374 0.07692713049039604 0.36576 1.0186313058750338 -0.14485964617975305
40114 10561439 1.4131270267914768 0.07690440947672553 0.36576 1.0186313058750338 -0.14485964617975305
40115 10561439 1.4188135808345794 0.07688168846305501 0.36576 1.0186313058750338 -0.14485964617975305
40116 10561439 1.4245001348776822 0.0768589674493845 0.36576 1.0186313058750338 -0.14485964617975305
40117 10561439 1.4246538511741247 0.07673277331564372 0.36576 1.0186313058750338 -0.14485964617975305
40118 10561439 1.4248075674705671 0.07660657918190293 0.36576 1.0186313058750338 -0.14485964617975305
40119 10561439 1.4249612837670096 0.07648038504816215 0.36576 1.0186313058750338 -0.14485964617975305
40120 10561439 1.425115000063452 0.07635419091442136 0.36576 1.0186313058750338 -0.14485964617975305
40121 10561439 1.4252687163598945 0.07622799678068058 0.36576 1.0186313058750338 -0.14485964617975305
40122 10561439 1.425422432656337 0.0761018026469398 0.36576 1.0186313058750338 -0.14485964617975305
40123 10561439 1.4255761489527794 0.07597560851319901 0.36576 1.0186313058750338 -0.14485964617975305
40124 10561439 1.4257298652492219 0.07584941437945823 0.36576 1.0186313058750338 -0.14485964617975305
40125 10561439 1.4258835815456643 0.07572322024571745 0.36576 1.0186313058750338 -0.14485964617975305
40126 10561439 1.4260372978421068 0.07559702611197666 0.36576 1.0186313058750338 -0.14485964617975305
40127 10561439 1.4261910141385492 0.07547083197823588 0.36576 1.0186313058750338 -0.14485964617975305
40128 10561439 1.4263447304349917 0.07534463784449509 0.36576 1.0186313058750338 -0.14485964617975305
40129 10561439 1.426498446731434 0.07521844371075431 0.36576 1.0186313058750338 -0.14485964617975305
40130 10561439 1.4266521630278766 0.07509224957701353 0.36576 1.0186313058750338 -0.14485964617975305
40131 10561439 1.426805879324319 0.07496605544327274 0.36576 1.0186313058750338 -0.14485964617975305
40132 10561439 1.4269595956207612 0.07483986130953196 0.36576 1.0186313058750338 -0.14485964617975305
40133 10561439 1.4271133119172037 0.07471366717579117 0.36576 1.0186313058750338 -0.14485964617975305
40134 10561439 1.4272670282136461 0.07458747304205039 0.36576 1.0186313058750338 -0.14485964617975305
40135 10561439 1.4274207445100886 0.07446127890830961 0.36576 1.0186313058750338 -0.14485964617975305
40136 10561439 1.427574460806531 0.07433508477456882 0.36576 1.0186313058750338 -0.14485964617975305
40137 10561439 1.4277281771029735 0.07420889064082804 0.36576 1.0186313058750338 -0.14485964617975305
40138 10561439 1.427881893399416 0.07408269650708726 0.36576 1.0186313058750338 -0.14485964617975305
40139 10561439 1.4280356096958584 0.07395650237334647 0.36576 1.0186313058750338 -0.14485964617975305
40140 10561439 1.4281893259923009 0.0738303082396057 0.36576 1.0186313058750338 -0.14485964617975305
40141 10561439 1.4283430422887433 0.0737041141058649 0.36576 1.0186313058750338 -0.14485964617975305
40142 10561439 1.4284967585851858 0.07357791997212412 0.36576 1.0186313058750338 -0.14485964617975305
40143 10561439 1.4286504748816282 0.07345172583838334 0.36576 1.0186313058750338 -0.14485964617975305
40144 10561439 1.4288041911780707 0.07332553170464255 0.36576 1.0186313058750338 -0.14485964617975305
40145 10561439 1.4289579074745131 0.07319933757090177 0.36576 1.0186313058750338 -0.14485964617975305
40146 10561439 1.4291116237709556 0.07307314343716098 0.36576 1.0186313058750338 -0.14485964617975305
40147 10561439 1.429265340067398 0.0729469493034202 0.36576 1.0186313058750338 -0.14485964617975305
40148 10561439 1.4294190563638405 0.07282075516967942 0.36576 1.0186313058750338 -0.14485964617975305
40149 10561439 1.429572772660283 0.07269456103593863 0.36576 1.0186313058750338 -0.14485964617975305
40150 10561439 1.4297264889567254 0.07256836690219785 0.36576 1.0186313058750338 -0.14485964617975305
40151 10561439 1.4298802052531678 0.07244217276845707 0.36576 1.0186313058750338 -0.14485964617975305
40152 10561439 1.4300339215496103 0.07231597863471628 0.36576 1.0186313058750338 -0.14485964617975305
40153 10561439 1.4301876378460527 0.0721897845009755 0.36576 1.0186313058750338 -0.14485964617975305
40154 10561439 1.4303413541424952 0.07206359036723471 0.36576 1.0186313058750338 -0.14485964617975305
40155 10561439 1.4304950704389376 0.07193739623349393 0.36576 1.0186313058750338 -0.14485964617975305
40156 10561439 1.43064878673538 0.07181120209975315 0.36576 1.0186313058750338 -0.14485964617975305
40157 10561439 1.4308025030318225 0.07168500796601236 0.36576 1.0186313058750338 -0.14485964617975305
40158 10561439 1.430956219328265 0.07155881383227158 0.36576 1.0186313058750338 -0.14485964617975305
40159 10561439 1.4311099356247075 0.0714326196985308 0.36576 1.0186313058750338 -0.14485964617975305
40160 10561439 1.43126365192115 0.07130642556479001 0.36576 1.0186313058750338 -0.14485964617975305
40161 10561439 1.4314173682175924 0.07118023143104923 0.36576 1.0186313058750338 -0.14485964617975305
40162 10561439 1.4315710845140348 0.07105403729730844 0.36576 1.0186313058750338 -0.14485964617975305
40163 10561439 1.431724800810477 0.07092784316356766 0.36576 1.0186313058750338 -0.14485964617975305
40164 10561439 1.4318785171069195 0.07080164902982689 0.36576 1.0186313058750338 -0.14485964617975305
40165 10561439 1.432032233403362 0.07067545489608609 0.36576 1.0186313058750338 -0.14485964617975305
40166 10561439 1.4321859496998044 0.07054926076234531 0.36576 1.0186313058750338 -0.14485964617975305
40167 10561439 1.4323396659962468 0.07042306662860454 0.36576 1.0186313058750338 -0.14485964617975305
40168 10561439 1.4324933822926893 0.07029687249486374 0.36576 1.0186313058750338 -0.14485964617975305
40169 10561439 1.4326470985891318 0.07017067836112297 0.36576 1.0186313058750338 -0.14485964617975305
40170 10561439 1.4328008148855742 0.07004448422738217 0.36576 1.0186313058750338 -0.14485964617975305
40171 10561439 1.4329545311820167 0.0699182900936414 0.36576 1.0186313058750338 -0.14485964617975305
40172 10561439 1.433108247478459 0.06979209595990062 0.36576 1.0186313058750338 -0.14485964617975305
40173 10561439 1.4332619637749016 0.06966590182615982 0.36576 1.0186313058750338 -0.14485964617975305
40174 10561439 1.433415680071344 0.06953970769241904 0.36576 1.0186313058750338 -0.14485964617975305
40175 10561439 1.4335693963677865 0.06941351355867825 0.36576 1.0186313058750338 -0.14485964617975305
40176 10561439 1.433723112664229 0.06928731942493747 0.36576 1.0186313058750338 -0.14485964617975305
