44546 11390060 1.314073987037689 0.0038751187497067102 0.18288 1.0283106210632738 0.03422456732325968
44547 11390060 1.2541681505774864 0.003992799072847872 0.36576 1.0283106210632738 0.03422456732325968
44548 11390060 1.2159901715626815 0.003204990484018941 0.36576 1.0283106210632738 0.03422456732325968
44549 11390060 1.1778121925478768 0.00241718189519001 0.36576 1.0283106210632738 0.03422456732325968
44550 11390060 1.1464959533227237 0.0006146818583968316 0.36576 1.0283106210632738 0.03422456732325968
44551 11390060 1.1130102152829349 0.000962700857503845 0.36829999999999996 1.0283106210632738 0.03422456732325968
44552 11390060 1.0795244772431458 0.0013107198566108583 0.37084 1.0283106210632738 0.03422456732325968
44553 11390060 1.046038739203357 0.0016587388557178714 0.37338 1.0283106210632738 0.03422456732325968
44554 11390060 1.0125530011635682 0.002006757854824885 0.37592 1.0283106210632738 0.03422456732325968
44555 11390060 0.9790672631237792 0.002354776853931898 0.37846 1.0283106210632738 0.03422456732325968
44556 11390060 0.9455815250839903 0.0027027958530389112 0.381 1.0283106210632738 0.03422456732325968
44557 11390060 0.9120957870442015 0.003050814852145925 0.38354 1.0283106210632738 0.03422456732325968
44558 11390060 0.8786100490044126 0.003398833851252938 0.38608000000000003 1.0283106210632738 0.03422456732325968
44559 11390060 0.8451243109646237 0.003746852850359951 0.38862 1.0283106210632738 0.03422456732325968
44560 11390060 0.8116385729248348 0.004094871849466965 0.39116 1.0283106210632738 0.03422456732325968
44561 11390060 0.7781528348850459 0.004442890848573978 0.39370000000000005 1.0283106210632738 0.03422456732325968
44562 11390060 0.744667096845257 0.004790909847680991 0.39624000000000004 1.0283106210632738 0.03422456732325968
44563 11390060 0.7034309693147793 0.0022594000268993802 0.41148000000000007 1.0283106210632738 0.03422456732325968
44564 11390060 0.6621948417843017 -0.00027210979388223033 0.42672000000000004 1.0283106210632738 0.03422456732325968
44565 11390060 0.6260766432636925 0.0017162332810880115 0.42672000000000004 1.0283106210632738 0.03422456732325968
44566 11390060 0.6084863081906902 0.0011553617640509412 0.42672000000000004 1.0283106210632738 0.03422456732325968
44567 11390060 0.5532255083387769 -0.002166820042419512 0.42672000000000004 1.0283106210632738 0.03422456732325968
44568 11390060 0.5197319856336489 -0.0013861271163394667 0.42672000000000004 1.0283106210632738 0.03422456732325968
44569 11390060 0.5085160409469701 -0.0030951363138989885 0.45720000000000005 1.0283106210632738 0.03422456732325968
44570 11390060 0.4750389622178636 -0.0030789373421939922 0.45720000000000005 1.0283106210632738 0.03422456732325968
44571 11390060 0.44156188348875713 -0.003062738370488996 0.45720000000000005 1.0283106210632738 0.03422456732325968
44572 11390060 0.4076123061400242 -0.00557890690386393 0.45720000000000005 1.0283106210632738 0.03422456732325968
44573 11390060 0.3736627287912912 -0.008095075437238863 0.45720000000000005 1.0283106210632738 0.03422456732325968
44574 11390060 0.36219470062486736 -0.009487849453264002 0.45720000000000005 1.0283106210632738 0.03422456732325968
44575 11390060 0.30059321763141855 -0.011553981063149338 0.48768 1.0283106210632738 0.03422456732325968
44576 11390060 0.2665346441152432 -0.013858694989665188 0.48768 1.0283106210632738 0.03422456732325968
44577 11390060 0.23247607059906783 -0.016163408916181038 0.48768 1.0283106210632738 0.03422456732325968
44578 11390060 0.20517325037331624 -0.016411464419032587 0.48768 1.0283106210632738 0.03422456732325968
44579 11390060 0.17787043014756465 -0.016659519921884136 0.48768 1.0283106210632738 0.03422456732325968
44580 11390060 0.1508862672284021 -0.019464999533490776 0.48768 1.0283106210632738 0.03422456732325968
44581 11390060 0.12390210430923954 -0.022270479145097416 0.48768 1.0283106210632738 0.03422456732325968
44582 11390060 0.09118490254907652 -0.024545607792925334 0.5181600000000001 1.0283106210632738 0.03422456732325968
44583 11390060 0.05101313653081663 -0.02788907490191403 0.5181600000000001 1.0283106210632738 0.03422456732325968
44584 11390060 0.01819230537187355 -0.030480532621950246 0.5181600000000001 1.0283106210632738 0.03422456732325968
44585 11390060 -0.02107368335957771 -0.03376920326128027 0.5181600000000001 1.0283106210632738 0.03422456732325968
44586 11390060 -0.055655375728091094 -0.030877926293174013 0.5181600000000001 1.0283106210632738 0.03422456732325968
44587 11390060 -0.07474920381286743 -0.032231010291909196 0.5181600000000001 1.0283106210632738 0.03422456732325968
44588 11390060 -0.1234760612428496 -0.03593175373098165 0.5181600000000001 1.0283106210632738 0.03422456732325968
44589 11390060 -0.15961438027158725 -0.04187771718895525 0.54864 1.0283106210632738 0.03422456732325968
44590 11390060 -0.20174155643539637 -0.0389728582241666 0.54864 1.0283106210632738 0.03422456732325968
44591 11390060 -0.22932130805357098 -0.04047252842052848 0.54864 1.0283106210632738 0.03422456732325968
44592 11390060 -0.27631848499386025 -0.045672407718435976 0.54864 1.0283106210632738 0.03422456732325968
44593 11390060 -0.2962442762312053 -0.04739556783704427 0.54864 1.0283106210632738 0.03422456732325968
44594 11390060 -0.31617006746855036 -0.04911872795565256 0.54864 1.0283106210632738 0.03422456732325968
44595 11390060 -0.34457570261568216 -0.05069853116243053 0.54864 1.0283106210632738 0.03422456732325968
44596 11390060 -0.40106611767356615 -0.05396272604798594 0.57912 1.0283106210632738 0.03422456732325968
44597 11390060 -0.4111769047917784 -0.050657474456658275 0.57912 1.0283106210632738 0.03422456732325968
44598 11390060 -0.4505472999601505 -0.054260436214559754 0.57912 1.0283106210632738 0.03422456732325968
44599 11390060 -0.4992710578272721 -0.05387078295579187 0.57912 1.0283106210632738 0.03422456732325968
44600 11390060 -0.5355698874935801 -0.058944812164478694 0.57912 1.0283106210632738 0.03422456732325968
44601 11390060 -0.5657861236767996 -0.05899724112527224 0.57912 1.0283106210632738 0.03422456732325968
44602 11390060 -0.5989788482356933 -0.06543696269911123 0.6096 1.0283106210632738 0.03422456732325968
44603 11390060 -0.6358084253692071 -0.0734915547840044 0.6096 1.0283106210632738 0.03422456732325968
44604 11390060 -0.6800234998302976 -0.09326828052810757 0.6096 1.0283106210632738 0.03422456732325968
44605 11390060 -0.69608492793287 -0.10028468389952586 0.6096 1.0283106210632738 0.03422456732325968
44606 11390060 -0.7121463560354424 -0.10730108727094415 0.6096 1.0283106210632738 0.03422456732325968
44607 11390060 -0.7410765887220669 -0.1278688223079549 0.6096 1.0283106210632738 0.03422456732325968
44608 11390060 -0.770412352965423 -0.15239310206276593 0.6096 1.0283106210632738 0.03422456732325968
44609 11390060 -0.8023710508436153 -0.18493915304095185 0.6400800000000001 1.0283106210632738 0.03422456732325968
44610 11390060 -0.8248774954478348 -0.21438339090351735 0.6400800000000001 1.0283106210632738 0.03422456732325968
44611 11390060 -0.8490130940442813 -0.2444632860020922 0.6400800000000001 1.0283106210632738 0.03422456732325968
44612 11390060 -0.8694287859787508 -0.28136746577080385 0.6400800000000001 1.0283106210632738 0.03422456732325968
44613 11390060 -0.8841565533027866 -0.3182620024317324 0.6400800000000001 1.0283106210632738 0.03422456732325968
44614 11390060 -0.9000398401963914 -0.3749910925635127 0.6400800000000001 1.0283106210632738 0.03422456732325968
44615 11390060 -0.9125755460364122 -0.4214817547945602 0.6400800000000001 1.0283106210632738 0.03422456732325968
44616 11390060 -0.9168544215606365 -0.4454358132875086 0.6400800000000001 1.0283106210632738 0.03422456732325968
44617 11390060 -0.9241429736314148 -0.5084800243154696 0.67056 1.0283106210632738 0.03422456732325968
44618 11390060 -0.930829844492828 -0.5550136266549627 0.67056 1.0283106210632738 0.03422456732325968
44619 11390060 -0.933301355096589 -0.6179970537672778 0.67056 1.0283106210632738 0.03422456732325968
44620 11390060 -0.9363364221939214 -0.659882871848514 0.67056 1.0283106210632738 0.03422456732325968
44621 11390060 -0.9384125717340295 -0.7178547868621513 0.67056 1.0283106210632738 0.03422456732325968
44622 11390060 -0.9277512741941742 -0.7614608772097697 0.6736080000000001 1.0283106210632738 0.03422456732325968
44623 11390060 -0.917089976654319 -0.8050669675573882 0.676656 1.0283106210632738 0.03422456732325968
44624 11390060 -0.9064286791144637 -0.8486730579050066 0.6797040000000001 1.0283106210632738 0.03422456732325968
44625 11390060 -0.8957673815746084 -0.8922791482526251 0.682752 1.0283106210632738 0.03422456732325968
44626 11390060 -0.8851060840347532 -0.9358852386002434 0.6858000000000001 1.0283106210632738 0.03422456732325968
44627 11390060 -0.874444786494898 -0.979491328947862 0.6888480000000001 1.0283106210632738 0.03422456732325968
44628 11390060 -0.8637834889550428 -1.0230974192954805 0.6918960000000001 1.0283106210632738 0.03422456732325968
44629 11390060 -0.8531221914151874 -1.0667035096430988 0.6949440000000001 1.0283106210632738 0.03422456732325968
44630 11390060 -0.8424608938753322 -1.110309599990717 0.6979920000000001 1.0283106210632738 0.03422456732325968
44631 11390060 -0.831799596335477 -1.1539156903383356 0.7010400000000001 1.0283106210632738 0.03422456732325968
44632 11390060 -0.7822651941160605 -1.2021210183660829 0.7010400000000001 1.0283106210632738 0.03422456732325968
44633 11390060 -0.736464592832955 -1.233216068963348 0.7010400000000001 1.0283106210632738 0.03422456732325968
44634 11390060 -0.6874713197072124 -1.259980096051483 0.7010400000000001 1.0283106210632738 0.03422456732325968
44635 11390060 -0.6055553470465269 -1.2920142786694921 0.7010400000000001 1.0283106210632738 0.03422456732325968
44636 11390060 -0.5650773586568263 -1.2999879581984148 0.7010400000000001 1.0283106210632738 0.03422456732325968
44637 11390060 -0.5078140310113806 -1.3136815288603894 0.7010400000000001 1.0283106210632738 0.03422456732325968
44638 11390060 -0.4442733730309312 -1.3231175059863574 0.7010400000000001 1.0283106210632738 0.03422456732325968
44639 11390060 -0.38905280706046863 -1.325394014273616 0.7010400000000001 1.0283106210632738 0.03422456732325968
44640 11390060 -0.3417364906007814 -1.3301104307255749 0.7010400000000001 1.0283106210632738 0.03422456732325968
44641 11390060 -0.2736056368590738 -1.3363719446018547 0.7010400000000001 1.0283106210632738 0.03422456732325968
44642 11390060 -0.21640064591482422 -1.3380106151624278 0.7010400000000001 1.0283106210632738 0.03422456732325968
44643 11390060 -0.16103184418596306 -1.3409180414279112 0.7010400000000001 1.0283106210632738 0.03422456732325968
44644 11390060 -0.12111854697483437 -1.3453164822373205 0.7010400000000001 1.0283106210632738 0.03422456732325968
44645 11390060 -0.08120524976370569 -1.3497149230467298 0.7010400000000001 1.0283106210632738 0.03422456732325968
44646 11390060 -0.022702394845695806 -1.3487387215541793 0.7010400000000001 1.0283106210632738 0.03422456732325968
44647 11390060 0.03312243388184799 -1.354597619352491 0.7010400000000001 1.0283106210632738 0.03422456732325968
44648 11390060 0.07811559918701727 -1.3528276114323021 0.7010400000000001 1.0283106210632738 0.03422456732325968
44649 11390060 0.1664115396482453 -1.3544590305389055 0.7010400000000001 1.0283106210632738 0.03422456732325968
44650 11390060 0.2233491499059328 -1.3596286721056452 0.7010400000000001 1.0283106210632738 0.03422456732325968
44651 11390060 0.29306575407747293 -1.3610291018368788 0.67056 1.0283106210632738 0.03422456732325968
44652 11390060 0.3245803299936054 -1.3624473697989592 0.67056 1.0283106210632738 0.03422456732325968
44653 11390060 0.38116996701107864 -1.3578055077910798 0.67056 1.0283106210632738 0.03422456732325968
44654 11390060 0.45088616562166334 -1.3592043875781876 0.67056 1.0283106210632738 0.03422456732325968
44655 11390060 0.5243392695912372 -1.3627581287598869 0.67056 1.0283106210632738 0.03422456732325968
44656 11390060 0.5814550752497583 -1.3592213571174763 0.67056 1.0283106210632738 0.03422456732325968
44657 11390060 0.6139396405438462 -1.3590276500866991 0.67056 1.0283106210632738 0.03422456732325968
44658 11390060 0.646424205837934 -1.358833943055922 0.67056 1.0283106210632738 0.03422456732325968
44659 11390060 0.720237272333899 -1.3558443873484034 0.67056 1.0283106210632738 0.03422456732325968
44660 11390060 0.7713739987755817 -1.357012007898518 0.67056 1.0283106210632738 0.03422456732325968
44661 11390060 0.8253666965373386 -1.357593525664416 0.67056 1.0283106210632738 0.03422456732325968
44662 11390060 0.8791286116055208 -1.3599684642891037 0.67056 1.0283106210632738 0.03422456732325968
44663 11390060 0.9393272265878441 -1.3581370963559432 0.67056 1.0283106210632738 0.03422456732325968
44664 11390060 0.9899338877927235 -1.3622843551211556 0.67056 1.0283106210632738 0.03422456732325968
44665 11390060 1.0332012582320291 -1.3657863290254488 0.67056 1.0283106210632738 0.03422456732325968
44666 11390060 1.0931095059484919 -1.3686486692096145 0.67056 1.0283106210632738 0.03422456732325968
44667 11390060 1.1600839103807632 -1.3689119297038452 0.67056 1.0283106210632738 0.03422456732325968
44668 11390060 1.2114019184189062 -1.372238624397518 0.67056 1.0283106210632738 0.03422456732325968
44669 11390060 1.2510746144571179 -1.374506756673843 0.6553200000000001 1.0283106210632738 0.03422456732325968
44670 11390060 1.2907473104953295 -1.376774888950168 0.6400800000000001 1.0283106210632738 0.03422456732325968
44671 11390060 1.3398987117304972 -1.3785753339053874 0.6400800000000001 1.0283106210632738 0.03422456732325968
44672 11390060 1.3815798704806053 -1.3869310386705562 0.6400800000000001 1.0283106210632738 0.03422456732325968
44673 11390060 1.4342076830071677 -1.386244747472342 0.6400800000000001 1.0283106210632738 0.03422456732325968
44674 11390060 1.5011883834178912 -1.3932826960026448 0.6400800000000001 1.0283106210632738 0.03422456732325968
44675 11390060 1.549971111341021 -1.3972977826757524 0.6400800000000001 1.0283106210632738 0.03422456732325968
44676 11390060 1.599008000030723 -1.3983582107310817 0.6400800000000001 1.0283106210632738 0.03422456732325968
44677 11390060 1.6697504512386843 -1.4047539198965466 0.6400800000000001 1.0283106210632738 0.03422456732325968
44678 11390060 1.7196448184888178 -1.4097149909856128 0.6400800000000001 1.0283106210632738 0.03422456732325968
44679 11390060 1.7568575832018172 -1.411352507483895 0.6400800000000001 1.0283106210632738 0.03422456732325968
44680 11390060 1.78044005849756 -1.4137960032136219 0.6400800000000001 1.0283106210632738 0.03422456732325968
44681 11390060 1.8040225337933027 -1.4162394989433489 0.6400800000000001 1.0283106210632738 0.03422456732325968
44682 11390060 1.8808793205570549 -1.4191391615012843 0.6400800000000001 1.0283106210632738 0.03422456732325968
44683 11390060 1.9177103045768848 -1.4260248982540549 0.6400800000000001 1.0283106210632738 0.03422456732325968
44684 11390060 1.96366286572905 -1.4253749798541129 0.6400800000000001 1.0283106210632738 0.03422456732325968
44685 11390060 2.0108168064390965 -1.4292056864691256 0.6400800000000001 1.0283106210632738 0.03422456732325968
44686 11390060 2.0858238446355264 -1.437223412287943 0.6400800000000001 1.0283106210632738 0.03422456732325968
44687 11390060 2.102337641759207 -1.4372412728885784 0.6096 1.0283106210632738 0.03422456732325968
44688 11390060 2.168962113329365 -1.444273647789631 0.6096 1.0283106210632738 0.03422456732325968
44689 11390060 2.2154742720667633 -1.4470757972944897 0.6096 1.0283106210632738 0.03422456732325968
44690 11390060 2.242933578049341 -1.4479798335335619 0.6096 1.0283106210632738 0.03422456732325968
44691 11390060 2.270392884031919 -1.448883869772634 0.6096 1.0283106210632738 0.03422456732325968
44692 11390060 2.3450785692535003 -1.456794039008657 0.6096 1.0283106210632738 0.03422456732325968
44693 11390060 2.3920843426142753 -1.4583544274787446 0.6096 1.0283106210632738 0.03422456732325968
44694 11390060 2.458616011583584 -1.4667556783467235 0.6096 1.0283106210632738 0.03422456732325968
44695 11390060 2.4971354168450466 -1.4684655942513158 0.6096 1.0283106210632738 0.03422456732325968
44696 11390060 2.530785286107613 -1.4728495005306863 0.6096 1.0283106210632738 0.03422456732325968
44697 11390060 2.5644351553701794 -1.4772334068100565 0.6096 1.0283106210632738 0.03422456732325968
44698 11390060 2.6097207614359457 -1.4783477534696912 0.57912 1.0283106210632738 0.03422456732325968
44699 11390060 2.629946441350925 -1.4849495646837323 0.57912 1.0283106210632738 0.03422456732325968
44700 11390060 2.70664121113447 -1.487787867644878 0.57912 1.0283106210632738 0.03422456732325968
44701 11390060 2.7450570316378187 -1.489813139695597 0.57912 1.0283106210632738 0.03422456732325968
44702 11390060 2.8197077359438207 -1.4978238636957526 0.57912 1.0283106210632738 0.03422456732325968
44703 11390060 2.8583646492605483 -1.4991095379627328 0.57912 1.0283106210632738 0.03422456732325968
44704 11390060 2.9242898872679426 -1.5039210014514548 0.57912 1.0283106210632738 0.03422456732325968
44705 11390060 2.983289497717246 -1.5068221140295768 0.57912 1.0283106210632738 0.03422456732325968
44706 11390060 3.0287521232199692 -1.5083420222752704 0.57912 1.0283106210632738 0.03422456732325968
44707 11390060 3.0742147487226923 -1.5098619305209637 0.57912 1.0283106210632738 0.03422456732325968
44708 11390060 3.099476512407537 -1.5127323974092262 0.57912 1.0283106210632738 0.03422456732325968
44709 11390060 3.1247382760923816 -1.5156028642974886 0.57912 1.0283106210632738 0.03422456732325968
44710 11390060 3.1961575453042865 -1.517181864218326 0.54864 1.0283106210632738 0.03422456732325968
44711 11390060 3.217807511564528 -1.518873353468371 0.54864 1.0283106210632738 0.03422456732325968
44712 11390060 3.290845675170077 -1.5154895741919578 0.54864 1.0283106210632738 0.03422456732325968
44713 11390060 3.3330466792806845 -1.514074513086579 0.54864 1.0283106210632738 0.03422456732325968
44714 11390060 3.377590054953581 -1.505480341390525 0.54864 1.0283106210632738 0.03422456732325968
44715 11390060 3.4210792133889623 -1.494672976739771 0.54864 1.0283106210632738 0.03422456732325968
44716 11390060 3.4635038058204985 -1.478962407744829 0.54864 1.0283106210632738 0.03422456732325968
44717 11390060 3.5275260995485187 -1.451491983042015 0.54864 1.0283106210632738 0.03422456732325968
44718 11390060 3.5438364147074033 -1.4423291076874452 0.54864 1.0283106210632738 0.03422456732325968
44719 11390060 3.560146729866288 -1.433166232332875 0.54864 1.0283106210632738 0.03422456732325968
44720 11390060 3.574531426447888 -1.4217396891135081 0.54864 1.0283106210632738 0.03422456732325968
44721 11390060 3.6303957797132327 -1.375720673052623 0.54864 1.0283106210632738 0.03422456732325968
44722 11390060 3.662803886049283 -1.3430744116858901 0.54864 1.0283106210632738 0.03422456732325968
44723 11390060 3.6876440674576276 -1.3091270575984695 0.54864 1.0283106210632738 0.03422456732325968
44724 11390060 3.70727769633827 -1.2761676185355573 0.54864 1.0283106210632738 0.03422456732325968
44725 11390060 3.7265253658327904 -1.2335037790763912 0.54864 1.0283106210632738 0.03422456732325968
44726 11390060 3.7383949237149983 -1.2025668162274796 0.5181600000000001 1.0283106210632738 0.03422456732325968
44727 11390060 3.7461311502334227 -1.1842985702163575 0.5181600000000001 1.0283106210632738 0.03422456732325968
44728 11390060 3.753867376751847 -1.1660303242052354 0.5181600000000001 1.0283106210632738 0.03422456732325968
44729 11390060 3.761899689663485 -1.1250806206794168 0.5181600000000001 1.0283106210632738 0.03422456732325968
44730 11390060 3.7730527331221717 -1.0800094210748588 0.5181600000000001 1.0283106210632738 0.03422456732325968
44731 11390060 3.777459870907667 -1.0433670444490484 0.5181600000000001 1.0283106210632738 0.03422456732325968
44732 11390060 3.785308764135663 -1.0027079100432883 0.5181600000000001 1.0283106210632738 0.03422456732325968
44733 11390060 3.785794524984871 -0.9794458490041154 0.5181600000000001 1.0283106210632738 0.03422456732325968
44734 11390060 3.7862802858340787 -0.9561837879649423 0.5181600000000001 1.0283106210632738 0.03422456732325968
44735 11390060 3.7874509020844105 -0.9270125951562628 0.5181600000000001 1.0283106210632738 0.03422456732325968
44736 11390060 3.7887774379895616 -0.8821227982021319 0.5181600000000001 1.0283106210632738 0.03422456732325968
44737 11390060 3.7865804141956225 -0.8453114044331591 0.5181600000000001 1.0283106210632738 0.03422456732325968
44738 11390060 3.7881060145216434 -0.8177745326676784 0.5181600000000001 1.0283106210632738 0.03422456732325968
44739 11390060 3.7842359778537347 -0.779015501918869 0.5181600000000001 1.0283106210632738 0.03422456732325968
44740 11390060 3.787467204386348 -0.7582260968256856 0.5181600000000001 1.0283106210632738 0.03422456732325968
44741 11390060 3.7855322366207176 -0.7260557587107744 0.5181600000000001 1.0283106210632738 0.03422456732325968
44742 11390060 3.7800622885342996 -0.676144810800103 0.48768 1.0283106210632738 0.03422456732325968
44743 11390060 3.7737584603357295 -0.6451187838845447 0.48768 1.0283106210632738 0.03422456732325968
44744 11390060 3.772912177464459 -0.6150557516391192 0.48768 1.0283106210632738 0.03422456732325968
44745 11390060 3.7696202639369396 -0.5924883450407628 0.48768 1.0283106210632738 0.03422456732325968
44746 11390060 3.764277521276998 -0.5666818978916557 0.48768 1.0283106210632738 0.03422456732325968
44747 11390060 3.758934778617056 -0.5408754507425487 0.48768 1.0283106210632738 0.03422456732325968
44748 11390060 3.7575963368578895 -0.509600455356434 0.48768 1.0283106210632738 0.03422456732325968
44749 11390060 3.753867083665937 -0.491095499409149 0.48768 1.0283106210632738 0.03422456732325968
44750 11390060 3.746813812803686 -0.4460409471805008 0.48768 1.0283106210632738 0.03422456732325968
44751 11390060 3.7383891497612396 -0.41607483788898414 0.48768 1.0283106210632738 0.03422456732325968
44752 11390060 3.7352011019054316 -0.3931907446600782 0.48768 1.0283106210632738 0.03422456732325968
44753 11390060 3.7245826145849374 -0.3479072023976555 0.48768 1.0283106210632738 0.03422456732325968
44754 11390060 3.7192903862909956 -0.3140569801918649 0.48768 1.0283106210632738 0.03422456732325968
44755 11390060 3.710351527122917 -0.28158666858447423 0.48768 1.0283106210632738 0.03422456732325968
44756 11390060 3.704646991066114 -0.24736820310927624 0.48768 1.0283106210632738 0.03422456732325968
44757 11390060 3.7001756769110288 -0.23522082260811597 0.47244 1.0283106210632738 0.03422456732325968
44758 11390060 3.6957043627559436 -0.2230734421069557 0.45720000000000005 1.0283106210632738 0.03422456732325968
44759 11390060 3.6906080071832337 -0.18835248413044783 0.45720000000000005 1.0283106210632738 0.03422456732325968
44760 11390060 3.6784132632717155 -0.1563381030763719 0.45720000000000005 1.0283106210632738 0.03422456732325968
44761 11390060 3.6717892243866155 -0.12766006024011614 0.45720000000000005 1.0283106210632738 0.03422456732325968
44762 11390060 3.6592604416536125 -0.09939135419155135 0.45720000000000005 1.0283106210632738 0.03422456732325968
44763 11390060 3.6467316589206096 -0.07112264814298655 0.45720000000000005 1.0283106210632738 0.03422456732325968
44764 11390060 3.623566756650021 -0.035995374607163316 0.45720000000000005 1.0283106210632738 0.03422456732325968
44765 11390060 3.599177684943756 -0.01822408071423967 0.45720000000000005 1.0283106210632738 0.03422456732325968
44766 11390060 3.5890014848490743 -0.00859528906868337 0.45720000000000005 1.0283106210632738 0.03422456732325968
44767 11390060 3.5645436648036153 0.008964982099480018 0.45720000000000005 1.0283106210632738 0.03422456732325968
44768 11390060 3.541720902081935 0.0179316325026235 0.45720000000000005 1.0283106210632738 0.03422456732325968
44769 11390060 3.495096364069833 0.027423649688462087 0.45720000000000005 1.0283106210632738 0.03422456732325968
44770 11390060 3.479895464092647 0.03145001502838715 0.45720000000000005 1.0283106210632738 0.03422456732325968
44771 11390060 3.4397884289854224 0.029353442217614018 0.45720000000000005 1.0283106210632738 0.03422456732325968
44772 11390060 3.4200481524970376 0.02464018669821924 0.45720000000000005 1.0283106210632738 0.03422456732325968
44773 11390060 3.400307876008653 0.019926931178824464 0.45720000000000005 1.0283106210632738 0.03422456732325968
44774 11390060 3.3683737055117478 0.014579284136864018 0.45720000000000005 1.0283106210632738 0.03422456732325968
44775 11390060 3.3418842393682926 0.006870670171509857 0.45720000000000005 1.0283106210632738 0.03422456732325968
44776 11390060 3.307473696606153 0.0020978384425092977 0.45720000000000005 1.0283106210632738 0.03422456732325968
44777 11390060 3.270314886632044 0.0035956215234400346 0.45720000000000005 1.0283106210632738 0.03422456732325968
44778 11390060 3.2527808313865876 -0.0022462103391560906 0.45720000000000005 1.0283106210632738 0.03422456732325968
44779 11390060 3.2190837469022604 -0.002111676160969661 0.45720000000000005 1.0283106210632738 0.03422456732325968
44780 11390060 3.1910036647248075 -0.0038103093681120803 0.44196 1.0283106210632738 0.03422456732325968
44781 11390060 3.1629235825473545 -0.0055089425752545 0.42672000000000004 1.0283106210632738 0.03422456732325968
44782 11390060 3.133666700405593 6.880097429981524e-05 0.42672000000000004 1.0283106210632738 0.03422456732325968
44783 11390060 3.1109860013943162 -0.003041523061095869 0.42672000000000004 1.0283106210632738 0.03422456732325968
44784 11390060 3.063968272048988 0.0014416431107869554 0.42672000000000004 1.0283106210632738 0.03422456732325968
44785 11390060 3.03620803506856 -0.0019963135811965904 0.42672000000000004 1.0283106210632738 0.03422456732325968
44786 11390060 3.0083925805426643 -0.0017948526566375078 0.42672000000000004 1.0283106210632738 0.03422456732325968
44787 11390060 2.9726236002190314 0.004507432168945197 0.42672000000000004 1.0283106210632738 0.03422456732325968
44788 11390060 2.9431205235373916 0.0011714410076219817 0.42672000000000004 1.0283106210632738 0.03422456732325968
44789 11390060 2.9302445999202957 0.0011691576351912925 0.42672000000000004 1.0283106210632738 0.03422456732325968
44790 11390060 2.9173686763032 0.0011668742627606032 0.42672000000000004 1.0283106210632738 0.03422456732325968
44791 11390060 2.868513448809667 0.0011111465890205896 0.42672000000000004 1.0283106210632738 0.03422456732325968
44792 11390060 2.8437018131995693 0.001267167969684596 0.42672000000000004 1.0283106210632738 0.03422456732325968
44793 11390060 2.814809044705413 0.002521912859013181 0.42672000000000004 1.0283106210632738 0.03422456732325968
44794 11390060 2.7722254882388775 0.002638943571233149 0.42672000000000004 1.0283106210632738 0.03422456732325968
44795 11390060 2.754739092877937 0.0007543470344668901 0.42672000000000004 1.0283106210632738 0.03422456732325968
44796 11390060 2.7185010874930096 -9.003022985590303e-05 0.42672000000000004 1.0283106210632738 0.03422456732325968
44797 11390060 2.682263082108082 -0.0009344074941786962 0.42672000000000004 1.0283106210632738 0.03422456732325968
44798 11390060 2.6672209665242215 0.0005886644317403822 0.42672000000000004 1.0283106210632738 0.03422456732325968
44799 11390060 2.652178850940361 0.0021117363576594606 0.42672000000000004 1.0283106210632738 0.03422456732325968
44800 11390060 2.6221388188298693 0.002573576602505484 0.42672000000000004 1.0283106210632738 0.03422456732325968
44801 11390060 2.6005269695224964 0.004372541643057087 0.42672000000000004 1.0283106210632738 0.03422456732325968
44802 11390060 2.5674936645906214 0.0038259275535389714 0.42672000000000004 1.0283106210632738 0.03422456732325968
44803 11390060 2.5231917317803725 0.00684171924865376 0.42672000000000004 1.0283106210632738 0.03422456732325968
44804 11390060 2.4960855912388142 0.005411617949117847 0.42672000000000004 1.0283106210632738 0.03422456732325968
44805 11390060 2.4679701757493566 0.003610220963867178 0.42672000000000004 1.0283106210632738 0.03422456732325968
44806 11390060 2.434375528220577 0.004065178386123441 0.39624000000000004 1.0283106210632738 0.03422456732325968
44807 11390060 2.4093814830863907 0.006384892117443169 0.39624000000000004 1.0283106210632738 0.03422456732325968
44808 11390060 2.370510029119953 0.003189357479348426 0.39624000000000004 1.0283106210632738 0.03422456732325968
44809 11390060 2.341389591333571 0.007557529864954643 0.39624000000000004 1.0283106210632738 0.03422456732325968
44810 11390060 2.311703581164892 0.00638633301165728 0.39624000000000004 1.0283106210632738 0.03422456732325968
44811 11390060 2.278093563430027 0.0013564628288103286 0.39624000000000004 1.0283106210632738 0.03422456732325968
44812 11390060 2.261123770048081 0.001056568622094911 0.39624000000000004 1.0283106210632738 0.03422456732325968
44813 11390060 2.2441539766661354 0.0007566744153794935 0.39624000000000004 1.0283106210632738 0.03422456732325968
44814 11390060 2.217586585154847 -0.00038111720336594934 0.39624000000000004 1.0283106210632738 0.03422456732325968
44815 11390060 2.172710592604191 0.0022400549081425247 0.39624000000000004 1.0283106210632738 0.03422456732325968
44816 11390060 2.1474846651989936 0.0011317408732002543 0.39624000000000004 1.0283106210632738 0.03422456732325968
44817 11390060 2.1166512357392926 -0.0008322515867568436 0.39624000000000004 1.0283106210632738 0.03422456732325968
44818 11390060 2.0896508673539858 0.0021436757008014007 0.39624000000000004 1.0283106210632738 0.03422456732325968
44819 11390060 2.0592889466026816 0.002304000146011592 0.39624000000000004 1.0283106210632738 0.03422456732325968
44820 11390060 2.0289270258513774 0.0024643245912217837 0.39624000000000004 1.0283106210632738 0.03422456732325968
44821 11390060 1.9965948895189911 0.005429420512390065 0.39624000000000004 1.0283106210632738 0.03422456732325968
44822 11390060 1.9569315305650707 0.002260862274457265 0.39624000000000004 1.0283106210632738 0.03422456732325968
44823 11390060 1.942393778292427 0.003971121888705992 0.39624000000000004 1.0283106210632738 0.03422456732325968
44824 11390060 1.9018725826522584 0.0038866986479411947 0.39624000000000004 1.0283106210632738 0.03422456732325968
44825 11390060 1.8638751372851183 0.005548348731664404 0.39624000000000004 1.0283106210632738 0.03422456732325968
44826 11390060 1.8525910869594147 0.003626098978347092 0.39624000000000004 1.0283106210632738 0.03422456732325968
44827 11390060 1.8238352899973709 0.0053071335282313115 0.36576 1.0283106210632738 0.03422456732325968
44828 11390060 1.774943581830715 0.005153371399453127 0.36576 1.0283106210632738 0.03422456732325968
44829 11390060 1.745861901833277 0.00039908387474532625 0.36576 1.0283106210632738 0.03422456732325968
44830 11390060 1.7148710722291227 0.003394600633119166 0.36576 1.0283106210632738 0.03422456732325968
44831 11390060 1.6857703766557472 0.004020574366927071 0.36576 1.0283106210632738 0.03422456732325968
44832 11390060 1.6579035844441687 0.00389328085167281 0.36576 1.0283106210632738 0.03422456732325968
44833 11390060 1.6300367922325902 0.003765987336418549 0.36576 1.0283106210632738 0.03422456732325968
44834 11390060 1.6021700000210117 0.0036386938211642877 0.36576 1.0283106210632738 0.03422456732325968
44835 11390060 1.5634148851495655 0.004614717010342231 0.36576 1.0283106210632738 0.03422456732325968
44836 11390060 1.5415526663864625 0.004746193971815647 0.36576 1.0283106210632738 0.03422456732325968
44837 11390060 1.5196904476233593 0.004877670933289062 0.36576 1.0283106210632738 0.03422456732325968
44838 11390060 1.4978282288602562 0.005009147894762478 0.36576 1.0283106210632738 0.03422456732325968
44839 11390060 1.470041694925572 0.005128900662092308 0.36576 1.0283106210632738 0.03422456732325968
44840 11390060 1.4422551609908878 0.005248653429422138 0.36576 1.0283106210632738 0.03422456732325968
44841 11390060 1.4144686270562035 0.005368406196751968 0.36576 1.0283106210632738 0.03422456732325968
44842 11390060 1.388869709268473 0.0050272647869740285 0.36576 1.0283106210632738 0.03422456732325968
44843 10628960 0.4989567931870853 0.20681510730558006 0.33528 1.0283106210632738 0.03422456732325968
44843 11390060 1.3632707914807425 0.004686123377196089 0.36576 1.0283106210632738 0.03422456732325968
44844 10628960 0.499734491952831 0.20457487759596973 0.33528 1.0283106210632738 0.03422456732325968
44844 11390060 1.3376718736930122 0.0043449819674181486 0.36576 1.0283106210632738 0.03422456732325968
44845 10628960 0.5005121907185767 0.2023346478863594 0.33528 1.0283106210632738 0.03422456732325968
44845 11390060 1.3120729559052817 0.004003840557640209 0.36576 1.0283106210632738 0.03422456732325968
44846 11390060 1.2864740381175512 0.0036626991478622695 0.36576 1.0283106210632738 0.03422456732325968
44846 10628960 0.4972320707788603 0.20153728823203926 0.33528 1.0283106210632738 0.03422456732325968
44847 10628960 0.49779652985064315 0.20018454340529765 0.33528 1.0283106210632738 0.03422456732325968
44847 11390060 1.2608751203298207 0.00332155773808433 0.36576 1.0283106210632738 0.03422456732325968
44848 11390060 1.2352762025420903 0.00298041632830639 0.36576 1.0283106210632738 0.03422456732325968
44848 10628960 0.49836098892242603 0.198831798578556 0.33528 1.0283106210632738 0.03422456732325968
44849 10628960 0.4989254479942089 0.1974790537518144 0.33528 1.0283106210632738 0.03422456732325968
44849 11390060 1.20967728475436 0.0026392749185284504 0.36576 1.0283106210632738 0.03422456732325968
44850 10628960 0.4982421426262032 0.1990375345412211 0.33528 1.0283106210632738 0.03422456732325968
44850 11390060 1.1840783669666295 0.002298133508750511 0.36576 1.0283106210632738 0.03422456732325968
44851 11390060 1.158479449178899 0.001956992098972571 0.36576 1.0283106210632738 0.03422456732325968
44851 10628960 0.4975588372581975 0.20059601533062782 0.33528 1.0283106210632738 0.03422456732325968
44852 11390060 1.135460774265387 0.0021753151933091713 0.36576 1.0283106210632738 0.03422456732325968
44852 10628960 0.4968755318901918 0.20215449612003453 0.33528 1.0283106210632738 0.03422456732325968
44853 10628960 0.49619222652218603 0.2037129769094412 0.33528 1.0283106210632738 0.03422456732325968
44853 11390060 1.1124420993518749 0.002393638287645772 0.36576 1.0283106210632738 0.03422456732325968
44854 10628960 0.4955089211541803 0.20527145769884791 0.33528 1.0283106210632738 0.03422456732325968
44854 11390060 1.0938355021836377 0.006603052811599522 0.36576 1.0283106210632738 0.03422456732325968
44855 10628960 0.4948256157861746 0.20682993848825462 0.33528 1.0283106210632738 0.03422456732325968
44855 11390060 1.073877652004674 0.005996841601968457 0.36576 1.0283106210632738 0.03422456732325968
44856 11390060 1.0539198018257103 0.005390630392337392 0.36576 1.0283106210632738 0.03422456732325968
44856 10628960 0.4941423104181689 0.20838841927766133 0.33528 1.0283106210632738 0.03422456732325968
44857 10628960 0.4939985832500045 0.2079486011198274 0.33528 1.0283106210632738 0.03422456732325968
44857 11390060 1.0431697584237591 0.005105836539691003 0.36576 1.0283106210632738 0.03422456732325968
44858 11390060 1.032419715021808 0.004821042687044613 0.36576 1.0283106210632738 0.03422456732325968
44858 10628960 0.49385485608184015 0.20750878296199352 0.33528 1.0283106210632738 0.03422456732325968
44859 10628960 0.49371112891367575 0.2070689648041596 0.33528 1.0283106210632738 0.03422456732325968
44859 11390060 1.0142182238618935 0.004381089623598233 0.36576 1.0283106210632738 0.03422456732325968
44860 10628960 0.49356740174551134 0.20662914664632567 0.33528 1.0283106210632738 0.03422456732325968
44860 11390060 0.996016732701979 0.003941136560151853 0.36576 1.0283106210632738 0.03422456732325968
44861 10628960 0.493423674577347 0.20618932848849178 0.33528 1.0283106210632738 0.03422456732325968
44861 11390060 0.9778152415420646 0.0035011834967054734 0.36576 1.0283106210632738 0.03422456732325968
44862 10628960 0.4932799474091826 0.20574951033065786 0.33528 1.0283106210632738 0.03422456732325968
44862 11390060 0.9645842633771013 0.005136895071080977 0.36576 1.0283106210632738 0.03422456732325968
44863 10628960 0.49313622024101816 0.20530969217282394 0.33528 1.0283106210632738 0.03422456732325968
44863 11390060 0.951353285212138 0.00677260664545648 0.36576 1.0283106210632738 0.03422456732325968
44864 10628960 0.4929924930728538 0.20486987401499004 0.33528 1.0283106210632738 0.03422456732325968
44864 11390060 0.9397905434511508 0.006549080811542677 0.36576 1.0283106210632738 0.03422456732325968
44865 10628960 0.4928487659046894 0.20443005585715612 0.33528 1.0283106210632738 0.03422456732325968
44865 11390060 0.9282278016901635 0.006325554977628874 0.36576 1.0283106210632738 0.03422456732325968
44866 11390060 0.9166650599291764 0.006102029143715071 0.36576 1.0283106210632738 0.03422456732325968
44866 10628960 0.492705038736525 0.2039902376993222 0.33528 1.0283106210632738 0.03422456732325968
44867 11390060 0.9051023181681891 0.005878503309801268 0.36576 1.0283106210632738 0.03422456732325968
44867 10628960 0.49256131156836064 0.2035504195414883 0.33528 1.0283106210632738 0.03422456732325968
44868 11390060 0.8935395764072018 0.005654977475887465 0.36576 1.0283106210632738 0.03422456732325968
44868 10628960 0.49241758440019623 0.2031106013836544 0.33528 1.0283106210632738 0.03422456732325968
44869 11390060 0.8819768346462147 0.005431451641973662 0.36576 1.0283106210632738 0.03422456732325968
44869 10628960 0.4926115097338738 0.20274484880144758 0.33528 1.0283106210632738 0.03422456732325968
44870 10628960 0.4928054350675514 0.20237909621924077 0.33528 1.0283106210632738 0.03422456732325968
44870 11390060 0.8704140928852274 0.005207925808059859 0.36576 1.0283106210632738 0.03422456732325968
44871 11390060 0.8588513511242402 0.004984399974146056 0.36576 1.0283106210632738 0.03422456732325968
44871 10628960 0.492999360401229 0.20201334363703394 0.33528 1.0283106210632738 0.03422456732325968
44872 10628960 0.4931932857349066 0.20164759105482713 0.33528 1.0283106210632738 0.03422456732325968
44872 11390060 0.85906142120866 0.005139000612754412 0.36576 1.0283106210632738 0.03422456732325968
44873 10628960 0.4933872110685842 0.20128183847262032 0.33528 1.0283106210632738 0.03422456732325968
44873 11390060 0.8592714912930799 0.005293601251362768 0.36576 1.0283106210632738 0.03422456732325968
44874 10628960 0.49358113640226176 0.20091608589041351 0.33528 1.0283106210632738 0.03422456732325968
44874 11390060 0.8594815613774999 0.005448201889971123 0.36576 1.0283106210632738 0.03422456732325968
44875 10628960 0.4937750617359394 0.2005503333082067 0.33528 1.0283106210632738 0.03422456732325968
44875 11390060 0.8596916314619197 0.005602802528579478 0.36576 1.0283106210632738 0.03422456732325968
44876 10628960 0.49396898706961695 0.2001845807259999 0.33528 1.0283106210632738 0.03422456732325968
44876 11390060 0.8599017015463396 0.005757403167187834 0.36576 1.0283106210632738 0.03422456732325968
44877 10628960 0.4941629124032946 0.19981882814379306 0.33528 1.0283106210632738 0.03422456732325968
44877 11390060 0.8601117716307595 0.00591200380579619 0.36576 1.0283106210632738 0.03422456732325968
44878 10628960 0.49435683773697214 0.19945307556158626 0.33528 1.0283106210632738 0.03422456732325968
44878 11390060 0.8603218417151793 0.006066604444404546 0.36576 1.0283106210632738 0.03422456732325968
44879 10628960 0.49455076307064977 0.19908732297937945 0.33528 1.0283106210632738 0.03422456732325968
44879 11390060 0.8605319117995993 0.006221205083012901 0.36576 1.0283106210632738 0.03422456732325968
44880 10628960 0.49474468840432734 0.19872157039717264 0.33528 1.0283106210632738 0.03422456732325968
44880 11390060 0.8607419818840192 0.006375805721621257 0.36576 1.0283106210632738 0.03422456732325968
44881 11390060 0.860952051968439 0.0065304063602296125 0.36576 1.0283106210632738 0.03422456732325968
44881 10628960 0.4949386137380049 0.19835581781496583 0.33528 1.0283106210632738 0.03422456732325968
44882 10628960 0.49513253907168253 0.19799006523275903 0.33528 1.0283106210632738 0.03422456732325968
44882 11390060 0.8611621220528589 0.0066850069988379675 0.36576 1.0283106210632738 0.03422456732325968
44883 11390060 0.8613721921372788 0.006839607637446324 0.36576 1.0283106210632738 0.03422456732325968
44883 10628960 0.4953264644053601 0.1976243126505522 0.33528 1.0283106210632738 0.03422456732325968
44884 11390060 0.8615822622216988 0.006994208276054679 0.36576 1.0283106210632738 0.03422456732325968
44884 10628960 0.4955203897390377 0.19725856006834538 0.33528 1.0283106210632738 0.03422456732325968
44885 11390060 0.8617923323061186 0.007148808914663035 0.36576 1.0283106210632738 0.03422456732325968
44885 10628960 0.4957143150727153 0.19689280748613858 0.33528 1.0283106210632738 0.03422456732325968
44886 10628960 0.4989738777375705 0.19395836777762107 0.33528 1.0283106210632738 0.03422456732325968
44886 11390060 0.8620024023905385 0.007303409553271391 0.36576 1.0283106210632738 0.03422456732325968
44887 10628960 0.5022334404024257 0.19102392806910357 0.33528 1.0283106210632738 0.03422456732325968
44887 11390060 0.8622124724749584 0.007458010191879746 0.36576 1.0283106210632738 0.03422456732325968
44888 10628960 0.50077110917341 0.19062558225811269 0.33528 1.0283106210632738 0.03422456732325968
44888 11390060 0.8624225425593782 0.0076126108304881025 0.36576 1.0283106210632738 0.03422456732325968
44889 11390060 0.8626326126437982 0.007767211469096457 0.36576 1.0283106210632738 0.03422456732325968
44889 10628960 0.4993087779443941 0.1902272364471218 0.33528 1.0283106210632738 0.03422456732325968
44890 11390060 0.8628426827282181 0.007921812107704814 0.36576 1.0283106210632738 0.03422456732325968
44890 10628960 0.5006467010797253 0.18616833290722032 0.33528 1.0283106210632738 0.03422456732325968
44891 11390060 0.8630527528126379 0.008076412746313169 0.36576 1.0283106210632738 0.03422456732325968
44891 10628960 0.5007284881719686 0.18361031831915212 0.33528 1.0283106210632738 0.03422456732325968
44892 10628960 0.5008102752642117 0.18105230373108389 0.33528 1.0283106210632738 0.03422456732325968
44892 11390060 0.8632628228970578 0.008231013384921524 0.36576 1.0283106210632738 0.03422456732325968
44893 10628960 0.500892062356455 0.17849428914301568 0.33528 1.0283106210632738 0.03422456732325968
44893 11390060 0.8634728929814777 0.008385614023529879 0.36576 1.0283106210632738 0.03422456732325968
44894 10628960 0.5000814464213612 0.17601371311623548 0.33528 1.0283106210632738 0.03422456732325968
44894 11390060 0.8636829630658976 0.008540214662138236 0.36576 1.0283106210632738 0.03422456732325968
44895 10628960 0.49927083048626747 0.1735331370894553 0.33528 1.0283106210632738 0.03422456732325968
44895 11390060 0.8638930331503175 0.008694815300746592 0.36576 1.0283106210632738 0.03422456732325968
44896 11390060 0.8641031032347374 0.008849415939354947 0.36576 1.0283106210632738 0.03422456732325968
44896 10628960 0.501834897877294 0.16860623666714858 0.33528 1.0283106210632738 0.03422456732325968
44897 10628960 0.5043989652683205 0.16367933624484182 0.33528 1.0283106210632738 0.03422456732325968
44897 11390060 0.8643131733191572 0.009004016577963302 0.36576 1.0283106210632738 0.03422456732325968
44898 10628960 0.5040158646055539 0.15843041174957895 0.33528 1.0067452383807876 0.21226888466662114
44898 11390060 0.8645232434035771 0.009158617216571657 0.36576 1.0067452383807876 0.21226888466662114
44899 10628960 0.5036327639427873 0.15318148725431607 0.33528 1.0067452383807876 0.21226888466662114
44899 11390060 0.8647333134879971 0.009313217855180014 0.36576 1.0067452383807876 0.21226888466662114
44900 10628960 0.5032496632800206 0.1479325627590532 0.33528 1.0067452383807876 0.21226888466662114
44900 11390060 0.864943383572417 0.00946781849378837 0.36576 1.0067452383807876 0.21226888466662114
44901 10628960 0.502866562617254 0.14268363826379032 0.33528 1.0067452383807876 0.21226888466662114
44901 11390060 0.8651534536568368 0.009622419132396726 0.36576 1.0067452383807876 0.21226888466662114
44902 11390060 0.8653635237412567 0.00977701977100508 0.36576 1.0067452383807876 0.21226888466662114
44902 10628960 0.5037998069863339 0.13910747435229384 0.33528 1.0067452383807876 0.21226888466662114
44903 11390060 0.8655735938256766 0.009931620409613436 0.36576 1.0067452383807876 0.21226888466662114
44903 10628960 0.5047330513554137 0.13553131044079736 0.33528 1.0067452383807876 0.21226888466662114
44904 10628960 0.5056662957244934 0.1319551465293009 0.33528 1.0067452383807876 0.21226888466662114
44904 11390060 0.8657836639100965 0.010086221048221792 0.36576 1.0067452383807876 0.21226888466662114
44905 11390060 0.8659937339945164 0.010240821686830149 0.36576 1.0067452383807876 0.21226888466662114
44905 10628960 0.5065995400935732 0.12837898261780442 0.33528 1.0067452383807876 0.21226888466662114
44906 11390060 0.8662038040789363 0.010395422325438504 0.36576 1.0067452383807876 0.21226888466662114
44906 10628960 0.507532784462653 0.12480281870630794 0.33528 1.0067452383807876 0.21226888466662114
44907 11390060 0.8664138741633561 0.010550022964046859 0.36576 1.0067452383807876 0.21226888466662114
44907 10628960 0.5084660288317329 0.12122665479481146 0.33528 1.0067452383807876 0.21226888466662114
44908 10628960 0.5093992732008126 0.11765049088331497 0.33528 1.0067452383807876 0.21226888466662114
44908 11390060 0.866623944247776 0.010704623602655214 0.36576 1.0067452383807876 0.21226888466662114
44909 11390060 0.866834014332196 0.01085922424126357 0.36576 1.0067452383807876 0.21226888466662114
44909 10628960 0.5103325175698924 0.1140743269718185 0.33528 1.0067452383807876 0.21226888466662114
44910 11390060 0.8670440844166158 0.011013824879871926 0.36576 1.0067452383807876 0.21226888466662114
44910 10628960 0.5112657619389722 0.11049816306032204 0.33528 1.0067452383807876 0.21226888466662114
44911 10628960 0.512199006308052 0.10692199914882555 0.33528 1.0067452383807876 0.21226888466662114
44911 11390060 0.8672541545010357 0.011168425518480282 0.36576 1.0067452383807876 0.21226888466662114
44912 11390060 0.8674642245854556 0.011323026157088637 0.36576 1.0067452383807876 0.21226888466662114
44912 10628960 0.5131322506771319 0.10334583523732907 0.33528 1.0067452383807876 0.21226888466662114
44913 11390060 0.8676742946698754 0.011477626795696992 0.36576 1.0067452383807876 0.21226888466662114
44913 10628960 0.5140654950462116 0.09976967132583259 0.33528 1.0067452383807876 0.21226888466662114
44914 10628960 0.5149987394152914 0.09619350741433612 0.33528 1.0067452383807876 0.21226888466662114
44914 11390060 0.8678843647542953 0.011632227434305349 0.36576 1.0067452383807876 0.21226888466662114
44915 10628960 0.5159319837843712 0.09261734350283964 0.33528 1.0067452383807876 0.21226888466662114
44915 11390060 0.8680944348387153 0.011786828072913704 0.36576 1.0067452383807876 0.21226888466662114
44916 10628960 0.516865228153451 0.08904117959134317 0.33528 1.0067452383807876 0.21226888466662114
44916 11080625 -3.8255344961687623 1.7302624503742294 0.74676 1.0067452383807876 0.21226888466662114
44916 11390060 0.8683045049231352 0.01194142871152206 0.36576 1.0067452383807876 0.21226888466662114
44917 11080625 -3.7692097183628164 1.716725690898257 0.74676 1.0067452383807876 0.21226888466662114
44917 10628960 0.5177984725225308 0.08546501567984668 0.33528 1.0067452383807876 0.21226888466662114
44917 11390060 0.868514575007555 0.012096029350130415 0.36576 1.0067452383807876 0.21226888466662114
44918 10628960 0.5187317168916106 0.0818888517683502 0.33528 1.0067452383807876 0.21226888466662114
44918 11390060 0.8687246450919749 0.01225062998873877 0.36576 1.0067452383807876 0.21226888466662114
44918 11080625 -3.676149472137481 1.6862525343951489 0.73914 1.0067452383807876 0.21226888466662114
44919 11390060 0.8689347151763948 0.012405230627347127 0.36576 1.0067452383807876 0.21226888466662114
44919 11080625 -3.663875112973649 1.682233332692698 0.73914 1.0067452383807876 0.21226888466662114
44919 10628960 0.5196649612606904 0.07831268785685373 0.33528 1.0067452383807876 0.21226888466662114
44920 11390060 0.8691447852608147 0.012559831265955482 0.36576 1.0067452383807876 0.21226888466662114
44920 10628960 0.5229490356366584 0.07836108042177906 0.33528 1.0067452383807876 0.21226888466662114
44920 11080625 -3.6516007538098174 1.678214130990247 0.73914 1.0067452383807876 0.21226888466662114
44921 11080625 -3.5375927782585563 1.6466094994276435 0.73914 1.0067452383807876 0.21226888466662114
44921 11390060 0.8693548553452346 0.012714431904563839 0.36576 1.0067452383807876 0.21226888466662114
44921 10628960 0.5262331100126265 0.07840947298670438 0.33528 1.0067452383807876 0.21226888466662114
44922 11080625 -3.4382668148590465 1.618995950286923 0.73914 1.0067452383807876 0.21226888466662114
44922 11390060 0.8695649254296545 0.012869032543172194 0.36576 1.0067452383807876 0.21226888466662114
44922 10628960 0.5295171843885945 0.07845786555162972 0.33528 1.0067452383807876 0.21226888466662114
44923 11390060 0.8697749955140743 0.013023633181780549 0.36576 1.0067452383807876 0.21226888466662114
44923 10628960 0.5328012587645626 0.07850625811655504 0.33528 1.0067452383807876 0.21226888466662114
44923 11080625 -3.3656739239330005 1.595462283247258 0.73914 1.0067452383807876 0.21226888466662114
44924 10628960 0.5360853331405306 0.07855465068148036 0.33528 1.0067452383807876 0.21226888466662114
44924 11390060 0.8699850655984942 0.013178233820388905 0.36576 1.0067452383807876 0.21226888466662114
44924 11080625 -3.261960024138424 1.572841530180027 0.73152 1.0067452383807876 0.21226888466662114
44925 11080625 -3.202791284006462 1.5589046035557081 0.73152 1.0067452383807876 0.21226888466662114
44925 11390060 0.8701951356829142 0.01333283445899726 0.36576 1.0067452383807876 0.21226888466662114
44925 10628960 0.5440660415165168 0.07851697996118903 0.33528 1.0067452383807876 0.21226888466662114
44926 11080625 -3.1436225438745 1.5449676769313891 0.73152 1.0067452383807876 0.21226888466662114
44926 10628960 0.552046749892503 0.07847930924089772 0.33528 1.0067452383807876 0.21226888466662114
44926 11390060 0.870405205767334 0.013487435097605615 0.36576 1.0067452383807876 0.21226888466662114
44927 11080625 -3.0770845826885544 1.5284438933178757 0.73152 1.0067452383807876 0.21226888466662114
44927 11390060 0.8706152758517539 0.013642035736213972 0.36576 1.0067452383807876 0.21226888466662114
44927 10628960 0.5584480033309696 0.08176165009778477 0.33528 1.0067452383807876 0.21226888466662114
44928 11390060 0.8708253459361738 0.013796636374822327 0.36576 1.0067452383807876 0.21226888466662114
44928 10628960 0.5634631803706472 0.08012283113441801 0.33528 1.0067452383807876 0.21226888466662114
44928 11080625 -3.0277848113564767 1.518820092141774 0.73152 1.0067452383807876 0.21226888466662114
44929 11390060 0.8710354160205936 0.013951237013430684 0.36576 1.0067452383807876 0.21226888466662114
44929 11080625 -2.978485040024399 1.5091962909656722 0.73152 1.0067452383807876 0.21226888466662114
44929 10628960 0.5684783574103249 0.07848401217105125 0.33528 1.0067452383807876 0.21226888466662114
44930 11390060 0.8712454861050136 0.014105837652039039 0.36576 1.0067452383807876 0.21226888466662114
44930 11080625 -2.9064555848431244 1.4960182106105795 0.7277100000000001 1.0067452383807876 0.21226888466662114
44930 10628960 0.5723392020639201 0.07897482458435072 0.33528 1.0067452383807876 0.21226888466662114
44931 10628960 0.5762000467175153 0.07946563699765019 0.33528 1.0067452383807876 0.21226888466662114
44931 11080625 -2.8344261296618503 1.482840130255487 0.7239000000000001 1.0067452383807876 0.21226888466662114
44931 11390060 0.8714555561894335 0.014260438290647394 0.36576 1.0067452383807876 0.21226888466662114
44932 11080625 -2.7562656117393107 1.469263477721496 0.7239000000000001 1.0067452383807876 0.21226888466662114
44932 10628960 0.5800608913711105 0.07995644941094966 0.33528 1.0067452383807876 0.21226888466662114
44933 11080625 -2.6781050938167708 1.455686825187505 0.7239000000000001 1.0067452383807876 0.21226888466662114
44933 10628960 0.5912422023930732 0.08156000932541872 0.33528 1.0067452383807876 0.21226888466662114
44934 11080625 -2.6115476785266125 1.4446530048257296 0.7239000000000001 1.0067452383807876 0.21226888466662114
44934 10628960 0.6008713424949825 0.07841352150046742 0.33528 1.0067452383807876 0.21226888466662114
44935 10628960 0.605252001703419 0.07890973527851566 0.33528 1.0067452383807876 0.21226888466662114
44935 11080625 -2.5445088868457235 1.4334622733677 0.7239000000000001 1.0067452383807876 0.21226888466662114
44936 10628960 0.6096326609118554 0.0794059490565639 0.33528 1.0067452383807876 0.21226888466662114
44936 11080625 -2.4824787284014613 1.4237944971018666 0.7239000000000001 1.0067452383807876 0.21226888466662114
44937 10628960 0.6140133201202918 0.07990216283461213 0.33528 1.0067452383807876 0.21226888466662114
44937 11080625 -2.420742811018286 1.4170278397369844 0.7162800000000001 1.0067452383807876 0.21226888466662114
44938 11080625 -2.3638260291269657 1.4077494310395005 0.7162800000000001 1.0067452383807876 0.21226888466662114
44938 10628960 0.6183939793287282 0.08039837661266037 0.33528 1.0067452383807876 0.21226888466662114
44939 10628960 0.625050295147899 0.08038465928061486 0.33528 1.0067452383807876 0.21226888466662114
44939 11080625 -2.3069092472356454 1.3984710223420167 0.7162800000000001 1.0067452383807876 0.21226888466662114
44940 11080625 -2.23961859663436 1.3869670887291867 0.7162800000000001 1.0067452383807876 0.21226888466662114
44940 10628960 0.6317066109670699 0.08037094194856936 0.33528 1.0067452383807876 0.21226888466662114
44941 10628960 0.6383629267862407 0.08035722461652386 0.33528 1.0067452383807876 0.21226888466662114
44941 11080625 -2.178358322626459 1.3760349452344618 0.7162800000000001 1.0067452383807876 0.21226888466662114
44942 10628960 0.6450192426054115 0.08034350728447835 0.33528 1.0067452383807876 0.21226888466662114
44942 11080625 -2.1150099721734925 1.3660559054416475 0.7162800000000001 1.0067452383807876 0.21226888466662114
44943 10628960 0.6546483843717171 0.07719709302070071 0.33528 1.0067452383807876 0.21226888466662114
44943 11080625 -2.0376244048212104 1.3582613324561645 0.7086600000000001 1.0067452383807876 0.21226888466662114
44944 10628960 0.6618220689535614 0.07876676311505526 0.33528 1.0067452383807876 0.21226888466662114
44944 11080625 -1.9770282667585641 1.3480156191836012 0.7086600000000001 1.0067452383807876 0.21226888466662114
44945 10628960 0.6689957535354059 0.08033643320940981 0.33528 1.0067452383807876 0.21226888466662114
44945 11080625 -1.9137144711036853 1.3379328428392114 0.7086600000000001 1.0067452383807876 0.21226888466662114
44946 10628960 0.6746123483515128 0.08067417635671134 0.33528 1.0067452383807876 0.21226888466662114
44946 11080625 -1.8259338552871307 1.3266226391523728 0.7086600000000001 1.0067452383807876 0.21226888466662114
44947 10628960 0.6802289431676198 0.08101191950401289 0.33528 1.0067452383807876 0.21226888466662114
44947 11080625 -1.763542140903495 1.321867074359445 0.7086600000000001 1.0067452383807876 0.21226888466662114
44948 11080625 -1.6689554007510472 1.3069300012552347 0.7010400000000001 1.0067452383807876 0.21226888466662114
44948 10628960 0.6858455379837268 0.08134966265131442 0.33528 1.0067452383807876 0.21226888466662114
44949 11080625 -1.6054344830725455 1.2974832624581167 0.7010400000000001 1.0067452383807876 0.21226888466662114
44949 10628960 0.6914621327998338 0.08168740579861597 0.33528 1.0067452383807876 0.21226888466662114
44950 11080625 -1.552585037246297 1.2907101461892483 0.7010400000000001 1.0067452383807876 0.21226888466662114
44950 10628960 0.6970787276159408 0.0820251489459175 0.33528 1.0067452383807876 0.21226888466662114
44951 11080625 -1.4844920743921854 1.2789509636786331 0.7010400000000001 1.0067452383807876 0.21226888466662114
44951 10628960 0.7043767882179841 0.08159736109693062 0.3429 1.0067452383807876 0.21226888466662114
44952 11080625 -1.4122840500515637 1.2661968955735197 0.7010400000000001 1.0067452383807876 0.21226888466662114
44952 10628960 0.7116748488200275 0.08116957324794374 0.35052 1.0067452383807876 0.21226888466662114
44953 10628960 0.7189729094220708 0.08074178539895686 0.35814 1.0067452383807876 0.21226888466662114
44953 11080625 -1.337129869748103 1.2529472566536097 0.7010400000000001 1.0067452383807876 0.21226888466662114
44954 10628960 0.7262709700241141 0.08031399754996998 0.36576 1.0067452383807876 0.21226888466662114
44954 11080625 -1.2420383664667944 1.238201334881109 0.69342 1.0067452383807876 0.21226888466662114
44955 11080625 -1.185384613299093 1.2294856022596206 0.69342 1.0067452383807876 0.21226888466662114
44955 10628960 0.7317481352172064 0.0803156995908588 0.36576 1.0067452383807876 0.21226888466662114
44956 11080625 -1.1272905537168827 1.2170277749919864 0.69342 1.0067452383807876 0.21226888466662114
44956 10628960 0.7372253004102988 0.0803174016317476 0.36576 1.0067452383807876 0.21226888466662114
44957 11080625 -1.0591284181960468 1.205483795702405 0.69342 1.0067452383807876 0.21226888466662114
44957 10628960 0.742702465603391 0.08031910367263641 0.36576 1.0067452383807876 0.21226888466662114
44958 10628960 0.7496622428555814 0.07987532542656994 0.36576 1.0067452383807876 0.21226888466662114
44958 11080625 -1.0228475513826745 1.198291680859023 0.69342 1.0067452383807876 0.21226888466662114
44959 11080625 -0.9865666845693022 1.191099566015641 0.69342 1.0067452383807876 0.21226888466662114
44959 10628960 0.7566220201077717 0.07943154718050348 0.36576 1.0067452383807876 0.21226888466662114
44960 10628960 0.763581797359962 0.07898776893443701 0.36576 1.0067452383807876 0.21226888466662114
44960 11080625 -0.9215278939714684 1.1754375614603665 0.69342 1.0067452383807876 0.21226888466662114
44961 10628960 0.7699484286605786 0.08216474025989849 0.36576 1.0067452383807876 0.21226888466662114
44961 11080625 -0.8528655825487577 1.1599932558421775 0.69342 1.0067452383807876 0.21226888466662114
44962 10628960 0.7763914328374697 0.08081891897280377 0.36576 1.0067452383807876 0.21226888466662114
44962 11080625 -0.7855232322763308 1.143228742947204 0.69342 1.0067452383807876 0.21226888466662114
44963 10628960 0.782834437014361 0.07947309768570904 0.36576 1.0067452383807876 0.21226888466662114
44963 11080625 -0.7205362560662953 1.121977493045332 0.6858000000000001 1.0067452383807876 0.21226888466662114
44964 11080625 -0.6435658988952604 1.1020660558387738 0.6858000000000001 1.0067452383807876 0.21226888466662114
44964 10628960 0.7965045549962122 0.08189932351377374 0.36576 1.0067452383807876 0.21226888466662114
44965 11080625 -0.5886894947509003 1.0824865126658638 0.6858000000000001 1.0067452383807876 0.21226888466662114
44965 10628960 0.8030841729434682 0.08165124262376522 0.36576 1.0067452383807876 0.21226888466662114
44966 11080625 -0.49663911427961427 1.0435088849848426 0.6858000000000001 1.0067452383807876 0.21226888466662114
44966 10628960 0.8096637908907242 0.08140316173375671 0.36576 1.0067452383807876 0.21226888466662114
44967 10628960 0.8162434088379802 0.08115508084374819 0.36576 1.0067452383807876 0.21226888466662114
44967 11080625 -0.44174507402457897 1.0185504845926372 0.6858000000000001 1.0067452383807876 0.21226888466662114
44968 11080625 -0.40890172264125035 1.002204105401905 0.6858000000000001 1.0067452383807876 0.21226888466662114
44968 10628960 0.8228230267852361 0.08090699995373966 0.36576 1.0067452383807876 0.21226888466662114
44969 11080625 -0.3209652310087092 0.9533581708158124 0.6858000000000001 1.0067452383807876 0.21226888466662114
44969 10628960 0.8294026447324921 0.08065891906373114 0.36576 1.0067452383807876 0.21226888466662114
44970 11080625 -0.2731186642543195 0.92042409091294 0.6858000000000001 1.0067452383807876 0.21226888466662114
44970 10628960 0.8359822626797481 0.08041083817372263 0.36576 1.0067452383807876 0.21226888466662114
44971 11080625 -0.22050768779075058 0.8819605306769622 0.6781800000000001 1.0067452383807876 0.21226888466662114
44971 10628960 0.8425618806270041 0.08016275728371411 0.36576 1.0067452383807876 0.21226888466662114
44972 10628960 0.84914149857426 0.07991467639370559 0.36576 1.0067452383807876 0.21226888466662114
44972 11080625 -0.15172312734495774 0.8272279101070784 0.6781800000000001 1.0067452383807876 0.21226888466662114
44973 10628960 0.8557211165215161 0.07966659550369706 0.36576 1.0067452383807876 0.21226888466662114
44973 11080625 -0.10260640919945474 0.779159288028007 0.6781800000000001 1.0067452383807876 0.21226888466662114
44974 10628960 0.8623007344687721 0.07941851461368855 0.36576 1.0067452383807876 0.21226888466662114
44974 11080625 -0.056383806155171134 0.7371778875252396 0.6781800000000001 1.0067452383807876 0.21226888466662114
44975 11080625 -0.010574124981682642 0.6830645615970455 0.67056 1.0067452383807876 0.21226888466662114
44975 10628960 0.868880352416028 0.07917043372368003 0.36576 1.0067452383807876 0.21226888466662114
44976 11080625 0.030382833142954202 0.6371973883084708 0.67056 1.0067452383807876 0.21226888466662114
44976 10628960 0.875459970363284 0.07892235283367151 0.36576 1.0067452383807876 0.21226888466662114
44977 11080625 0.06884736535711133 0.5864205645483315 0.67056 1.0067452383807876 0.21226888466662114
44977 10628960 0.88203958831054 0.078674271943663 0.36576 1.0067452383807876 0.21226888466662114
44978 11080625 0.09249391944864965 0.5487242114363514 0.67056 1.0067452383807876 0.21226888466662114
44978 10628960 0.888619206257796 0.07842619105365448 0.36576 1.0067452383807876 0.21226888466662114
44979 10628960 0.8951988242050519 0.07817811016364595 0.36576 1.0067452383807876 0.21226888466662114
44979 11080625 0.11614047354018797 0.5110278583243714 0.67056 1.0067452383807876 0.21226888466662114
44980 10628960 0.901778442152308 0.07793002927363743 0.36576 1.0067452383807876 0.21226888466662114
44980 11080625 0.1570491429217209 0.4487046429728989 0.67056 1.0067452383807876 0.21226888466662114
44981 11080625 0.179589307149857 0.39811016551921485 0.6629400000000001 1.0067452383807876 0.21226888466662114
44981 10628960 0.9083580600995639 0.07768194838362892 0.36576 1.0067452383807876 0.21226888466662114
44982 10628960 0.9149376780468199 0.0774338674936204 0.36576 1.0067452383807876 0.21226888466662114
44982 11080625 0.20621090955236365 0.3464155894253306 0.6629400000000001 1.0067452383807876 0.21226888466662114
44983 10628960 0.9198695039179807 0.07893790864870123 0.36576 1.0067452383807876 0.21226888466662114
44983 11080625 0.2285450115360349 0.29518789792213984 0.6629400000000001 1.0067452383807876 0.21226888466662114
44984 10628960 0.9248013297891415 0.08044194980378207 0.36576 1.0067452383807876 0.21226888466662114
44984 11080625 0.26458465331327474 0.20980633117563452 0.6629400000000001 1.0067452383807876 0.21226888466662114
44985 11080625 0.2830023139500617 0.15039591302306435 0.6629400000000001 1.0067452383807876 0.21226888466662114
44985 10628960 0.9297331556603023 0.0819459909588629 0.36576 1.0067452383807876 0.21226888466662114
44986 11080625 0.2979978017098882 0.09736140998543011 0.6629400000000001 1.0067452383807876 0.21226888466662114
44986 10628960 0.9363767536590205 0.08053477303244434 0.36576 1.0067452383807876 0.21226888466662114
44987 11080625 0.31508160293607046 0.03277944615558745 0.6629400000000001 1.0067452383807876 0.21226888466662114
44987 10628960 0.9430203516577387 0.07912355510602578 0.36576 1.0067452383807876 0.21226888466662114
44988 10628960 0.9514147926396295 0.08035304031221766 0.36576 1.0067452383807876 0.21226888466662114
44988 11080625 0.32024708751529946 0.007141358068974105 0.65913 1.0067452383807876 0.21226888466662114
44989 10628960 0.9602698505040422 0.07936812324538343 0.36576 1.0067452383807876 0.21226888466662114
44989 11080625 0.32541257209452845 -0.01849673001763924 0.65532 1.0067452383807876 0.21226888466662114
44990 10628960 0.969124908368455 0.0783832061785492 0.36576 1.0067452383807876 0.21226888466662114
44990 11080625 0.34225399716438976 -0.09877106495944465 0.6629400000000001 1.0067452383807876 0.21226888466662114
44991 11080625 0.35029464832145873 -0.14754610020191486 0.6629400000000001 1.0067452383807876 0.21226888466662114
44991 10628960 0.9779799662328678 0.07739828911171498 0.36576 1.0067452383807876 0.21226888466662114
44992 10628960 0.9863962456146844 0.07733559312180485 0.36576 1.0067452383807876 0.21226888466662114
44992 11080625 0.3592687816543487 -0.20433680165681892 0.6629400000000001 1.0067452383807876 0.21226888466662114
44993 11080625 0.3701390279148764 -0.25695705112532974 0.65532 1.0067452383807876 0.21226888466662114
44993 10628960 0.9948125249965011 0.07727289713189474 0.36576 1.0067452383807876 0.21226888466662114
44994 10628960 1.0030281920979247 0.07727576110008126 0.36576 1.0067452383807876 0.21226888466662114
44994 11080625 0.38052084603779845 -0.3309140049120315 0.65532 1.0067452383807876 0.21226888466662114
44995 10628960 1.0112438591993484 0.07727862506826778 0.36576 1.0067452383807876 0.21226888466662114
44995 11080625 0.3875914254715831 -0.37586683156286327 0.65532 1.0067452383807876 0.21226888466662114
44996 10628960 1.0178966296016385 0.07725472344243854 0.36576 1.0067452383807876 0.21226888466662114
44996 11080625 0.4056999525954831 -0.45363349003643216 0.65532 1.0067452383807876 0.21226888466662114
44997 11080625 0.4113928234252365 -0.487855082866093 0.65532 1.0067452383807876 0.21226888466662114
44997 10628960 1.0245494000039288 0.0772308218166093 0.36576 1.0067452383807876 0.21226888466662114
44998 11080625 0.4297784179394329 -0.5647773061964864 0.65532 1.0067452383807876 0.21226888466662114
44998 10628960 1.0312021704062189 0.07720692019078006 0.36576 1.0067452383807876 0.21226888466662114
44999 10628960 1.0378549408085092 0.07718301856495081 0.36576 1.0067452383807876 0.21226888466662114
44999 11080625 0.4415997796675476 -0.6074268127385691 0.65532 1.0067452383807876 0.21226888466662114
45000 11080625 0.46261475789179707 -0.6681510015774907 0.65532 1.0067452383807876 0.21226888466662114
45000 10628960 1.0445077112107992 0.07715911693912157 0.36576 1.0067452383807876 0.21226888466662114
45001 10628960 1.0566636028116863 0.07902904627323126 0.36576 1.0067452383807876 0.21226888466662114
45001 11080625 0.4757042400263349 -0.6967280308629824 0.65532 1.0067452383807876 0.21226888466662114
45002 11080625 0.4887937221608727 -0.725305060148474 0.65532 1.0067452383807876 0.21226888466662114
45002 10628960 1.0663962049307443 0.07619987237325404 0.36576 1.0067452383807876 0.21226888466662114
45003 10628960 1.0720212005955374 0.07710759321303037 0.36576 1.0067452383807876 0.21226888466662114
45003 11080625 0.5156193147394428 -0.7777634063417181 0.65532 1.0067452383807876 0.21226888466662114
45004 11080625 0.5436399447425498 -0.8279249460150715 0.65532 1.0067452383807876 0.21226888466662114
45004 10628960 1.0776461962603303 0.0780153140528067 0.36576 1.0067452383807876 0.21226888466662114
45005 11080625 0.5781662365024894 -0.8744873032668747 0.65532 1.0067452383807876 0.21226888466662114
45005 10628960 1.0846426352129137 0.08040261604098654 0.36576 1.0067452383807876 0.21226888466662114
45006 11080625 0.6140022633944109 -0.918673427816883 0.65532 1.0067452383807876 0.21226888466662114
45006 10628960 1.0919507066336898 0.07830715693177827 0.36576 1.0067452383807876 0.21226888466662114
45007 11080625 0.6504621189266616 -0.9576890462883793 0.65532 1.0067452383807876 0.21226888466662114
45007 10628960 1.0992587780544658 0.07621169782257 0.36576 1.0067452383807876 0.21226888466662114
45008 10628960 1.1072565637032898 0.07622744008398337 0.36576 1.0067452383807876 0.21226888466662114
45008 11080625 0.7111888196943733 -1.0110577959865674 0.65532 1.0067452383807876 0.21226888466662114
45009 11080625 0.7503602008927966 -1.044766704893244 0.65532 1.0067452383807876 0.21226888466662114
45009 10628960 1.1152543493521136 0.07624318234539675 0.36576 1.0067452383807876 0.21226888466662114
45010 11080625 0.8037021365114003 -1.0840391959051985 0.65532 1.0067452383807876 0.21226888466662114
45010 10628960 1.1248304777701603 0.0783718826853235 0.36576 1.0067452383807876 0.21226888466662114
45011 10628960 1.134406606188207 0.08050058302525023 0.36576 1.0067452383807876 0.21226888466662114
45011 11080625 0.8511255156450489 -1.1101625130364 0.65532 1.0067452383807876 0.21226888466662114
45012 11080625 0.8865640399136827 -1.1376274506786042 0.65532 1.0067452383807876 0.21226888466662114
45012 10628960 1.1428321048100523 0.07774805558152666 0.36576 1.0067452383807876 0.21226888466662114
45013 11080625 0.9258838762364545 -1.1586494799610376 0.65151 1.0067452383807876 0.21226888466662114
45013 10628960 1.147726919808345 0.07614897284047453 0.36576 1.0067452383807876 0.21226888466662114
45014 11080625 0.9652037125592264 -1.1796715092434709 0.6477 1.0067452383807876 0.21226888466662114
45014 10628960 1.1554970893002914 0.07688167396096583 0.36576 1.0067452383807876 0.21226888466662114
45015 11080625 0.9913942733102568 -1.1987409155042812 0.6477 1.0067452383807876 0.21226888466662114
45015 10628960 1.1632672587922375 0.07761437508145712 0.36576 1.0067452383807876 0.21226888466662114
45016 11080625 1.0372593767289557 -1.224470437180904 0.6477 1.0067452383807876 0.21226888466662114
45016 10628960 1.1710374282841838 0.07834707620194842 0.36576 1.0067452383807876 0.21226888466662114
45017 11080625 1.0869991216991692 -1.2527502344755441 0.6477 1.0067452383807876 0.21226888466662114
45017 10628960 1.1788075977761299 0.0790797773224397 0.36576 1.0067452383807876 0.21226888466662114
45018 10628960 1.1865777672680762 0.079812478442931 0.36576 1.0067452383807876 0.21226888466662114
45018 11080625 1.1424346151415494 -1.2869787731331084 0.6477 1.0067452383807876 0.21226888466662114
45019 10628960 1.1956216611852861 0.07963260756662582 0.36576 1.0067452383807876 0.21226888466662114
45019 11080625 1.1841039284932147 -1.3116870855577656 0.6477 1.0067452383807876 0.21226888466662114
45020 11080625 1.2240207714783244 -1.3336030750627532 0.6477 1.0067452383807876 0.21226888466662114
45020 10628960 1.2046655551024963 0.07945273669032066 0.36576 1.0067452383807876 0.21226888466662114
45021 11080625 1.2827365891262685 -1.36866793447148 0.6477 1.0067452383807876 0.21226888466662114
45021 10628960 1.2137094490197065 0.07927286581401548 0.36576 1.0067452383807876 0.21226888466662114
45022 10628960 1.2227533429369164 0.0790929949377103 0.36576 1.0067452383807876 0.21226888466662114
45022 11080625 1.328488572821015 -1.3944749170166097 0.6400800000000001 1.0067452383807876 0.21226888466662114
45023 11080625 1.3694596840945235 -1.418603327864601 0.6400800000000001 1.0067452383807876 0.21226888466662114
45023 10628960 1.2308147458732213 0.07984744670198171 0.36576 1.0067452383807876 0.21226888466662114
45024 10628960 1.2388761488095261 0.08060189846625312 0.36576 1.0067452383807876 0.21226888466662114
45024 11080625 1.4120513199350941 -1.4377700599118488 0.6400800000000001 1.0067452383807876 0.21226888466662114
45025 11080625 1.456261915878315 -1.4631308310087379 0.6400800000000001 1.0067452383807876 0.21226888466662114
45025 10628960 1.246937551745831 0.08135635023052454 0.36576 1.0067452383807876 0.21226888466662114
45026 11080625 1.500472511821536 -1.488491602105627 0.6400800000000001 1.0067452383807876 0.21226888466662114
45026 10628960 1.2544145215683142 0.08051600877525054 0.3614057142857143 1.0067452383807876 0.21226888466662114
45027 11080625 1.5323843620535555 -1.5040528833693703 0.6400800000000001 1.0067452383807876 0.21226888466662114
45027 10628960 1.2618914913907977 0.07967566731997654 0.3570514285714286 1.0067452383807876 0.21226888466662114
45028 10628960 1.269368461213281 0.07883532586470254 0.3526971428571429 1.0067452383807876 0.21226888466662114
45028 11080625 1.564296212285575 -1.5196141646331134 0.6400800000000001 1.0067452383807876 0.21226888466662114
45029 10628960 1.2768454310357644 0.07799498440942855 0.3483428571428571 1.0067452383807876 0.21226888466662114
45029 11080625 1.614400261470444 -1.5388962273703304 0.63246 1.0067452383807876 0.21226888466662114
45030 11080625 1.6576920272133042 -1.558640258052039 0.63246 1.0067452383807876 0.21226888466662114
45030 10628960 1.2843224008582477 0.07715464295415456 0.3439885714285714 1.0067452383807876 0.21226888466662114
45031 11080625 1.7016363546078064 -1.58046616998886 0.63246 1.0067452383807876 0.21226888466662114
45031 10628960 1.2917993706807311 0.07631430149888055 0.3396342857142857 1.0067452383807876 0.21226888466662114
45032 10628960 1.2992763405032144 0.07547396004360656 0.33528 1.0067452383807876 0.21226888466662114
45032 11080625 1.749527531414647 -1.599725452591387 0.6248400000000001 1.0067452383807876 0.21226888466662114
45033 11080625 1.785244142110682 -1.6113877369035474 0.6248400000000001 1.0067452383807876 0.21226888466662114
45033 10628960 1.310754984478438 0.07663090549083162 0.33528 1.0067452383807876 0.21226888466662114
45034 11080625 1.852078468171152 -1.6351960445795841 0.6248400000000001 1.0067452383807876 0.21226888466662114
45034 10628960 1.3173826098230503 0.07680239336638739 0.33528 1.0067452383807876 0.21226888466662114
45035 10628960 1.3240102351676626 0.07697388124194315 0.33528 1.0067452383807876 0.21226888466662114
45035 11080625 1.8978772519612068 -1.6445423131077146 0.61722 1.0067452383807876 0.21226888466662114
45036 10628960 1.330637860512275 0.07714536911749893 0.33528 1.0067452383807876 0.21226888466662114
45036 11080625 1.9417006165061463 -1.6588505943685066 0.61722 1.0067452383807876 0.21226888466662114
45037 10628960 1.3372654858568873 0.0773168569930547 0.33528 1.0067452383807876 0.21226888466662114
45037 11080625 1.9873158247975253 -1.6684867718450251 0.61722 1.0067452383807876 0.21226888466662114
45038 10628960 1.3438931112014996 0.07748834486861046 0.33528 1.0067452383807876 0.21226888466662114
45038 11080625 2.0236876265160797 -1.6781421029454917 0.61722 1.0067452383807876 0.21226888466662114
45039 11080625 2.080241800928697 -1.6909985754672296 0.61722 1.0067452383807876 0.21226888466662114
45039 10628960 1.349483535577925 0.07829072428807107 0.33528 1.0067452383807876 0.21226888466662114
45040 11080625 2.1117308138675357 -1.6960219919721429 0.61341 1.0067452383807876 0.21226888466662114
45040 10628960 1.3550739599543506 0.0790931037075317 0.33528 1.0067452383807876 0.21226888466662114
45041 11080625 2.1432198268063747 -1.701045408477056 0.6096 1.0067452383807876 0.21226888466662114
45041 10628960 1.3609623040858614 0.0788441236124188 0.33528 1.0067452383807876 0.21226888466662114
45042 11080625 2.1813380333622048 -1.7050787141205328 0.6096 1.0067452383807876 0.21226888466662114
45042 10628960 1.3668506482173723 0.0785951435173059 0.33528 1.0067452383807876 0.21226888466662114
45043 11080625 2.23312365179697 -1.7140408502859523 0.6019800000000001 1.0067452383807876 0.21226888466662114
45043 10628960 1.372738992348883 0.07834616342219299 0.33528 1.0067452383807876 0.21226888466662114
45044 11080625 2.2840953088940195 -1.7225032562304066 0.6019800000000001 1.0067452383807876 0.21226888466662114
45044 10628960 1.3786273364803938 0.07809718332708009 0.33528 1.0067452383807876 0.21226888466662114
45045 11080625 2.336157509333865 -1.728984956475765 0.6019800000000001 1.0067452383807876 0.21226888466662114
45045 10628960 1.3845156806119048 0.07784820323196719 0.33528 1.0067452383807876 0.21226888466662114
45046 11080625 2.3835072585333315 -1.7335775511689844 0.6019800000000001 1.0067452383807876 0.21226888466662114
45046 10628960 1.3904040247434155 0.07759922313685429 0.33528 1.0067452383807876 0.21226888466662114
45047 10628960 1.3962923688749262 0.07735024304174137 0.33528 1.0067452383807876 0.21226888466662114
45047 11080625 2.447221951190212 -1.7383718046323882 0.59436 1.0067452383807876 0.21226888466662114
45048 10628960 1.4021807130064372 0.07710126294662847 0.33528 1.0067452383807876 0.21226888466662114
45048 11080625 2.486741926711889 -1.7370202843268918 0.59436 1.0067452383807876 0.21226888466662114
45049 10628960 1.408069057137948 0.07685228285151557 0.33528 1.0067452383807876 0.21226888466662114
45049 11080625 2.5214560882949213 -1.7367865845562003 0.59436 1.0067452383807876 0.21226888466662114
45050 10628960 1.4082118850198277 0.07678356141516471 0.33528 1.0067452383807876 0.21226888466662114
45050 11080625 2.5561702498779537 -1.7365528847855085 0.59436 1.0067452383807876 0.21226888466662114
45051 11080625 2.599958640245074 -1.730286009389113 0.59436 1.0067452383807876 0.21226888466662114
45051 10628960 1.4083547129017076 0.07671483997881386 0.33528 1.0067452383807876 0.21226888466662114
45052 11080625 2.6242383989192106 -1.7266461598006864 0.59436 1.0067452383807876 0.21226888466662114
45052 10628960 1.4084975407835874 0.07664611854246299 0.33528 1.0067452383807876 0.21226888466662114
45053 10628960 1.4086403686654674 0.07657739710611214 0.33528 1.0067452383807876 0.21226888466662114
45053 11080625 2.6890754129077017 -1.7103108180845286 0.59436 1.0067452383807876 0.21226888466662114
45054 10628960 1.4087831965473472 0.07650867566976127 0.33528 1.0067452383807876 0.21226888466662114
45054 11080625 2.720617962922355 -1.6991119359445988 0.59436 1.0067452383807876 0.21226888466662114
45055 10628960 1.408926024429227 0.0764399542334104 0.33528 1.0067452383807876 0.21226888466662114
45055 11080625 2.7442460239974764 -1.690936920816355 0.58674 1.0067452383807876 0.21226888466662114
45056 10628960 1.4090688523111068 0.07637123279705955 0.33528 1.0067452383807876 0.21226888466662114
45056 11080625 2.7982041785657303 -1.6643917743083263 0.58674 1.0067452383807876 0.21226888466662114
45057 10628960 1.4092116801929866 0.07630251136070869 0.33528 1.0067452383807876 0.21226888466662114
45057 11080625 2.819759316724063 -1.650049771075676 0.58674 1.0067452383807876 0.21226888466662114
45058 10628960 1.4093545080748666 0.07623378992435782 0.33528 1.0067452383807876 0.21226888466662114
45058 11080625 2.8592109798113703 -1.6216901861821407 0.58674 1.0067452383807876 0.21226888466662114
45059 11080625 2.902736170531554 -1.5876510935460464 0.57912 1.0067452383807876 0.21226888466662114
45059 10628960 1.4094973359567464 0.07616506848800697 0.33528 1.0067452383807876 0.21226888466662114
45060 10628960 1.4096401638386262 0.0760963470516561 0.33528 1.0067452383807876 0.21226888466662114
45060 11080625 2.9222751644740588 -1.5679199535418638 0.57912 1.0067452383807876 0.21226888466662114
45061 10628960 1.409782991720506 0.07602762561530525 0.33528 1.0067452383807876 0.21226888466662114
45061 11080625 2.9418141584165634 -1.5481888135376811 0.57912 1.0067452383807876 0.21226888466662114
45062 10628960 1.4099258196023858 0.07595890417895439 0.33528 1.0067452383807876 0.21226888466662114
45062 11080625 2.9629294719454107 -1.5172323015432732 0.57912 1.0067452383807876 0.21226888466662114
45063 10628960 1.4100686474842656 0.07589018274260352 0.33528 1.0067452383807876 0.21226888466662114
45063 11080625 2.9911448188602003 -1.4827522194865674 0.5715 1.0067452383807876 0.21226888466662114
45064 11080625 3.0107553399699594 -1.4566779960645724 0.5715 1.0067452383807876 0.21226888466662114
45064 10628960 1.4102114753661454 0.07582146130625267 0.33528 1.0067452383807876 0.21226888466662114
45065 11080625 3.0264925445536566 -1.4247839615973088 0.5715 1.0067452383807876 0.21226888466662114
45065 10628960 1.4103543032480255 0.0757527398699018 0.33528 1.0067452383807876 0.21226888466662114
45066 11080625 3.046347960706898 -1.3897949836167733 0.56769 1.0067452383807876 0.21226888466662114
45066 10628960 1.4104971311299053 0.07568401843355094 0.33528 1.0067452383807876 0.21226888466662114
45067 10628960 1.410639959011785 0.07561529699720008 0.33528 1.0067452383807876 0.21226888466662114
45067 11080625 3.0662033768601393 -1.3548060056362379 0.56388 1.0067452383807876 0.21226888466662114
45068 10628960 1.4107827868936649 0.07554657556084922 0.33528 1.0067452383807876 0.21226888466662114
45068 11080625 3.07736605826884 -1.320601361434872 0.56388 1.0067452383807876 0.21226888466662114
45069 10628960 1.4109256147755447 0.07547785412449837 0.33528 1.0067452383807876 0.21226888466662114
45069 11080625 3.083808717245451 -1.300859791212124 0.55626 1.0067452383807876 0.21226888466662114
45070 11080625 3.107787813309818 -1.2273831391307641 0.55626 1.0067452383807876 0.21226888466662114
45070 10628960 1.4110684426574247 0.0754091326881475 0.33528 1.0067452383807876 0.21226888466662114
45071 10628960 1.4112112705393045 0.07534041125179664 0.33528 1.0067452383807876 0.21226888466662114
45071 11080625 3.1119119775728956 -1.2120247214821223 0.55626 1.0067452383807876 0.21226888466662114
45072 10628960 1.4113540984211843 0.07527168981544578 0.33528 1.0067452383807876 0.21226888466662114
45072 11080625 3.130319897385041 -1.1583404147788974 0.55626 1.0067452383807876 0.21226888466662114
45073 10628960 1.4114969263030641 0.07520296837909492 0.33528 1.0067452383807876 0.21226888466662114
45073 11080625 3.136736094661856 -1.122353114958722 0.54864 1.0067452383807876 0.21226888466662114
45074 11080625 3.1399746582373744 -1.1124295439548006 0.54864 1.0067452383807876 0.21226888466662114
45074 10628960 1.411639754184944 0.07513424694274405 0.33528 1.0067452383807876 0.21226888466662114
45075 10628960 1.4117825820668237 0.0750655255063932 0.33528 1.0067452383807876 0.21226888466662114
45075 11080625 3.1449166444009924 -1.0742478503978394 0.54864 1.0067452383807876 0.21226888466662114
45076 11080625 3.1498586305646104 -1.0360661568408782 0.54864 1.0067452383807876 0.21226888466662114
45076 10628960 1.4119254099487035 0.07499680407004233 0.33528 1.0067452383807876 0.21226888466662114
45077 10628960 1.4120682378305836 0.07492808263369148 0.33528 1.0067452383807876 0.21226888466662114
45077 11080625 3.1548006167282283 -0.9978844632839171 0.54864 1.0067452383807876 0.21226888466662114
45078 10628960 1.4122110657124634 0.07485936119734062 0.33528 1.0067452383807876 0.21226888466662114
45078 11080625 3.161067888408371 -0.9620821598607897 0.54102 1.0067452383807876 0.21226888466662114
45079 10628960 1.4123538935943432 0.07479063976098975 0.33528 1.0067452383807876 0.21226888466662114
45079 11080625 3.1662358670753736 -0.9462466887036499 0.54102 1.0067452383807876 0.21226888466662114
45080 11080625 3.172197477619825 -0.9028101278190177 0.54102 1.0067452383807876 0.21226888466662114
45080 10628960 1.412496721476223 0.0747219183246389 0.33528 1.0067452383807876 0.21226888466662114
45081 11080625 3.1781590881642767 -0.8593735669343854 0.54102 1.0067452383807876 0.21226888466662114
45081 10628960 1.4126395493581028 0.07465319688828803 0.33528 1.0067452383807876 0.21226888466662114
45082 11080625 3.1818358011893637 -0.8222585295840509 0.53721 1.0067452383807876 0.21226888466662114
45082 10628960 1.4127823772399828 0.07458447545193717 0.33528 1.0067452383807876 0.21226888466662114
45083 10628960 1.4129252051218626 0.07451575401558631 0.33528 1.0067452383807876 0.21226888466662114
45083 11080625 3.1855125142144507 -0.7851434922337164 0.5334 1.0067452383807876 0.21226888466662114
45084 10628960 1.4130680330037424 0.07444703257923545 0.33528 1.0067452383807876 0.21226888466662114
45084 11080625 3.1874881346544277 -0.7450785717768462 0.5334 1.0067452383807876 0.21226888466662114
45085 11080625 3.1894637550944047 -0.7050136513199761 0.5334 1.0067452383807876 0.21226888466662114
45085 10628960 1.4132108608856222 0.0743783111428846 0.33528 1.0067452383807876 0.21226888466662114
45086 11080625 3.1938988035148648 -0.6655761448298494 0.52959 1.0067452383807876 0.21226888466662114
45086 10628960 1.413353688767502 0.07430958970653373 0.33528 1.0067452383807876 0.21226888466662114
45087 11080625 3.198333851935325 -0.6261386383397227 0.52578 1.0067452383807876 0.21226888466662114
45087 10628960 1.4134965166493818 0.07424086827018286 0.33528 1.0067452383807876 0.21226888466662114
45088 11080625 3.198991378887368 -0.5969160308605616 0.524256 1.0067452383807876 0.21226888466662114
45088 10628960 1.4136393445312616 0.07417214683383201 0.33528 1.0067452383807876 0.21226888466662114
45089 11080625 3.1996489058394117 -0.5676934233814003 0.5227320000000001 1.0067452383807876 0.21226888466662114
45089 10628960 1.4137821724131416 0.07410342539748115 0.33528 1.0067452383807876 0.21226888466662114
45090 10628960 1.4139250002950214 0.0740347039611303 0.33528 1.0067452383807876 0.21226888466662114
45090 11080625 3.200306432791455 -0.5384708159022391 0.521208 1.0067452383807876 0.21226888466662114
45091 11080625 3.2009639597434987 -0.5092482084230778 0.519684 1.0067452383807876 0.21226888466662114
45091 10628960 1.4140678281769012 0.07396598252477943 0.33528 1.0067452383807876 0.21226888466662114
45092 11080625 3.201621486695542 -0.48002560094391666 0.5181600000000001 1.0067452383807876 0.21226888466662114
45092 10628960 1.414210656058781 0.07389726108842856 0.33528 1.0067452383807876 0.21226888466662114
45093 11080625 3.2031806849566813 -0.4589238084357553 0.5181600000000001 1.0067452383807876 0.21226888466662114
45093 10628960 1.4143534839406608 0.07382853965207771 0.33528 1.0067452383807876 0.21226888466662114
45094 11080625 3.2062691092822826 -0.4086502266356449 0.51054 1.0067452383807876 0.21226888466662114
45094 10628960 1.4144963118225409 0.07375981821572684 0.33528 1.0067452383807876 0.21226888466662114
45095 11080625 3.2010130637883867 -0.3746939646125269 0.51054 1.0067452383807876 0.21226888466662114
45095 10628960 1.4146391397044207 0.07369109677937598 0.33528 1.0067452383807876 0.21226888466662114
45096 10628960 1.4147819675863005 0.07362237534302513 0.33528 1.0067452383807876 0.21226888466662114
45096 11080625 3.196641424051851 -0.35924940683105355 0.51054 1.0067452383807876 0.21226888466662114
45097 11080625 3.185614828351814 -0.28965021660174506 0.50292 1.0067452383807876 0.21226888466662114
45097 10628960 1.4149247954681803 0.07355365390667426 0.33528 1.0067452383807876 0.21226888466662114
45098 11080625 3.1790608072358983 -0.2607604864508454 0.50292 1.0067452383807876 0.21226888466662114
45098 10628960 1.41506762335006 0.07348493247032341 0.33528 1.0067452383807876 0.21226888466662114
45099 11080625 3.162074867215538 -0.22846587333541982 0.50292 1.0067452383807876 0.21226888466662114
45099 10628960 1.41521045123194 0.07341621103397254 0.33528 1.0067452383807876 0.21226888466662114
45100 10628960 1.4153532791138197 0.07334748959762168 0.33528 1.0067452383807876 0.21226888466662114
45100 11080625 3.1557875976269045 -0.21508271341207139 0.50292 1.0067452383807876 0.21226888466662114
45101 10628960 1.4154961069956997 0.07327876816127082 0.33528 1.0067452383807876 0.21226888466662114
45101 11080625 3.1367395655348758 -0.1904671526748998 0.50292 1.0067452383807876 0.21226888466662114
45102 11080625 3.117691533442847 -0.16585159193772822 0.50292 1.0067452383807876 0.21226888466662114
45102 10628960 1.4156389348775795 0.07321004672491996 0.33528 1.0067452383807876 0.21226888466662114
45103 11080625 3.097596324877338 -0.1516994457041175 0.50038 1.0067452383807876 0.21226888466662114
45103 10628960 1.4157817627594593 0.07314132528856909 0.33528 1.0067452383807876 0.21226888466662114
45104 10628960 1.4159245906413391 0.07307260385221824 0.33528 1.0067452383807876 0.21226888466662114
45104 11080625 3.077501116311829 -0.13754729947050678 0.49784 1.0067452383807876 0.21226888466662114
45105 10628960 1.416067418523219 0.07300388241586737 0.33528 1.0067452383807876 0.21226888466662114
45105 11080625 3.05740590774632 -0.12339515323689607 0.4953 1.0067452383807876 0.21226888466662114
45106 10628960 1.416210246405099 0.07293516097951652 0.33528 1.0067452383807876 0.21226888466662114
45106 11080625 3.019407540708637 -0.10515126420839119 0.48768 1.0067452383807876 0.21226888466662114
45107 11080625 2.9947629534259654 -0.09360238484176872 0.48768 1.0067452383807876 0.21226888466662114
45107 10628960 1.4163530742869788 0.07286643954316566 0.33528 1.0067452383807876 0.21226888466662114
45108 10628960 1.4164959021688586 0.07279771810681479 0.33528 1.0067452383807876 0.21226888466662114
45108 11080625 2.965589289585264 -0.08232725175530745 0.48006 1.0067452383807876 0.21226888466662114
45109 10628960 1.4166387300507384 0.07272899667046394 0.33528 1.0067452383807876 0.21226888466662114
45109 11080625 2.935898776756746 -0.07263551261475334 0.48006 1.0067452383807876 0.21226888466662114
45110 11080625 2.892049837346536 -0.060074099122872676 0.47243999999999997 1.0067452383807876 0.21226888466662114
45111 11080625 2.8764120177349994 -0.05765612227406819 0.47243999999999997 1.0067452383807876 0.21226888466662114
45112 11080625 2.8607741981234627 -0.0552381454252637 0.47243999999999997 1.0067452383807876 0.21226888466662114
45113 11080625 2.821454489876986 -0.042402527163516585 0.46482000000000007 1.0067452383807876 0.21226888466662114
45114 11080625 2.7910502440181455 -0.03761708334966632 0.45720000000000005 1.0067452383807876 0.21226888466662114
45115 11080625 2.7609217008690514 -0.03198697395030212 0.45720000000000005 1.0067452383807876 0.21226888466662114
45116 11080625 2.7172278327646415 -0.028469979280906582 0.44958000000000004 1.0067452383807876 0.21226888466662114
45117 11080625 2.6855854552333325 -0.02339669929922575 0.44958000000000004 1.0067452383807876 0.21226888466662114
45118 11080625 2.669979527785136 -0.024960495959081813 0.44958000000000004 1.0067452383807876 0.21226888466662114
45119 11080625 2.6256441526455294 -0.02041580253574668 0.44196 1.0067452383807876 0.21226888466662114
45120 11080625 2.6093283464780708 -0.02034590509600584 0.44196 1.0067452383807876 0.21226888466662114
45121 11080625 2.5610830735105776 -0.015809330735038568 0.44196 1.0067452383807876 0.21226888466662114
45122 11080625 2.543345470849699 -0.01574237149493099 0.43434000000000006 1.0067452383807876 0.21226888466662114
45123 11080625 2.515298981943357 -0.017332826538138862 0.43434000000000006 1.0067452383807876 0.21226888466662114
45124 11080625 2.4731752976790333 -0.01444386727868388 0.43434000000000006 1.0067452383807876 0.21226888466662114
45125 11080625 2.445900464239024 -0.010678710788247253 0.42672000000000004 1.0067452383807876 0.21226888466662114
45126 11080625 2.429309362975769 -0.010635345959642273 0.42672000000000004 1.0067452383807876 0.21226888466662114
45127 11080625 2.412718261712514 -0.010591981131037292 0.42672000000000004 1.0067452383807876 0.21226888466662114
45128 11080625 2.372268295784089 -0.0080152909744238 0.42672000000000004 1.0067452383807876 0.21226888466662114
45129 11080625 2.3460898405404187 -0.01068234959721523 0.41910000000000003 1.0067452383807876 0.21226888466662114
45130 11080625 2.323457780525117 -0.008199033986543508 0.41910000000000003 1.0067452383807876 0.21226888466662114
45131 11080625 2.2914785396653694 -0.009322309761057718 0.41910000000000003 1.0067452383807876 0.21226888466662114
45132 11080625 2.264811652405065 -0.005054073486756544 0.41910000000000003 1.0067452383807876 0.21226888466662114
45133 11080625 2.220069660950056 -0.007733843934670109 0.41148 1.0067452383807876 0.21226888466662114
45134 11080625 2.1931727510352634 -0.004441618887699256 0.41148 1.0067452383807876 0.21226888466662114
45135 11080625 2.167224632578903 -0.0053141808958412085 0.41148 1.0067452383807876 0.21226888466662114
45136 11080625 2.1346495827845375 -0.005541337212960767 0.41148 1.0067452383807876 0.21226888466662114
45137 11080625 2.1085782350855324 -0.002167927201749381 0.40386 1.0067452383807876 0.21226888466662114
45138 11080625 2.089222456884192 -0.0037910772130790305 0.40386 1.0067452383807876 0.21226888466662114
45139 11080625 2.0698666786828515 -0.00541422722440868 0.40386 1.0067452383807876 0.21226888466662114
45140 11080625 2.0433708999139784 -0.0022524522399441083 0.40386 1.0067452383807876 0.21226888466662114
45141 11080625 2.010991812198374 -0.0007906961156072673 0.40005 1.0067452383807876 0.21226888466662114
45142 11080625 1.9786127244827694 0.0006710600087295737 0.39624000000000004 1.0067452383807876 0.21226888466662114
45143 11080625 1.9536968347986408 0.0005135470656060237 0.39624000000000004 1.0067452383807876 0.21226888466662114
45144 11080625 1.928780945114512 0.0003560341224824737 0.39624000000000004 1.0067452383807876 0.21226888466662114
45145 11080625 1.9035672236714152 0.0006463702755537537 0.38862 1.0067452383807876 0.21226888466662114
45146 11080625 1.87990484853343 0.005687123167734093 0.38862 1.0067452383807876 0.21226888466662114
45147 11080625 1.8398650266194727 0.005445817572375861 0.38862 1.0067452383807876 0.21226888466662114
45148 11080625 1.8190206694064162 0.00687953933573307 0.38862 1.0067452383807876 0.21226888466662114
45149 11080625 1.7909733491757245 0.005291945058691683 0.381 1.0067452383807876 0.21226888466662114
45150 11080625 1.7644179545472378 0.005553633167230593 0.381 1.0067452383807876 0.21226888466662114
45151 11080625 1.7309353570868473 0.003638600920267021 0.381 1.0067452383807876 0.21226888466662114
45152 11080625 1.707114731272584 0.00411715712266833 0.37719 1.0067452383807876 0.21226888466662114
45153 11080625 1.6832941054583208 0.004595713325069639 0.37338 1.0067452383807876 0.21226888466662114
45154 11080625 1.6562323993619399 0.0026283100696636447 0.36956999999999995 1.0067452383807876 0.21226888466662114
45155 11080625 1.629170693265559 0.0006609068142576502 0.36576 1.0067452383807876 0.21226888466662114
45156 11080625 1.6011262126442354 0.0031618554345554384 0.36576 1.0067452383807876 0.21226888466662114
45157 11080625 1.5741913576277615 0.0022630777356278525 0.36576 1.0067452383807876 0.21226888466662114
45158 11080625 1.5408933963512847 0.0022745331867582846 0.36576 1.0067452383807876 0.21226888466662114
45159 11080625 1.5145916462839395 0.004673870834106822 0.35814000000000007 1.0067452383807876 0.21226888466662114
45160 11080625 1.4866818608008248 0.003509721786094086 0.35814000000000007 1.0067452383807876 0.21226888466662114
45161 11080625 1.4544840080035448 0.0028117408622652523 0.35814000000000007 1.0067452383807876 0.21226888466662114
45162 11080625 1.4280568270825207 0.00618694213645378 0.35814000000000007 1.0067452383807876 0.21226888466662114
45163 11080625 1.4070464610267006 0.005845832890371684 0.3556000000000001 1.0067452383807876 0.21226888466662114
45164 11080625 1.3860360949708805 0.005504723644289587 0.35306000000000004 1.0067452383807876 0.21226888466662114
45165 11080625 1.3650257289150605 0.005163614398207492 0.35052000000000005 1.0067452383807876 0.21226888466662114
45166 11080625 1.3414025217554901 0.001898803878494476 0.35052000000000005 1.0067452383807876 0.21226888466662114
45167 11080625 1.310752288374485 0.0010464016319774935 0.35052000000000005 1.0067452383807876 0.21226888466662114
45168 11080625 1.28010205499348 0.000193999385460511 0.35052000000000005 1.0067452383807876 0.21226888466662114
45169 11080625 1.263969157411644 0.0005574769179167854 0.35052000000000005 1.0067452383807876 0.21226888466662114
45170 11080625 1.2478362598298083 0.0009209544503730599 0.35052000000000005 1.0067452383807876 0.21226888466662114
45171 11080625 1.2154815340619682 0.00518184332990039 0.35052000000000005 1.0067452383807876 0.21226888466662114
45172 11080625 1.2024323536344035 0.004654895673873755 0.35052000000000005 1.0067452383807876 0.21226888466662114
45173 11080625 1.189383173206839 0.004127948017847119 0.35052000000000005 1.0067452383807876 0.21226888466662114
45174 11080625 1.1648458771654617 0.005134317562485988 0.35052000000000005 1.0067452383807876 0.21226888466662114
45175 11080625 1.1452359264663479 0.0021945665856439728 0.35052000000000005 1.0067452383807876 0.21226888466662114
45176 11080625 1.1404213037461794 0.0037674365327540066 0.35052000000000005 1.0067452383807876 0.21226888466662114
