45507 11217673 -0.6134510910884106 4.7843302086942305 0.9448799999999999 1.0067452383807876 0.21226888466662114
45508 11217673 -0.5904722807266363 4.749150278145715 0.9448799999999999 1.0067452383807876 0.21226888466662114
45509 11217673 -0.5674934703648621 4.713970347597199 0.9448799999999999 1.0067452383807876 0.21226888466662114
45510 11217673 -0.5213511200704259 4.643901127011056 0.9448799999999999 1.0067452383807876 0.21226888466662114
45511 11217673 -0.49080401663403617 4.596168455549423 0.9448799999999999 1.0067452383807876 0.21226888466662114
45512 11217673 -0.4602569131976464 4.548435784087788 0.9448799999999999 1.0067452383807876 0.21226888466662114
45513 11217673 -0.4313207483712522 4.503917834452773 0.9448799999999999 1.0067452383807876 0.21226888466662114
45514 11217673 -0.40422406089643736 4.454860857546189 0.9448799999999999 1.0067452383807876 0.21226888466662114
45515 11217673 -0.3901809850247927 4.431572744902423 0.9448799999999999 1.0067452383807876 0.21226888466662114
45516 11217673 -0.37613790915314804 4.408284632258659 0.9448799999999999 1.0067452383807876 0.21226888466662114
45517 11217673 -0.3247867780771201 4.308531090088726 0.9448799999999999 1.0067452383807876 0.21226888466662114
45518 11217673 -0.30062391088584417 4.2580979986560195 0.9448799999999999 1.0067452383807876 0.21226888466662114
45519 11217673 -0.27646104369456825 4.207664907223314 0.9448799999999999 1.0067452383807876 0.21226888466662114
45520 11217673 -0.2525837421275279 4.157442379828874 0.9448799999999999 1.0067452383807876 0.21226888466662114
45521 11217673 -0.22994027084962987 4.109960398580856 0.9448799999999999 1.0067452383807876 0.21226888466662114
45522 11217673 -0.20888436822008205 4.057623253625626 0.9448799999999999 1.0067452383807876 0.21226888466662114
45523 11217673 -0.18690496952956648 4.005393294716143 0.9448799999999999 1.0067452383807876 0.21226888466662114
45524 11217673 -0.1649255708390509 3.95316333580666 0.9448799999999999 1.0067452383807876 0.21226888466662114
45525 11217673 -0.14613618201905165 3.902035387678019 0.9448799999999999 1.0067452383807876 0.21226888466662114
45526 11217673 -0.12507845524288785 3.8496984028318235 0.9448799999999999 1.0067452383807876 0.21226888466662114
45527 11217673 -0.1070902122717311 3.798832803590499 0.9448799999999999 1.0067452383807876 0.21226888466662114
45528 11217673 -0.09929485752460099 3.772448485918456 0.9448799999999999 1.0067452383807876 0.21226888466662114
45529 11217673 -0.09149950277747088 3.746064168246413 0.9448799999999999 1.0067452383807876 0.21226888466662114
45530 11217673 -0.07353685643080732 3.6924031415965732 0.9448799999999999 1.0067452383807876 0.21226888466662114
45531 11217673 -0.04301733406938579 3.5875504068873947 0.9448799999999999 1.0067452383807876 0.21226888466662114
45532 11217673 -0.02664000702473518 3.5344667664235736 0.9448799999999999 1.0067452383807876 0.21226888466662114
45533 11217673 -0.010262679980084566 3.4813831259597525 0.9448799999999999 1.0067452383807876 0.21226888466662114
45534 11217673 0.005365000747672766 3.428720104539688 0.9448799999999999 1.0067452383807876 0.21226888466662114
45535 11217673 0.022273400407733512 3.3731848575917156 0.9448799999999999 1.0067452383807876 0.21226888466662114
45536 11217673 0.02986988544012753 3.3468661499651353 0.9448799999999999 1.0067452383807876 0.21226888466662114
45537 11217673 0.03746637047252155 3.320547442338555 0.9448799999999999 1.0067452383807876 0.21226888466662114
45538 11217673 0.0670596920162081 3.212844971876141 0.9448799999999999 1.0067452383807876 0.21226888466662114
45539 11217673 0.08826117737096417 3.16093051681532 0.9448799999999999 1.0067452383807876 0.21226888466662114
45540 11217673 0.10311085999024977 3.107237637409159 0.92964 1.0067452383807876 0.21226888466662114
45541 11217673 0.11796054260953537 3.0535447580029977 0.9144000000000001 1.0067452383807876 0.21226888466662114
45542 11217673 0.13476035926438396 3.0003828848819447 0.9144000000000001 1.0067452383807876 0.21226888466662114
45543 11217673 0.15156017591923254 2.9472210117608912 0.9144000000000001 1.0067452383807876 0.21226888466662114
45544 11217673 0.15735772952395743 2.9201474501637703 0.9144000000000001 1.0067452383807876 0.21226888466662114
45545 11217673 0.16315528312868233 2.8930738885666494 0.9144000000000001 1.0067452383807876 0.21226888466662114
45546 11217673 0.1924548652152902 2.7833666964557966 0.9144000000000001 1.0067452383807876 0.21226888466662114
45547 11217673 0.20456692995140102 2.7291677574875646 0.9144000000000001 1.0067452383807876 0.21226888466662114
45548 11217673 0.2187164422100687 2.671966121157826 0.9144000000000001 1.0067452383807876 0.21226888466662114
45549 11217673 0.23434184258764168 2.6219931686337254 0.88392 1.0067452383807876 0.21226888466662114
45550 11217673 0.24092122924000636 2.5959495429063826 0.8991600000000001 1.0067452383807876 0.21226888466662114
45551 11217673 0.24750061589237105 2.5699059171790397 0.9144000000000001 1.0067452383807876 0.21226888466662114
45552 11217673 0.2626539366214895 2.517400380692287 0.88392 1.0067452383807876 0.21226888466662114
45553 11217673 0.2861231718218771 2.4066803105228196 0.88392 1.0067452383807876 0.21226888466662114
45554 11217673 0.3011562157432263 2.3529878050774515 0.88392 1.0067452383807876 0.21226888466662114
45555 11217673 0.31618925966457556 2.2992952996320835 0.88392 1.0067452383807876 0.21226888466662114
45556 11217673 0.32804087883274513 2.2448321159386446 0.88392 1.0067452383807876 0.21226888466662114
45557 11217673 0.33788829372920315 2.1918420582401694 0.88392 1.0067452383807876 0.21226888466662114
45558 11217673 0.3492342902912394 2.1355582266706175 0.88392 1.0067452383807876 0.21226888466662114
45559 11217673 0.35882967364627993 2.0820665990983733 0.8534400000000001 1.0067452383807876 0.21226888466662114
45560 11217673 0.36937011377398477 2.0273899492841436 0.8534400000000001 1.0067452383807876 0.21226888466662114
45561 11217673 0.3799105539016896 1.9727132994699141 0.8534400000000001 1.0067452383807876 0.21226888466662114
45562 11217673 0.38474888649661604 1.9459543525356606 0.8534400000000001 1.0067452383807876 0.21226888466662114
45563 11217673 0.3895872190915425 1.9191954056014071 0.8534400000000001 1.0067452383807876 0.21226888466662114
45564 11217673 0.40841197824571285 1.8099960498501793 0.8534400000000001 1.0067452383807876 0.21226888466662114
45565 11217673 0.4169528021142046 1.7546299200773425 0.8534400000000001 1.0067452383807876 0.21226888466662114
45566 11217673 0.42708977155801764 1.7014292884183857 0.8534400000000001 1.0067452383807876 0.21226888466662114
45567 11217673 0.43602778394412534 1.660858799557135 0.8534400000000001 1.0067452383807876 0.21226888466662114
45568 11217673 0.44496579633023303 1.6202883106958839 0.8534400000000001 1.0067452383807876 0.21226888466662114
45569 11217673 0.45697648541941266 1.5510830539415836 0.8534400000000001 1.0067452383807876 0.21226888466662114
45570 11217673 0.4689871745085923 1.4818777971872834 0.8534400000000001 1.0067452383807876 0.21226888466662114
45571 11217673 0.47671079699087515 1.4267209943098997 0.8534400000000001 1.0067452383807876 0.21226888466662114
45572 11217673 0.48443441947315796 1.3715641914325163 0.8534400000000001 1.0067452383807876 0.21226888466662114
45573 11217673 0.4964993553006933 1.3177341329521308 0.8534400000000001 1.0067452383807876 0.21226888466662114
45574 11217673 0.506180251159922 1.2642160562488882 0.82296 1.0067452383807876 0.21226888466662114
45575 11217673 0.510612904584815 1.2364804581667546 0.8382000000000001 1.0067452383807876 0.21226888466662114
45576 11217673 0.515045558009708 1.208744860084621 0.8534400000000001 1.0067452383807876 0.21226888466662114
45577 11217673 0.5305307716998221 1.0985366107272532 0.8534400000000001 1.0067452383807876 0.21226888466662114
45578 11217673 0.5372378322691238 1.0448809823639198 0.8382000000000001 1.0067452383807876 0.21226888466662114
45579 11217673 0.5439448928384254 0.9912253540005865 0.82296 1.0067452383807876 0.21226888466662114
45580 11217673 0.5508518355099696 0.9362778080540008 0.8534400000000001 1.0067452383807876 0.21226888466662114
45581 11217673 0.5573925958055093 0.8815668876308191 0.8382000000000001 1.0067452383807876 0.21226888466662114
45582 11217673 0.5639333561010489 0.8268559672076374 0.82296 1.0067452383807876 0.21226888466662114
45583 11217673 0.5731358962719685 0.7734950484894905 0.82296 1.0067452383807876 0.21226888466662114
45584 11217673 0.5824857145047159 0.717866339127628 0.82296 1.0067452383807876 0.21226888466662114
45585 11217673 0.5843180446274421 0.6908641476378387 0.82296 1.0067452383807876 0.21226888466662114
45586 11217673 0.5861503747501684 0.6638619561480493 0.82296 1.0067452383807876 0.21226888466662114
45587 11217673 0.5896758249928831 0.6078002066059329 0.82296 1.0067452383807876 0.21226888466662114
45588 11217673 0.5968280092055582 0.5552264993086593 0.82296 1.0067452383807876 0.21226888466662114
45589 11217673 0.6058582309231413 0.4997025816884113 0.82296 1.0067452383807876 0.21226888466662114
45590 11217673 0.6116776383660474 0.417773357398029 0.82296 1.0067452383807876 0.21226888466662114
45591 11217673 0.6174970458089536 0.33584413310764666 0.82296 1.0067452383807876 0.21226888466662114
45592 11217673 0.6259781714881376 0.2802663272130179 0.82296 1.0067452383807876 0.21226888466662114
45593 11217673 0.6291124595740585 0.2395789845317342 0.82296 1.0067452383807876 0.21226888466662114
45594 11217673 0.6322467476599792 0.1988916418504505 0.82296 1.0067452383807876 0.21226888466662114
45595 11217673 0.6337183915697717 0.15787144710187256 0.82296 1.0067452383807876 0.21226888466662114
45596 11217673 0.6351900354795641 0.11685125235329466 0.82296 1.0067452383807876 0.21226888466662114
45597 11217673 0.6428927293376552 0.008605173480245032 0.82296 1.0067452383807876 0.21226888466662114
45598 11217673 0.6486318012945328 -0.04449897049591682 0.82296 1.0067452383807876 0.21226888466662114
45599 11217673 0.6543708732514104 -0.09760311447207867 0.82296 1.0067452383807876 0.21226888466662114
45600 11217673 0.6589112913723219 -0.15165900675971375 0.82296 1.0067452383807876 0.21226888466662114
45601 11217673 0.6603837758516707 -0.17976977978268316 0.82296 1.0067452383807876 0.21226888466662114
45602 11217673 0.6618562603310196 -0.20788055280565257 0.82296 1.0067452383807876 0.21226888466662114
45603 11217673 0.6635083783726975 -0.2609925847530191 0.82296 1.0067452383807876 0.21226888466662114
45604 11217673 0.6730819150426408 -0.3719519207475859 0.82296 1.0067452383807876 0.21226888466662114
45605 11217673 0.6768842245168347 -0.39837043439257824 0.82296 1.0067452383807876 0.21226888466662114
45606 11217673 0.6806865339910285 -0.4247889480375706 0.82296 1.0067452383807876 0.21226888466662114
45607 11217673 0.6879578958167646 -0.5346451841767842 0.82296 1.0067452383807876 0.21226888466662114
45608 11217673 0.6918811886905654 -0.5889662172368165 0.82296 1.0067452383807876 0.21226888466662114
45609 11217673 0.6972268877673031 -0.643284572298559 0.82296 1.0067452383807876 0.21226888466662114
45610 11217673 0.702572586844041 -0.6976029273603014 0.82296 1.0067452383807876 0.21226888466662114
45611 11217673 0.7054768169355965 -0.75124031121184 0.82296 1.0067452383807876 0.21226888466662114
45612 11217673 0.7083810470271521 -0.8048776950633786 0.82296 1.0067452383807876 0.21226888466662114
45613 11217673 0.7121226991912134 -0.8586717584813417 0.82296 1.0067452383807876 0.21226888466662114
45614 11217673 0.7226788065570873 -0.9095517383718413 0.7924800000000001 1.0067452383807876 0.21226888466662114
45615 11217673 0.729115217753961 -0.9643428649293216 0.7924800000000001 1.0067452383807876 0.21226888466662114
45616 11217673 0.7371983028776846 -1.018445162540639 0.80772 1.0067452383807876 0.21226888466662114
45617 11217673 0.7452813880014082 -1.0725474601519565 0.82296 1.0067452383807876 0.21226888466662114
45618 11217673 0.7457302901663166 -1.1002648604718932 0.82296 1.0067452383807876 0.21226888466662114
45619 11217673 0.7461791923312251 -1.12798226079183 0.82296 1.0067452383807876 0.21226888466662114
45620 11217673 0.7603427005128216 -1.2330788077160677 0.7924800000000001 1.0067452383807876 0.21226888466662114
45621 11217673 0.7705324107100846 -1.2861749683205292 0.7924800000000001 1.0067452383807876 0.21226888466662114
45622 11217673 0.776684497975253 -1.3407558265823418 0.7924800000000001 1.0067452383807876 0.21226888466662114
45623 11217673 0.7823448037243225 -1.3941244988014068 0.7924800000000001 1.0067452383807876 0.21226888466662114
45624 11217673 0.788005109473392 -1.4474931710204717 0.7924800000000001 1.0067452383807876 0.21226888466662114
45625 11217673 0.7925529071267972 -1.5015497345637794 0.7924800000000001 1.0067452383807876 0.21226888466662114
45626 11217673 0.7964991749445968 -1.5554097014448511 0.7924800000000001 1.0067452383807876 0.21226888466662114
45627 11217673 0.8004454427623964 -1.609269668325923 0.7924800000000001 1.0067452383807876 0.21226888466662114
45628 11217673 0.801426304887888 -1.6647309957041734 0.7924800000000001 1.0067452383807876 0.21226888466662114
45629 11217673 0.8001036601261678 -1.71827156326002 0.77724 1.0067452383807876 0.21226888466662114
45630 11217673 0.7987810153644477 -1.7718121308158665 0.762 1.0067452383807876 0.21226888466662114
45631 11217673 0.7989010457193524 -1.7967347892514827 0.77724 1.0067452383807876 0.21226888466662114
45632 11217673 0.7990210760742572 -1.8216574476870986 0.7924800000000001 1.0067452383807876 0.21226888466662114
45633 11217673 0.7922742675425877 -1.874944832996284 0.7924800000000001 1.0067452383807876 0.21226888466662114
45634 11217673 0.788004535583633 -1.928807681677941 0.762 1.0067452383807876 0.21226888466662114
45635 11217673 0.772717825495194 -2.008920252245802 0.762 1.0067452383807876 0.21226888466662114
45636 11217673 0.7586349020301281 -2.0734504031425454 0.762 1.0067452383807876 0.21226888466662114
45637 11217673 0.7445519785650622 -2.1379805540392884 0.762 1.0067452383807876 0.21226888466662114
45638 11217673 0.7299294094878856 -2.186826111985681 0.762 1.0067452383807876 0.21226888466662114
45639 11217673 0.7153068404107091 -2.2356716699320733 0.762 1.0067452383807876 0.21226888466662114
45640 11217673 0.699032003815374 -2.285496223054688 0.762 1.0067452383807876 0.21226888466662114
45641 11217673 0.681107631375995 -2.3322118490467543 0.762 1.0067452383807876 0.21226888466662114
45642 11217673 0.6596264822404553 -2.3805694309570704 0.73152 1.0067452383807876 0.21226888466662114
45643 11217673 0.6367252019624903 -2.425659364354759 0.73152 1.0067452383807876 0.21226888466662114
45644 11217673 0.6152783791769627 -2.4739113164231528 0.73152 1.0067452383807876 0.21226888466662114
45645 11217673 0.5949111568389218 -2.519945792700753 0.73152 1.0067452383807876 0.21226888466662114
45646 11217673 0.5703826333599156 -2.5624013353028054 0.73152 1.0067452383807876 0.21226888466662114
45647 11217673 0.5447623859731936 -2.6076544729792945 0.73152 1.0067452383807876 0.21226888466662114
45648 11217673 0.5191421385864717 -2.6529076106557836 0.73152 1.0067452383807876 0.21226888466662114
45649 11217673 0.49617130308938046 -2.6982083918791457 0.73152 1.0067452383807876 0.21226888466662114
45650 11217673 0.4849848596891585 -2.7196713775166304 0.73152 1.0067452383807876 0.21226888466662114
45651 11217673 0.4737984162889366 -2.7411343631541154 0.73152 1.0067452383807876 0.21226888466662114
45652 11217673 0.4259070173957848 -2.830631676554094 0.73152 1.0067452383807876 0.21226888466662114
45653 11217673 0.41212786430547377 -2.8524159500046062 0.73152 1.0067452383807876 0.21226888466662114
45654 11217673 0.3983487112151627 -2.874200223455118 0.73152 1.0067452383807876 0.21226888466662114
45655 11217673 0.34951590702229585 -2.963857210476966 0.73152 1.0067452383807876 0.21226888466662114
45656 11217673 0.3282910831192548 -3.0043543505783927 0.73152 1.0067452383807876 0.21226888466662114
45657 11217673 0.30554894521827247 -3.049496078890208 0.73152 1.0067452383807876 0.21226888466662114
45658 11217673 0.27792100779023243 -3.0932754237995566 0.73152 1.0067452383807876 0.21226888466662114
45659 11217673 0.25903531165219884 -3.1347702848468724 0.73152 1.0067452383807876 0.21226888466662114
45660 11217673 0.23589148118083025 -3.1797807540744847 0.73152 1.0067452383807876 0.21226888466662114
45661 11217673 0.21591459115481937 -3.223255620541158 0.73152 1.0067452383807876 0.21226888466662114
45662 11217673 0.19675952462297974 -3.255374945600172 0.73152 1.0067452383807876 0.21226888466662114
45663 11217673 0.17760445809114012 -3.287494270659186 0.73152 1.0067452383807876 0.21226888466662114
45664 11217673 0.14730812126097564 -3.340799150087845 0.73152 1.0067452383807876 0.21226888466662114
45665 11217673 0.11701178443081117 -3.394104029516504 0.73152 1.0067452383807876 0.21226888466662114
45666 11217673 0.09396721850108636 -3.4354084575980215 0.73152 1.0067452383807876 0.21226888466662114
45667 11217673 0.07092265257136154 -3.476712885679539 0.73152 1.0067452383807876 0.21226888466662114
45668 11217673 0.04806134821624397 -3.5181355632221516 0.73152 1.0067452383807876 0.21226888466662114
45669 11217673 0.025200043861126398 -3.5595582407647646 0.73152 1.0067452383807876 0.21226888466662114
45670 11217673 -0.00027307393631037513 -3.6038076342657437 0.73152 1.0067452383807876 0.21226888466662114
45671 11217673 -0.024896063759658693 -3.6459982417195698 0.73152 1.0067452383807876 0.21226888466662114
45672 11217673 -0.04967974578291012 -3.688136334754676 0.73152 1.0067452383807876 0.21226888466662114
45673 11217673 -0.0710441266250269 -3.7290549545180727 0.73152 1.0067452383807876 0.21226888466662114
45674 11217673 -0.0945758012009984 -3.768447765121232 0.7010400000000001 1.0067452383807876 0.21226888466662114
45675 11217673 -0.12221089703887728 -3.810880925173498 0.7010400000000001 1.0067452383807876 0.21226888466662114
45676 11217673 -0.14984599287675615 -3.8533140852257635 0.7010400000000001 1.0067452383807876 0.21226888466662114
45677 11217673 -0.17767812839418484 -3.889549515709528 0.7010400000000001 1.0067452383807876 0.21226888466662114
45678 11217673 -0.20551026391161353 -3.9257849461932923 0.7010400000000001 1.0067452383807876 0.21226888466662114
45679 11217673 -0.2397286952182457 -3.9557281966086517 0.7010400000000001 1.0067452383807876 0.21226888466662114
45680 11217673 -0.27394712652487785 -3.985671447024011 0.7010400000000001 1.0067452383807876 0.21226888466662114
45681 11217673 -0.3106656261323071 -4.013746365536611 0.7010400000000001 1.0067452383807876 0.21226888466662114
45682 11217673 -0.35001936456222094 -4.036287213124149 0.7010400000000001 1.0067452383807876 0.21226888466662114
45683 11217673 -0.38869326869232323 -4.054026545376537 0.7010400000000001 1.0067452383807876 0.21226888466662114
45684 11217673 -0.4311501343470172 -4.067024998427099 0.7010400000000001 1.0067452383807876 0.21226888466662114
45685 11217673 -0.47526955383338443 -4.078311804846903 0.7010400000000001 1.0067452383807876 0.21226888466662114
45686 11217673 -0.516871455735417 -4.081892654870126 0.7010400000000001 1.0067452383807876 0.21226888466662114
45687 11217673 -0.5580588370890707 -4.074685360457639 0.7010400000000001 1.0067452383807876 0.21226888466662114
45688 11217673 -0.5992462184427243 -4.067478066045154 0.7010400000000001 1.0067452383807876 0.21226888466662114
45689 11217673 -0.6384560200224274 -4.062376915291648 0.7010400000000001 1.0067452383807876 0.21226888466662114
45690 11217673 -0.6575124417966974 -4.054748243297627 0.7010400000000001 1.0067452383807876 0.21226888466662114
45691 11217673 -0.6765688635709675 -4.047119571303607 0.7010400000000001 1.0067452383807876 0.21226888466662114
45692 11217673 -0.7458545986481526 -4.002165625837983 0.7010400000000001 1.0067452383807876 0.21226888466662114
45693 11217673 -0.7788006904566653 -3.9738171504326303 0.7010400000000001 1.0067452383807876 0.21226888466662114
45694 11217673 -0.811746782265178 -3.945468675027278 0.7010400000000001 1.0067452383807876 0.21226888466662114
45695 11217673 -0.8361449432796763 -3.9086392227305824 0.7010400000000001 1.0067452383807876 0.21226888466662114
45696 11217673 -0.8605431042941745 -3.8718097704338863 0.7010400000000001 1.0067452383807876 0.21226888466662114
45697 11217673 -0.8805909900604758 -3.8325463801000614 0.7010400000000001 1.0067452383807876 0.21226888466662114
45698 11217673 -0.9001568633742201 -3.7934403712064806 0.7010400000000001 1.0067452383807876 0.21226888466662114
45699 11217673 -0.9129270906609122 -3.7493117024936597 0.7010400000000001 1.0067452383807876 0.21226888466662114
45700 11217673 -0.9196266042012232 -3.7031946839800893 0.6858000000000001 1.0067452383807876 0.21226888466662114
45701 11217673 -0.9263261177415343 -3.6570776654665194 0.67056 1.0067452383807876 0.21226888466662114
45702 11217673 -0.9291803987234613 -3.6087123569889252 0.67056 1.0067452383807876 0.21226888466662114
45703 11217673 -0.92718290377798 -3.5618158044106547 0.67056 1.0067452383807876 0.21226888466662114
45704 11217673 -0.9232239458634346 -3.5154434347499497 0.67056 1.0067452383807876 0.21226888466662114
45705 11217673 -0.9207193545913721 -3.4659086640208607 0.67056 1.0067452383807876 0.21226888466662114
45706 11217673 -0.90839752972464 -3.4200496429510427 0.67056 1.0067452383807876 0.21226888466662114
45707 11217673 -0.9015825511877413 -3.3747274565705863 0.67056 1.0067452383807876 0.21226888466662114
45708 11217673 -0.8884671913304103 -3.326440696943298 0.67056 1.0067452383807876 0.21226888466662114
45709 11217673 -0.8810157543149385 -3.303640875083184 0.67056 1.0067452383807876 0.21226888466662114
45710 11217673 -0.8735643172994667 -3.2808410532230696 0.67056 1.0067452383807876 0.21226888466662114
45711 11217673 -0.8577484962478337 -3.212057105633294 0.67056 1.0067452383807876 0.21226888466662114
45712 11217673 -0.8357126633867324 -3.1548275558371066 0.67056 1.0067452383807876 0.21226888466662114
45712 11390060 1.0355202921213664 0.13500353704377313 0.36576 1.0067452383807876 0.21226888466662114
45713 11390060 1.0380231570100815 0.13885887235360667 0.36576 1.0067452383807876 0.21226888466662114
45713 11217673 -0.8136768305256312 -3.0975980060409194 0.67056 1.0067452383807876 0.21226888466662114
45714 11217673 -0.8038170345168036 -3.0755852736184073 0.67056 1.0067452383807876 0.21226888466662114
45714 11390060 1.041285782377675 0.1325357815634269 0.36576 1.0067452383807876 0.21226888466662114
45715 11217673 -0.7939572385079761 -3.0535725411958956 0.67056 1.0067452383807876 0.21226888466662114
45715 11390060 1.0409767628897335 0.13322087004000813 0.36576 1.0067452383807876 0.21226888466662114
45716 11217673 -0.7736167558254048 -3.007647062331419 0.67056 1.0067452383807876 0.21226888466662114
45716 11390060 1.0461003170250163 0.13096284381322415 0.36576 1.0067452383807876 0.21226888466662114
45717 11390060 1.047731635664673 0.12780130013743668 0.36576 1.0067452383807876 0.21226888466662114
45717 11217673 -0.7308965027176957 -2.9187991373695437 0.67056 1.0067452383807876 0.21226888466662114
45718 11390060 1.0493629543043297 0.12463975646164918 0.36576 1.0067452383807876 0.21226888466662114
45718 11217673 -0.710475947857564 -2.8728998022060916 0.6400800000000001 1.0067452383807876 0.21226888466662114
45719 11217673 -0.6908143894794601 -2.8293226477081403 0.6400800000000001 1.0067452383807876 0.21226888466662114
45719 11390060 1.0496839236075 0.12453489421066491 0.36576 1.0067452383807876 0.21226888466662114
45720 11217673 -0.6682159392447558 -2.785186519084839 0.6400800000000001 1.0067452383807876 0.21226888466662114
45720 11390060 1.048063052136186 0.11957362337560662 0.36576 1.0067452383807876 0.21226888466662114
45721 11390060 1.047742082606443 0.1196784857004682 0.36576 1.0067452383807876 0.21226888466662114
45721 11217673 -0.6456174890100514 -2.7410503904615378 0.6400800000000001 1.0067452383807876 0.21226888466662114
45722 11217673 -0.6285136473889561 -2.696870974697361 0.6400800000000001 1.0067452383807876 0.21226888466662114
45722 11390060 1.046511153931522 0.11482347048731426 0.36576 1.0067452383807876 0.21226888466662114
45723 11217673 -0.6174672801546602 -2.6753044058806097 0.6400800000000001 1.0067452383807876 0.21226888466662114
45723 11390060 1.046190184185695 0.11492833288296583 0.36576 1.0067452383807876 0.21226888466662114
45724 11217673 -0.6064209129203644 -2.6537378370638582 0.6400800000000001 1.0067452383807876 0.21226888466662114
45724 11390060 1.0455229900224752 0.11234248683151693 0.36576 1.0067452383807876 0.21226888466662114
45725 11217673 -0.5836728349994986 -2.6085991099814065 0.6400800000000001 1.0067452383807876 0.21226888466662114
45725 11390060 1.0448557958592555 0.10975664078006803 0.36576 1.0067452383807876 0.21226888466662114
45726 11217673 -0.5613626792370343 -2.565887490237905 0.6400800000000001 1.0067452383807876 0.21226888466662114
45726 11390060 1.0431439561733076 0.11031590787759549 0.36576 1.0067452383807876 0.21226888466662114
45727 11390060 1.04143211648736 0.11087517497512295 0.36576 1.0067452383807876 0.21226888466662114
45727 11217673 -0.543350864116616 -2.5192008894306226 0.6400800000000001 1.0067452383807876 0.21226888466662114
45728 11390060 1.039720276801412 0.11143444207265041 0.36576 1.0067452383807876 0.21226888466662114
45728 11217673 -0.5176210377439026 -2.474452442732362 0.6096 1.0067452383807876 0.21226888466662114
45729 11217673 -0.4784252865844001 -2.387139517926271 0.6096 1.0067452383807876 0.21226888466662114
45729 11390060 1.0393190644266368 0.11156552045644774 0.36576 1.0067452383807876 0.21226888466662114
45730 11217673 -0.4564021833934597 -2.34421719917414 0.6096 1.0067452383807876 0.21226888466662114
45730 11390060 1.0349057287977343 0.11300738418669241 0.36576 1.0067452383807876 0.21226888466662114
45731 11390060 1.0344242740552478 0.11316467857957563 0.36576 1.0067452383807876 0.21226888466662114
45731 11217673 -0.43437908020251936 -2.301294880422009 0.6096 1.0067452383807876 0.21226888466662114
45732 11217673 -0.41636496091901487 -2.2584059268489822 0.6096 1.0067452383807876 0.21226888466662114
45733 11217673 -0.3983508416355104 -2.2155169732759554 0.6096 1.0067452383807876 0.21226888466662114
45734 11217673 -0.378990134896813 -2.1739442934026885 0.6096 1.0067452383807876 0.21226888466662114
45735 11217673 -0.35491689302180385 -2.134262148152134 0.6096 1.0067452383807876 0.21226888466662114
45736 11217673 -0.3393727505218341 -2.1030082362416556 0.6096 1.0067452383807876 0.21226888466662114
45737 11217673 -0.3238286080218643 -2.0717543243311765 0.6096 1.0067452383807876 0.21226888466662114
45738 11217673 -0.2927749762693119 -2.0093519839751903 0.6096 1.0067452383807876 0.21226888466662114
45739 11217673 -0.2702839009440034 -1.9682570348478545 0.6096 1.0067452383807876 0.21226888466662114
45740 11217673 -0.24779282561869484 -1.9271620857205187 0.6096 1.0067452383807876 0.21226888466662114
45741 11217673 -0.22530175029338628 -1.886067136593183 0.6096 1.0067452383807876 0.21226888466662114
45742 11217673 -0.20263956157923424 -1.845806926794542 0.59436 1.0067452383807876 0.21226888466662114
45743 11217673 -0.1799773728650822 -1.8055467169959012 0.57912 1.0067452383807876 0.21226888466662114
45744 11217673 -0.15620291580347856 -1.765416304506814 0.6096 1.0067452383807876 0.21226888466662114
45745 11217673 -0.1291477069232867 -1.7244887267735483 0.6096 1.0067452383807876 0.21226888466662114
45746 11217673 -0.10811818077734792 -1.6956114009086134 0.59436 1.0067452383807876 0.21226888466662114
45747 11217673 -0.08708865463140913 -1.6667340750436788 0.57912 1.0067452383807876 0.21226888466662114
45748 11217673 -0.046788312687550127 -1.6202042421188048 0.57912 1.0067452383807876 0.21226888466662114
45749 11217673 -0.006487970743691118 -1.573674409193931 0.57912 1.0067452383807876 0.21226888466662114
45750 11217673 0.028428002200853397 -1.5402221222917962 0.57912 1.0067452383807876 0.21226888466662114
45751 11217673 0.06497418132667121 -1.504498592991401 0.57912 1.0067452383807876 0.21226888466662114
45752 11217673 0.10242274534958823 -1.472808285821507 0.57912 1.0067452383807876 0.21226888466662114
45753 11217673 0.13987130937250525 -1.4411179786516133 0.57912 1.0067452383807876 0.21226888466662114
45754 11217673 0.17898108254163503 -1.4111386123864227 0.57912 1.0067452383807876 0.21226888466662114
45755 11217673 0.22532325542816556 -1.3862093643373627 0.57912 1.0067452383807876 0.21226888466662114
45756 11217673 0.2684985598784382 -1.3628153579766724 0.57912 1.0067452383807876 0.21226888466662114
45757 11217673 0.3024104980048638 -1.3456821286572054 0.57912 1.0067452383807876 0.21226888466662114
45758 11217673 0.3363224361312894 -1.3285488993377386 0.57912 1.0067452383807876 0.21226888466662114
45759 11217673 0.37242863444594787 -1.3135343343875308 0.57912 1.0067452383807876 0.21226888466662114
45760 11217673 0.40853483276060626 -1.2985197694373227 0.57912 1.0067452383807876 0.21226888466662114
45761 11217673 0.5081505092355284 -1.2682140244827158 0.57912 1.0067452383807876 0.21226888466662114
45762 11217673 0.5560881983143726 -1.2536180227646119 0.57912 1.0067452383807876 0.21226888466662114
45763 11217673 0.6057775160092748 -1.2426315123917908 0.57912 1.0067452383807876 0.21226888466662114
45764 11217673 0.6565294089463666 -1.2365480597649892 0.6096 1.0067452383807876 0.21226888466662114
45765 11217673 0.7070748477984596 -1.2302800294335614 0.6096 1.0067452383807876 0.21226888466662114
45766 11217673 0.7590587217520643 -1.2247735101086916 0.6096 1.0067452383807876 0.21226888466662114
45767 11217673 0.8110425957056691 -1.219266990783822 0.6096 1.0067452383807876 0.21226888466662114
45768 11217673 0.8611154516681605 -1.2155306153746366 0.6096 1.0067452383807876 0.21226888466662114
45769 11217673 0.9163138894974059 -1.2124166604457076 0.6096 1.0067452383807876 0.21226888466662114
45770 11217673 0.9715123273266513 -1.2093027055167789 0.6096 1.0067452383807876 0.21226888466662114
45771 11217673 1.0233373405447486 -1.2083573293151697 0.6096 1.0067452383807876 0.21226888466662114
45772 11217673 1.0782595719661492 -1.2060868169565688 0.6096 1.0067452383807876 0.21226888466662114
45773 11217673 1.1056688970660804 -1.2051096903853975 0.6096 1.0067452383807876 0.21226888466662114
45774 11217673 1.1330782221660116 -1.2041325638142262 0.6096 1.0067452383807876 0.21226888466662114
45775 11217673 1.2372100998293813 -1.2007612169274282 0.6096 1.0067452383807876 0.21226888466662114
45776 11217673 1.2920973063397492 -1.1985946153028257 0.6096 1.0067452383807876 0.21226888466662114
45777 11217673 1.346329314590611 -1.1984332680184173 0.6096 1.0067452383807876 0.21226888466662114
45778 11217673 1.3980155836000263 -1.1979074081519883 0.6096 1.0067452383807876 0.21226888466662114
45779 11217673 1.4541487147228678 -1.2011699238893938 0.6096 1.0067452383807876 0.21226888466662114
45780 11217673 1.5048587368879744 -1.2025441286560776 0.6096 1.0067452383807876 0.21226888466662114
45781 11217673 1.5627212734736453 -1.208940684228733 0.6096 1.0067452383807876 0.21226888466662114
45782 11217673 1.6129593018949115 -1.212846901784784 0.6096 1.0067452383807876 0.21226888466662114
45783 11217673 1.667388683283309 -1.2168362612886499 0.6096 1.0067452383807876 0.21226888466662114
45784 11217673 1.7218180646717065 -1.2208256207925157 0.6096 1.0067452383807876 0.21226888466662114
45785 11217673 1.7489483180883383 -1.224778369149952 0.6096 1.0067452383807876 0.21226888466662114
45786 11217673 1.7760785715049698 -1.2287311175073883 0.6096 1.0067452383807876 0.21226888466662114
45787 11217673 1.8845702039134267 -1.2364707312362326 0.6096 1.0067452383807876 0.21226888466662114
45788 11217673 1.9199757092472975 -1.241372476734929 0.6096 1.0067452383807876 0.21226888466662114
45789 11217673 1.9553812145811684 -1.2462742222336254 0.6096 1.0067452383807876 0.21226888466662114
45790 11217673 1.9907867199150393 -1.2511759677323218 0.6096 1.0067452383807876 0.21226888466662114
45791 11217673 2.045839871294925 -1.256651398423583 0.6096 1.0067452383807876 0.21226888466662114
45792 11217673 2.1504757112647814 -1.2680345427018775 0.6096 1.0067452383807876 0.21226888466662114
45793 11217673 2.2079364943674937 -1.2742948007904291 0.6096 1.0067452383807876 0.21226888466662114
45794 11217673 2.260564484534115 -1.2790350750512214 0.6096 1.0067452383807876 0.21226888466662114
45795 11217673 2.3131924747007364 -1.2837753493120136 0.6096 1.0067452383807876 0.21226888466662114
45796 11217673 2.3643902036648923 -1.2928960527025628 0.6096 1.0067452383807876 0.21226888466662114
45797 11217673 2.4151077582531246 -1.2994062974360572 0.6096 1.0067452383807876 0.21226888466662114
45798 11217673 2.465825312841357 -1.3059165421695516 0.6096 1.0283106210632738 0.03422456732325968
45799 11217673 2.5136204079519526 -1.309135944716004 0.6096 1.0283106210632738 0.03422456732325968
45800 11217673 2.562410366570197 -1.3174692449096816 0.6096 1.0283106210632738 0.03422456732325968
45801 11217673 2.6144006571568195 -1.3241600801205344 0.6096 1.0283106210632738 0.03422456732325968
45802 11217673 2.6638280921287896 -1.3305395014718333 0.6096 1.0283106210632738 0.03422456732325968
45803 11217673 2.7132555271007597 -1.3369189228231324 0.6096 1.0283106210632738 0.03422456732325968
45804 11217673 2.75946964328109 -1.336817126725682 0.6096 1.0283106210632738 0.03422456732325968
45805 11217673 2.809120966970439 -1.342509509681711 0.6096 1.0283106210632738 0.03422456732325968
45806 11217673 2.8551282106212588 -1.3430405021881626 0.6096 1.0283106210632738 0.03422456732325968
45807 11217673 2.9030952373133054 -1.345729428540918 0.6096 1.0283106210632738 0.03422456732325968
45808 11217673 2.9508554816390484 -1.3490514461293521 0.6096 1.0283106210632738 0.03422456732325968
45809 11217673 2.998556914029186 -1.3552739921960482 0.6096 1.0283106210632738 0.03422456732325968
45810 11217673 3.046258346419323 -1.3614965382627442 0.6096 1.0283106210632738 0.03422456732325968
45811 11217673 3.0939597788094604 -1.3677190843294402 0.6096 1.0283106210632738 0.03422456732325968
45812 11217673 3.1407590681509117 -1.3658201109625931 0.6096 1.0283106210632738 0.03422456732325968
45813 11217673 3.1897138981154196 -1.3643906595302107 0.6096 1.0283106210632738 0.03422456732325968
45814 11217673 3.23418583566093 -1.3609139609239052 0.6096 1.0283106210632738 0.03422456732325968
45815 11217673 3.2554132011574843 -1.357911863627149 0.6096 1.0283106210632738 0.03422456732325968
45816 11217673 3.276640566654039 -1.354909766330393 0.6096 1.0283106210632738 0.03422456732325968
45817 11217673 3.315289650784596 -1.3453272760707071 0.6096 1.0283106210632738 0.03422456732325968
45818 11217673 3.3576444306766318 -1.331463655870759 0.6096 1.0283106210632738 0.03422456732325968
45819 11217673 3.434463917623167 -1.3039648187388473 0.57912 1.0283106210632738 0.03422456732325968
45820 11217673 3.4710189697842617 -1.282834921964447 0.57912 1.0283106210632738 0.03422456732325968
45821 11217673 3.511585314275936 -1.2662844827897124 0.57912 1.0283106210632738 0.03422456732325968
45822 11217673 3.543347228228475 -1.2440576436457216 0.57912 1.0283106210632738 0.03422456732325968
45823 11217673 3.571851805337136 -1.2231041352497745 0.57912 1.0283106210632738 0.03422456732325968
45824 11217673 3.5985990255707296 -1.1819528840860256 0.57912 1.0283106210632738 0.03422456732325968
45825 11217673 3.622061650245781 -1.1522287059442946 0.57912 1.0283106210632738 0.03422456732325968
45826 11217673 3.642496440021816 -1.1236191844551517 0.57912 1.0283106210632738 0.03422456732325968
45827 11217673 3.660365029478418 -1.0892662811708185 0.57912 1.0283106210632738 0.03422456732325968
45828 11217673 3.67823361893502 -1.054913377886485 0.57912 1.0283106210632738 0.03422456732325968
45829 11217673 3.6862042735975833 -1.038649023865178 0.57912 1.0283106210632738 0.03422456732325968
45830 11217673 3.6941749282601464 -1.022384669843871 0.57912 1.0283106210632738 0.03422456732325968
45831 11217673 3.7185280432549677 -0.9477450702640914 0.57912 1.0283106210632738 0.03422456732325968
45832 11217673 3.723085604884763 -0.9092826942678008 0.54864 1.0283106210632738 0.03422456732325968
45833 11217673 3.729869633632826 -0.8925727627848355 0.5638799999999999 1.0283106210632738 0.03422456732325968
45834 11217673 3.7366536623808893 -0.8758628313018703 0.57912 1.0283106210632738 0.03422456732325968
45835 11217673 3.746157522793151 -0.8344878763815862 0.5714999999999999 1.0283106210632738 0.03422456732325968
45836 11217673 3.7556613832054127 -0.7931129214613021 0.5638799999999999 1.0283106210632738 0.03422456732325968
45837 11217673 3.7580653716562344 -0.7634290264593263 0.5588 1.0283106210632738 0.03422456732325968
45838 11217673 3.7604693601070567 -0.7337451314573507 0.55372 1.0283106210632738 0.03422456732325968
45839 11217673 3.7628733485578785 -0.7040612364553749 0.54864 1.0283106210632738 0.03422456732325968
45840 11217673 3.7673797998170664 -0.6529664934783102 0.54864 1.0283106210632738 0.03422456732325968
45841 11217673 3.7718862510762543 -0.6018717505012455 0.54864 1.0283106210632738 0.03422456732325968
45842 11217673 3.7719012500532365 -0.5691694311267916 0.54864 1.0283106210632738 0.03422456732325968
45843 11217673 3.7751165209840343 -0.5340069518179285 0.54864 1.0283106210632738 0.03422456732325968
45844 11217673 3.778331791914832 -0.4988444725090654 0.54864 1.0283106210632738 0.03422456732325968
45845 11217673 3.7769547380071553 -0.4686860454824109 0.54864 1.0283106210632738 0.03422456732325968
45846 11217673 3.775577684099478 -0.43852761845575644 0.54864 1.0283106210632738 0.03422456732325968
45847 11217673 3.7742006301918014 -0.40836919142910194 0.54864 1.0283106210632738 0.03422456732325968
45848 11217673 3.7717463947230705 -0.36119409625785037 0.54864 1.0283106210632738 0.03422456732325968
45849 11217673 3.768849680140648 -0.3287096801007829 0.5334000000000001 1.0283106210632738 0.03422456732325968
45850 11217673 3.765952965558226 -0.2962252639437154 0.5181600000000001 1.0283106210632738 0.03422456732325968
45851 11217673 3.7596656942890267 -0.2692343347464145 0.5181600000000001 1.0283106210632738 0.03422456732325968
45852 11217673 3.7533784230198277 -0.24224340554911364 0.5181600000000001 1.0283106210632738 0.03422456732325968
45853 11217673 3.7422491581410773 -0.21104418172351672 0.5181600000000001 1.0283106210632738 0.03422456732325968
45854 11217673 3.7291686141891596 -0.18446473447219872 0.5181600000000001 1.0283106210632738 0.03422456732325968
45855 11217673 3.709929944359893 -0.16043143498130089 0.5181600000000001 1.0283106210632738 0.03422456732325968
45856 11217673 3.692995424144704 -0.13750036299368676 0.5181600000000001 1.0283106210632738 0.03422456732325968
45857 11217673 3.670591771152459 -0.11500396368806923 0.5181600000000001 1.0283106210632738 0.03422456732325968
45858 11217673 3.6472467496619476 -0.09512058140848437 0.5181600000000001 1.0283106210632738 0.03422456732325968
45859 11217673 3.6179385238965995 -0.07773000851487158 0.5181600000000001 1.0283106210632738 0.03422456732325968
45860 11217673 3.592136775059025 -0.06428708426452115 0.5181600000000001 1.0283106210632738 0.03422456732325968
45861 11217673 3.5694415140034623 -0.05220825125264486 0.5181600000000001 1.0283106210632738 0.03422456732325968
45862 11217673 3.5397511281982945 -0.042519059213572824 0.5181600000000001 1.0283106210632738 0.03422456732325968
45863 11217673 3.5121000319398403 -0.03583152060739783 0.48768 1.0283106210632738 0.03422456732325968
45864 11217673 3.482434276399304 -0.03023846011185478 0.48768 1.0283106210632738 0.03422456732325968
45865 11217673 3.4527685208587675 -0.02464539961631173 0.48768 1.0283106210632738 0.03422456732325968
45866 11217673 3.423102765318231 -0.019052339120768674 0.48768 1.0283106210632738 0.03422456732325968
45867 11217673 3.3903655527155143 -0.014617595578289039 0.48768 1.0283106210632738 0.03422456732325968
45868 11217673 3.3576283401127975 -0.010182852035809403 0.48768 1.0283106210632738 0.03422456732325968
45869 11217673 3.3269071694803767 -0.009092544871813962 0.48768 1.0283106210632738 0.03422456732325968
45870 11217673 3.296185998847956 -0.008002237707818521 0.48768 1.0283106210632738 0.03422456732325968
45871 11217673 3.2664558114522446 -0.008228112377178715 0.48768 1.0283106210632738 0.03422456732325968
45872 11217673 3.2341233297999956 -0.007721330856265501 0.45720000000000005 1.0283106210632738 0.03422456732325968
45873 11217673 3.2042438960741513 -0.00813182925647446 0.45720000000000005 1.0283106210632738 0.03422456732325968
45874 11217673 3.174364462348307 -0.008542327656683418 0.45720000000000005 1.0283106210632738 0.03422456732325968
45875 11217673 3.141848727814982 -0.007508085648813584 0.45720000000000005 1.0283106210632738 0.03422456732325968
45876 11217673 3.1092000559273187 -0.008240889217939612 0.45720000000000005 1.0283106210632738 0.03422456732325968
45877 11217673 3.0765513840396554 -0.00897369278706564 0.45720000000000005 1.0283106210632738 0.03422456732325968
45878 11217673 3.046408395490328 -0.00883035476347574 0.45720000000000005 1.0283106210632738 0.03422456732325968
45879 11217673 3.0161669088779224 -0.010348525176990558 0.45720000000000005 1.0283106210632738 0.03422456732325968
45880 11217673 2.9859254222655167 -0.011866695590505377 0.45720000000000005 1.0283106210632738 0.03422456732325968
45881 11217673 2.956080142621298 -0.012170582356444498 0.45720000000000005 1.0283106210632738 0.03422456732325968
45882 11217673 2.926234862977079 -0.012474469122383619 0.45720000000000005 1.0283106210632738 0.03422456732325968
45883 11217673 2.8964929127023886 -0.0124614655296936 0.42672000000000004 1.0283106210632738 0.03422456732325968
45884 11217673 2.864963918767497 -0.009762280870677792 0.45720000000000005 1.0283106210632738 0.03422456732325968
45885 11217673 2.8373766718638276 -0.01103651649642337 0.45720000000000005 1.0283106210632738 0.03422456732325968
45886 11217673 2.8076804083551172 -0.01115490289853402 0.42672000000000004 1.0283106210632738 0.03422456732325968
45887 11217673 2.777364796894838 -0.011538257365766164 0.42672000000000004 1.0283106210632738 0.03422456732325968
45888 11217673 2.747915605137652 -0.010627251393233561 0.42672000000000004 1.0283106210632738 0.03422456732325968
45889 11217673 2.7184664133804652 -0.009716245420700959 0.42672000000000004 1.0283106210632738 0.03422456732325968
45890 11217673 2.6893618110292286 -0.007749331354009625 0.42672000000000004 1.0283106210632738 0.03422456732325968
45891 11217673 2.6602572086779914 -0.005782417287318292 0.42672000000000004 1.0283106210632738 0.03422456732325968
45892 11217673 2.633473730916486 -0.00486516475083279 0.42672000000000004 1.0283106210632738 0.03422456732325968
45893 11217673 2.602013465057805 -0.0019536763512842115 0.42672000000000004 1.0283106210632738 0.03422456732325968
45894 11217673 2.5748976586992134 -0.000694080744874398 0.42672000000000004 1.0283106210632738 0.03422456732325968
45895 11217673 2.54559103889187 -0.0007050303119341128 0.39624000000000004 1.0283106210632738 0.03422456732325968
45896 11217673 2.5152062191613416 -0.0012983958345633428 0.39624000000000004 1.0283106210632738 0.03422456732325968
45897 11217673 2.4855440893758276 -0.0013098677763908328 0.39624000000000004 1.0283106210632738 0.03422456732325968
45898 11217673 2.456272911252904 0.00042022991139997745 0.39624000000000004 1.0283106210632738 0.03422456732325968
45899 11217673 2.4264615250607884 0.00022413633911411157 0.39624000000000004 1.0283106210632738 0.03422456732325968
45900 11217673 2.3966501388686727 2.804276682824569e-05 0.39624000000000004 1.0283106210632738 0.03422456732325968
45901 11217673 2.3664719497282807 6.870470815315e-05 0.39624000000000004 1.0283106210632738 0.03422456732325968
45902 11217673 2.335353395562289 -5.068732491572692e-05 0.39624000000000004 1.0283106210632738 0.03422456732325968
45903 11217673 2.304234841396297 -0.00017007935798460383 0.39624000000000004 1.0283106210632738 0.03422456732325968
45904 11217673 2.273779680177585 -0.002608655285390088 0.39624000000000004 1.0283106210632738 0.03422456732325968
45905 11217673 2.24072219564329 -0.004314202588083099 0.39624000000000004 1.0283106210632738 0.03422456732325968
45906 11217673 2.2073436816770946 -0.005914786911121267 0.39624000000000004 1.0283106210632738 0.03422456732325968
45907 11217673 2.1779676946447823 -0.006135347707146882 0.39624000000000004 1.0283106210632738 0.03422456732325968
45908 11217673 2.1477202929358086 -0.006304884661908289 0.39624000000000004 1.0283106210632738 0.03422456732325968
45909 11217673 2.122164884731972 -0.00298317897203057 0.39624000000000004 1.0283106210632738 0.03422456732325968
45910 11217673 2.091882957121043 -0.0032580415888995573 0.36576 1.0283106210632738 0.03422456732325968
45911 11217673 2.062071156534733 -0.0034526678818925516 0.36576 1.0283106210632738 0.03422456732325968
45912 11217673 2.0321559027154117 -0.003963859558495181 0.39624000000000004 1.0283106210632738 0.03422456732325968
45913 11217673 2.0022982603541637 -0.004026467017066326 0.39624000000000004 1.0283106210632738 0.03422456732325968
45914 11217673 1.9700558633691456 -0.003777460319150383 0.36576 1.0283106210632738 0.03422456732325968
45915 11217673 1.9406231217790615 -0.002810319745797346 0.36576 1.0283106210632738 0.03422456732325968
45916 11217673 1.9111903801889771 -0.0018431791724443092 0.36576 1.0283106210632738 0.03422456732325968
45917 11217673 1.8951903861406834 -0.00053144069710373 0.36576 1.0283106210632738 0.03422456732325968
45918 11217673 1.8791903920923896 0.0007802977782368492 0.36576 1.0283106210632738 0.03422456732325968
45919 11217673 1.814751670391118 0.0019653663803819166 0.36576 1.0283106210632738 0.03422456732325968
45920 11217673 1.7845728264511194 0.0020085027816502676 0.36576 1.0283106210632738 0.03422456732325968
45921 11217673 1.7517096145444975 0.0003583787501638125 0.36576 1.0283106210632738 0.03422456732325968
45922 11217673 1.7240521190606137 -0.0011226579335158748 0.33528 1.0283106210632738 0.03422456732325968
45923 11217673 1.6917178688281311 -0.0006088462284747354 0.33528 1.0283106210632738 0.03422456732325968
45924 11217673 1.6620203385232526 -0.0007224384682529006 0.36576 1.0283106210632738 0.03422456732325968
45925 11217673 1.634248624287098 -0.0014649202741406353 0.33528 1.0283106210632738 0.03422456732325968
45926 11217673 1.6048030436746776 -0.0018942323214710538 0.33528 1.0283106210632738 0.03422456732325968
45927 11217673 1.5744170738008445 -0.0024835724458291547 0.33528 1.0283106210632738 0.03422456732325968
45928 11217673 1.5450748581713132 -0.0025959524795993866 0.33528 1.0283106210632738 0.03422456732325968
45929 11217673 1.512488378566536 -0.0017653617661835264 0.33528 1.0283106210632738 0.03422456732325968
45930 11217673 1.4829689842266403 -0.0010602243076953885 0.33528 1.0283106210632738 0.03422456732325968
45931 11217673 1.4534495898867448 -0.00035508684920725064 0.33528 1.0283106210632738 0.03422456732325968
45932 11217673 1.4232703270825042 -0.00031041445145256474 0.33528 1.0283106210632738 0.03422456732325968
45933 11217673 1.3914171923156693 4.749808998139038e-05 0.33528 1.0283106210632738 0.03422456732325968
45934 11217673 1.360341332205815 -0.002652138962706538 0.33528 1.0283106210632738 0.03422456732325968
45935 11217673 1.3329817671987318 -0.0037618361970024883 0.33528 1.0283106210632738 0.03422456732325968
45936 11217673 1.303123330680418 -0.003821502640677016 0.33528 1.0283106210632738 0.03422456732325968
45937 11217673 1.2745142602798036 -0.004405954109094924 0.33528 1.0283106210632738 0.03422456732325968
45938 11217673 1.2459051898791893 -0.0049904055775128325 0.33528 1.0283106210632738 0.03422456732325968
45939 11217673 1.220048205483629 -0.005305447452906328 0.33528 1.0283106210632738 0.03422456732325968
45940 11217673 1.194191221088069 -0.005620489328299824 0.33528 1.0283106210632738 0.03422456732325968
45941 11217673 1.1666822408335191 -0.006914452199128188 0.33528 1.0283106210632738 0.03422456732325968
45942 11217673 1.1399663747309492 -0.005780439625098527 0.33528 1.0283106210632738 0.03422456732325968
45943 11217673 1.1180651172185527 -0.006219214826497621 0.33528 1.0283106210632738 0.03422456732325968
45944 11217673 1.093756524819895 -0.005871471178437809 0.33528 1.0283106210632738 0.03422456732325968
45945 11217673 1.0688729260919034 -0.0075554845637886 0.33528 1.0283106210632738 0.03422456732325968
45946 11217673 1.0527312717152293 -0.007217913047867373 0.33528 1.0283106210632738 0.03422456732325968
45947 11017321 -4.077226125828606 -0.1670173161534584 0.5181600000000001 1.0283106210632738 0.03422456732325968
45947 11217673 1.0365896173385551 -0.006880341531946145 0.33528 1.0283106210632738 0.03422456732325968
45948 11217673 1.003847354226741 -0.006522438081004139 0.33528 1.0283106210632738 0.03422456732325968
45948 11017321 -4.045087364945061 -0.18554423039975623 0.5181600000000001 1.0283106210632738 0.03422456732325968
45949 11017321 -4.012948604061518 -0.20407114464605405 0.5181600000000001 1.0283106210632738 0.03422456732325968
45949 11217673 0.9840302840236389 -0.010095100180107897 0.33528 1.0283106210632738 0.03422456732325968
45950 11017321 -3.947883622192368 -0.23600695995531576 0.5181600000000001 1.0283106210632738 0.03422456732325968
45950 11217673 0.9757564815084765 -0.010955167192506943 0.33528 1.0283106210632738 0.03422456732325968
45951 11217673 0.967482678993314 -0.011815234204905989 0.33528 1.0283106210632738 0.03422456732325968
45951 11017321 -3.8531614525270967 -0.27776820926751944 0.5181600000000001 1.0283106210632738 0.03422456732325968
45952 11217673 0.9520792837925564 -0.011845204117708652 0.33528 1.0283106210632738 0.03422456732325968
45952 11017321 -3.8215118224025364 -0.2896487033004832 0.51054 1.0283106210632738 0.03422456732325968
45953 11017321 -3.7223429015274494 -0.3259696017632211 0.5181600000000001 1.0283106210632738 0.03422456732325968
45953 11217673 0.9366758885917986 -0.011875174030511313 0.33528 1.0283106210632738 0.03422456732325968
45954 11217673 0.921272493391041 -0.011905143943313976 0.33528 1.0283106210632738 0.03422456732325968
45954 11017321 -3.6536509650131155 -0.3484563460357947 0.5181600000000001 1.0283106210632738 0.03422456732325968
45955 11017321 -3.589934182908946 -0.3693137783734258 0.52578 1.0283106210632738 0.03422456732325968
45956 11017321 -3.524949078692491 -0.38521076344900973 0.52578 1.0283106210632738 0.03422456732325968
45957 11017321 -3.454359792527338 -0.4043436422226908 0.5334 1.0283106210632738 0.03422456732325968
45958 11017321 -3.3881707363729783 -0.4206333687941556 0.54102 1.0283106210632738 0.03422456732325968
45959 11017321 -3.3246335459309684 -0.4300953315768691 0.54102 1.0283106210632738 0.03422456732325968
45960 11017321 -3.260397501668285 -0.4401359904982479 0.54864 1.0283106210632738 0.03422456732325968
45961 11017321 -3.2115784759454944 -0.44787604520209423 0.54864 1.0283106210632738 0.03422456732325968
45962 11017321 -3.162759450222704 -0.45561609990594054 0.54864 1.0283106210632738 0.03422456732325968
45963 11017321 -3.097487395975442 -0.4717197379751704 0.54864 1.0283106210632738 0.03422456732325968
45964 11017321 -3.035727852717671 -0.4811815481391578 0.54864 1.0283106210632738 0.03422456732325968
45965 11017321 -2.957132180626335 -0.4907775486851905 0.54864 1.0283106210632738 0.03422456732325968
45966 11017321 -2.902491498426831 -0.4975580536583498 0.55626 1.0283106210632738 0.03422456732325968
45967 11017321 -2.8410712119123662 -0.5123988069528588 0.55626 1.0283106210632738 0.03422456732325968
45968 11017321 -2.778188170196355 -0.5222260019474191 0.55626 1.0283106210632738 0.03422456732325968
45969 11017321 -2.68741696228574 -0.5353356972492754 0.55626 1.0283106210632738 0.03422456732325968
45970 11017321 -2.6115397027380913 -0.5450899931085064 0.55626 1.0283106210632738 0.03422456732325968
45971 11017321 -2.5542153314241736 -0.5518111736136164 0.55626 1.0283106210632738 0.03422456732325968
45972 11017321 -2.488055198267947 -0.5641101126914642 0.55626 1.0283106210632738 0.03422456732325968
45973 11017321 -2.4210794134682843 -0.5752731749361868 0.55626 1.0283106210632738 0.03422456732325968
45974 11017321 -2.3640182241919208 -0.5814393584615887 0.55626 1.0283106210632738 0.03422456732325968
45975 11017321 -2.3110690238043254 -0.587953859965139 0.55626 1.0283106210632738 0.03422456732325968
45976 11017321 -2.25811982341673 -0.5944683614686895 0.55626 1.0283106210632738 0.03422456732325968
45977 11017321 -2.1842746621647273 -0.6009243501415915 0.55626 1.0283106210632738 0.03422456732325968
45978 11017321 -2.1169781842138056 -0.6098815933008572 0.55626 1.0283106210632738 0.03422456732325968
45979 11017321 -2.0496817062628843 -0.6188388364601228 0.55626 1.0283106210632738 0.03422456732325968
45980 11017321 -2.0108740503118554 -0.620783889295067 0.55626 1.0283106210632738 0.03422456732325968
45981 11017321 -1.9426600810050665 -0.6322306229918606 0.55626 1.0283106210632738 0.03422456732325968
45982 11017321 -1.857485907900463 -0.6401689395021024 0.55626 1.0283106210632738 0.03422456732325968
45983 11017321 -1.786634350527395 -0.6477585377561089 0.558165 1.0283106210632738 0.03422456732325968
45984 11017321 -1.7157827931543268 -0.6553481360101154 0.5600700000000001 1.0283106210632738 0.03422456732325968
45985 11017321 -1.6449312357812587 -0.6629377342641218 0.561975 1.0283106210632738 0.03422456732325968
45986 11017321 -1.5740796784081905 -0.6705273325181283 0.56388 1.0283106210632738 0.03422456732325968
45987 11017321 -1.5104004229127679 -0.6754629049927282 0.56388 1.0283106210632738 0.03422456732325968
45988 11017321 -1.4482054683220487 -0.6849365033396974 0.5715 1.0283106210632738 0.03422456732325968
45989 11017321 -1.4060276870404695 -0.6879804866635427 0.5715 1.0283106210632738 0.03422456732325968
45990 11017321 -1.3231339385939933 -0.6990810057918173 0.57912 1.0283106210632738 0.03422456732325968
45991 11017321 -1.251658433110099 -0.7059795441256242 0.57912 1.0283106210632738 0.03422456732325968
45992 11017321 -1.1812271131087202 -0.7133538003955086 0.57912 1.0283106210632738 0.03422456732325968
45993 11017321 -1.1246067796947172 -0.7208554811396786 0.58293 1.0283106210632738 0.03422456732325968
45994 11017321 -1.067986446280714 -0.7283571618838487 0.58674 1.0283106210632738 0.03422456732325968
45995 11017321 -1.0232033422557147 -0.7319878127214463 0.58674 1.0283106210632738 0.03422456732325968
45996 11017321 -0.9784202382307154 -0.735618463559044 0.58674 1.0283106210632738 0.03422456732325968
45997 11017321 -0.9153194235052242 -0.7450331023000614 0.58674 1.0283106210632738 0.03422456732325968
45998 11017321 -0.850402508058703 -0.7502507485777198 0.58674 1.0283106210632738 0.03422456732325968
45999 11017321 -0.7917501309896191 -0.7583267863916419 0.58674 1.0283106210632738 0.03422456732325968
46000 11017321 -0.7272000945805928 -0.7633065669733855 0.58674 1.0283106210632738 0.03422456732325968
46001 11017321 -0.6320595537478653 -0.7752483080128393 0.58674 1.0283106210632738 0.03422456732325968
46002 11017321 -0.5774978347495994 -0.7795318778315058 0.59436 1.0283106210632738 0.03422456732325968
46003 11017321 -0.5140649302683857 -0.789285207529112 0.59436 1.0283106210632738 0.03422456732325968
46004 11017321 -0.48048912531695764 -0.7925496414082996 0.59436 1.0283106210632738 0.03422456732325968
46005 11017321 -0.3651182664549042 -0.803740327691098 0.59436 1.0283106210632738 0.03422456732325968
46006 11017321 -0.3014514514077993 -0.808427673254647 0.59436 1.0283106210632738 0.03422456732325968
46007 11017321 -0.2677557551786083 -0.8121391488663036 0.59436 1.0283106210632738 0.03422456732325968
46008 11017321 -0.23406005894941728 -0.8158506244779601 0.59436 1.0283106210632738 0.03422456732325968
46009 11017321 -0.13602760511038886 -0.8250507890690117 0.59436 1.0283106210632738 0.03422456732325968
46010 11017321 -0.08269919729309486 -0.829365577339165 0.59436 1.0283106210632738 0.03422456732325968
46011 11017321 -0.02937078947580085 -0.8336803656093182 0.59436 1.0283106210632738 0.03422456732325968
46012 11017321 0.03564867576082564 -0.8385732121599344 0.59436 1.0283106210632738 0.03422456732325968
46013 11017321 0.12727135062198602 -0.8463177908036715 0.59436 1.0283106210632738 0.03422456732325968
46014 11017321 0.18240260111646867 -0.8542867018230692 0.59436 1.0283106210632738 0.03422456732325968
46015 11017321 0.25036867473067626 -0.8596732390710681 0.59436 1.0283106210632738 0.03422456732325968
46016 11017321 0.34200230481010296 -0.8676523733469765 0.6019800000000001 1.0283106210632738 0.03422456732325968
46017 11017321 0.3988341092038815 -0.8715022074333006 0.6019800000000001 1.0283106210632738 0.03422456732325968
46018 11017321 0.45704411029454584 -0.8727644219134728 0.6019800000000001 1.0283106210632738 0.03422456732325968
46019 11017321 0.5278438872780399 -0.876270469720795 0.6019800000000001 1.0283106210632738 0.03422456732325968
46020 11017321 0.5594817464238222 -0.8786632413882978 0.6019800000000001 1.0283106210632738 0.03422456732325968
46021 11017321 0.5911196055696046 -0.8810560130558004 0.6019800000000001 1.0283106210632738 0.03422456732325968
46022 11017321 0.687330965471597 -0.8856198410857806 0.6096 1.0283106210632738 0.03422456732325968
46023 11017321 0.7452394500230816 -0.8905197611423468 0.6096 1.0283106210632738 0.03422456732325968
46024 11017321 0.7995396301628925 -0.8901515332034414 0.6096 1.0283106210632738 0.03422456732325968
46025 11017321 0.8711413155252403 -0.8939163334605357 0.6096 1.0283106210632738 0.03422456732325968
46026 11017321 0.9381784350394476 -0.8980585260279944 0.6096 1.0283106210632738 0.03422456732325968
46027 11017321 1.001522531755232 -0.902629281214029 0.6096 1.0283106210632738 0.03422456732325968
46028 11017321 1.0860804735124463 -0.9088719917722149 0.6096 1.0283106210632738 0.03422456732325968
46029 11017321 1.1525768757879435 -0.914938456605009 0.6096 1.0283106210632738 0.03422456732325968
46030 11017321 1.2067336655827163 -0.9215298994115878 0.6096 1.0283106210632738 0.03422456732325968
46031 11017321 1.2700429627564385 -0.9262038111537779 0.6096 1.0283106210632738 0.03422456732325968
46032 11017321 1.3093389761794174 -0.9309778658303773 0.6096 1.0283106210632738 0.03422456732325968
46033 11017321 1.3486349896023964 -0.9357519205069768 0.6096 1.0283106210632738 0.03422456732325968
46034 11017321 1.3958779072083247 -0.9406678976453494 0.6096 1.0283106210632738 0.03422456732325968
46035 11017321 1.4792452700278165 -0.9513653100352364 0.6096 1.0283106210632738 0.03422456732325968
46036 11017321 1.532493219221895 -0.9577449339523874 0.6096 1.0283106210632738 0.03422456732325968
46037 11017321 1.5857411684159737 -0.9641245578695382 0.6096 1.0283106210632738 0.03422456732325968
46038 11017321 1.6351502910066387 -0.9705641575535388 0.6096 1.0283106210632738 0.03422456732325968
46039 11017321 1.6926323086494641 -0.977303308443131 0.6096 1.0283106210632738 0.03422456732325968
46040 11017321 1.7458828621345823 -0.9839452253666724 0.6096 1.0283106210632738 0.03422456732325968
46041 11017321 1.8064242222529339 -0.9943693757541502 0.6019800000000001 1.0283106210632738 0.03422456732325968
46042 11017321 1.8506953670153004 -1.0015829231885436 0.6019800000000001 1.0283106210632738 0.03422456732325968
46043 11017321 1.9240210212951914 -1.0150124094111042 0.6019800000000001 1.0283106210632738 0.03422456732325968
46044 11017321 1.970815605769053 -1.0212968774662532 0.6019800000000001 1.0283106210632738 0.03422456732325968
46045 11017321 2.0239493380329163 -1.0312863242318269 0.6019800000000001 1.0283106210632738 0.03422456732325968
46046 11017321 2.0506319509783553 -1.0345663523630313 0.5981700000000001 1.0283106210632738 0.03422456732325968
46047 11017321 2.077314563923794 -1.0378463804942357 0.59436 1.0283106210632738 0.03422456732325968
46048 11017321 2.130357242932768 -1.046753921080589 0.59436 1.0283106210632738 0.03422456732325968
46049 11017321 2.1776786292897197 -1.0541435724976207 0.59436 1.0283106210632738 0.03422456732325968
46050 11017321 2.2282102504365344 -1.0625809923926406 0.59436 1.0283106210632738 0.03422456732325968
46051 11017321 2.2822042125955706 -1.0723820497245655 0.58674 1.0283106210632738 0.03422456732325968
46052 11017321 2.3557235658563958 -1.0882065846782718 0.58674 1.0283106210632738 0.03422456732325968
46053 11017321 2.407998219326786 -1.0967444641844915 0.58674 1.0283106210632738 0.03422456732325968
46054 11017321 2.4487268335328674 -1.1025641211081603 0.57912 1.0283106210632738 0.03422456732325968
46055 11017321 2.500888157215072 -1.1087279805747638 0.57912 1.0283106210632738 0.03422456732325968
46056 11017321 2.548130686400129 -1.1136362495521006 0.57912 1.0283106210632738 0.03422456732325968
46057 11017321 2.6146437513443725 -1.1084803608487734 0.5715 1.0283106210632738 0.03422456732325968
46058 11017321 2.663505726252901 -1.108426185790061 0.5715 1.0283106210632738 0.03422456732325968
46059 11017321 2.7016874880085355 -1.0948393966889072 0.56388 1.0283106210632738 0.03422456732325968
46060 11017321 2.7234889060550076 -1.090624523236767 0.56388 1.0283106210632738 0.03422456732325968
46061 11017321 2.789989911827838 -1.0637356417501065 0.56388 1.0283106210632738 0.03422456732325968
46062 11017321 2.8212954443207816 -1.0412843680057584 0.5588000000000001 1.0283106210632738 0.03422456732325968
46063 11017321 2.8526009768137257 -1.0188330942614103 0.55372 1.0283106210632738 0.03422456732325968
46064 11017321 2.8839065093066694 -0.9963818205170624 0.54864 1.0283106210632738 0.03422456732325968
46065 11017321 2.911903911987504 -0.9622983735217178 0.54864 1.0283106210632738 0.03422456732325968
46066 11017321 2.9318024926806308 -0.9339822020882508 0.54102 1.0283106210632738 0.03422456732325968
46067 11017321 2.9499523365422804 -0.8946987202764708 0.53721 1.0283106210632738 0.03422456732325968
46068 11017321 2.96810218040393 -0.8554152384646908 0.5334 1.0283106210632738 0.03422456732325968
46069 11017321 2.9871565036826384 -0.797035686249468 0.52578 1.0283106210632738 0.03422456732325968
46070 11017321 2.993643043432969 -0.7608375163772596 0.52197 1.0283106210632738 0.03422456732325968
46071 11017321 3.0001295831832993 -0.7246393465050511 0.5181600000000001 1.0283106210632738 0.03422456732325968
46072 11017321 3.005883807131349 -0.7070093598869082 0.5181600000000001 1.0283106210632738 0.03422456732325968
46073 11017321 3.007288545635805 -0.653732948008172 0.51054 1.0283106210632738 0.03422456732325968
46074 11017321 3.006843635238221 -0.6215414453623943 0.50546 1.0283106210632738 0.03422456732325968
46075 11017321 3.006398724840637 -0.5893499427166167 0.50038 1.0283106210632738 0.03422456732325968
46076 11017321 3.0059538144430533 -0.5571584400708389 0.4953 1.0283106210632738 0.03422456732325968
46077 11017321 3.007350123507721 -0.5202333071050222 0.4953 1.0283106210632738 0.03422456732325968
46078 11017321 3.0003946990693686 -0.4912123593432096 0.48768 1.0283106210632738 0.03422456732325968
46079 11017321 2.9937387361381322 -0.4395101026141347 0.48768 1.0283106210632738 0.03422456732325968
46080 11017321 2.98965587671365 -0.40032920649202774 0.48768 1.0283106210632738 0.03422456732325968
46081 11017321 2.9845914490880814 -0.3736776041569032 0.48768 1.0283106210632738 0.03422456732325968
46082 11017321 2.977542509706428 -0.3286222191429726 0.48006 1.0283106210632738 0.03422456732325968
46083 11017321 2.968044878294105 -0.2951499691588596 0.47243999999999997 1.0283106210632738 0.03422456732325968
46084 11017321 2.9567800856036133 -0.264371682333971 0.47243999999999997 1.0283106210632738 0.03422456732325968
46085 11017321 2.9426010595228504 -0.23708108647580448 0.46482000000000007 1.0283106210632738 0.03422456732325968
46086 11017321 2.9127223698994644 -0.19532037373985403 0.45720000000000005 1.0283106210632738 0.03422456732325968
46087 11017321 2.888569642465262 -0.16594203368832075 0.45720000000000005 1.0283106210632738 0.03422456732325968
46088 11017321 2.8732589624779137 -0.1530005951675527 0.45339000000000007 1.0283106210632738 0.03422456732325968
46089 11017321 2.8579482824905655 -0.14005915664678467 0.44958000000000004 1.0283106210632738 0.03422456732325968
46090 11017321 2.8316002833432314 -0.1201269404275189 0.44196 1.0283106210632738 0.03422456732325968
46091 11017321 2.7998986466555422 -0.09891418276451289 0.44196 1.0283106210632738 0.03422456732325968
46092 11017321 2.7674291800609376 -0.077333756985388 0.43434000000000006 1.0283106210632738 0.03422456732325968
46093 11017321 2.7377386882981742 -0.06764118200976912 0.43434000000000006 1.0283106210632738 0.03422456732325968
46094 11017321 2.7045431841787364 -0.05236515028347541 0.42672000000000004 1.0283106210632738 0.03422456732325968
46095 11017321 2.6604088407258244 -0.037956829007264464 0.42672000000000004 1.0283106210632738 0.03422456732325968
46096 11017321 2.6289881300361513 -0.026764334139589202 0.41910000000000003 1.0283106210632738 0.03422456732325968
46097 11017321 2.5876819634910877 -0.018652468312108622 0.41910000000000003 1.0283106210632738 0.03422456732325968
46098 11017321 2.55586721893688 -0.01410643724832486 0.41910000000000003 0.0 0.0
46099 11017321 2.5300513200221664 -0.00614516827913944 0.41148 0.0 0.0
46100 11017321 2.511500229088809 -0.005170009231245165 0.41148 0.0 0.0
46101 11017321 2.492949138155452 -0.00419485018335089 0.41148 0.0 0.0
46102 11017321 2.456720982698638 0.0017925802811059877 0.41148 0.0 0.0
46103 11017321 2.425766295310277 0.006525663979423196 0.40386 0.0 0.0
46104 11017321 2.3861991093032655 0.008814078016337129 0.40386 0.0 0.0
46105 11017321 2.3462042114624513 0.00598548134793922 0.40386 0.0 0.0
46106 11017321 2.3292344792009643 0.005685404395881527 0.39624000000000004 0.0 0.0
46107 11017321 2.286010431846589 0.009285188459874222 0.39624000000000004 0.0 0.0
46108 11017321 2.242003168403671 0.007767252732363422 0.39624000000000004 0.0 0.0
46109 11017321 2.2091417576477266 0.007750128502098302 0.39624000000000004 0.0 0.0
46110 11017321 2.1770827424991905 0.0074711292782420335 0.39624000000000004 0.0 0.0
46111 11017321 2.142670041750443 0.002703925311911576 0.38862 0.0 0.0
46112 11017321 2.1082867140052404 0.007272913691120292 0.38862 0.0 0.0
46113 11017321 2.0915462489907015 0.007132145311171234 0.38862 0.0 0.0
46114 11017321 2.0748057839761627 0.006991376931222176 0.38862 0.0 0.0
46115 11017321 2.0289270258513774 0.0024643245912217837 0.381 0.0 0.0
46116 11017321 2.0136450910777755 0.005702497953364971 0.381 0.0 0.0
46117 11017321 1.9633664195884266 0.005650021127773741 0.381 0.0 0.0
46118 11017321 1.9472084008742665 0.002398800464975065 0.381 0.0 0.0
46119 11017321 1.8903365296087986 0.0022803383066844762 0.37338 0.0 0.0
46120 11017321 1.8638751372851183 0.005548348731664404 0.37338 0.0 0.0
46121 11017321 1.8286499116651536 0.003734731013308179 0.37338 0.0 0.0
46122 11017321 1.7845728264511194 0.0020085027816502676 0.36576 0.0 0.0
46123 11017321 1.7522267631003023 0.001941812624377759 0.36576 0.0 0.0
46124 11017321 1.7286810551521203 0.002038456564395795 0.36576 0.0 0.0
46125 11017321 1.7051353472039383 0.002135100504413831 0.36576 0.0 0.0
46126 11017321 1.6460832407808663 0.0005108551586272547 0.35814000000000007 0.0 0.0
46127 11017321 1.624126620400939 0.0020747744898957712 0.35814000000000007 0.0 0.0
46128 11017321 1.6021700000210117 0.0036386938211642877 0.35814000000000007 0.0 0.0
46129 11017321 1.5730441305064056 0.0014695590334093123 0.35814000000000007 0.0 0.0
46130 11017321 1.5408933963512847 0.0022745331867582846 0.35814000000000007 0.0 0.0
46131 11017321 1.5081909511991873 0.0013906744871928084 0.35052000000000005 0.0 0.0
46132 11017321 1.4705484595634053 0.00305515209225872 0.35052000000000005 0.0 0.0
46133 11017321 1.4433031308130406 0.0012068215844097119 0.35052000000000005 0.0 0.0
46134 11017321 1.4268719156965028 0.0012001079974642628 0.35052000000000005 0.0 0.0
46135 11017321 1.410440700579965 0.0011933944105188138 0.35052000000000005 0.0 0.0
46136 11017321 1.3751364358652185 0.0018609139158310972 0.35052000000000005 0.0 0.0
46137 11017321 1.351953433142702 0.004293486630140425 0.35052000000000005 0.0 0.0
46138 11017321 1.308574449860902 0.001991408833837416 0.35052000000000005 0.0 0.0
46139 11017321 1.2818262026124785 0.0054720067314253384 0.35052000000000005 0.0 0.0
46140 11017321 1.2702327273775573 0.004235757046791966 0.35052000000000005 0.0 0.0
46141 11017321 1.248411515694298 0.0033616211841099863 0.35052000000000005 0.0 0.0
46142 11017321 1.2265903040110389 0.002487485321428007 0.35052000000000005 0.0 0.0
46143 11017321 1.2034635930427684 0.003733877519708814 0.35052000000000005 0.0 0.0
46144 11017321 1.1921446274611343 0.001707113253268569 0.35052000000000005 0.0 0.0
46145 11017321 1.1645056671296148 0.0027337682874731054 0.35052000000000005 0.0 0.0
46146 11017321 1.136866706798095 0.0037604233216776417 0.35052000000000005 0.0 0.0
46147 11017321 1.1124420993518749 0.002393638287645772 0.35052000000000005 0.0 0.0
46148 11017321 1.0915972815681645 0.003829499841114234 0.35052000000000005 0.0 0.0
46149 11017321 1.081886458567854 0.005366410915845554 0.35052000000000005 0.0 0.0
