47758 11038509 1.1292402364095124 0.002163010210140634 0.35052000000000005 0.0 0.0
47759 11038509 1.0923181401172575 0.0019584434496282416 0.35052000000000005 0.0 0.0
47760 11038509 1.0553564363445829 0.001936441163579869 0.35475333333333336 0.0 0.0
47761 11038509 1.018394732571908 0.0019144388775314963 0.35898666666666673 0.0 0.0
47762 11038509 0.9814330287992333 0.0018924365914831237 0.36322000000000004 0.0 0.0
47763 11038509 0.9444713250265586 0.001870434305434751 0.36745333333333335 0.0 0.0
47764 11038509 0.9075096212538839 0.0018484320193863785 0.3716866666666667 0.0 0.0
47765 11038509 0.8705479174812092 0.0018264297333380058 0.37592000000000003 0.0 0.0
47766 11038509 0.8335862137085345 0.0018044274472896332 0.38015333333333334 0.0 0.0
47767 11038509 0.7966245099358598 0.0017824251612412606 0.3843866666666667 0.0 0.0
47768 11038509 0.759662806163185 0.001760422875192888 0.38862 0.0 0.0
47769 11038509 0.7221446652404349 0.002453416218235062 0.39624000000000004 0.0 0.0
47770 11038509 0.6846265243176846 0.003146409561277236 0.40386 0.0 0.0
47771 11038509 0.6467610369917332 0.003456935562732237 0.40767 0.0 0.0
47772 11038509 0.6088955496657816 0.0037674615641872383 0.41148 0.0 0.0
47773 11038509 0.5710300623398301 0.00407798756564224 0.41529000000000005 0.0 0.0
47774 11038509 0.5331645750138787 0.004388513567097241 0.41910000000000003 0.0 0.0
47775 11038509 0.49110749439729284 0.007500372777987985 0.42672000000000004 0.0 0.0
47776 11038509 0.44749813692062856 0.005862443509154228 0.43434000000000006 0.0 0.0
47777 11038509 0.4055898063615115 0.008751043926567191 0.43815000000000004 0.0 0.0
47778 11038509 0.3636814758023944 0.011639644343980154 0.44196 0.0 0.0
47779 11038509 0.324695983227446 0.013281333386522848 0.44958000000000004 0.0 0.0
47780 11038509 0.29309582427833397 0.015780928698199567 0.45339000000000007 0.0 0.0
47781 11038509 0.26149566532922197 0.018280524009876287 0.45720000000000005 0.0 0.0
47782 11038509 0.21715625445065956 0.02120518052076739 0.46482000000000007 0.0 0.0
47783 11038509 0.18338123681887963 0.027920858780879354 0.46482000000000007 0.0 0.0
47784 11038509 0.14610395166779033 0.02935568877358391 0.47243999999999997 0.0 0.0
47785 11038509 0.10558620636927274 0.03582202656438477 0.48006 0.0 0.0
47786 11038509 0.06717420868466895 0.03786177708051275 0.48768 0.0 0.0
47787 11038509 0.030245676336151384 0.044440579119997325 0.4953 0.0 0.0
47788 11038509 -0.0064653769871448885 0.050598001187147384 0.50292 0.0 0.0
47789 11038509 -0.06108499172034787 0.05957156912727654 0.51054 0.0 0.0
47790 11038509 -0.09526851108953682 0.07074487495279977 0.51054 0.0 0.0
47791 11038509 -0.11654962446466588 0.07220988383223773 0.5181600000000001 0.0 0.0
47792 11038509 -0.16709612248282046 0.08359152830640112 0.52578 0.0 0.0
47793 11038509 -0.18357233221316616 0.08535545718125445 0.52959 0.0 0.0
47794 11038509 -0.20004854194351185 0.08711938605610778 0.5334 0.0 0.0
47795 11038509 -0.2461936789418422 0.09647873310625768 0.54102 0.0 0.0
47796 11038509 -0.283534575184045 0.1034276669265167 0.54864 0.0 0.0
47797 11038509 -0.3132243044987202 0.11313311010155316 0.54864 0.0 0.0
47798 11038509 -0.3659749448579108 0.1218486147108421 0.55626 0.0 0.0
47799 11038509 -0.4062702536627092 0.1328016890907822 0.55626 0.0 0.0
47800 11038509 -0.4432331377811243 0.1392774188675335 0.56388 0.0 0.0
47801 11038509 -0.45366461583754547 0.14268766182411732 0.56388 0.0 0.0
47802 11038509 -0.5062571950188752 0.1488990599884422 0.5715 0.0 0.0
47803 11038509 -0.5339016078551627 0.15127736169986808 0.57531 0.0 0.0
47804 11038509 -0.5615460206914502 0.15365566341129397 0.57912 0.0 0.0
47805 11038509 -0.5928375247611126 0.15547398999471804 0.57912 0.0 0.0
47806 11038509 -0.6268045244258003 0.15372749037086633 0.58674 0.0 0.0
47807 11038509 -0.6657387381542239 0.1501001345914346 0.59436 0.0 0.0
47808 11038509 -0.7010941175786476 0.14763953332904176 0.6019800000000001 0.0 0.0
47809 11038509 -0.7602898300223295 0.13392989851241036 0.6019800000000001 0.0 0.0
47810 11038509 -0.7987885466454752 0.11941195890338893 0.6096 0.0 0.0
47811 11038509 -0.8308508143855386 0.10828087511497234 0.61722 0.0 0.0
47812 11038509 -0.8684783852193605 0.09371203325374086 0.61722 0.0 0.0
47813 11038509 -0.903155240346464 0.0718693999104478 0.6248400000000001 0.0 0.0
47814 11038509 -0.9283153332001886 0.05740105298686404 0.6267450000000001 0.0 0.0
47815 11038509 -0.9534754260539132 0.042932706063280285 0.62865 0.0 0.0
47816 11038509 -0.9876868743801859 0.019799027862677232 0.630555 0.0 0.0
47817 11038509 -1.0218983227064584 -0.0033346503379258208 0.63246 0.0 0.0
47818 11038509 -1.048249563362583 -0.024160547613885447 0.6400800000000001 0.0 0.0
47819 11038509 -1.0896836531567051 -0.06938012703933363 0.6477 0.0 0.0
47820 11038509 -1.1109943933304318 -0.08402614761148355 0.6477 0.0 0.0
47821 11038509 -1.1383574422958447 -0.11772349427539888 0.65532 0.0 0.0
47822 11038509 -1.1686611934016435 -0.14520154618345052 0.65532 0.0 0.0
47823 11038509 -1.2082239224522435 -0.19827664024069339 0.6629400000000001 0.0 0.0
47824 11038509 -1.2354390982646464 -0.23260639028979438 0.67056 0.0 0.0
47825 11038509 -1.2587801483508023 -0.26867034708953275 0.67056 0.0 0.0
47826 11038509 -1.2828047791692245 -0.31117041885005237 0.6781800000000001 0.0 0.0
47827 11038509 -1.307136685207279 -0.3513500963013314 0.6858000000000001 0.0 0.0
47828 11038509 -1.3136361091687243 -0.37013839953998073 0.6858000000000001 0.0 0.0
47829 11038509 -1.3431111262216595 -0.42604480089389585 0.69342 0.0 0.0
47830 11038509 -1.3552479605426129 -0.45636733877119184 0.69723 0.0 0.0
47831 11038509 -1.3673847948635662 -0.48668987664848784 0.7010400000000001 0.0 0.0
47832 11038509 -1.386420615839859 -0.5286014317034881 0.7010400000000001 0.0 0.0
47833 11038509 -1.4007105119841017 -0.5722986697734733 0.7086600000000001 0.0 0.0
47834 11038509 -1.4257695778554316 -0.6271955633321145 0.7086600000000001 0.0 0.0
47835 11038509 -1.4370738145180992 -0.6671957061962583 0.7162800000000001 0.0 0.0
47836 11038509 -1.4528306553265755 -0.7316774584783583 0.7162800000000001 0.0 0.0
47837 11038509 -1.4566100047394148 -0.7758324988116128 0.7200900000000001 0.0 0.0
47838 11038509 -1.4603893541522541 -0.8199875391448673 0.7239000000000001 0.0 0.0
47839 11038509 -1.4439912368903585 -0.8671330944836395 0.725805 0.0 0.0
47840 11038509 -1.4275931196284626 -0.9142786498224117 0.7277100000000001 0.0 0.0
47841 11038509 -1.4111950023665667 -0.9614242051611839 0.7296150000000001 0.0 0.0
47842 11038509 -1.394796885104671 -1.0085697604999562 0.7315200000000001 0.0 0.0
47843 11038509 -1.3783987678427754 -1.0557153158387282 0.733425 0.0 0.0
47844 11038509 -1.3620006505808795 -1.1028608711775005 0.73533 0.0 0.0
47845 11038509 -1.3456025333189836 -1.1500064265162728 0.7372350000000001 0.0 0.0
47846 11038509 -1.329204416057088 -1.197151981855045 0.73914 0.0 0.0
47847 11038509 -1.2833808419254713 -1.2259597481262619 0.73787 0.0 0.0
47848 11038509 -1.2375572677938544 -1.2547675143974786 0.7366 0.0 0.0
47849 11038509 -1.1917336936622378 -1.2835752806686955 0.73533 0.0 0.0
47850 11038509 -1.1459101195306212 -1.3123830469399125 0.7340599999999999 0.0 0.0
47851 11038509 -1.1000865453990043 -1.3411908132111292 0.7327899999999999 0.0 0.0
47852 11038509 -1.0542629712673877 -1.3699985794823462 0.73152 0.0 0.0
47853 11038509 -1.0250485440947734 -1.3795497120322247 0.73152 0.0 0.0
47854 11038509 -0.9973462165145681 -1.387204369235617 0.7239000000000001 0.0 0.0
47855 11038509 -0.8942610530256216 -1.4115580922213147 0.7239000000000001 0.0 0.0
47856 11038509 -0.8437152539536317 -1.4227075162791252 0.7239000000000001 0.0 0.0
47857 11038509 -0.8014984481176594 -1.4302574887069865 0.7200900000000001 0.0 0.0
47858 11038509 -0.759281642281687 -1.4378074611348477 0.7162800000000001 0.0 0.0
47859 11038509 -0.6905249540613136 -1.4514037197173635 0.7162800000000001 0.0 0.0
47860 11038509 -0.6592070014180818 -1.4561497465352649 0.7162800000000001 0.0 0.0
47861 11038509 -0.5771974634839501 -1.4759461675082006 0.7162800000000001 0.0 0.0
47862 11038509 -0.5277031822167613 -1.4832446270484554 0.7162800000000001 0.0 0.0
47863 11038509 -0.4725230886859062 -1.4938030938232867 0.7162800000000001 0.0 0.0
47864 11038509 -0.42839785537806796 -1.5028507661527613 0.7124700000000002 0.0 0.0
47865 11038509 -0.3842726220702297 -1.5118984384822356 0.7086600000000001 0.0 0.0
47866 11038509 -0.3119179633715501 -1.5297044113588814 0.7086600000000001 0.0 0.0
47867 11038509 -0.26056911636063207 -1.5411119646644542 0.7086600000000001 0.0 0.0
47868 11038509 -0.20841760860204595 -1.552781442910156 0.7086600000000001 0.0 0.0
47869 11038509 -0.17872085374213476 -1.562486443613047 0.7086600000000001 0.0 0.0
47870 11038509 -0.11296848959848482 -1.5760297084778856 0.7086600000000001 0.0 0.0
47871 11038509 -0.05501677177186415 -1.5916963609230177 0.7010400000000001 0.0 0.0
47872 11038509 0.016764672168488315 -1.6098955986622452 0.7010400000000001 0.0 0.0
47873 11038509 0.06612591731779904 -1.6260252362346952 0.7010400000000001 0.0 0.0
47874 11038509 0.09334148163952904 -1.6338083098998384 0.7010400000000001 0.0 0.0
47875 11038509 0.12055704596125905 -1.6415913835649818 0.7010400000000001 0.0 0.0
47876 11038509 0.1903667943601599 -1.659027640997937 0.7010400000000001 0.0 0.0
47877 11038509 0.23932706972187612 -1.675024937691424 0.7010400000000001 0.0 0.0
47878 11038509 0.2851710160537113 -1.686966176342699 0.7010400000000001 0.0 0.0
47879 11038509 0.3301183282328086 -1.7016516268969188 0.69342 0.0 0.0
47880 11038509 0.37176115874326854 -1.7182946082916606 0.69342 0.0 0.0
47881 11038509 0.440306152277827 -1.7406889626834066 0.69342 0.0 0.0
47882 11038509 0.4793142904166798 -1.7534329929372305 0.69342 0.0 0.0
47883 11038509 0.5259612823777987 -1.765634884580386 0.69342 0.0 0.0
47884 11038509 0.5994218620445125 -1.7950073486703362 0.6858000000000001 0.0 0.0
47885 11038509 0.6318887819512626 -1.8056134693770463 0.6858000000000001 0.0 0.0
47886 11038509 0.6643557018580128 -1.816219590083756 0.6858000000000001 0.0 0.0
47887 11038509 0.7080862359829607 -1.833542301244323 0.6858000000000001 0.0 0.0
47888 11038509 0.7647667588854468 -1.8490200355122153 0.6781800000000001 0.0 0.0
47889 11038509 0.7981303336084736 -1.8651753483462519 0.6781800000000001 0.0 0.0
47890 11038509 0.8731302023904616 -1.8928277127893383 0.6781800000000001 0.0 0.0
47891 11038509 0.9285613612378545 -1.9077790864722914 0.6781800000000001 0.0 0.0
47892 11038509 0.9731087545244492 -1.922329348203047 0.6781800000000001 0.0 0.0
47893 11038509 1.0236761773616907 -1.9388455200250154 0.6781800000000001 0.0 0.0
47894 11038509 1.0789314654759825 -1.9600465639959779 0.67056 0.0 0.0
47895 11038509 1.1106366161860786 -1.9704014362229312 0.67056 0.0 0.0
47896 11038509 1.1423417668961748 -1.9807563084498845 0.67056 0.0 0.0
47897 11038509 1.1890244513543082 -1.9928482454483973 0.67056 0.0 0.0
47898 11038509 1.2439267800098515 -2.010778388922803 0.67056 0.0 0.0
47899 11038509 1.294173770557903 -2.0271877649901437 0.67056 0.0 0.0
47900 11038509 1.339444322367084 -2.0419716242727293 0.67056 0.0 0.0
47901 11038509 1.413624004383883 -2.063975964565088 0.67056 0.0 0.0
47902 11038509 1.438105535902613 -2.0719704029677066 0.67056 0.0 0.0
47903 11038509 1.4772359458827835 -2.0847481133303294 0.67056 0.0 0.0
47904 11038509 1.5163663558629543 -2.097525823692952 0.67056 0.0 0.0
47905 11038509 1.541249342737258 -2.1056509547274893 0.67056 0.0 0.0
47906 11038509 1.5948554927366594 -2.125374399060051 0.6629400000000001 0.0 0.0
47907 11038509 1.6632566616025057 -2.1454890344699815 0.6629400000000001 0.0 0.0
47908 11038509 1.7051439664630035 -2.161385178657689 0.6629400000000001 0.0 0.0
47909 11038509 1.7515518622957797 -2.1743179053985213 0.65532 0.0 0.0
47910 11038509 1.8005157202944013 -2.190304347570209 0.65532 0.0 0.0
47911 11038509 1.8494796894390695 -2.206290449307225 0.65532 0.0 0.0
47912 11038509 1.8984437697317957 -2.222276210610555 0.65532 0.0 0.0
47913 11038509 1.9804662709365155 -2.2512735463620093 0.6477 0.0 0.0
47914 11038509 2.015784838353322 -2.262803636740636 0.6477 0.0 0.0
47915 11038509 2.068635019406558 -2.2832107782389657 0.6477 0.0 0.0
47916 11038509 2.1190956233099394 -2.3007345128411196 0.6477 0.0 0.0
47917 11038509 2.169556227213321 -2.3182582474432736 0.6477 0.0 0.0
47918 11038509 2.1943580824188427 -2.329625180782734 0.6400800000000001 0.0 0.0
47919 11038509 2.242889748390127 -2.34077866033971 0.6391275000000001 0.0 0.0
47920 11038509 2.2914214143614116 -2.3519321398966855 0.638175 0.0 0.0
47921 11038509 2.3399530803326964 -2.363085619453661 0.6372225 0.0 0.0
47922 11038509 2.388484746303981 -2.374239099010637 0.6362700000000001 0.0 0.0
47923 11038509 2.4370164122752653 -2.3853925785676124 0.6353175000000001 0.0 0.0
47924 11038509 2.48554807824655 -2.396546058124588 0.6343650000000001 0.0 0.0
47925 11038509 2.5340797442178347 -2.4076995376815638 0.6334125 0.0 0.0
47926 11038509 2.582611410189119 -2.4188530172385394 0.63246 0.0 0.0
47927 11038509 2.60859383445343 -2.4202071389009667 0.63246 0.0 0.0
47928 11038509 2.6345762587177406 -2.4215612605633936 0.63246 0.0 0.0
47929 11038509 2.7244255750674684 -2.4184099171744657 0.63246 0.0 0.0
47930 11038509 2.7777217440203055 -2.4183977117802726 0.63246 0.0 0.0
47931 11038509 2.8312141760792455 -2.4150616180266593 0.63246 0.0 0.0
47932 11038509 2.8818608177311864 -2.4150017648683058 0.6248400000000001 0.0 0.0
47933 11038509 2.932314378841162 -2.4100892719269322 0.6248400000000001 0.0 0.0
47934 11038509 2.9821580849941123 -2.4097667632763917 0.6248400000000001 0.0 0.0
47935 11038509 3.0287356059746546 -2.403121627268623 0.6248400000000001 0.0 0.0
47936 11038509 3.068912105014065 -2.399760915527678 0.6248400000000001 0.0 0.0
47937 11038509 3.1097414191294206 -2.398482001518715 0.6248400000000001 0.0 0.0
47938 11038509 3.1666295847570627 -2.3901775176139854 0.61722 0.0 0.0
47939 11038509 3.2015768851696693 -2.3844674066982527 0.61722 0.0 0.0
47940 11038509 3.236524185582276 -2.3787572957825196 0.61722 0.0 0.0
47941 11038509 3.2937882298920447 -2.3605872957046925 0.61722 0.0 0.0
47942 11038509 3.3426317121375644 -2.3404579869804585 0.61722 0.0 0.0
47943 11038509 3.391475194383084 -2.3203286782562245 0.61722 0.0 0.0
47944 11038509 3.428093910753332 -2.296969856200134 0.61722 0.0 0.0
47945 11038509 3.4647126271235797 -2.273611034144044 0.61722 0.0 0.0
47946 11038509 3.490521166921428 -2.252624130730262 0.61341 0.0 0.0
47947 11038509 3.516329706719276 -2.231637227316481 0.6096 0.0 0.0
47948 11038509 3.548772350373566 -2.202973359695552 0.6096 0.0 0.0
47949 11038509 3.572922930049594 -2.175225321733062 0.6096 0.0 0.0
47950 11038509 3.5999425952625295 -2.1414046829715496 0.6019800000000001 0.0 0.0
47951 11038509 3.6209172355947983 -2.1108683330586566 0.6019800000000001 0.0 0.0
47952 11038509 3.6521408322404216 -2.057627017659699 0.6019800000000001 0.0 0.0
47953 11038509 3.664958759317834 -2.0346699259914907 0.6019800000000001 0.0 0.0
47954 11038509 3.677776686395246 -2.0117128343232826 0.6019800000000001 0.0 0.0
47955 11038509 3.6905946134726584 -1.9887557426550744 0.6019800000000001 0.0 0.0
47956 11038509 3.7068495061725155 -1.943012900541235 0.59436 0.0 0.0
47957 11038509 3.729166080218861 -1.8786891133980033 0.59436 0.0 0.0
47958 11038509 3.7386374674873832 -1.8496563922029041 0.59436 0.0 0.0
47959 11038509 3.7481088547559054 -1.820623671007805 0.59436 0.0 0.0
47960 11038509 3.754896786160389 -1.791649994693126 0.59436 0.0 0.0
47961 11038509 3.7660213738993624 -1.757549743569073 0.59436 0.0 0.0
47962 11038509 3.777214845096906 -1.7232383434249252 0.59436 0.0 0.0
47963 11038509 3.7868644824143844 -1.6773263941827308 0.59436 0.0 0.0
47964 11038509 3.802879792186917 -1.628234702516119 0.59436 0.0 0.0
47965 11038509 3.807811027348208 -1.596786345770304 0.59436 0.0 0.0
47966 11038509 3.815632335619159 -1.564645489996524 0.59436 0.0 0.0
47967 11038509 3.820091930444019 -1.5373652111136666 0.59055 0.0 0.0
47968 11038509 3.8245515252688786 -1.5100849322308092 0.58674 0.0 0.0
47969 11038509 3.829310698371592 -1.4791644731202027 0.58674 0.0 0.0
47970 11038509 3.8349685323998957 -1.4373234578043899 0.58674 0.0 0.0
47971 11038509 3.8433875164428617 -1.4019900880929272 0.58674 0.0 0.0
47972 11038509 3.8454066666551383 -1.3699420871280998 0.58674 0.0 0.0
47973 11038509 3.847425816867415 -1.3378940861632722 0.58674 0.0 0.0
47974 11038509 3.8470957824015954 -1.3021594225396023 0.58674 0.0 0.0
47975 11038509 3.847510992907274 -1.2675439014496503 0.58547 0.0 0.0
47976 11038509 3.847926203412953 -1.2329283803596984 0.5842 0.0 0.0
47977 11038509 3.8483414139186314 -1.1983128592697465 0.58293 0.0 0.0
47978 11038509 3.84875662442431 -1.1636973381797948 0.58166 0.0 0.0
47979 11038509 3.849171834929989 -1.129081817089843 0.58039 0.0 0.0
47980 11038509 3.8495870454356673 -1.094466295999891 0.57912 0.0 0.0
47981 11038509 3.847683669659637 -1.0662781025961063 0.57912 0.0 0.0
47982 11038509 3.8441150331382072 -1.0445552136863967 0.57912 0.0 0.0
47983 11038509 3.8379974105675734 -0.9762110022837701 0.57912 0.0 0.0
47984 11038509 3.836345837401253 -0.9499738468806341 0.57912 0.0 0.0
47985 11038509 3.8346942642349324 -0.9237366914774982 0.57912 0.0 0.0
47986 11038509 3.832414215935276 -0.892622041422103 0.5715 0.0 0.0
47987 11038509 3.8335311528352243 -0.8549061780615868 0.5715 0.0 0.0
47988 11038509 3.8317805064539274 -0.819992622934187 0.5715 0.0 0.0
47989 11038509 3.830029860072631 -0.7850790678067873 0.5715 0.0 0.0
47990 11038509 3.828279213691334 -0.7501655126793875 0.5715 0.0 0.0
47991 11038509 3.8233804415417603 -0.7174315952075505 0.5701145454545454 0.0 0.0
47992 11038509 3.818481669392186 -0.6846976777357137 0.568729090909091 0.0 0.0
47993 11038509 3.813582897242612 -0.6519637602638767 0.5673436363636364 0.0 0.0
47994 11038509 3.808684125093038 -0.6192298427920399 0.5659581818181818 0.0 0.0
47995 11038509 3.803785352943464 -0.5864959253202029 0.5645727272727272 0.0 0.0
47996 11038509 3.79888658079389 -0.553762007848366 0.5631872727272728 0.0 0.0
47997 11038509 3.793987808644316 -0.5210280903765291 0.5618018181818182 0.0 0.0
47998 11038509 3.789089036494742 -0.4882941729046922 0.5604163636363636 0.0 0.0
47999 11038509 3.784190264345168 -0.4555602554328553 0.559030909090909 0.0 0.0
48000 11038509 3.779291492195594 -0.4228263379610184 0.5576454545454546 0.0 0.0
48001 11038509 3.77439272004602 -0.39009242048918147 0.55626 0.0 0.0
48002 11038509 3.7562299086106155 -0.36049199450221553 0.55372 0.0 0.0
48003 11038509 3.738067097175211 -0.33089156851524965 0.55118 0.0 0.0
48004 11038509 3.7199042857398066 -0.3012911425282837 0.54864 0.0 0.0
48005 11038509 3.686212593084055 -0.26576664699732533 0.54102 0.0 0.0
48006 11038509 3.6644696825666596 -0.24532563818758324 0.539115 0.0 0.0
48007 11038509 3.6427267720492646 -0.22488462937784115 0.53721 0.0 0.0
48008 11038509 3.6209838615318697 -0.2044436205680991 0.5353049999999999 0.0 0.0
48009 11038509 3.5992409510144743 -0.184002611758357 0.5334 0.0 0.0
48010 11038509 3.5640897774580953 -0.16315708882293264 0.527685 0.0 0.0
48011 11038509 3.5289386039017168 -0.1423115658875083 0.52197 0.0 0.0
48012 11038509 3.4937874303453382 -0.12146604295208394 0.516255 0.0 0.0
48013 11038509 3.4586362567889593 -0.10062052001665958 0.51054 0.0 0.0
48014 11038509 3.4232913316418614 -0.08377038065205153 0.50673 0.0 0.0
48015 11038509 3.3879464064947635 -0.06692024128744348 0.50292 0.0 0.0
48016 11038509 3.356249872063404 -0.05657548093053408 0.49911000000000005 0.0 0.0
48017 11038509 3.324553337632045 -0.04623072057362468 0.4953 0.0 0.0
48018 11038509 3.2862763962551327 -0.03455571833445706 0.4953 0.0 0.0
48019 11038509 3.251289979616658 -0.023136763309616587 0.4953 0.0 0.0
48020 11038509 3.2142598094124066 -0.01689131241410205 0.48768 0.0 0.0
48021 11038509 3.177688448424302 -0.010328157680624811 0.48768 0.0 0.0
48022 11038509 3.1413464989980824 -0.003606059720740268 0.48006 0.0 0.0
48023 11038509 3.1109860013943162 -0.003041523061095869 0.48006 0.0 0.0
48024 11038509 3.0482248422996543 -0.0005452538703220322 0.47243999999999997 0.0 0.0
48025 11038509 3.009609503800047 0.0008451395530637285 0.47243999999999997 0.0 0.0
48026 11038509 2.97585306287173 -0.0019203007547577144 0.46482000000000007 0.0 0.0
48027 11038509 2.945835501682198 -0.002751981458874425 0.46482000000000007 0.0 0.0
48028 11038509 2.9158179404926665 -0.003583662162991136 0.46482000000000007 0.0 0.0
48029 11038509 2.885374469951997 -0.007079742105432191 0.46482000000000007 0.0 0.0
48030 11038509 2.8467933515695396 -0.005582895451712172 0.45720000000000005 0.0 0.0
48031 11038509 2.7971010545281576 -0.0054817490942438984 0.45720000000000005 0.0 0.0
48032 11038509 2.7531193320922216 -0.00420729014109919 0.44958000000000004 0.0 0.0
48033 11038509 2.736580642552715 -0.003188737487491461 0.44958000000000004 0.0 0.0
48034 11038509 2.720041953013209 -0.0021701848338837315 0.44958000000000004 0.0 0.0
48035 11038509 2.6682770060548124 0.0024634236530470532 0.44196 0.0 0.0
48036 11038509 2.6406777274586375 0.0006097269915062153 0.44196 0.0 0.0
48037 11038509 2.6033231369944576 0.0020578342656228654 0.44196 0.0 0.0
48038 11038509 2.5674936645906214 0.0038259275535389714 0.43434000000000006 0.0 0.0
48039 11038509 2.52832732714605 0.005165000255095004 0.43434000000000006 0.0 0.0
48040 11038509 2.4960855912388142 0.005411617949117847 0.43434000000000006 0.0 0.0
48041 11038509 2.4440047743304376 0.0009212118479988429 0.42672000000000004 0.0 0.0
48042 11038509 2.4126795285912332 0.00016802049608469205 0.42672000000000004 0.0 0.0
48043 11038509 2.3858613661599515 0.0009806942826005582 0.42291 0.0 0.0
48044 11038509 2.3590432037286693 0.0017933680691164244 0.41910000000000003 0.0 0.0
48045 11038509 2.3266289095469697 0.0015129303828673446 0.41910000000000003 0.0 0.0
48046 11038509 2.2880663986539727 -0.0023671848245905014 0.41910000000000003 0.0 0.0
48047 11038509 2.2525224717277608 -0.0016253384188856523 0.41529000000000005 0.0 0.0
48048 11038509 2.2169785448015493 -0.0008834920131808033 0.41148 0.0 0.0
48049 11038509 2.1728235794337527 -0.0001331180657971609 0.40767 0.0 0.0
48050 11038509 2.1286686140659556 0.0006172558815864815 0.40386 0.0 0.0
48051 11038509 2.1032262083637803 0.0015657643666640852 0.40386 0.0 0.0
48052 11038509 2.077783802661605 0.002514272851741689 0.40386 0.0 0.0
48053 11038509 2.042365064958041 0.002281643040062814 0.40005 0.0 0.0
48054 11038509 2.006946327254477 0.002049013228383939 0.39624000000000004 0.0 0.0
48055 11038509 1.973669751796406 -0.0008688981196517676 0.39624000000000004 0.0 0.0
48056 11038509 1.9407639648770991 0.0016996613039843567 0.39624000000000004 0.0 0.0
48057 11038509 1.8951511533467662 0.000707981276886066 0.38862 0.0 0.0
48058 11038509 1.87627843156178 0.001380848704295612 0.38862 0.0 0.0
48059 11038509 1.8574057097767938 0.0020537161317051578 0.38862 0.0 0.0
48060 11038509 1.806219654843514 0.0003126105494604958 0.381 0.0 0.0
48061 11038509 1.7733576730784604 0.0002975030453141181 0.381 0.0 0.0
48062 11038509 1.7358314364877425 0.0036750441317541793 0.381 0.0 0.0
48063 11038509 1.698440035462561 0.0033872395080783158 0.37338 0.0 0.0
48064 11038509 1.6708282504896497 0.0017746400860357558 0.37338 0.0 0.0
48065 11038509 1.6382870806144358 0.0016553241790847328 0.37338 0.0 0.0
48066 11038509 1.6011262126442354 0.0031618554345554384 0.36576 0.0 0.0
48067 11038509 1.569376734953765 0.0038356542930684245 0.36576 0.0 0.0
48068 11038509 1.5243588101776535 0.0019508910218325043 0.35814000000000007 0.0 0.0
48069 11038509 1.491840025679589 0.001357581164909416 0.35814000000000007 0.0 0.0
48070 11038509 1.4707547056922379 0.0028709902302584273 0.35433000000000003 0.0 0.0
48071 11038509 1.4496693857048868 0.0043843992956074385 0.35052000000000005 0.0 0.0
48072 11038509 1.4192832486814082 0.003795723687440522 0.35052000000000005 0.0 0.0
48073 11038509 1.3896305467489447 0.002733939865230711 0.35052000000000005 0.0 0.0
48074 11038509 1.3630998805106178 0.005792701850693499 0.35052000000000005 0.0 0.0
48075 11038509 1.3345391355714382 0.0053559664247400055 0.35052000000000005 0.0 0.0
48076 11038509 1.3059783906322586 0.004919230998786511 0.35052000000000005 0.0 0.0
48077 11038509 1.2774176456930788 0.0044824955728330175 0.35052000000000005 0.0 0.0
48078 11038509 1.2488569007538992 0.004045760146879523 0.35052000000000005 0.0 0.0
48079 11038509 1.2202961558147196 0.0036090247209260296 0.35052000000000005 0.0 0.0
48080 11038509 1.1921446274611343 0.001707113253268569 0.35052000000000005 0.0 0.0
48081 11038509 1.1792904009502827 0.0012333394427269662 0.35052000000000005 0.0 0.0
48082 11038509 1.1664361744394312 0.0007595656321853633 0.35052000000000005 0.0 0.0
48083 11038509 1.139439136895653 0.0015766019599155676 0.35052000000000005 0.0 0.0
48084 11038509 1.1124420993518749 0.002393638287645772 0.35052000000000005 0.0 0.0
48085 11038509 1.097213007816234 0.0003593255824754782 0.35052000000000005 0.0 0.0
48086 11038509 1.081886458567854 0.005366410915845554 0.35052000000000005 0.0 0.0
48087 11038509 1.047518820303458 0.002107844063514455 0.35052000000000005 0.0 0.0
