48309 10532852 1.1152194708242154 0.005458361196372136 0.36576 0.0 0.0
48310 10532852 1.0761124454460367 0.004682882161296864 0.36576 0.0 0.0
48311 10532852 1.037005420067858 0.0039074031262215925 0.36576 0.0 0.0
48312 10532852 0.9978983946896793 0.003131924091146321 0.36576 0.0 0.0
48313 10532852 0.9587913693115007 0.0023564450560710493 0.36576 0.0 0.0
48314 10532852 0.9269669623484061 0.002263528384132342 0.36956999999999995 0.0 0.0
48315 10532852 0.8951425553853116 0.0021706117121936346 0.37338 0.0 0.0
48316 10532852 0.863318148422217 0.0020776950402549275 0.37718999999999997 0.0 0.0
48317 10532852 0.8314937414591225 0.00198477836831622 0.381 0.0 0.0
48318 10532852 0.799669334496028 0.0018918616963775128 0.38481 0.0 0.0
48319 10532852 0.7678449275329334 0.0017989450244388055 0.38861999999999997 0.0 0.0
48320 10532852 0.7360205205698389 0.0017060283525000982 0.39243 0.0 0.0
48321 10532852 0.7041961136067443 0.001613111680561391 0.39624 0.0 0.0
48322 10532852 0.6723717066436499 0.0015201950086226835 0.40005 0.0 0.0
48323 10532852 0.6405472996805552 0.0014272783366839764 0.40386 0.0 0.0
48324 10532852 0.6000870496330148 0.0012714024925587555 0.40767 0.0 0.0
48325 10532852 0.5596267995854745 0.0011155266484335347 0.41148 0.0 0.0
48326 10532852 0.5212841811982911 0.0033639263602893987 0.41910000000000003 0.0 0.0
48327 10532852 0.46515175356548033 9.353208151333114e-05 0.41910000000000003 0.0 0.0
48328 10532852 0.43417945691373405 -0.0006502651478753202 0.42672000000000004 0.0 0.0
48329 10532852 0.40661185168608427 -0.0023897334323525754 0.42672000000000004 0.0 0.0
48330 10532852 0.36529928034539105 1.2194980213098283e-05 0.43434000000000006 0.0 0.0
48331 10532852 0.33040173084397173 -0.0045889145857133384 0.44196 0.0 0.0
48332 10532852 0.2951995523957317 -0.003599266728824685 0.44577 0.0 0.0
48333 10532852 0.2599973739474917 -0.0026096188719360314 0.44958000000000004 0.0 0.0
48334 10532852 0.24715991246403746 -0.009279329425749522 0.44958000000000004 0.0 0.0
48335 10532852 0.19554738377526726 -0.009585474028182273 0.45720000000000005 0.0 0.0
48336 10532852 0.1489743328672034 -0.016211515507585567 0.46482000000000007 0.0 0.0
48337 10532852 0.12000613753057587 -0.019244658113914168 0.46863 0.0 0.0
48338 10532852 0.09103794219394834 -0.02227780072024277 0.47243999999999997 0.0 0.0
48339 10532852 0.05780472752146826 -0.024500971690396584 0.48006 0.0 0.0
48340 10532852 0.02296350668170799 -0.02946969721549003 0.48006 0.0 0.0
48341 10532852 -0.01155682166148253 -0.03454316390209419 0.48768 0.0 0.0
48342 10532852 -0.05707764715042574 -0.043381288629755904 0.4953 0.0 0.0
48343 10532852 -0.08856982530216251 -0.047341253357887664 0.50292 0.0 0.0
48344 10532852 -0.12496398331393732 -0.057059194015238596 0.50292 0.0 0.0
48345 10532852 -0.14573495956546578 -0.061368846026811974 0.50673 0.0 0.0
48346 10532852 -0.16650593581699424 -0.06567849803838535 0.51054 0.0 0.0
48347 10532852 -0.20257937344604127 -0.07550096560609229 0.5181600000000001 0.0 0.0
48348 10532852 -0.2371693004975064 -0.08078445489162164 0.5181600000000001 0.0 0.0
48349 10532852 -0.2739764067967705 -0.09013315644267747 0.52578 0.0 0.0
48350 10532852 -0.30837629051918136 -0.10026860226213505 0.52578 0.0 0.0
48351 10532852 -0.3422498767039419 -0.11151062353833649 0.52578 0.0 0.0
48352 10532852 -0.37961826816888866 -0.11985760248979796 0.5334 0.0 0.0
48353 10532852 -0.4032119252350812 -0.125463748361955 0.5334 0.0 0.0
48354 10532852 -0.42680558230127374 -0.13106989423411206 0.5334 0.0 0.0
48355 10532852 -0.47402759919684656 -0.1423874300236442 0.54102 0.0 0.0
48356 10532852 -0.5100330534365025 -0.15199725953506407 0.54102 0.0 0.0
48357 10532852 -0.5404214375629717 -0.1634432702367454 0.54864 0.0 0.0
48358 10532852 -0.5764271277031063 -0.17305277030583852 0.55626 0.0 0.0
48359 10532852 -0.6102928447102622 -0.1869835804427791 0.55626 0.0 0.0
48360 10532852 -0.6592241299200747 -0.19809187434455203 0.56388 0.0 0.0
48361 10532852 -0.6754280800011647 -0.20418552450463215 0.56769 0.0 0.0
48362 10532852 -0.6916320300822547 -0.21027917466471227 0.5715 0.0 0.0
48363 10532852 -0.7282161559100284 -0.22437234005294895 0.5715 0.0 0.0
48364 10532852 -0.7602792159191241 -0.23550382196913097 0.57912 0.0 0.0
48365 10532852 -0.7968074934534368 -0.250783339119646 0.57912 0.0 0.0
48366 10532852 -0.8275635676580864 -0.2619914217109732 0.58674 0.0 0.0
48367 10532852 -0.8715946187657091 -0.2798414861676791 0.58674 0.0 0.0
48368 10532852 -0.9020187414251561 -0.2913915451958832 0.59436 0.0 0.0
48369 10532852 -0.9347639495874911 -0.30732332378591654 0.6019800000000001 0.0 0.0
48370 10532852 -0.9590620413626813 -0.31643647095273825 0.6019800000000001 0.0 0.0
48371 10532852 -0.9833601331378714 -0.32554961811955996 0.6019800000000001 0.0 0.0
48372 10532852 -1.0228532391104193 -0.3458175038939616 0.6096 0.0 0.0
48373 10532852 -1.0610350623117046 -0.3620742754038543 0.6096 0.0 0.0
48374 10532852 -1.0894924287698078 -0.37847294893095984 0.61722 0.0 0.0
48375 10532852 -1.114645111427325 -0.39291442423852907 0.61722 0.0 0.0
48376 10532852 -1.1500445435292341 -0.4128847466889336 0.6248400000000001 0.0 0.0
48377 10532852 -1.1758813164853936 -0.4287380686678111 0.6248400000000001 0.0 0.0
48378 10532852 -1.2017180894415531 -0.4445913906466886 0.6248400000000001 0.0 0.0
48379 10532852 -1.2373189817428394 -0.47033736810228655 0.63246 0.0 0.0
48380 10532852 -1.2655216260550117 -0.494646927257982 0.6400800000000001 0.0 0.0
48381 10532852 -1.309983122547228 -0.5268421280328894 0.6400800000000001 0.0 0.0
48382 10532852 -1.3293086312017146 -0.544649143499025 0.6438900000000001 0.0 0.0
48383 10532852 -1.3486341398562012 -0.5624561589651605 0.6477 0.0 0.0
48384 10532852 -1.3728576069391096 -0.58654788341801 0.6477 0.0 0.0
48385 10532852 -1.3892269763719158 -0.6012906860714514 0.65532 0.0 0.0
48386 10532852 -1.4306019226294622 -0.6419724006338504 0.65532 0.0 0.0
48387 10532852 -1.4566146137373062 -0.6766952001888737 0.6629400000000001 0.0 0.0
48388 10532852 -1.4780194164297369 -0.702760075567904 0.6629400000000001 0.0 0.0
48389 10532852 -1.5142019793558446 -0.7454901501963136 0.67056 0.0 0.0
48390 10532852 -1.5366037427025108 -0.7813937312460469 0.6781800000000001 0.0 0.0
48391 10532852 -1.5594784757758278 -0.8089640372677078 0.6781800000000001 0.0 0.0
48392 10532852 -1.5735962103031615 -0.8304017023994102 0.6819900000000001 0.0 0.0
48393 10532852 -1.5877139448304953 -0.8518393675311127 0.6858000000000001 0.0 0.0
48394 10532852 -1.6090908793848742 -0.8943872397477136 0.6858000000000001 0.0 0.0
48395 10532852 -1.6274113054383201 -0.9205259763130674 0.69342 0.0 0.0
48396 10532852 -1.6449983049303956 -0.9580040768109143 0.69342 0.0 0.0
48397 10532852 -1.662757947380659 -0.9960098953331163 0.7010400000000001 0.0 0.0
48398 10532852 -1.685177621896491 -1.048264700371218 0.7010400000000001 0.0 0.0
48399 10532852 -1.705129314432406 -1.0875398479078722 0.7086600000000001 0.0 0.0
48400 10532852 -1.717832108377373 -1.1263815779797959 0.7086600000000001 0.0 0.0
48401 10532852 -1.727713085653524 -1.1430124079363717 0.7086600000000001 0.0 0.0
48402 10532852 -1.7478460301357146 -1.2018568965808185 0.7162800000000001 0.0 0.0
48403 10532852 -1.755785291436032 -1.2261329681367725 0.7239000000000001 0.0 0.0
48404 10532852 -1.7743130814021193 -1.2855023984717069 0.7239000000000001 0.0 0.0
48405 10532852 -1.7816394024507642 -1.3269202959743698 0.73152 0.0 0.0
48406 10532852 -1.794411219057938 -1.3659731100556503 0.73152 0.0 0.0
48407 10532852 -1.8008919140214485 -1.3939392001877773 0.73533 0.0 0.0
48408 10532852 -1.807372608984959 -1.4219052903199043 0.73914 0.0 0.0
48409 10532852 -1.8231777759116647 -1.4661584346316496 0.73914 0.0 0.0
48410 10532852 -1.836195426174725 -1.510037995068996 0.74676 0.0 0.0
48411 10532852 -1.8451025957951945 -1.5497705000942166 0.74676 0.0 0.0
48412 10532852 -1.8605387149873793 -1.61435711681232 0.75438 0.0 0.0
48413 10532852 -1.8676233357958272 -1.6441703290888197 0.75819 0.0 0.0
48414 10532852 -1.874707956604275 -1.6739835413653192 0.762 0.0 0.0
48415 10532852 -1.8872725544496525 -1.7124030780814714 0.762 0.0 0.0
48416 10532852 -1.8951594010725834 -1.7528197541948922 0.762 0.0 0.0
48417 10532852 -1.9108817729640004 -1.8171958847138237 0.76962 0.0 0.0
48418 10532852 -1.9221861967048957 -1.857195900616823 0.76962 0.0 0.0
48419 10532852 -1.929924407054726 -1.8982453510824866 0.77724 0.0 0.0
48420 10532852 -1.9400776186441848 -1.9341820479681073 0.78105 0.0 0.0
48421 10532852 -1.9502308302336437 -1.970118744853728 0.78486 0.0 0.0
48422 10532852 -1.9571695401308487 -2.0147010706497883 0.78486 0.0 0.0
48423 10532852 -1.9671325658432266 -2.0554902588959982 0.7924800000000001 0.0 0.0
48424 10532852 -1.9749706590648743 -2.087744268372344 0.7924800000000001 0.0 0.0
48425 10532852 -1.982808752286522 -2.11999827784869 0.7924800000000001 0.0 0.0
48426 10532852 -1.9949558886058087 -2.1655645025712382 0.8001 0.0 0.0
48427 10532852 -2.0028949248434893 -2.189840605942014 0.8001 0.0 0.0
48428 10532852 -2.015369776645117 -2.253526151934276 0.80772 0.0 0.0
48429 10532852 -2.0280721909537016 -2.292367925032616 0.80772 0.0 0.0
48430 10532852 -2.0358893502753928 -2.3325736443954717 0.8153400000000001 0.0 0.0
48431 10532852 -2.0531987066015036 -2.4018051645132057 0.8153400000000001 0.0 0.0
48432 10532852 -2.0624361049207263 -2.4341272974671346 0.81915 0.0 0.0
48433 10532852 -2.071673503239949 -2.466449430421063 0.82296 0.0 0.0
48434 10532852 -2.0788258191978857 -2.5073398959794777 0.82296 0.0 0.0
48435 10532852 -2.088506652229328 -2.5532452798971184 0.8305800000000001 0.0 0.0
48436 10532852 -2.104642101717416 -2.618888222994945 0.8305800000000001 0.0 0.0
48437 10532852 -2.111846857819665 -2.6490709942366406 0.8343900000000001 0.0 0.0
48438 10532852 -2.119051613921914 -2.679253765478336 0.8382000000000001 0.0 0.0
48439 10532852 -2.1287322342471464 -2.725159194477825 0.8382000000000001 0.0 0.0
48440 10532852 -2.143229310818814 -2.7694895214299993 0.84582 0.0 0.0
48441 10532852 -2.1561277898066544 -2.8333869242750476 0.84582 0.0 0.0
48442 10532852 -2.165325991536651 -2.8669486239546487 0.8496300000000001 0.0 0.0
48443 10532852 -2.174524193266648 -2.9005103236342493 0.8534400000000001 0.0 0.0
48444 10532852 -2.1842045608637797 -2.9464158062275834 0.8534400000000001 0.0 0.0
48445 10532852 -2.1935292377219406 -2.992320763772629 0.8534400000000001 0.0 0.0
48446 10532852 -2.2127894599705424 -3.051216799502292 0.86106 0.0 0.0
48447 10532852 -2.2205984141173545 -3.095748039582961 0.86106 0.0 0.0
48448 10532852 -2.229326029177465 -3.129229937865981 0.86106 0.0 0.0
48449 10532852 -2.238053644237575 -3.1627118361490014 0.86106 0.0 0.0
48450 10532852 -2.252073822422255 -3.2246066420599795 0.8686800000000001 0.0 0.0
48451 10532852 -2.263248474002337 -3.273995843651281 0.8686800000000001 0.0 0.0
48452 10532852 -2.272572744672442 -3.3199008877525817 0.8763000000000001 0.0 0.0
48453 10532852 -2.2838403314887152 -3.3706617132877867 0.8763000000000001 0.0 0.0
48454 10532852 -2.2934606855967927 -3.4082329913366154 0.8801100000000001 0.0 0.0
48455 10532852 -2.30308103970487 -3.445804269385444 0.88392 0.0 0.0
48456 10532852 -2.314028856276643 -3.4983053467912084 0.88392 0.0 0.0
48457 10532852 -2.3234668715388542 -3.5434721464604917 0.88392 0.0 0.0
48458 10532852 -2.3344235176478527 -3.5932830976866557 0.8915400000000001 0.0 0.0
48459 10532852 -2.3505919608887558 -3.6590319042755537 0.8915400000000001 0.0 0.0
48460 10532852 -2.36116878746627 -3.7076818517961434 0.8991600000000001 0.0 0.0
48461 10532852 -2.3609890136010288 -3.7077804141818 0.899137669675302 0.0 0.0
48462 10532852 -2.3608092397357874 -3.7078789765674567 0.8991153393506037 0.0 0.0
48463 10532852 -2.360629465870546 -3.7079775389531133 0.8990930090259056 0.0 0.0
48464 10532852 -2.3604496920053046 -3.70807610133877 0.8990706787012074 0.0 0.0
48465 10532852 -2.3602699181400633 -3.7081746637244266 0.8990483483765093 0.0 0.0
48466 10532852 -2.360090144274822 -3.7082732261100837 0.8990260180518111 0.0 0.0
48467 10532852 -2.3599103704095805 -3.7083717884957403 0.8990036877271129 0.0 0.0
48468 10532852 -2.359730596544339 -3.708470350881397 0.8989813574024148 0.0 0.0
48469 10532852 -2.3595508226790978 -3.7085689132670536 0.8989590270777167 0.0 0.0
48470 10532852 -2.3593710488138564 -3.7086674756527103 0.8989366967530185 0.0 0.0
48471 10532852 -2.359191274948615 -3.708766038038367 0.8989143664283203 0.0 0.0
48472 10532852 -2.3590115010833737 -3.7088646004240235 0.8988920361036221 0.0 0.0
48473 10532852 -2.3588317272181323 -3.70896316280968 0.898869705778924 0.0 0.0
48474 10532852 -2.358651953352891 -3.709061725195337 0.8988473754542259 0.0 0.0
48475 10532852 -2.3584721794876495 -3.7091602875809935 0.8988250451295277 0.0 0.0
48476 10532852 -2.358292405622408 -3.7092588499666506 0.8988027148048295 0.0 0.0
48477 10532852 -2.358112631757167 -3.709357412352307 0.8987803844801313 0.0 0.0
48478 10532852 -2.3579328578919254 -3.709455974737964 0.8987580541554332 0.0 0.0
48479 10532852 -2.357753084026684 -3.7095545371236205 0.8987357238307351 0.0 0.0
48480 10532852 -2.3575733101614427 -3.709653099509277 0.8987133935060369 0.0 0.0
48481 10532852 -2.3573935362962013 -3.7097516618949338 0.8986910631813387 0.0 0.0
48482 10532852 -2.35721376243096 -3.7098502242805904 0.8986687328566405 0.0 0.0
48483 10532852 -2.3570339885657186 -3.709948786666247 0.8986464025319424 0.0 0.0
48484 10532852 -2.356854214700477 -3.7100473490519037 0.8986240722072443 0.0 0.0
48485 10532852 -2.356674440835236 -3.7101459114375603 0.898601741882546 0.0 0.0
48486 10532852 -2.3564946669699944 -3.7102444738232174 0.8985794115578479 0.0 0.0
48487 10532852 -2.356314893104753 -3.710343036208874 0.8985570812331498 0.0 0.0
48488 10532852 -2.3561351192395117 -3.7104415985945307 0.8985347509084516 0.0 0.0
48489 10532852 -2.3559553453742703 -3.7105401609801874 0.8985124205837535 0.0 0.0
48490 10532852 -2.355775571509029 -3.710638723365844 0.8984900902590552 0.0 0.0
48491 10532852 -2.3555957976437876 -3.7107372857515006 0.8984677599343571 0.0 0.0
48492 10532852 -2.355416023778546 -3.7108358481371573 0.898445429609659 0.0 0.0
48493 10532852 -2.355236249913305 -3.710934410522814 0.8984230992849608 0.0 0.0
48494 10532852 -2.3550564760480635 -3.7110329729084706 0.8984007689602627 0.0 0.0
48495 10532852 -2.354876702182822 -3.711131535294127 0.8983784386355644 0.0 0.0
48496 10532852 -2.3546969283175807 -3.711230097679784 0.8983561083108663 0.0 0.0
48497 10532852 -2.3545171544523393 -3.711328660065441 0.8983337779861682 0.0 0.0
48498 10532852 -2.354337380587098 -3.7114272224510976 0.89831144766147 0.0 0.0
48499 10532852 -2.3541576067218566 -3.711525784836754 0.8982891173367719 0.0 0.0
48500 10532852 -2.353977832856615 -3.711624347222411 0.8982667870120736 0.0 0.0
48501 10532852 -2.353798058991374 -3.7117229096080675 0.8982444566873755 0.0 0.0
48502 10532852 -2.3536182851261325 -3.711821471993724 0.8982221263626774 0.0 0.0
48503 10532852 -2.353438511260891 -3.711920034379381 0.8981997960379792 0.0 0.0
48504 10532852 -2.3532587373956497 -3.7120185967650374 0.898177465713281 0.0 0.0
48505 10532852 -2.3530789635304084 -3.712117159150694 0.8981551353885829 0.0 0.0
48506 10532852 -2.352899189665167 -3.7122157215363507 0.8981328050638847 0.0 0.0
48507 10532852 -2.3527194157999256 -3.712314283922008 0.8981104747391866 0.0 0.0
48508 10532852 -2.3525396419346842 -3.7124128463076644 0.8980881444144884 0.0 0.0
48509 10532852 -2.352359868069443 -3.712511408693321 0.8980658140897902 0.0 0.0
48510 10532852 -2.3521800942042015 -3.7126099710789777 0.8980434837650921 0.0 0.0
48511 10532852 -2.35200032033896 -3.7127085334646344 0.8980211534403939 0.0 0.0
48512 10532852 -2.3518205464737187 -3.712807095850291 0.8979988231156958 0.0 0.0
48513 10532852 -2.3516407726084774 -3.7129056582359476 0.8979764927909976 0.0 0.0
48514 10532852 -2.351460998743236 -3.7130042206216043 0.8979541624662994 0.0 0.0
48515 10532852 -2.3512812248779946 -3.713102783007261 0.8979318321416013 0.0 0.0
48516 10532852 -2.3511014510127533 -3.7132013453929176 0.8979095018169031 0.0 0.0
48517 10532852 -2.350921677147512 -3.713299907778574 0.897887171492205 0.0 0.0
48518 10532852 -2.3507419032822705 -3.7133984701642313 0.8978648411675068 0.0 0.0
48519 10532852 -2.350562129417029 -3.713497032549888 0.8978425108428086 0.0 0.0
48520 10532852 -2.3503823555517878 -3.7135955949355446 0.8978201805181105 0.0 0.0
