3754 11125456 1.2189432889834915 0.00381732295958781 0.33528 0.0 0.0
3755 11125456 1.1996901576067844 0.0025132734374740673 0.33528 0.0 0.0
3756 11125456 1.1804370262300774 0.0012092239153603246 0.33528 0.0 0.0
3757 11125456 1.1430010390836625 0.003508798789453163 0.33528 0.0 0.0
3758 11125456 1.112683495968278 0.003132554038760449 0.33528 0.0 0.0
3759 11125456 1.0833062951112902 0.002916523904667706 0.36576 0.0 0.0
3760 11125456 1.0593942802431848 0.0044783580474643675 0.36576 0.0 0.0
3761 11125456 1.0354822653750795 0.006040192190261029 0.36576 0.0 0.0
3762 11125456 0.9949146002650517 0.006910282109360066 0.36576 0.0 0.0
3763 11125456 0.9469870031595493 0.00971787155145587 0.36576 0.0 0.0
3764 11125456 0.9268291151058226 0.009995176938880593 0.381 0.0 0.0
3765 11125456 0.9066712270520958 0.010272482326305316 0.39624000000000004 0.0 0.0
3766 11125456 0.8606792508699844 0.010578987457373415 0.39624000000000004 0.0 0.0
3767 11125456 0.8466550049210548 0.009787067430933216 0.39624000000000004 0.0 0.0
3768 11125456 0.8193828308882893 0.008767533369908181 0.40640000000000004 0.0 0.0
3769 11125456 0.7921106568555238 0.007747999308883147 0.41656000000000004 0.0 0.0
3770 11125456 0.7648384828227583 0.006728465247858112 0.42672000000000004 0.0 0.0
3771 11125456 0.7369278109321331 0.005567261349998451 0.42672000000000004 0.0 0.0
3772 11125456 0.7123257332197859 0.0050191147082217155 0.42672000000000004 0.0 0.0
3773 11125456 0.6877236555074386 0.00447096806644498 0.42672000000000004 0.0 0.0
3774 11125456 0.660265822458258 0.0033373558258693314 0.44196 0.0 0.0
3775 11125456 0.6328079894090775 0.0022037435852936826 0.45720000000000005 0.0 0.0
3776 11125456 0.6088312286418975 0.0022109331420336054 0.45720000000000005 0.0 0.0
3777 11125456 0.5802213793594928 0.0016292792101357742 0.45720000000000005 0.0 0.0
3778 11125456 0.551611530077088 0.001047625278237943 0.45720000000000005 0.0 0.0
3779 11125456 0.5317158657141673 -4.48718562888889e-05 0.45720000000000005 0.0 0.0
3780 11125456 0.5047108128922799 -0.0011507086272777162 0.48768 0.0 0.0
3781 11125456 0.48796856408481404 -0.0021052584135852204 0.48768 0.0 0.0
3782 11125456 0.4712263152773481 -0.0030598081998927246 0.48768 0.0 0.0
3783 11125456 0.44156188348875713 -0.003062738370488996 0.5181600000000001 0.0 0.0
3784 11125456 0.41717246126713203 -0.002686454096104976 0.5181600000000001 0.0 0.0
3785 11125456 0.39567179466466457 -0.0032541151303388804 0.5181600000000001 0.0 0.0
3786 11125456 0.3757759836147893 -0.004346176173200822 0.5181600000000001 0.0 0.0
3787 11125456 0.35747598543652226 -0.0032726278331658976 0.5181600000000001 0.0 0.0
3788 11125456 0.33565428974137324 -0.0037352134316822605 0.54864 0.0 0.0
3789 11125456 0.3210522178389295 -0.0027601691411363594 0.54864 0.0 0.0
3790 11125456 0.3064501459364858 -0.0017851248505904582 0.54864 0.0 0.0
3791 11125456 0.2823133345400656 -0.0009068219764444552 0.54864 0.0 0.0
3792 11125456 0.25975324834480734 4.044685182026664e-05 0.54864 0.0 0.0
3793 11125456 0.2371931621495491 0.0009877156800849884 0.54864 0.0 0.0
3794 11125456 0.22398519805691797 0.0029676908544982172 0.54864 0.0 0.0
3795 11125456 0.20164406816988423 0.005128703792750378 0.5638799999999999 0.0 0.0
3796 11125456 0.1793029382828505 0.007289716731002538 0.57912 0.0 0.0
3797 11125456 0.15586163521110286 0.010160925942795565 0.57912 0.0 0.0
3798 11125456 0.13242033213935522 0.013032135154588592 0.57912 0.0 0.0
3799 11125456 0.11056178203444411 0.01626242302430181 0.57912 0.0 0.0
3800 11125456 0.088703231929533 0.019492710894015025 0.57912 0.0 0.0
3801 11125456 0.06421661693536018 0.022472250107729446 0.58928 0.0 0.0
3802 11125456 0.039730001941187365 0.025451789321443864 0.59944 0.0 0.0
3803 11125456 0.015243386947014548 0.028431328535158285 0.6096 0.0 0.0
3804 11125456 -0.013444963818823985 0.030330928487612735 0.6096 0.0 0.0
3805 11125456 -0.04235259321232693 0.024766757504323833 0.6096 0.0 0.0
3806 11125456 -0.07126022260582987 0.01920258652103493 0.6096 0.0 0.0
3807 11125456 -0.10348456279163654 0.004850424832572836 0.6096 0.0 0.0
3808 11125456 -0.13715767880535545 -0.019367617380994656 0.6096 0.0 0.0
3809 11125456 -0.17083079481907437 -0.04358565959456215 0.6096 0.0 0.0
3810 11125456 -0.19931731366027527 -0.08182466732323532 0.6096 0.0 0.0
3811 11125456 -0.21699365480440558 -0.11144671925687663 0.6096 0.0 0.0
3812 11125456 -0.2415923185863189 -0.16088720900509598 0.6096 0.0 0.0
3813 11125456 -0.2585677056719833 -0.21281954842172782 0.6096 0.0 0.0
3814 11125456 -0.2679145275363102 -0.2498375568624586 0.6096 0.0 0.0
3815 11125456 -0.27685154643837395 -0.3021776155198777 0.6096 0.0 0.0
3816 11125456 -0.28578856534043773 -0.35451767417729685 0.6096 0.0 0.0
3817 11125456 -0.28931556408816417 -0.3734598168333202 0.6096 0.0 0.0
3818 11125456 -0.292918056499325 -0.4299969934170993 0.6096 0.0 0.0
3819 11125456 -0.29652054891048585 -0.4865341700008784 0.6096 0.0 0.0
3820 11125456 -0.2915917357906561 -0.5380321898937149 0.6096 0.0 0.0
3821 11125456 -0.2795781143542877 -0.5923132172170064 0.6096 0.0 0.0
3822 11125456 -0.2643630551002516 -0.6449534254479861 0.6096 0.0 0.0
3823 11125456 -0.24666881764433768 -0.6832158217477061 0.6096 0.0 0.0
3824 11125456 -0.22202233922713477 -0.7314612328230895 0.6096 0.0 0.0
3825 11125456 -0.1891991168227934 -0.774054607025005 0.6096 0.0 0.0
3826 11125456 -0.156375894418452 -0.8166479812269203 0.6096 0.0 0.0
3827 11125456 -0.09713553515213458 -0.8725186834665446 0.6400800000000001 0.0 0.0
3828 11125456 -0.062317509390302006 -0.8978004578664014 0.6400800000000001 0.0 0.0
3829 11125456 -0.027499483628469434 -0.9230822322662581 0.6400800000000001 0.0 0.0
3830 11125456 0.02060803332206529 -0.9511879061091918 0.6400800000000001 0.0 0.0
3831 11125456 0.09114355724129397 -0.9840522060497564 0.6400800000000001 0.0 0.0
3832 11125456 0.14171343560984961 -1.0032647661688765 0.6400800000000001 0.0 0.0
3833 11125456 0.2038218191681127 -1.0208732919593888 0.6400800000000001 0.0 0.0
3834 11125456 0.2584752778161909 -1.0324817709708007 0.6400800000000001 0.0 0.0
3835 11125456 0.3131287364642691 -1.0440902499822127 0.6400800000000001 0.0 0.0
3836 11125456 0.3435038985631016 -1.0489918509659484 0.6400800000000001 0.0 0.0
3837 11125456 0.4118712287275227 -1.0561430644893084 0.6400800000000001 0.0 0.0
3838 11125456 0.47588343987966736 -1.0597678053476194 0.6096 0.0 0.0
3839 11125456 0.5309029912276936 -1.065360597516595 0.6096 0.0 0.0
3840 11125456 0.5755017698968226 -1.0661462981525136 0.6096 0.0 0.0
3841 11125456 0.6201005485659514 -1.0669319987884325 0.6096 0.0 0.0
3842 11125456 0.6846190002863135 -1.0679162726511786 0.6096 0.0 0.0
3843 11125456 0.7491374520066756 -1.0689005465139247 0.6096 0.0 0.0
3844 11125456 0.7842745163457072 -1.0700988492271364 0.6096 0.0 0.0
3845 11125456 0.8495513291693733 -1.0687596121705838 0.6096 0.0 0.0
3846 11125456 0.9036455065956414 -1.069023909987236 0.6096 0.0 0.0
3847 11125456 0.9577395766471188 -1.0692877955487143 0.6096 0.0 0.0
3848 11125456 1.012626620579427 -1.0671233814103298 0.6096 0.0 0.0
3849 11125456 1.0609185469970353 -1.0661140203905477 0.6096 0.0 0.0
3850 11125456 1.1092104734146435 -1.0651046593707654 0.6096 0.0 0.0
3851 11125456 1.1575023998322518 -1.0640952983509833 0.6096 0.0 0.0
3852 11125456 1.2314493291621145 -1.0606782778856736 0.6096 0.0 0.0
3853 11125456 1.286335612388294 -1.0585115400539424 0.6096 0.0 0.0
3854 11125456 1.3412218956144737 -1.0563448022222113 0.6096 0.0 0.0
3855 11125456 1.4043528437907906 -1.0547674111958727 0.6096 0.0 0.0
3856 11125456 1.42704942653329 -1.0518997357417144 0.6096 0.0 0.0
3857 11125456 1.4870608143793262 -1.0503540221710783 0.6096 0.0 0.0
3858 11125456 1.5470722022253627 -1.0488083086004425 0.6096 0.0 0.0
3859 11125456 1.588471488185546 -1.0471415881406438 0.6096 0.0 0.0
3860 11125456 1.6312414697633915 -1.0448123654759909 0.6096 0.0 0.0
3861 11125456 1.674011451341237 -1.042483142811338 0.6096 0.0 0.0
3862 11125456 1.7206916840111357 -1.0401453329351007 0.6096 0.0 0.0
3863 11125456 1.7673719166810344 -1.0378075230588633 0.6096 0.0 0.0
3864 11125456 1.8252442880743267 -1.0353271435327625 0.6096 0.0 0.0
3865 11125456 1.8831166594676187 -1.0328467640066616 0.6096 0.0 0.0
3866 11125456 1.913891152445146 -1.0303958098612274 0.6096 0.0 0.0
3867 11125456 1.9446656454226734 -1.027944855715793 0.6096 0.0 0.0
3868 11125456 1.98622163793537 -1.0248862669764944 0.6096 0.0 0.0
3869 11125456 2.0277776304480666 -1.021827678237196 0.6096 0.0 0.0
3870 11125456 2.0693336229607633 -1.0187690894978974 0.6096 0.0 0.0
3871 11125456 2.1194024481696125 -1.0150239010524535 0.57912 0.0 0.0
3872 11125456 2.152762686802876 -1.0121312792436647 0.57912 0.0 0.0
3873 11125456 2.1861229254361394 -1.009238657434876 0.57912 0.0 0.0
3874 11125456 2.2259059561726335 -1.0043541458535499 0.57912 0.0 0.0
3875 11125456 2.28467929277725 -0.9984266621763888 0.57912 0.0 0.0
3876 11125456 2.3112790991839525 -0.9958378810345158 0.57912 0.0 0.0
3877 11125456 2.337878905590655 -0.9932490998926428 0.57912 0.0 0.0
3878 11125456 2.3774547726470976 -0.9889971416645241 0.57912 0.0 0.0
3879 11125456 2.42900462661433 -0.9807104290159471 0.57912 0.0 0.0
3880 11125456 2.4654389894576862 -0.9751988568875031 0.57912 0.0 0.0
3881 11125456 2.4921113831431043 -0.9687587328018882 0.57912 0.0 0.0
3882 11125456 2.5187837768285224 -0.9623186087162733 0.57912 0.0 0.0
3883 11125456 2.5454561705139405 -0.9558784846306584 0.57912 0.0 0.0
3884 11125456 2.581761901561967 -0.9439578668727809 0.57912 0.0 0.0
3885 11125456 2.6180676326099936 -0.9320372491149035 0.57912 0.0 0.0
3886 11125456 2.649161608488612 -0.919758547832923 0.57912 0.0 0.0
3887 11125456 2.679424994160516 -0.9058067886763648 0.57912 0.0 0.0
3888 11125456 2.7096883798324205 -0.8918550295198066 0.57912 0.0 0.0
3889 11125456 2.7383351322210787 -0.8735593877231036 0.56896 0.0 0.0
3890 11125456 2.766981884609737 -0.8552637459264006 0.5588 0.0 0.0
3891 11125456 2.795628636998395 -0.8369681041296977 0.54864 0.0 0.0
3892 11125456 2.817347179308082 -0.8153205995525827 0.54864 0.0 0.0
3893 11125456 2.8390657216177693 -0.7936730949754678 0.54864 0.0 0.0
3894 11125456 2.8619570535523664 -0.7659834974226042 0.54864 0.0 0.0
3895 11125456 2.8715373442443344 -0.7453385956861663 0.54864 0.0 0.0
3896 11125456 2.8811176349363024 -0.7246936939497285 0.54864 0.0 0.0
3897 11125456 2.8866472290573917 -0.6990469297500184 0.54864 0.0 0.0
3898 11125456 2.892176823178481 -0.6734001655503082 0.54864 0.0 0.0
3899 11125456 2.8944801040285406 -0.645123293034487 0.5334000000000001 0.0 0.0
3900 11125456 2.8967833848786 -0.6168464205186659 0.5181600000000001 0.0 0.0
3901 11125456 2.8979296391588623 -0.5970114573214403 0.5181600000000001 0.0 0.0
3902 11125456 2.8965650345547633 -0.5767073680270579 0.5181600000000001 0.0 0.0
3903 11125456 2.8960532297539627 -0.5490301811828289 0.5181600000000001 0.0 0.0
3904 11125456 2.8955414249531626 -0.5213529943385999 0.5181600000000001 0.0 0.0
3905 11125456 2.8950296201523624 -0.4936758074943709 0.5181600000000001 0.0 0.0
3906 11125456 2.894517815351562 -0.46599862065014186 0.5181600000000001 0.0 0.0
3907 11125456 2.892352577941391 -0.44270742112971073 0.508 0.0 0.0
3908 11125456 2.8901873405312197 -0.4194162216092796 0.49784 0.0 0.0
3909 11125456 2.888022103121049 -0.3961250220888485 0.48768 0.0 0.0
3910 11125456 2.885903557489675 -0.3815323668013166 0.48768 0.0 0.0
3911 11125456 2.8837850118583015 -0.3669397115137847 0.48768 0.0 0.0
3912 11125456 2.877843577504807 -0.34569640697636456 0.48768 0.0 0.0
3913 11125456 2.8719021431513125 -0.32445310243894443 0.48768 0.0 0.0
3914 11125456 2.86295892373312 -0.29948469778215353 0.48768 0.0 0.0
3915 11125456 2.854015704314928 -0.27451629312536263 0.48768 0.0 0.0
3916 11125456 2.8451859627831637 -0.256681464666119 0.48768 0.0 0.0
3917 11125456 2.8363562212513993 -0.23884663620687538 0.48768 0.0 0.0
3918 11125456 2.8197800795004566 -0.21345993536930855 0.48768 0.0 0.0
3919 11125456 2.807408371750604 -0.1942351443547732 0.45720000000000005 0.0 0.0
3920 11125456 2.8000188597637345 -0.18422980763452526 0.45720000000000005 0.0 0.0
3921 11125456 2.7820300805979468 -0.1631712810418798 0.45720000000000005 0.0 0.0
3922 11125456 2.767048152576166 -0.14718283026901288 0.45720000000000005 0.0 0.0
3923 11125456 2.7520662245543845 -0.13119437949614596 0.45720000000000005 0.0 0.0
3924 11125456 2.737650540150557 -0.11755179965451354 0.45720000000000005 0.0 0.0
3925 11125456 2.7232348557467296 -0.10390921981288112 0.45720000000000005 0.0 0.0
3926 11125456 2.7046210891548004 -0.09292627135335238 0.45720000000000005 0.0 0.0
3927 11125456 2.673847716916474 -0.07295042775117236 0.45720000000000005 0.0 0.0
3928 11125456 2.658143455763843 -0.06665531868248398 0.45720000000000005 0.0 0.0
3929 11125456 2.642439194611212 -0.060360209613795596 0.45720000000000005 0.0 0.0
3930 11125456 2.6261285050551466 -0.052114788147145846 0.45720000000000005 0.0 0.0
3931 11125456 2.596167811024095 -0.04379352549170307 0.44196 0.0 0.0
3932 11125456 2.566207116993043 -0.03547226283626029 0.42672000000000004 0.0 0.0
3933 11125456 2.558295834792553 -0.035225732856928677 0.42672000000000004 0.0 0.0
3934 11125456 2.534284033995343 -0.029897792814751134 0.42672000000000004 0.0 0.0
3935 11125456 2.5102722331981324 -0.02456985277257359 0.42672000000000004 0.0 0.0
3936 11125456 2.489566083368552 -0.02271584269116475 0.42672000000000004 0.0 0.0
3937 11125456 2.4623714733659496 -0.018976896946137828 0.42672000000000004 0.0 0.0
3938 11125456 2.4351768633633473 -0.015237951201110905 0.42672000000000004 0.0 0.0
3939 11125456 2.4168683254805137 -0.011479720128274723 0.42672000000000004 0.0 0.0
3940 11125456 2.390554763970205 -0.010481419935304909 0.42672000000000004 0.0 0.0
3941 11125456 2.371012935213797 -0.007780604122283041 0.42672000000000004 0.0 0.0
3942 11125456 2.3514711064573888 -0.005079788309261174 0.42672000000000004 0.0 0.0
3943 11125456 2.3283672491457508 -0.005129247407419768 0.41148000000000007 0.0 0.0
3944 11125456 2.3052633918341128 -0.005178706505578362 0.39624000000000004 0.0 0.0
3945 11125456 2.2765079687252987 -0.003499509387964589 0.39624000000000004 0.0 0.0
3946 11125456 2.243922317210223 -0.002672278973570058 0.39624000000000004 0.0 0.0
3947 11125456 2.2196147253210636 -0.002328392137076446 0.39624000000000004 0.0 0.0
3948 11125456 2.19534722470258 -0.001997481732290779 0.39624000000000004 0.0 0.0
3949 11125456 2.1710797240840964 -0.001666571327505112 0.39624000000000004 0.0 0.0
3950 11125456 2.1537264374612755 -0.0009648547487091097 0.39624000000000004 0.0 0.0
3951 11125456 2.1363731508384545 -0.00026313816991310746 0.39624000000000004 0.0 0.0
3952 11125456 2.1030634445059952 -0.0016521041384238988 0.39624000000000004 0.0 0.0
3953 11125456 2.07915695040097 -0.0014387537774374903 0.39624000000000004 0.0 0.0
3954 11125456 2.057547550600898 -0.0010797727096065006 0.38608000000000003 0.0 0.0
3955 11125456 2.0359381508008254 -0.0007207916417755108 0.37592 0.0 0.0
3956 11125456 2.014328751000753 -0.000361810573944521 0.36576 0.0 0.0
3957 11125456 1.9929679631118984 0.00030553748773463896 0.36576 0.0 0.0
3958 11125456 1.9716071752230435 0.0009728855494137989 0.36576 0.0 0.0
3959 11125456 1.9357175565888949 -0.0001569598871496436 0.36576 0.0 0.0
3960 11125456 1.911983291436698 0.0005847692589250608 0.36576 0.0 0.0
3961 11125456 1.8848668862248503 0.0018470044280951003 0.36576 0.0 0.0
3962 11125456 1.866567759423753 0.0029166567413962396 0.36576 0.0 0.0
3963 11125456 1.8406597149074355 0.002441011560889078 0.36576 0.0 0.0
3964 11125456 1.814751670391118 0.0019653663803819166 0.36576 0.0 0.0
3965 11125456 1.7900424955294922 0.00244175952077888 0.36576 0.0 0.0
3966 11125456 1.7648359537385023 0.0023019375051550974 0.36576 0.0 0.0
3967 11125456 1.7396294119475126 0.0021621154895313153 0.36576 0.0 0.0
3968 11125456 1.7144228701565227 0.0020222934739075327 0.36576 0.0 0.0
3969 11125456 1.690103536898645 0.0026053269662779655 0.36576 0.0 0.0
3970 11125456 1.6694866738145384 0.0017455497160450972 0.36576 0.0 0.0
3971 11125456 1.648869810730432 0.000885772465812229 0.36576 0.0 0.0
3972 11125456 1.6184351697492056 0.0015973347677655145 0.35559999999999997 0.0 0.0
3973 11125456 1.5880005287679793 0.0023088970697188 0.34544 0.0 0.0
3974 11125456 1.5575658877867529 0.003020459371672085 0.33528 0.0 0.0
3975 11125456 1.535757173444062 0.0031344135234139398 0.33528 0.0 0.0
3976 11125456 1.5098889089313976 0.0026468699963412695 0.33528 0.0 0.0
3977 11125456 1.4840206444187332 0.0021593264692685993 0.33528 0.0 0.0
3978 11125456 1.448634965422277 0.0012175722916728943 0.33528 0.0 0.0
3979 11125456 1.429537833001121 0.001205483351095854 0.33528 0.0 0.0
3980 11125456 1.410440700579965 0.0011933944105188138 0.33528 0.0 0.0
3981 11125456 1.3862815932185728 0.0017250465472855858 0.33528 0.0 0.0
3982 11125456 1.3604247712459607 0.001409494116652782 0.33528 0.0 0.0
3983 11125456 1.3345679492733487 0.001093941686019978 0.33528 0.0 0.0
3984 11125456 1.3132418041794276 0.0026864250294802994 0.33528 0.0 0.0
3985 11125456 1.2914441593959445 0.0025638302145981756 0.33528 0.0 0.0
3986 11125456 1.2696465146124614 0.002441235399716052 0.33528 0.0 0.0
3987 11125456 1.2376552771380385 0.0023775980295281662 0.33528 0.0 0.0
3988 11125456 1.2157541157821847 0.0019385560011292644 0.33528 0.0 0.0
3989 11125456 1.193852954426331 0.0014995139727303625 0.33528 0.0 0.0
3990 11125456 1.1644194538882464 0.002469876439338471 0.33528 0.0 0.0
3991 11125456 1.1349859533501618 0.00344023890594658 0.33528 0.0 0.0
3992 11125456 1.1118810486584527 0.0033947401117261286 0.33528 0.0 0.0
3993 11125456 1.0887761439667438 0.0033492413175056773 0.33528 0.0 0.0
3994 11125456 1.0617326123502344 0.0034807877562240477 0.35052 0.0 0.0
3995 11125456 1.034689080733725 0.003612334194942418 0.36576 0.0 0.0
3996 11125456 1.0032758125816397 0.0026015314567941553 0.36576 0.0 0.0
3997 11125456 0.9718625444295542 0.0015907287186458924 0.36576 0.0 0.0
3998 11125456 0.9392409417299452 0.002318394552220493 0.36576 0.0 0.0
3999 11125456 0.9134009119354254 0.0020572493385483184 0.381 0.0 0.0
4000 11125456 0.8875608821409057 0.001796104124876144 0.39624000000000004 0.0 0.0
4001 11125456 0.8600515412283023 0.0005033821799151489 0.39624000000000004 0.0 0.0
4002 11125456 0.8325422003156989 -0.0007893397650458461 0.39624000000000004 0.0 0.0
4003 11125456 0.8084860626354065 6.095435868187782e-05 0.39624000000000004 0.0 0.0
4004 11125456 0.776081771778419 0.00036782289569431414 0.39624000000000004 0.0 0.0
4005 11125456 0.7514452279858443 -0.0002860175346811461 0.41148000000000007 0.0 0.0
4006 11125456 0.7268086841932696 -0.0009398579650566063 0.42672000000000004 0.0 0.0
4007 11125456 0.7056426429719482 0.0006020157708354901 0.42672000000000004 0.0 0.0
4008 11125456 0.6646711369415136 -0.0008475939372112468 0.42672000000000004 0.0 0.0
4009 11125456 0.6460390750151217 0.0005674241146142595 0.42672000000000004 0.0 0.0
4010 11125456 0.6243379981308141 6.465476098886647e-05 0.42672000000000004 0.0 0.0
4011 11125456 0.6026369212465067 -0.0004381145926365265 0.42672000000000004 0.0 0.0
4012 11125456 0.5699114083979794 -2.5422061955771014e-05 0.45720000000000005 0.0 0.0
4013 11125456 0.5475035290945927 -0.0022831268599098897 0.45720000000000005 0.0 0.0
4014 11125456 0.5198445588168795 -0.003759478033783195 0.45720000000000005 0.0 0.0
4015 11125456 0.5064282577456641 -0.0040484951599274455 0.45720000000000005 0.0 0.0
4016 11125456 0.48297783990824683 -0.00514751351958926 0.47244 0.0 0.0
4017 11125456 0.4595274220708296 -0.006246531879251074 0.48768 0.0 0.0
4018 11125456 0.4400328698069418 -0.007469857784410651 0.48768 0.0 0.0
4019 11125456 0.42053831754305404 -0.008693183689570227 0.48768 0.0 0.0
4020 11125456 0.39102231015431593 -0.009328575802900224 0.5181600000000001 0.0 0.0
4021 11125456 0.37112648155118105 -0.010420624341367396 0.5181600000000001 0.0 0.0
4022 11125456 0.35226927492047555 -0.010508486337875073 0.5181600000000001 0.0 0.0
4023 11125456 0.33341206828977 -0.01059634833438275 0.5181600000000001 0.0 0.0
4024 11125456 0.32192150881664316 -0.011514386472225385 0.5181600000000001 0.0 0.0
4025 11125456 0.2956668568539702 -0.013039954049230001 0.5334000000000001 0.0 0.0
4026 11125456 0.26941220489129725 -0.014565521626234618 0.54864 0.0 0.0
4027 11125456 0.2583340759145678 -0.015851915266423322 0.54864 0.0 0.0
4028 11125456 0.2230155441297933 -0.016576454900914556 0.54864 0.0 0.0
4029 11125456 0.20470991615030817 -0.01733100085484267 0.54864 0.0 0.0
4030 11125456 0.18640428817082302 -0.01808554680877079 0.54864 0.0 0.0
4031 11125456 0.1680986601913379 -0.018840092762698907 0.54864 0.0 0.0
4032 11125456 0.14612751879530128 -0.01948698214940492 0.54864 0.0 0.0
4033 11125456 0.12865876371994367 -0.020398040120879108 0.5588 0.0 0.0
4034 11125456 0.11119000864458606 -0.0213090980923533 0.56896 0.0 0.0
4035 11125456 0.09372125356922845 -0.02222015606382749 0.57912 0.0 0.0
4036 11125456 0.0590735700269962 -0.02877108293301775 0.57912 0.0 0.0
4037 11125456 0.03201525289926621 -0.03710141810283096 0.57912 0.0 0.0
4038 11125456 0.010358016605553466 -0.045210872252263945 0.57912 0.0 0.0
4039 11125456 -0.02226978304945748 -0.061884971296817914 0.57912 0.0 0.0
4040 11125456 -0.04106854088300538 -0.0786394433687854 0.6096 0.0 0.0
4041 11125456 -0.07005138164742897 -0.10888884643618982 0.6096 0.0 0.0
4042 11125456 -0.10042212853836618 -0.1515359645726487 0.6096 0.0 0.0
4043 11125456 -0.11222717589144315 -0.17542477609839996 0.6096 0.0 0.0
4044 11125456 -0.12403222324452012 -0.19931358762415122 0.6096 0.0 0.0
4045 11125456 -0.13723270854754344 -0.24377586665688777 0.6096 0.0 0.0
4046 11125456 -0.15043319385056675 -0.28823814568962436 0.6096 0.0 0.0
4047 11125456 -0.1570592205388952 -0.3288909349784399 0.6096 0.0 0.0
4048 11125456 -0.16368524722722366 -0.36954372426725546 0.6096 0.0 0.0
4049 11125456 -0.16553213779834608 -0.4114275344834738 0.6096 0.0 0.0
4050 11125456 -0.1673790283694685 -0.45331134469969214 0.6096 0.0 0.0
4051 11125456 -0.1692259189405909 -0.4951951549159105 0.6096 0.0 0.0
4052 11125456 -0.16592906406932784 -0.5764185330395653 0.6096 0.0 0.0
4053 11125456 -0.16228450999857513 -0.622881526002991 0.6096 0.0 0.0
4054 11125456 -0.15863995592782243 -0.6693445189664167 0.6096 0.0 0.0
4055 11125456 -0.13604470885381237 -0.7293029659794621 0.6096 0.0 0.0
4056 11125456 -0.11344946177980231 -0.7892614129925075 0.6096 0.0 0.0
4057 11125456 -0.09060428129958475 -0.8269867187043225 0.6096 0.0 0.0
4058 11125456 -0.057664886093549195 -0.8626365388576895 0.6096 0.0 0.0
4059 11125456 -0.024725490887513635 -0.8982863590110567 0.6096 0.0 0.0
4060 11125456 0.02998799960298193 -0.9390655205254396 0.6096 0.0 0.0
4061 11125456 0.0794642545053964 -0.9627112220725923 0.6096 0.0 0.0
4062 11125456 0.11515582093495663 -0.9730896378229761 0.6096 0.0 0.0
4063 11125456 0.15084738736451686 -0.9834680535733599 0.6096 0.0 0.0
4064 11125456 0.21921705587644968 -0.994418549320413 0.6096 0.0 0.0
4065 11125456 0.2875867243883825 -1.0053690450674662 0.6096 0.0 0.0
4066 11125456 0.3417644733886273 -1.009461394728137 0.6096 0.0 0.0
4067 11125456 0.3959422223888721 -1.0135537443888079 0.6096 0.0 0.0
4068 11125456 0.44415243552251954 -1.0155202890274269 0.6096 0.0 0.0
4069 11125456 0.49236264865616697 -1.017486833666046 0.6096 0.0 0.0
4070 11125456 0.5805835379933639 -1.0209594586062698 0.6096 0.0 0.0
4071 11125456 0.61269345957278 -1.021636896695258 0.6096 0.0 0.0
4072 11125456 0.6616448239776975 -1.0213324501563072 0.6096 0.0 0.0
4073 11125456 0.7105961883826151 -1.0210280036173565 0.6096 0.0 0.0
4074 11125456 0.7716631010154149 -1.0208840912084627 0.6096 0.0 0.0
4075 11125456 0.8327300136482146 -1.0207401787995687 0.6096 0.0 0.0
4076 11125456 0.8762170646668406 -1.019759280624997 0.6096 0.0 0.0
4077 11125456 0.9346776990877065 -1.0179836642877353 0.6096 0.0 0.0
4078 11125456 0.9931383335085723 -1.0162080479504734 0.6096 0.0 0.0
4079 11125456 1.0515989679294382 -1.0144324316132116 0.6096 0.0 0.0
4080 11125456 1.1082346508213758 -1.011670233485928 0.6096 0.0 0.0
4081 11125456 1.1648703337133133 -1.0089080353586442 0.6096 0.0 0.0
4082 11125456 1.2172799072336882 -1.0061667481365664 0.6096 0.0 0.0
4083 11125456 1.261478964925496 -1.0027293739909473 0.6096 0.0 0.0
4084 11125456 1.3212112532019569 -0.9986406236747676 0.6096 0.0 0.0
4085 11125456 1.3809435414784177 -0.9945518733585877 0.6096 0.0 0.0
4086 11125456 1.42396107085785 -0.9909904599085342 0.6096 0.0 0.0
4087 11125456 1.4669786002372827 -0.9874290464584806 0.6096 0.0 0.0
4088 11125456 1.5242397025621928 -0.9822689116531325 0.6096 0.0 0.0
4089 11125456 1.5815008048871029 -0.9771087768477843 0.6096 0.0 0.0
4090 11125456 1.6427750505551066 -0.972236430166031 0.6096 0.0 0.0
4091 11125456 1.696852439109196 -0.968459441487463 0.6096 0.0 0.0
4092 11125456 1.750929827663285 -0.964682452808895 0.6096 0.0 0.0
4093 11125456 1.809197997822418 -0.9613972600368615 0.6096 0.0 0.0
4094 11125456 1.8410272462926152 -0.9591158668293753 0.6096 0.0 0.0
4095 11125456 1.8728564947628121 -0.9568344736218891 0.6096 0.0 0.0
4096 11125456 1.9364458331947096 -0.9524822473153248 0.6096 0.0 0.0
4097 11125456 1.9709927204541193 -0.9500363453356248 0.6096 0.0 0.0
4098 11125456 2.005539607713529 -0.9475904433559247 0.6096 0.0 0.0
4099 11125456 2.0754356702152625 -0.9429600083410946 0.57912 0.0 0.0
4100 11125456 2.103222173439532 -0.9408178474765895 0.57912 0.0 0.0
4101 11125456 2.131008676663802 -0.9386756866120843 0.57912 0.0 0.0
4102 11125456 2.185892182557295 -0.9365022399192507 0.57912 0.0 0.0
4103 11125456 2.223800564076939 -0.9337313769015593 0.57912 0.0 0.0
4104 11125456 2.2617089455965838 -0.9309605138838678 0.57912 0.0 0.0
4105 11125456 2.299617327116228 -0.9281896508661763 0.57912 0.0 0.0
4106 11125456 2.3217734098734537 -0.9256103955333109 0.57912 0.0 0.0
4107 11125456 2.3603002473219563 -0.9204903789151805 0.57912 0.0 0.0
4108 11125456 2.3988270847704585 -0.91537036229705 0.57912 0.0 0.0
4109 11125456 2.4383926126338453 -0.9084280530071439 0.57912 0.0 0.0
4110 11125456 2.46909933233041 -0.9020980249928674 0.57912 0.0 0.0
4111 11125456 2.4998060520269743 -0.8957679969785909 0.57912 0.0 0.0
4112 11125456 2.5325496901184845 -0.8865982490548969 0.57912 0.0 0.0
4113 11125456 2.5615071457926613 -0.8808650849604424 0.57912 0.0 0.0
4114 11125456 2.6005821103791273 -0.8686219775547788 0.57912 0.0 0.0
4115 11125456 2.6321732710377725 -0.8589003916519007 0.57912 0.0 0.0
4116 11125456 2.6637644316964177 -0.8491788057490225 0.57912 0.0 0.0
4117 11125456 2.6903001232942945 -0.8365802166067925 0.57912 0.0 0.0
4118 11125456 2.716835814892171 -0.8239816274645625 0.57912 0.0 0.0
4119 11125456 2.7472112529990396 -0.8036998547716376 0.5638799999999999 0.0 0.0
4120 11125456 2.777586691105908 -0.7834180820787128 0.54864 0.0 0.0
4121 11125456 2.79761908385929 -0.7628556937690557 0.54864 0.0 0.0
4122 11125456 2.811962550091983 -0.744758522411444 0.54864 0.0 0.0
4123 11125456 2.826658940864989 -0.7208189307595918 0.54864 0.0 0.0
4124 11125456 2.8413553316379954 -0.6968793391077397 0.54864 0.0 0.0
4125 11125456 2.850314594738662 -0.6694316496074691 0.54864 0.0 0.0
4126 11125456 2.855276909024562 -0.6401730983262726 0.5384800000000001 0.0 0.0
4127 11125456 2.860239223310462 -0.6109145470450759 0.52832 0.0 0.0
4128 11125456 2.8652015375963624 -0.5816559957638793 0.5181600000000001 0.0 0.0
4129 11125456 2.867695644448524 -0.5610928011417556 0.5181600000000001 0.0 0.0
4130 11125456 2.8701897513006864 -0.540529606519632 0.5181600000000001 0.0 0.0
4131 11125456 2.8764361237836393 -0.5050706071362264 0.5181600000000001 0.0 0.0
4132 11125456 2.877759578348052 -0.4765322395478605 0.5181600000000001 0.0 0.0
4133 11125456 2.8790830329124644 -0.4479938719594946 0.5181600000000001 0.0 0.0
4134 11125456 2.8783989984419107 -0.42787291460708615 0.5181600000000001 0.0 0.0
4135 11125456 2.8777149639713566 -0.40775195725467767 0.5181600000000001 0.0 0.0
4136 11125456 2.877030929500803 -0.38763099990226924 0.5181600000000001 0.0 0.0
4137 11125456 2.876850654338508 -0.36233986007297736 0.5181600000000001 0.0 0.0
4138 11125456 2.8730815056666406 -0.3371621841477054 0.50292 0.0 0.0
4139 11125456 2.869312356994773 -0.3119845082224334 0.48768 0.0 0.0
4140 11125456 2.862679481682558 -0.2822506939832563 0.48768 0.0 0.0
4141 11125456 2.856328932992971 -0.2600852473995396 0.48768 0.0 0.0
4142 11125456 2.849978384303384 -0.2379198008158229 0.48768 0.0 0.0
4143 11125456 2.8392903141499333 -0.21535076921524615 0.48768 0.0 0.0
4144 11125456 2.828602243996483 -0.19278173761466944 0.48768 0.0 0.0
4145 11125456 2.8179141738430324 -0.1702127060140927 0.48768 0.0 0.0
4146 11125456 2.814581275466995 -0.16410158930503452 0.48768 0.0 0.0
4147 11125456 2.797801191163547 -0.14478101989398523 0.48768 0.0 0.0
4148 11125456 2.7810211068600985 -0.12546045048293594 0.48768 0.0 0.0
4149 11125456 2.769471812524782 -0.11187756270481011 0.45720000000000005 0.0 0.0
4150 11125456 2.750848216863728 -0.09820471309918163 0.45720000000000005 0.0 0.0
4151 11125456 2.7322246212026737 -0.08453186349355316 0.45720000000000005 0.0 0.0
4152 11125456 2.710545893399672 -0.07332703756786484 0.45720000000000005 0.0 0.0
4153 11125456 2.6888671655966703 -0.06212221164217653 0.45720000000000005 0.0 0.0
4154 11125456 2.6671884377936683 -0.05091738571648821 0.45720000000000005 0.0 0.0
4155 11125456 2.6401461336992913 -0.04208885169607024 0.45720000000000005 0.0 0.0
4156 11125456 2.6131038296049147 -0.03326031767565227 0.45720000000000005 0.0 0.0
4157 11125456 2.5914379266969902 -0.02618689491189488 0.42672000000000004 0.0 0.0
4158 11125456 2.57341591313621 -0.02263942803293975 0.42672000000000004 0.0 0.0
4159 11125456 2.5459251174827116 -0.01600049792180705 0.42672000000000004 0.0 0.0
4160 11125456 2.5253155752912027 -0.012581538847502691 0.42672000000000004 0.0 0.0
4161 11125456 2.504706033099694 -0.009162579773198332 0.42672000000000004 0.0 0.0
4162 11125456 2.4840964909081853 -0.005743620698893975 0.42672000000000004 0.0 0.0
4163 11125456 2.462805510654289 -0.00404903272210308 0.42672000000000004 0.0 0.0
4164 11125456 2.4393087883676174 -0.003035958993101995 0.42672000000000004 0.0 0.0
4165 11125456 2.4158120660809455 -0.00202288526410091 0.42672000000000004 0.0 0.0
4166 11125456 2.392315343794274 -0.001009811535099825 0.42672000000000004 0.0 0.0
4167 11125456 2.3664291888761673 -0.0009686190172725854 0.41656000000000004 0.0 0.0
4168 11125456 2.3405430339580606 -0.0009274264994453459 0.40640000000000004 0.0 0.0
4169 11125456 2.314656879039954 -0.0008862339816181064 0.39624000000000004 0.0 0.0
4170 11125456 2.274572478469405 -0.0001806694895795935 0.39624000000000004 0.0 0.0
4171 11125456 2.2544327723273447 0.00014564589179499876 0.39624000000000004 0.0 0.0
4172 11125456 2.234293066185284 0.000471961273169591 0.39624000000000004 0.0 0.0
4173 11125456 2.2095842560870516 0.0009468930433175482 0.39624000000000004 0.0 0.0
4174 11125456 2.1825418469885687 0.0010741684627759152 0.39624000000000004 0.0 0.0
4175 11125456 2.155499437890086 0.0012014438822342821 0.39624000000000004 0.0 0.0
4176 11125456 2.1339658385036238 0.0005229574376422741 0.39624000000000004 0.0 0.0
4177 11125456 2.1108618048093852 0.00047420678445486697 0.39624000000000004 0.0 0.0
4178 11125456 2.0877577711151467 0.00042545613126745985 0.39624000000000004 0.0 0.0
4179 11125456 2.058342398483262 0.0014448903612446218 0.39624000000000004 0.0 0.0
4180 11125456 2.0289270258513774 0.0024643245912217837 0.39624000000000004 0.0 0.0
4181 11125456 2.00341559363603 0.0032020645669990494 0.381 0.0 0.0
4182 11125456 1.977904161420683 0.003939804542776315 0.36576 0.0 0.0
4183 11125456 1.947587614142785 0.003559994905873859 0.36576 0.0 0.0
4184 11125456 1.930130196812092 0.0031280118390100975 0.36576 0.0 0.0
4185 11125456 1.9126727794813991 0.002696028772146336 0.36576 0.0 0.0
4186 11125456 1.8855219069473639 0.003852698629047413 0.36576 0.0 0.0
4187 11125456 1.8609602099112168 0.0020610901791596192 0.36576 0.0 0.0
4188 11125456 1.8338437645997194 0.0033235206330400058 0.36576 0.0 0.0
4189 11125456 1.7960399937015632 0.0034035669461204288 0.36576 0.0 0.0
4190 11125456 1.776787369104527 0.002097954756060297 0.36576 0.0 0.0
4191 11125456 1.7575347445074911 0.0007923425660001648 0.36576 0.0 0.0
4192 11125456 1.7200994193291375 0.003088868944133627 0.36576 0.0 0.0
4193 11125456 1.69819868414405 0.002648339151023041 0.36576 0.0 0.0
4194 11125456 1.6762979489589627 0.0022078093579124547 0.36576 0.0 0.0
4195 11125456 1.6500205825283634 0.0026420646212820913 0.35814 0.0 0.0
4196 11125456 1.6237432160977638 0.003076319884651728 0.35052 0.0 0.0
4197 11125456 1.5974658496671645 0.0035105751480213644 0.3429 0.0 0.0
4198 11125456 1.5711884832365652 0.003944830411391001 0.33528 0.0 0.0
4199 11125456 1.5433194618670123 0.003585077081942809 0.33528 0.0 0.0
4200 11125456 1.5154504404974594 0.0032253237524946174 0.33528 0.0 0.0
4201 11125456 1.4875814191279064 0.0028655704230464256 0.33528 0.0 0.0
4202 11125456 1.4597123977583535 0.002505817093598234 0.33528 0.0 0.0
4203 11125456 1.4348214369381274 0.0026456835694621096 0.33528 0.0 0.0
4204 11125456 1.4099304761179012 0.002785550045325985 0.33528 0.0 0.0
4205 11125456 1.3850395152976753 0.002925416521189861 0.33528 0.0 0.0
4206 11125456 1.3601485544774492 0.0030652829970537364 0.33528 0.0 0.0
4207 11125456 1.335257593657223 0.003205149472917612 0.33528 0.0 0.0
4208 11125456 1.3143691275964604 0.0031861782149939827 0.33528 0.0 0.0
4209 11125456 1.2934806615356977 0.003167206957070353 0.33528 0.0 0.0
4210 11125456 1.272592195474935 0.0031482356991467237 0.33528 0.0 0.0
4211 11125456 1.2517037294141724 0.0031292644412230946 0.33528 0.0 0.0
4212 11125456 1.2308152633534097 0.003110293183299465 0.33528 0.0 0.0
4213 11125456 1.209926797292647 0.0030913219253758356 0.33528 0.0 0.0
4214 11125456 1.1890383312318844 0.003072350667452206 0.33528 0.0 0.0
4215 11125456 1.1556928065408725 0.0015822666679670555 0.33528 0.0 0.0
4216 11125456 1.1274456810262607 0.00210678269916164 0.33528 0.0 0.0
4217 11125456 1.099198555511649 0.002631298730356224 0.33528 0.0 0.0
4218 11125456 1.0693511295351399 0.0023353453312003475 0.33528 0.0 0.0
4219 11125456 1.0395037035586308 0.002039391932044471 0.33528 0.0 0.0
4220 11125456 1.0061579605027875 0.0005500094675074813 0.36576 0.0 0.0
4221 11125456 0.9802490181974814 7.750317000747298e-05 0.36576 0.0 0.0
4222 11125456 0.9543400758921754 -0.0003950031274925353 0.36576 0.0 0.0
4223 11125456 0.9260927408307325 0.00013031437485473002 0.36576 0.0 0.0
4224 11125456 0.8978454057692894 0.0006556318772019953 0.36576 0.0 0.0
4225 11125456 0.8653363804667628 -0.0009897044412964379 0.39624000000000004 0.0 0.0
4226 11125456 0.8394790217063317 -0.001303360036114476 0.39624000000000004 0.0 0.0
4227 11125456 0.8136216629459008 -0.001617015630932514 0.39624000000000004 0.0 0.0
4228 11125456 0.790913095709768 -0.00044755353620899024 0.39624000000000004 0.0 0.0
4229 11125456 0.7682045284736352 0.0007219085585145335 0.39624000000000004 0.0 0.0
4230 11125456 0.7370932526607932 -0.002080563714739636 0.42672000000000004 0.0 0.0
4231 11125456 0.7140569650650863 -0.001913652861177527 0.42672000000000004 0.0 0.0
4232 11125456 0.6910206774693795 -0.0017467420076154178 0.42672000000000004 0.0 0.0
4233 11125456 0.6584768582279921 -0.0034966900249137345 0.42672000000000004 0.0 0.0
4234 11125456 0.6365751727403418 -0.003933946427870705 0.44196 0.0 0.0
4235 11125456 0.6146734872526916 -0.004371202830827675 0.45720000000000005 0.0 0.0
4236 11125456 0.5899677822770741 -0.00523559779875335 0.45720000000000005 0.0 0.0
4237 11125456 0.5652620773014567 -0.006099992766679024 0.45720000000000005 0.0 0.0
4238 11125456 0.5527798553436822 -0.006927964047111199 0.45720000000000005 0.0 0.0
4239 11125456 0.5402976333859079 -0.007755935327543373 0.45720000000000005 0.0 0.0
4240 11125456 0.5073523568847237 -0.009374085401049864 0.45720000000000005 0.0 0.0
4241 11125456 0.4922104313240017 -0.00950807318346883 0.47244 0.0 0.0
4242 11125456 0.47706850576327975 -0.009642060965887794 0.48768 0.0 0.0
4243 11125456 0.43866436358500926 -0.011929475534654593 0.48768 0.0 0.0
4244 11125456 0.42455957593398586 -0.012694341636913534 0.48768 0.0 0.0
4245 11125456 0.40132128276614937 -0.013687202947795414 0.50292 0.0 0.0
4246 11125456 0.3780829895983129 -0.014680064258677294 0.5181600000000001 0.0 0.0
4247 11125456 0.35381947077656806 -0.01446156577546076 0.5181600000000001 0.0 0.0
4248 11125456 0.3371288286845329 -0.015257427335802251 0.5181600000000001 0.0 0.0
4249 11125456 0.3204381865924978 -0.01605328889614374 0.5181600000000001 0.0 0.0
4250 11125456 0.3002747812038402 -0.017057669655569273 0.52832 0.0 0.0
4251 11125456 0.28011137581518264 -0.018062050414994802 0.5384800000000001 0.0 0.0
4252 11125456 0.25994797042652507 -0.019066431174420334 0.54864 0.0 0.0
4253 11125456 0.23844712550470237 -0.019633617691168698 0.54864 0.0 0.0
4254 11125456 0.2026583354532756 -0.020438043574904863 0.54864 0.0 0.0
4255 11125456 0.18075620669466613 -0.020873895731037803 0.54864 0.0 0.0
4256 11125456 0.15885407793605666 -0.021309747887170744 0.54864 0.0 0.0
4257 11125456 0.13756650180566887 -0.020544371041197745 0.5638799999999999 0.0 0.0
4258 11125456 0.11627892567528109 -0.019778994195224747 0.57912 0.0 0.0
4259 11125456 0.0945147283966874 -0.01979239421951487 0.57912 0.0 0.0
4260 11125456 0.06131602745992881 -0.021910026362152724 0.57912 0.0 0.0
4261 11125456 0.03694101981170328 -0.03018270468245296 0.57912 0.0 0.0
4262 11125456 0.012566012163477747 -0.038455383002753196 0.57912 0.0 0.0
4263 11125456 -0.009256394470318396 -0.05141767543968474 0.57912 0.0 0.0
4264 11125456 -0.03107880110411454 -0.06437996787661629 0.57912 0.0 0.0
4265 11125456 -0.05248303691586054 -0.08367090132170446 0.57912 0.0 0.0
4266 11125456 -0.07388727272760653 -0.10296183476679263 0.57912 0.0 0.0
4267 11125456 -0.10916226660550887 -0.15381976195704747 0.57912 0.0 0.0
4268 11125456 -0.1242622020962742 -0.18778897485284107 0.59436 0.0 0.0
4269 11125456 -0.13936213758703953 -0.22175818774863468 0.6096 0.0 0.0
4270 11125456 -0.15442765309334616 -0.29230675666346684 0.6096 0.0 0.0
4271 11125456 -0.15749209812736745 -0.3237841271762721 0.6096 0.0 0.0
4272 11125456 -0.16055654316138876 -0.3552614976890773 0.6096 0.0 0.0
4273 11125456 -0.16362098819541004 -0.3867388682018825 0.6096 0.0 0.0
4274 11125456 -0.1618428451904712 -0.4726065352964429 0.6096 0.0 0.0
4275 11125456 -0.15988396202915467 -0.5122682217960852 0.6096 0.0 0.0
4276 11125456 -0.15792507886783813 -0.5519299082957274 0.6096 0.0 0.0
4277 11125456 -0.15129633210671534 -0.6142641661231855 0.6096 0.0 0.0
4278 11125456 -0.1405639286626727 -0.6602397236684665 0.6096 0.0 0.0
4279 11125456 -0.12983152521863006 -0.7062152812137474 0.6096 0.0 0.0
4280 11125456 -0.105342367653671 -0.7644560052476421 0.6096 0.0 0.0
4281 11125456 -0.07987491254471663 -0.8066599522514029 0.6096 0.0 0.0
4282 11125456 -0.05440745743576225 -0.8488638992551635 0.6096 0.0 0.0
4283 11125456 0.0058927945916760205 -0.9133163004857413 0.6096 0.0 0.0
4284 11125456 0.027007041699037282 -0.93160728629159 0.6096 0.0 0.0
4285 11125456 0.04812128880639854 -0.9498982720974386 0.6096 0.0 0.0
4286 11125456 0.11400705215426332 -0.9888366627409065 0.6096 0.0 0.0
4287 11125456 0.19548447427626048 -1.0208359208310829 0.6096 0.0 0.0
4288 11125456 0.242674166158239 -1.0300056196606748 0.6096 0.0 0.0
4289 11125456 0.2898638580402175 -1.039175318490267 0.6096 0.0 0.0
4290 11125456 0.32929045419470565 -1.0402973643673448 0.6096 0.0 0.0
4291 11125456 0.3687170503491937 -1.0414194102444225 0.6096 0.0 0.0
4292 11125456 0.40814364650368185 -1.0425414561215003 0.6096 0.0 0.0
4293 11125456 0.5050365855212606 -1.0439416490940523 0.6096 0.0 0.0
4294 11125456 0.5675488114069382 -1.0442717413196512 0.6096 0.0 0.0
4295 11125456 0.6220628284359546 -1.0433899498365582 0.6096 0.0 0.0
4296 11125456 0.676576845464971 -1.0425081583534654 0.6096 0.0 0.0
4297 11125456 0.7258617730702699 -1.0409103382744354 0.6096 0.0 0.0
4298 11125456 0.7751467006755689 -1.0393125181954055 0.6096 0.0 0.0
4299 11125456 0.8380382148380616 -1.0376615078798421 0.6096 0.0 0.0
4300 11125456 0.8931773968626269 -1.0358140140923249 0.6096 0.0 0.0
4301 11125456 0.9357768350617452 -1.033199207019968 0.6096 0.0 0.0
4302 11125456 0.9783762732608636 -1.0305843999476112 0.6096 0.0 0.0
4303 11125456 1.0429104213113192 -1.0244449266432822 0.6096 0.0 0.0
4304 11125456 1.0856640841631813 -1.0221717705740356 0.6096 0.0 0.0
4305 11125456 1.1284177470150434 -1.019898614504789 0.6096 0.0 0.0
4306 11125456 1.2043059582466429 -1.0116253931398667 0.6096 0.0 0.0
4307 11125456 1.257111886310125 -1.0076696636148008 0.6096 0.0 0.0
4308 11125456 1.3099178143736068 -1.003713934089735 0.6096 0.0 0.0
4309 11125456 1.3743591738912253 -0.9973079151023198 0.6096 0.0 0.0
4310 11125456 1.4162417164542944 -0.9933466495959311 0.6096 0.0 0.0
4311 11125456 1.4581242590173635 -0.9893853840895425 0.6096 0.0 0.0
4312 11125456 1.5144402718493706 -0.9828360591326365 0.6096 0.0 0.0
4313 11125456 1.5707562846813774 -0.9762867341757305 0.6096 0.0 0.0
4314 11125456 1.6216016179326331 -0.9701697182214191 0.6096 0.0 0.0
4315 11125456 1.6724469511838889 -0.9640527022671076 0.6096 0.0 0.0
4316 11125456 1.711875041461262 -0.9595804753570973 0.6096 0.0 0.0
4317 11125456 1.751303131738635 -0.9551082484470871 0.6096 0.0 0.0
4318 11125456 1.812636655928371 -0.9461066699308652 0.6096 0.0 0.0
4319 11125456 1.8739701801181075 -0.9371050914146434 0.6096 0.0 0.0
4320 11125456 1.910692044498371 -0.9318067524907071 0.6096 0.0 0.0
4321 11125456 1.9654089113869209 -0.9219871687450004 0.6096 0.0 0.0
4322 11125456 1.9878750442932103 -0.9192764043964424 0.6096 0.0 0.0
4323 11125456 2.0103411771995 -0.9165656400478844 0.6096 0.0 0.0
4324 11125456 2.0813178401472334 -0.9072648573370149 0.6096 0.0 0.0
4325 11125456 2.1266896474031953 -0.9011293098964251 0.59944 0.0 0.0
4326 11125456 2.172061454659157 -0.8949937624558354 0.58928 0.0 0.0
4327 11125456 2.2174332619151187 -0.8888582150152456 0.57912 0.0 0.0
4328 11125456 2.265713794984883 -0.882425779411823 0.57912 0.0 0.0
4329 11125456 2.2978867447102544 -0.8790866943761166 0.57912 0.0 0.0
4330 11125456 2.3300596944356258 -0.8757476093404103 0.57912 0.0 0.0
4331 11125456 2.3753463698352206 -0.8703230255682143 0.57912 0.0 0.0
4332 11125456 2.4205295221707885 -0.8652148540729695 0.57912 0.0 0.0
4333 11125456 2.4527021640859 -0.8618750718568473 0.57912 0.0 0.0
4334 11125456 2.4848748060010117 -0.8585352896407252 0.57912 0.0 0.0
4335 11125456 2.5195203607604784 -0.8519724169381141 0.57912 0.0 0.0
4336 11125456 2.5467513154541757 -0.8473111200824355 0.57912 0.0 0.0
4337 11125456 2.573982270147873 -0.8426498232267569 0.57912 0.0 0.0
4338 11125456 2.6140172908704713 -0.8356264121927849 0.57912 0.0 0.0
4339 11125456 2.6489835111153055 -0.8291677060653865 0.57912 0.0 0.0
4340 11125456 2.688103831875962 -0.8170558995704597 0.57912 0.0 0.0
4341 11125456 2.7217825872368717 -0.8055623498382001 0.57912 0.0 0.0
4342 11125456 2.7554613425977816 -0.7940688001059405 0.57912 0.0 0.0
4343 11125456 2.7870492728256497 -0.7789137929383813 0.57912 0.0 0.0
4344 11125456 2.8128642862371613 -0.762399983212451 0.57912 0.0 0.0
4345 11125456 2.8386792996486734 -0.7458861734865206 0.57912 0.0 0.0
4346 11125456 2.8572236167714813 -0.730561933187724 0.5638799999999999 0.0 0.0
4347 11125456 2.8757679338942888 -0.7152376928889274 0.54864 0.0 0.0
4348 11125456 2.8963990802823507 -0.6894386745344405 0.54864 0.0 0.0
4349 11125456 2.9170302266704127 -0.6636396561799536 0.54864 0.0 0.0
4350 11125456 2.927309105206557 -0.6443909172672571 0.54864 0.0 0.0
4351 11125456 2.9375879837427012 -0.6251421783545605 0.54864 0.0 0.0
4352 11125456 2.9471327728668486 -0.5958997384128165 0.54864 0.0 0.0
4353 11125456 2.9534476092971182 -0.5602295214998535 0.54864 0.0 0.0
4354 11125456 2.954145873246516 -0.5417669560815765 0.54864 0.0 0.0
4355 11125456 2.9548441371959138 -0.5233043906632997 0.54864 0.0 0.0
4356 11125456 2.9541059718342155 -0.500401217427174 0.5410200000000001 0.0 0.0
4357 11125456 2.9533678064725173 -0.4774980441910483 0.5334000000000001 0.0 0.0
4358 11125456 2.952629641110819 -0.45459487095492257 0.52578 0.0 0.0
4359 11125456 2.951891475749121 -0.4316916977187969 0.5181600000000001 0.0 0.0
4360 11125456 2.94884321860499 -0.40838491067274374 0.5181600000000001 0.0 0.0
4361 11125456 2.945232081195513 -0.38045535400574415 0.5181600000000001 0.0 0.0
4362 11125456 2.941620943786035 -0.35252579733874456 0.5181600000000001 0.0 0.0
4363 11125456 2.9380098063765576 -0.324596240671745 0.5181600000000001 0.0 0.0
4364 11125456 2.9363010229979896 -0.30534790286710345 0.5181600000000001 0.0 0.0
4365 11125456 2.9345922396194215 -0.2860995650624619 0.5181600000000001 0.0 0.0
4366 11125456 2.932642296357785 -0.26759020764613417 0.5181600000000001 0.0 0.0
4367 11125456 2.928980826638496 -0.24797700873766154 0.5181600000000001 0.0 0.0
4368 11125456 2.9253193569192066 -0.22836380982918889 0.5181600000000001 0.0 0.0
4369 11125456 2.9216578871999177 -0.20875061092071626 0.5181600000000001 0.0 0.0
4370 11125456 2.9118830081768063 -0.18497091569607996 0.51054 0.0 0.0
4371 11125456 2.9021081291536954 -0.16119122047144366 0.50292 0.0 0.0
4372 11125456 2.8923332501305845 -0.13741152524680736 0.4953 0.0 0.0
4373 11125456 2.882558371107473 -0.11363183002217106 0.48768 0.0 0.0
4374 11125456 2.8648906922777955 -0.09267831016602998 0.48768 0.0 0.0
4375 11125456 2.8483435708401714 -0.07699681555157548 0.48768 0.0 0.0
4376 11125456 2.8308660536827106 -0.06416559689513948 0.48768 0.0 0.0
4377 11125456 2.812503917862367 -0.05431638519881099 0.47244 0.0 0.0
4378 11125456 2.794141782042024 -0.0444671735024825 0.45720000000000005 0.0 0.0
4379 11125456 2.77207463507269 -0.0372632937573405 0.45720000000000005 0.0 0.0
4380 11125456 2.750007488103356 -0.0300594140121985 0.45720000000000005 0.0 0.0
4381 11125456 2.730810398787992 -0.02630392630666112 0.45720000000000005 0.0 0.0
4382 11125456 2.7116133094726274 -0.022548438601123738 0.45720000000000005 0.0 0.0
4383 11125456 2.6824225053748494 -0.020845473435799705 0.45720000000000005 0.0 0.0
4384 11125456 2.658976852817689 -0.017863931824799367 0.45720000000000005 0.0 0.0
4385 11125456 2.6431721189447623 -0.016500712217037056 0.45720000000000005 0.0 0.0
4386 11125456 2.6273673850718353 -0.015137492609274744 0.45720000000000005 0.0 0.0
4387 11125456 2.5959183878734695 -0.012463307952314734 0.45720000000000005 0.0 0.0
4388 11125456 2.574765136794929 -0.010619248110890054 0.45720000000000005 0.0 0.0
4389 11125456 2.5536118857163888 -0.008775188269465375 0.45720000000000005 0.0 0.0
4390 11125456 2.532458634637848 -0.006931128428040695 0.45720000000000005 0.0 0.0
4391 11125456 2.509969140252607 -0.005779888045971071 0.44196 0.0 0.0
4392 11125456 2.4874796458673663 -0.004628647663901447 0.42672000000000004 0.0 0.0
4393 11125456 2.4699832811040263 -0.003822523787981147 0.42672000000000004 0.0 0.0
4394 11125456 2.452486916340686 -0.0030163999120608465 0.42672000000000004 0.0 0.0
4395 11125456 2.409479460239604 -0.0014739781291590315 0.42672000000000004 0.0 0.0
4396 11125456 2.393450065493149 -0.001613948728835607 0.42672000000000004 0.0 0.0
4397 11125456 2.366442302361702 -0.0013818092879248067 0.42672000000000004 0.0 0.0
4398 11125456 2.3394345392302545 -0.0011496698470140065 0.42672000000000004 0.0 0.0
4399 11125456 2.3115160572954636 0.0003729969614058304 0.41148000000000007 0.0 0.0
4400 11125456 2.283597575360673 0.0018956637698256673 0.39624000000000004 0.0 0.0
4401 11125456 2.255792106320249 0.0010451873476169105 0.39624000000000004 0.0 0.0
4402 11125456 2.2350922787854093 0.0011066685254538151 0.39624000000000004 0.0 0.0
4403 11125456 2.214392451250569 0.00116814970329072 0.39624000000000004 0.0 0.0
4404 11125456 2.1936926237157293 0.0012296308811276246 0.39624000000000004 0.0 0.0
4405 11125456 2.1695341843027203 0.001758615585880502 0.39624000000000004 0.0 0.0
4406 11125456 2.142670041750443 0.002703925311911576 0.39624000000000004 0.0 0.0
4407 11125456 2.1178221306465397 0.0011218059662852775 0.39624000000000004 0.0 0.0
4408 11125456 2.093434194877785 0.0014923287984775213 0.39624000000000004 0.0 0.0
4409 11125456 2.052695663257542 0.0018285502651143315 0.39624000000000004 0.0 0.0
4410 11125456 2.0298209952560096 0.0019387817467491353 0.39624000000000004 0.0 0.0
4411 11125456 2.006946327254477 0.002049013228383939 0.39624000000000004 0.0 0.0
4412 11125456 1.9747039586212576 0.0022979994949518523 0.39624000000000004 0.0 0.0
4413 11125456 1.9584799242333677 0.0029234159010466942 0.36576 0.0 0.0
4414 11125456 1.9284956204982382 0.0022015352725428816 0.36576 0.0 0.0
4415 11125456 1.9042739418819732 0.0028104518823161284 0.36576 0.0 0.0
4416 11125456 1.8800522632657082 0.003419368492089375 0.36576 0.0 0.0
4417 11125456 1.8442659442596518 0.002606673983500757 0.36576 0.0 0.0
4418 11125456 1.8227665458943263 0.002034693722466091 0.36576 0.0 0.0
4419 11125456 1.8024660303934636 0.0024147062118176077 0.36576 0.0 0.0
4420 11125456 1.782165514892601 0.0027947187011691244 0.36576 0.0 0.0
4421 11125456 1.7391915944418406 0.004446768964002423 0.36576 0.0 0.0
4422 11125456 1.7186951443854106 0.0035475371812084544 0.36576 0.0 0.0
4423 11125456 1.6981986943289806 0.0026483053984144855 0.36576 0.0 0.0
4424 11125456 1.6710868188627779 0.002566406064887769 0.36576 0.0 0.0
4425 11125456 1.6439749433965751 0.0024845067313610525 0.36576 0.0 0.0
4426 11125456 1.6189385035349102 0.0025719605567946155 0.35814 0.0 0.0
4427 11125456 1.593902063673245 0.0026594143822281785 0.35052 0.0 0.0
4428 11125456 1.56886562381158 0.0027468682076617415 0.3429 0.0 0.0
4429 11125456 1.543829183949915 0.0028343220330953045 0.33528 0.0 0.0
4430 11125456 1.5115292187753109 0.003454516686974246 0.33528 0.0 0.0
4431 11125456 1.485549770676673 0.0033457135183119053 0.33528 0.0 0.0
4432 11125456 1.4595703225780348 0.003236910349649565 0.33528 0.0 0.0
4433 11125456 1.4335908744793968 0.003128107180987224 0.33528 0.0 0.0
4434 11125456 1.4076114263807589 0.0030193040123248837 0.33528 0.0 0.0
4435 11125456 1.381631978282121 0.002910500843662543 0.33528 0.0 0.0
4436 11125456 1.3556525301834828 0.002801697675000202 0.33528 0.0 0.0
4437 11125456 1.3296730820848448 0.0026928945063378618 0.33528 0.0 0.0
4438 11125456 1.2973496655391572 0.0029711707600663106 0.33528 0.0 0.0
4439 11125456 1.2822944343709888 0.0030993990878134536 0.33528 0.0 0.0
4440 11125456 1.2672392032028206 0.0032276274155605966 0.33528 0.0 0.0
4441 11125456 1.242889494769107 0.00325478764705088 0.33528 0.0 0.0
4442 11125456 1.218539786335393 0.0032819478785411638 0.33528 0.0 0.0
4443 11125456 1.1941900779016794 0.0033091081100314473 0.33528 0.0 0.0
4444 11125456 1.1698403694679655 0.003336268341521731 0.33528 0.0 0.0
4445 11125456 1.145490661034252 0.0033634285730120145 0.33528 0.0 0.0
4446 11125456 1.121140952600538 0.003390588804502298 0.33528 0.0 0.0
4447 11125456 1.0967912441668244 0.0034177490359925816 0.33528 0.0 0.0
4448 11125456 1.0752911902505435 0.0028480313958755693 0.33528 0.0 0.0
4449 11125456 1.0418473262589052 0.0028704913360835436 0.33528 0.0 0.0
4450 11125456 1.0084034622672666 0.0028929512762915174 0.33528 0.0 0.0
4451 11125456 0.9749595982756283 0.0029154112164994916 0.33528 0.0 0.0
4452 11125456 0.9467467828351286 0.003546205465788925 0.35052 0.0 0.0
4453 11125456 0.9185339673946289 0.004176999715078358 0.36576 0.0 0.0
4454 11125456 0.8876097144760576 0.005343419941695786 0.36576 0.0 0.0
4455 11125456 0.8566854615574864 0.0065098401683132134 0.36576 0.0 0.0
4456 11125456 0.8299292337865147 0.007658181448458874 0.36576 0.0 0.0
4457 11125456 0.8031730060155431 0.008806522728604535 0.36576 0.0 0.0
4458 11125456 0.7777467400342857 0.009812566569914118 0.36576 0.0 0.0
4459 11125456 0.7523204740530283 0.0108186104112237 0.36576 0.0 0.0
4460 11125456 0.7200766441952536 0.011073297993566655 0.39624000000000004 0.0 0.0
4461 11125456 0.6876610102641083 0.011617980193512414 0.39624000000000004 0.0 0.0
4462 11125456 0.6552453763329631 0.012162662393458173 0.39624000000000004 0.0 0.0
4463 11125456 0.6331937860039495 0.010722961905840496 0.41148000000000007 0.0 0.0
4464 11125456 0.6111421956749359 0.009283261418222818 0.42672000000000004 0.0 0.0
4465 11125456 0.5911776173066232 0.007979484252543995 0.42672000000000004 0.0 0.0
4466 11125456 0.5695923918908975 0.00669913480076548 0.43688000000000005 0.0 0.0
4467 11125456 0.5480071664751717 0.005418785348986965 0.44704000000000005 0.0 0.0
4468 11125456 0.526421941059446 0.004138435897208449 0.45720000000000005 0.0 0.0
4469 11125456 0.5023697376409272 0.0032360162641821046 0.45720000000000005 0.0 0.0
4470 11125456 0.47831753422240847 0.00233359663115576 0.45720000000000005 0.0 0.0
4471 11125456 0.45624849556807123 0.0008416657416402198 0.45720000000000005 0.0 0.0
4472 11125456 0.43417945691373405 -0.0006502651478753202 0.45720000000000005 0.0 0.0
4473 11125456 0.41476514810413884 -0.001899770555691932 0.48768 0.0 0.0
4474 11125456 0.380911587138544 -0.00602446184176858 0.48768 0.0 0.0
4475 11125456 0.3644617119293896 -0.006899057127929223 0.48768 0.0 0.0
4476 11125456 0.34801183672023517 -0.0077736524140898655 0.48768 0.0 0.0
4477 11125456 0.3245957444867288 -0.008766592647493882 0.50292 0.0 0.0
4478 11125456 0.3011796522532224 -0.009759532880897898 0.5181600000000001 0.0 0.0
4479 11125456 0.270205625832602 -0.012137741912561423 0.5181600000000001 0.0 0.0
4480 11125456 0.256651185278974 -0.012848497327659011 0.5181600000000001 0.0 0.0
4481 11125456 0.24309674472534604 -0.0135592527427566 0.5181600000000001 0.0 0.0
4482 11125456 0.21966328344317676 -0.01460462547876372 0.5181600000000001 0.0 0.0
4483 11125456 0.19622982216100748 -0.01564999821477084 0.5181600000000001 0.0 0.0
4484 11125456 0.17364900133015793 -0.018434304184161587 0.54864 0.0 0.0
4485 11125456 0.15356046063008316 -0.018937043506550868 0.54864 0.0 0.0
4486 11125456 0.1334719199300084 -0.019439782828940145 0.54864 0.0 0.0
4487 11125456 0.11338337922993363 -0.019942522151329425 0.54864 0.0 0.0
4488 11125456 0.08702195956540928 -0.021929044067085297 0.54864 0.0 0.0
4489 11125456 0.060660539900884936 -0.02391556598284117 0.54864 0.0 0.0
4490 11125456 0.03510374969108314 -0.024753160288371046 0.5588 0.0 0.0
4491 11125456 0.009546959481281335 -0.025590754593900922 0.56896 0.0 0.0
4492 11125456 -0.01600983072852047 -0.026428348899430798 0.57912 0.0 0.0
4493 11125456 -0.043485815424958774 -0.027612075448988166 0.57912 0.0 0.0
4494 11125456 -0.07023731292745194 -0.026579059092429608 0.57912 0.0 0.0
4495 11125456 -0.10602657819808337 -0.027381930565981233 0.57912 0.0 0.0
4496 11125456 -0.13220440085188478 -0.025952054183944057 0.57912 0.0 0.0
4497 11125456 -0.16888691516083387 -0.02541109355597551 0.57912 0.0 0.0
4498 11125456 -0.20556942946978296 -0.024870132928006966 0.57912 0.0 0.0
4499 11125456 -0.22928746619783325 -0.02325085916233402 0.57912 0.0 0.0
4500 11125456 -0.25300550292588353 -0.021631585396661074 0.57912 0.0 0.0
4501 11125456 -0.2852506516430353 -0.021372334019126943 0.57912 0.0 0.0
4502 11125456 -0.32826216560106625 -0.01981331097388342 0.57912 0.0 0.0
4503 11125456 -0.36566547780830616 -0.017400216346161984 0.6096 0.0 0.0
4504 11125456 -0.4002490516361368 -0.016142385092794614 0.6096 0.0 0.0
4505 11125456 -0.4335704232206069 -0.014011786489873251 0.6096 0.0 0.0
4506 11125456 -0.46689179480507703 -0.011881187886951888 0.6096 0.0 0.0
4507 11125456 -0.5046074275915096 -0.012052460310680607 0.6096 0.0 0.0
4508 11125456 -0.5675985827848944 -0.014007988862051096 0.6096 0.0 0.0
4509 11125456 -0.5814399879114993 -0.01450667127514868 0.6096 0.0 0.0
4510 11125456 -0.6291023447712542 -0.019019507619260495 0.6096 0.0 0.0
4511 11125456 -0.676764701631009 -0.02353234396337231 0.6096 0.0 0.0
4512 11125456 -0.7247507482010156 -0.030392457257303968 0.6096 0.0 0.0
4513 11125456 -0.7545757238727049 -0.03454435689435001 0.6096 0.0 0.0
4514 11125456 -0.7844006995443942 -0.03869625653139605 0.6096 0.0 0.0
4515 11125456 -0.8253084224396935 -0.047811611006717575 0.6096 0.0 0.0
4516 11125456 -0.8662161453349928 -0.0569269654820391 0.6096 0.0 0.0
4517 11125456 -0.9223177881743876 -0.07094657435584376 0.6096 0.0 0.0
4518 11125456 -0.9563568854147491 -0.07997054024886371 0.6248400000000001 0.0 0.0
4519 11125456 -0.9903959826551105 -0.08899450614188367 0.6400800000000001 0.0 0.0
4520 11125456 -1.0417180811329432 -0.10469306702376516 0.6400800000000001 0.0 0.0
4521 11125456 -1.0825849174649016 -0.11761780878650832 0.6400800000000001 0.0 0.0
4522 11125456 -1.1234517537968602 -0.13054255054925148 0.6400800000000001 0.0 0.0
4523 11125456 -1.1631325092740865 -0.143913226546623 0.6400800000000001 0.0 0.0
4524 11125456 -1.202813264751313 -0.15728390254399452 0.6400800000000001 0.0 0.0
4525 11125456 -1.2611947990063344 -0.17826713837975364 0.6400800000000001 0.0 0.0
4526 11125456 -1.3025739889524264 -0.1975078493225281 0.6400800000000001 0.0 0.0
4527 11125456 -1.3439531788985184 -0.21674856026530256 0.6400800000000001 0.0 0.0
4528 11125456 -1.382585384861342 -0.23519318250569593 0.6400800000000001 0.0 0.0
4529 11125456 -1.4212175908241658 -0.2536378047460893 0.6400800000000001 0.0 0.0
4530 11125456 -1.4736798098586348 -0.2820470371540522 0.6400800000000001 0.0 0.0
4531 11125456 -1.5126796173648702 -0.30568709158851415 0.6400800000000001 0.0 0.0
4532 11125456 -1.5516794248711057 -0.3293271460229761 0.6400800000000001 0.0 0.0
4533 11125456 -1.5857972285875708 -0.3505327998039408 0.6400800000000001 0.0 0.0
4534 11125456 -1.6276988570939042 -0.3792406337305745 0.6400800000000001 0.0 0.0
4535 11125456 -1.682612349687454 -0.4189398408452053 0.6400800000000001 0.0 0.0
4536 11125456 -1.737525842281004 -0.4586390479598361 0.6400800000000001 0.0 0.0
4537 11125456 -1.762374200041361 -0.47621622127931706 0.6400800000000001 0.0 0.0
4538 11125456 -1.8196955386453346 -0.5197425406809214 0.6400800000000001 0.0 0.0
4539 11125456 -1.848626154525632 -0.541650959709859 0.6400800000000001 0.0 0.0
4540 11125456 -1.8775567704059293 -0.5635593787387966 0.6400800000000001 0.0 0.0
4541 11125456 -1.921403983686348 -0.597121313042134 0.6400800000000001 0.0 0.0
4542 11125456 -1.9614648624386877 -0.628883788974088 0.6400800000000001 0.0 0.0
4543 11125456 -2.00097330350006 -0.6585484238253216 0.6400800000000001 0.0 0.0
4544 11125456 -2.0404817445614323 -0.6882130586765551 0.6400800000000001 0.0 0.0
4545 11125456 -2.1021570041605626 -0.7358054460148923 0.6400800000000001 0.0 0.0
4546 11125456 -2.14277120465896 -0.7688468314652599 0.6400800000000001 0.0 0.0
4547 11125456 -2.183385405157358 -0.8018882169156275 0.6400800000000001 0.0 0.0
4548 11125456 -2.219716869427519 -0.8301183244767176 0.6400800000000001 0.0 0.0
4549 11125456 -2.2560483336976804 -0.8583484320378078 0.6400800000000001 0.0 0.0
4550 11125456 -2.2923797979678415 -0.8865785395988979 0.6400800000000001 0.0 0.0
4551 11125456 -2.357038304439416 -0.9430084512699947 0.6400800000000001 0.0 0.0
4552 11125456 -2.3867139065074707 -0.9671840856614925 0.6400800000000001 0.0 0.0
4553 11125456 -2.4163895085755254 -0.9913597200529903 0.6400800000000001 0.0 0.0
4554 11125456 -2.4616178722452196 -1.0304853217464547 0.6400800000000001 0.0 0.0
4555 11125456 -2.5068462359149137 -1.069610923439919 0.6400800000000001 0.0 0.0
4556 11125456 -2.5621777903245784 -1.1219639873669898 0.6400800000000001 0.0 0.0
4557 11125456 -2.5948884373325583 -1.1513388297046216 0.6400800000000001 0.0 0.0
4558 11125456 -2.627599084340538 -1.1807136720422535 0.6400800000000001 0.0 0.0
4559 11125456 -2.6664554474357205 -1.218009242693936 0.6400800000000001 0.0 0.0
4560 11125456 -2.7045441784132542 -1.255672665095869 0.6400800000000001 0.0 0.0
4561 11125456 -2.742632909390788 -1.293336087497802 0.6400800000000001 0.0 0.0
4562 11125456 -2.79011251491663 -1.3379752561618046 0.6400800000000001 0.0 0.0
4563 11125456 -2.829729766210548 -1.3775920043727077 0.6400800000000001 0.0 0.0
4564 11125456 -2.8796179373004644 -1.4214428511692907 0.6400800000000001 0.0 0.0
4565 11125456 -2.9099399308755136 -1.4516570018326023 0.6400800000000001 0.0 0.0
4566 11125456 -2.940261924450563 -1.4818711524959138 0.6400800000000001 0.0 0.0
4567 11125456 -2.9737773502722487 -1.5109819066218055 0.6400800000000001 0.0 0.0
4568 11125456 -3.0230106744213465 -1.5528265387806377 0.6400800000000001 0.0 0.0
4569 11125456 -3.057805041828934 -1.5766112260768852 0.6400800000000001 0.0 0.0
4570 11125456 -3.1152885003221957 -1.620312874597715 0.6400800000000001 0.0 0.0
4571 11125456 -3.157427920483965 -1.6567666320523886 0.6400800000000001 0.0 0.0
4572 11125456 -3.201574400717678 -1.6925634410101749 0.6553200000000001 0.0 0.0
4573 11125456 -3.2457208809513913 -1.728360249967961 0.67056 0.0 0.0
4574 11125456 -3.2878516048925803 -1.756637423530826 0.67056 0.0 0.0
4575 11125456 -3.3207473956507894 -1.7838469431142916 0.67056 0.0 0.0
4576 11125456 -3.370802885139316 -1.8200465031164255 0.67056 0.0 0.0
4577 11125456 -3.403917582066659 -1.8443019554625373 0.67056 0.0 0.0
4578 11125456 -3.437032278994003 -1.868557407808649 0.67056 0.0 0.0
4579 11125456 -3.470146975921346 -1.892812860154761 0.67056 0.0 0.0
4580 11125456 -3.53669912780731 -1.9386860935564518 0.67056 0.0 0.0
4581 11125456 -3.568310175594183 -1.9646796068132193 0.67056 0.0 0.0
4582 11125456 -3.599921223381056 -1.9906731200699868 0.67056 0.0 0.0
4583 11125456 -3.5980711599858837 -1.9924796634023305 0.67056 0.0 0.0
4584 11125456 -3.596221096590711 -1.9942862067346745 0.67056 0.0 0.0
4585 11125456 -3.5943710331955385 -1.9960927500670183 0.67056 0.0 0.0
4586 11125456 -3.5925209698003657 -1.997899293399362 0.67056 0.0 0.0
4587 11125456 -3.5906709064051934 -1.999705836731706 0.67056 0.0 0.0
4588 11125456 -3.5888208430100206 -2.0015123800640495 0.67056 0.0 0.0
4589 11125456 -3.5869707796148482 -2.0033189233963937 0.67056 0.0 0.0
4590 11125456 -3.585120716219676 -2.0051254667287375 0.67056 0.0 0.0
4591 11125456 -3.583270652824503 -2.0069320100610812 0.67056 0.0 0.0
4592 11125456 -3.5814205894293307 -2.008738553393425 0.67056 0.0 0.0
4593 11125456 -3.579570526034158 -2.0105450967257688 0.67056 0.0 0.0
4594 11125456 -3.5777204626389856 -2.0123516400581125 0.67056 0.0 0.0
4595 11125456 -3.5758703992438132 -2.0141581833904567 0.67056 0.0 0.0
4596 11125456 -3.5740203358486404 -2.0159647267228005 0.67056 0.0 0.0
4597 11125456 -3.572170272453468 -2.0177712700551442 0.67056 0.0 0.0
4598 11125456 -3.5703202090582953 -2.019577813387488 0.67056 0.0 0.0
4599 11125456 -3.568470145663123 -2.0213843567198317 0.67056 0.0 0.0
4600 11125456 -3.56662008226795 -2.0231909000521755 0.67056 0.0 0.0
4601 11125456 -3.564770018872778 -2.0249974433845197 0.67056 0.0 0.0
4602 11125456 -3.5629199554776054 -2.0268039867168635 0.67056 0.0 0.0
4603 11125456 -3.5610698920824326 -2.028610530049207 0.67056 0.0 0.0
4604 11125456 -3.5592198286872603 -2.030417073381551 0.67056 0.0 0.0
4605 11125456 -3.5573697652920875 -2.0322236167138947 0.67056 0.0 0.0
4606 11125456 -3.555519701896915 -2.0340301600462385 0.67056 0.0 0.0
4607 11125456 -3.5536696385017428 -2.0358367033785827 0.67056 0.0 0.0
4608 11125456 -3.55181957510657 -2.0376432467109264 0.67056 0.0 0.0
4609 11125456 -3.5499695117113976 -2.03944979004327 0.67056 0.0 0.0
4610 11125456 -3.548119448316225 -2.041256333375614 0.67056 0.0 0.0
4611 11125456 -3.5462693849210525 -2.0430628767079577 0.67056 0.0 0.0
4612 11125456 -3.5444193215258797 -2.0448694200403015 0.67056 0.0 0.0
4613 11125456 -3.5425692581307073 -2.0466759633726457 0.67056 0.0 0.0
4614 11125456 -3.540719194735535 -2.0484825067049894 0.67056 0.0 0.0
4615 11125456 -3.538869131340362 -2.050289050037333 0.67056 0.0 0.0
4616 11125456 -3.53701906794519 -2.052095593369677 0.67056 0.0 0.0
4617 11125456 -3.535169004550017 -2.0539021367020207 0.67056 0.0 0.0
4618 11125456 -3.5333189411548447 -2.0557086800343645 0.67056 0.0 0.0
4619 11125456 -3.531468877759672 -2.0575152233667087 0.67056 0.0 0.0
4620 11125456 -3.5296188143644995 -2.0593217666990524 0.67056 0.0 0.0
4621 11125456 -3.527768750969327 -2.061128310031396 0.67056 0.0 0.0
4622 11125456 -3.5259186875741544 -2.06293485336374 0.67056 0.0 0.0
4623 11125456 -3.524068624178982 -2.0647413966960837 0.67056 0.0 0.0
4624 11125456 -3.5222185607838092 -2.0665479400284275 0.67056 0.0 0.0
4625 11125456 -3.520368497388637 -2.068354483360771 0.67056 0.0 0.0
4626 11125456 -3.5185184339934645 -2.0701610266931154 0.67056 0.0 0.0
4627 11125456 -3.5166683705982917 -2.071967570025459 0.67056 0.0 0.0
4628 11125456 -3.5148183072031194 -2.073774113357803 0.67056 0.0 0.0
4629 11125456 -3.5129682438079466 -2.0755806566901467 0.67056 0.0 0.0
4630 11125456 -3.5111181804127742 -2.0773872000224904 0.67056 0.0 0.0
4631 11125456 -3.5092681170176014 -2.0791937433548346 0.67056 0.0 0.0
4632 11125456 -3.507418053622429 -2.0810002866871784 0.67056 0.0 0.0
4633 11125456 -3.5055679902272567 -2.082806830019522 0.67056 0.0 0.0
4634 11125456 -3.503717926832084 -2.084613373351866 0.67056 0.0 0.0
4635 11125456 -3.5018678634369116 -2.0864199166842097 0.67056 0.0 0.0
4636 11125456 -3.500017800041739 -2.0882264600165534 0.67056 0.0 0.0
4637 11125456 -3.4981677366465664 -2.090033003348897 0.67056 0.0 0.0
4638 11125456 -3.4963176732513936 -2.0918395466812414 0.67056 0.0 0.0
4639 11125456 -3.4944676098562213 -2.093646090013585 0.67056 0.0 0.0
4640 11125456 -3.492617546461049 -2.095452633345929 0.67056 0.0 0.0
4641 11125456 -3.490767483065876 -2.0972591766782727 0.67056 0.0 0.0
4642 11125456 -3.488917419670704 -2.0990657200106164 0.67056 0.0 0.0
