0 11000888 0.6777495029381404 0.006561762675565561 0.23621999999999999 -1.9143312731086803 -1.7180071643616912
1 11000888 0.7251624361784046 0.004894510010356938 0.23876 -1.9143312731086803 -1.7180071643616912
2 11000888 0.7725753694186687 0.0032272573451483147 0.2413 -1.9143312731086803 -1.7180071643616912
3 11000888 0.8199883026589329 0.0015600046799396916 0.24384 -1.9143312731086803 -1.7180071643616912
4 11000888 0.8591238127796317 0.0017410610264812776 0.25146 -1.9143312731086803 -1.7180071643616912
5 11000888 0.9095602221698483 0.0007232094353678692 0.25654 -1.9143312731086803 -1.7180071643616912
6 11000888 0.9599966315600649 -0.0002946421557455392 0.26162 -1.9143312731086803 -1.7180071643616912
7 11000888 1.0104330409502815 -0.0013124937468589476 0.26670000000000005 -1.9143312731086803 -1.7180071643616912
8 11000888 1.060869450340498 -0.002330345337972356 0.27178 -1.9143312731086803 -1.7180071643616912
9 11000888 1.1113058597307148 -0.0033481969290857644 0.27686 -1.9143312731086803 -1.7180071643616912
10 11000888 1.1617422691209314 -0.004366048520199173 0.28194 -1.9143312731086803 -1.7180071643616912
11 11000888 1.2287026215518237 -0.008716786699200257 0.28956 -1.9143312731086803 -1.7180071643616912
12 11000888 1.2774919353670873 -0.008883297152821518 0.29337 -1.9143312731086803 -1.7180071643616912
13 11000888 1.3262812491823506 -0.009049807606442778 0.29718 -1.9143312731086803 -1.7180071643616912
14 11000888 1.3587770648723945 -0.008800073813774428 0.30099 -1.9143312731086803 -1.7180071643616912
15 11000888 1.3912728805624384 -0.008550340021106079 0.3048 -1.9143312731086803 -1.7180071643616912
16 11000888 1.454991725973397 -0.00786823547574983 0.31242000000000003 -1.9143312731086803 -1.7180071643616912
17 11000888 1.501125732716662 -0.0012081676886690068 0.32004000000000005 -1.9143312731086803 -1.7180071643616912
18 11000888 1.5513250824830394 -0.001132754069128522 0.32766 -1.9143312731086803 -1.7180071643616912
19 11000888 1.5890724498886892 -0.00043612004107988767 0.33147000000000004 -1.9143312731086803 -1.7180071643616912
20 11000888 1.626819817294339 0.0002605139869687467 0.33528 -1.9143312731086803 -1.7180071643616912
21 11000888 1.6756428745734322 0.00020213291829079827 0.33528 -1.9143312731086803 -1.7180071643616912
22 11000888 1.722262354459572 -0.0025240959386872985 0.34290000000000004 -1.9143312731086803 -1.7180071643616912
23 11000888 1.7819526403627668 -0.006014239801432758 0.35052000000000005 -1.9143312731086803 -1.7180071643616912
24 11000888 1.836693289845468 -0.004265945805942445 0.35814000000000007 -1.9143312731086803 -1.7180071643616912
25 11000888 1.9003955681939515 -0.009065419913660028 0.36576 -1.9143312731086803 -1.7180071643616912
26 11000888 1.9752687949400158 -0.009568577454431099 0.37338 -1.9143312731086803 -1.7180071643616912
27 11000888 2.01314223437575 -0.012152808353103874 0.37909499999999996 -1.9143312731086803 -1.7180071643616912
28 11000888 2.051015673811484 -0.014737039251776649 0.38481 -1.9143312731086803 -1.7180071643616912
29 11000888 2.1270715591508242 -0.020589836101194386 0.39624000000000004 -1.9143312731086803 -1.7180071643616912
30 11000888 2.151792359799974 -0.020484784042291038 0.40005 -1.9143312731086803 -1.7180071643616912
31 11000888 2.1765131604491246 -0.02037973198338769 0.40386 -1.9143312731086803 -1.7180071643616912
32 11000888 2.2518169630709473 -0.027445876295640576 0.41910000000000003 -1.9143312731086803 -1.7180071643616912
33 11000888 2.300639026743614 -0.02749995330913077 0.42672000000000004 -1.9143312731086803 -1.7180071643616912
34 11000888 2.3561551816131434 -0.030440345107111494 0.43434000000000006 -1.9143312731086803 -1.7180071643616912
35 11000888 2.40643007019946 -0.0352904208548728 0.44196 -1.9143312731086803 -1.7180071643616912
36 11000888 2.4601354767652373 -0.03670427262309553 0.44196 -1.9143312731086803 -1.7180071643616912
37 11000888 2.4866311049036525 -0.03986448501002368 0.44958000000000004 -1.9143312731086803 -1.7180071643616912
38 11000888 2.541390878312912 -0.041855640262380284 0.45720000000000005 -1.9143312731086803 -1.7180071643616912
39 11000888 2.5971674591977196 -0.049435180513831584 0.45720000000000005 -1.9143312731086803 -1.7180071643616912
40 11000888 2.6640866823527185 -0.06041836374212442 0.46482000000000007 -1.9143312731086803 -1.7180071643616912
41 11000888 2.6960240146870813 -0.0708446874993082 0.46863 -1.9143312731086803 -1.7180071643616912
42 11000888 2.727961347021444 -0.08127101125649197 0.47243999999999997 -1.9143312731086803 -1.7180071643616912
43 11000888 2.7752909267011026 -0.10221231070222878 0.48006 -1.9143312731086803 -1.7180071643616912
44 11000888 2.8178404396515644 -0.12147600241340753 0.48768 -1.9143312731086803 -1.7180071643616912
45 11000888 2.8572541589928537 -0.15034607094325705 0.48768 -1.9143312731086803 -1.7180071643616912
46 11000888 2.8989574294853737 -0.18580402755342554 0.4953 -1.9143312731086803 -1.7180071643616912
47 11000888 2.937451227221792 -0.2202139814697431 0.4953 -1.9143312731086803 -1.7180071643616912
48 11000888 2.963539236022335 -0.2545459292825376 0.50292 -1.9143312731086803 -1.7180071643616912
49 11000888 2.9947931140437243 -0.29862417417185927 0.51054 -1.9143312731086803 -1.7180071643616912
50 11000888 3.020093614666205 -0.34788469796202426 0.51054 -1.9143312731086803 -1.7180071643616912
51 11000888 3.0435738139194966 -0.3929295825924083 0.5181600000000001 -1.9143312731086803 -1.7180071643616912
52 11000888 3.06333396727098 -0.44774070751089334 0.52578 -1.9143312731086803 -1.7180071643616912
53 11000888 3.075589178997032 -0.49344367261212674 0.52578 -1.9143312731086803 -1.7180071643616912
54 11000888 3.0787930353310684 -0.5162753575547774 0.52959 -1.9143312731086803 -1.7180071643616912
55 11000888 3.0819968916651046 -0.539107042497428 0.5334 -1.9143312731086803 -1.7180071643616912
56 11000888 3.090393558677773 -0.6181276384834297 0.5334 -1.9143312731086803 -1.7180071643616912
57 11000888 3.0903400399188543 -0.6971936847563989 0.54102 -1.9143312731086803 -1.7180071643616912
58 11000888 3.0831439138214076 -0.7532523118182586 0.54864 -1.9143312731086803 -1.7180071643616912
59 11000888 3.08158485967187 -0.7743541570564905 0.54864 -1.9143312731086803 -1.7180071643616912
60 11000888 3.0707775624838485 -0.8292341640389665 0.55626 -1.9143312731086803 -1.7180071643616912
61 11000888 3.0692244256637453 -0.8612016682191929 0.55626 -1.9143312731086803 -1.7180071643616912
62 11000888 3.0429900408795056 -0.9916485789806938 0.56388 -1.9143312731086803 -1.7180071643616912
63 11000888 3.0350346112321294 -1.0202415770162672 0.56388 -1.9143312731086803 -1.7180071643616912
64 11000888 3.027079181584753 -1.0488345750518404 0.56388 -1.9143312731086803 -1.7180071643616912
65 11000888 3.0152366817462983 -1.1109695907445252 0.5715 -1.9143312731086803 -1.7180071643616912
66 11000888 3.0007592596368715 -1.1683897664593506 0.57531 -1.9143312731086803 -1.7180071643616912
67 11000888 2.9862818375274447 -1.225809942174176 0.57912 -1.9143312731086803 -1.7180071643616912
68 11000888 2.9729021903808253 -1.2896627158744638 0.57912 -1.9143312731086803 -1.7180071643616912
69 11000888 2.9697932315914333 -1.3155152960687782 0.58674 -1.9143312731086803 -1.7180071643616912
70 11000888 2.9463483919589395 -1.420005195426292 0.59436 -1.9143312731086803 -1.7180071643616912
71 11000888 2.9353230961828176 -1.453787413318816 0.59436 -1.9143312731086803 -1.7180071643616912
72 11000888 2.9249609024814935 -1.5154709477521997 0.6019800000000001 -1.9143312731086803 -1.7180071643616912
73 11000888 2.9169311741709576 -1.5441564768565839 0.6096 -1.9143312731086803 -1.7180071643616912
74 11000888 2.898539508743152 -1.6345255945359594 0.6096 -1.9143312731086803 -1.7180071643616912
75 11000888 2.88301987389894 -1.714734687663459 0.61722 -1.9143312731086803 -1.7180071643616912
76 11000888 2.8696684604425915 -1.7692514700110278 0.6248400000000001 -1.9143312731086803 -1.7180071643616912
77 11000888 2.853605503031258 -1.8347983092040485 0.6248400000000001 -1.9143312731086803 -1.7180071643616912
78 11000888 2.8422385204700933 -1.888677757327202 0.63246 -1.9143312731086803 -1.7180071643616912
79 11000888 2.8219500973481715 -1.9658118806835205 0.6400800000000001 -1.9143312731086803 -1.7180071643616912
80 11000888 2.8116425102337415 -1.998076089445863 0.6400800000000001 -1.9143312731086803 -1.7180071643616912
81 11000888 2.8013349231193114 -2.030340298208205 0.6400800000000001 -1.9143312731086803 -1.7180071643616912
82 11000888 2.7905546229762352 -2.080789965104564 0.6477 -1.9143312731086803 -1.7180071643616912
83 11000888 2.7713297350776718 -2.139697791165265 0.6477 -1.9143312731086803 -1.7180071643616912
84 11000888 2.7434226427944117 -2.2252091413215824 0.65532 -1.9143312731086803 -1.7180071643616912
85 11000888 2.73129921605396 -2.2789584837303902 0.65532 -1.9143312731086803 -1.7180071643616912
86 11000888 2.7055241281932965 -2.341335646780587 0.6629400000000001 -1.9143312731086803 -1.7180071643616912
87 11000888 2.6865748733922485 -2.3993988911114097 0.67056 -1.9143312731086803 -1.7180071643616912
88 11000888 2.6660752268926036 -2.462212758217781 0.67056 -1.9143312731086803 -1.7180071643616912
89 11000888 2.652057049995508 -2.521768458231295 0.6781800000000001 -1.9143312731086803 -1.7180071643616912
90 11000888 2.637069948471953 -2.567691201515891 0.6819900000000001 -1.9143312731086803 -1.7180071643616912
91 11000888 2.6220828469483974 -2.613613944800487 0.6858000000000001 -1.9143312731086803 -1.7180071643616912
92 11000888 2.6046495767473985 -2.667032117902108 0.69342 -1.9143312731086803 -1.7180071643616912
93 11000888 2.5842533414651436 -2.729529263024518 0.7010400000000001 -1.9143312731086803 -1.7180071643616912
94 11000888 2.559692773785104 -2.821389276782629 0.7010400000000001 -1.9143312731086803 -1.7180071643616912
95 11000888 2.55166522017781 -2.845986970841816 0.7086600000000001 -1.9143312731086803 -1.7180071643616912
96 11000888 2.530786691592451 -2.909962084589068 0.7086600000000001 -1.9143312731086803 -1.7180071643616912
97 11000888 2.5008125699305435 -3.001807533036209 0.7162800000000001 -1.9143312731086803 -1.7180071643616912
98 11000888 2.487897023251459 -3.058802683006313 0.7162800000000001 -1.9143312731086803 -1.7180071643616912
99 11000888 2.4665362070056833 -3.1242557622306757 0.7239000000000001 -1.9143312731086803 -1.7180071643616912
100 11000888 2.4523416017190223 -3.16775038356627 0.7239000000000001 -1.9143312731086803 -1.7180071643616912
101 11000888 2.438146996432361 -3.211245004901864 0.7239000000000001 -1.9143312731086803 -1.7180071643616912
102 11000888 2.419197889512026 -3.2693082060000367 0.73152 -1.9143312731086803 -1.7180071643616912
103 11000888 2.40348085406261 -3.333799605321108 0.73152 -1.9143312731086803 -1.7180071643616912
104 11000888 2.3719909563032484 -3.430290087674208 0.73152 -1.9143312731086803 -1.7180071643616912
105 11000888 2.3531797066622877 -3.4879310030151545 0.73152 -1.9143312731086803 -1.7180071643616912
106 11000888 2.3323012886513856 -3.551906078414826 0.73152 -1.9143312731086803 -1.7180071643616912
107 11000888 2.3089078160862986 -3.6235877142311477 0.73914 -1.9143312731086803 -1.7180071643616912
108 11000888 2.287478157141835 -3.689251885646012 0.74676 -1.9143312731086803 -1.7180071643616912
109 11000888 2.261748101857286 -3.7517604058505465 0.75438 -1.9143312731086803 -1.7180071643616912
110 11000888 2.242592293083785 -3.8104569709671243 0.762 -1.9143312731086803 -1.7180071643616912
111 11000888 2.222658808899549 -3.862825445466605 0.76581 -1.9143312731086803 -1.7180071643616912
112 11000888 2.202725324715314 -3.9151939199660855 0.76962 -1.9143312731086803 -1.7180071643616912
113 11000888 2.176397947103368 -3.979259664694569 0.77724 -1.9143312731086803 -1.7180071643616912
114 11000888 2.15551940991533 -4.043234643345141 0.78486 -1.9143312731086803 -1.7180071643616912
115 11000888 2.137962885745348 -4.088727561381097 0.78867 -1.9143312731086803 -1.7180071643616912
116 11000888 2.120406361575366 -4.134220479417052 0.7924800000000001 -1.9143312731086803 -1.7180071643616912
117 11000888 2.0946992021987043 -4.1955682721506875 0.7924800000000001 -1.9143312731086803 -1.7180071643616912
118 11000888 2.0710013319602067 -4.251847951677314 0.8001 -1.9143312731086803 -1.7180071643616912
119 11000888 2.0456840797655653 -4.313089345252856 0.8001 -1.9143312731086803 -1.7180071643616912
120 11000888 2.0227965723172785 -4.380497103624071 0.8001 -1.9143312731086803 -1.7180071643616912
121 11000888 1.9971001988718082 -4.442899694044089 0.80772 -1.9143312731086803 -1.7180071643616912
122 11000888 1.9730919604295596 -4.50012936302286 0.80772 -1.9143312731086803 -1.7180071643616912
123 11000888 1.9392931220710758 -4.603692579410461 0.8153400000000001 -1.9143312731086803 -1.7180071643616912
124 11000888 1.9152847382401341 -4.660922179873983 0.82296 -1.9143312731086803 -1.7180071643616912
125 11000888 1.9016239182777281 -4.702780279504521 0.8305800000000001 -1.9143312731086803 -1.7180071643616912
126 11000888 1.8879630983153222 -4.744638379135059 0.8382000000000001 -1.9143312731086803 -1.7180071643616912
