3790 10509969 0.24717485629868952 0.0070719262574130415 0.23621999999999999 -3.5236083343327564 -0.7429410963331727
3791 10509969 0.27220336869842354 0.0032150107970813913 0.24384 -3.5236083343327564 -0.7429410963331727
3792 10509969 0.3272084086445285 0.00194563886513624 0.24384 -3.5236083343327564 -0.7429410963331727
3793 10509969 0.354524115655821 0.00400080469536182 0.25146 -3.5236083343327564 -0.7429410963331727
3794 10509969 0.372021662356671 0.0031894811501802234 0.25146 -3.5236083343327564 -0.7429410963331727
3795 10509969 0.41118803689214595 0.003007910440237576 0.25654 -3.5236083343327564 -0.7429410963331727
3796 10509969 0.45035441142762084 0.002826339730294928 0.26162 -3.5236083343327564 -0.7429410963331727
3797 10509969 0.4895207859630958 0.0026447690203522806 0.2667 -3.5236083343327564 -0.7429410963331727
3798 10509969 0.5057174690687414 0.0026093479212807094 0.2667 -3.5236083343327564 -0.7429410963331727
3799 10509969 0.5219141521743871 0.0025739268222091383 0.2667 -3.5236083343327564 -0.7429410963331727
3800 10509969 0.5577375656178429 0.004303167090996048 0.27432 -3.5236083343327564 -0.7429410963331727
3801 10509969 0.5935609790612987 0.006032407359782957 0.28194 -3.5236083343327564 -0.7429410963331727
3802 10509969 0.649769743812341 0.005189786191418869 0.28956 -3.5236083343327564 -0.7429410963331727
3803 10509969 0.6745833760617694 0.005026137055858963 0.29337 -3.5236083343327564 -0.7429410963331727
3804 10509969 0.699397008311198 0.004862487920299058 0.29718 -3.5236083343327564 -0.7429410963331727
3805 10509969 0.7463226273425103 0.009857681524277073 0.3048 -3.5236083343327564 -0.7429410963331727
3806 10509969 0.7603124408054056 0.010543859547616032 0.30861000000000005 -3.5236083343327564 -0.7429410963331727
3807 10509969 0.7743022542683009 0.01123003757095499 0.31242000000000003 -3.5236083343327564 -0.7429410963331727
3808 10509969 0.8438775102104781 0.006722446832744797 0.32004000000000005 -3.5236083343327564 -0.7429410963331727
3809 10509969 0.8651708182073795 0.0066581459465101175 0.32385 -3.5236083343327564 -0.7429410963331727
3810 10509969 0.8864641262042809 0.006593845060275438 0.32766 -3.5236083343327564 -0.7429410963331727
3811 10509969 0.9150850505282027 0.007212091134817781 0.33274000000000004 -3.5236083343327564 -0.7429410963331727
3812 10509969 0.9437059748521243 0.007830337209360124 0.33782 -3.5236083343327564 -0.7429410963331727
3813 10509969 0.972326899176046 0.008448583283902467 0.34290000000000004 -3.5236083343327564 -0.7429410963331727
3814 10509969 1.0040994374102399 0.007298085212062618 0.34823400000000004 -3.5236083343327564 -0.7429410963331727
3815 10509969 1.0358719756444337 0.006147587140222769 0.35356800000000005 -3.5236083343327564 -0.7429410963331727
3816 10509969 1.0676445138786277 0.004997089068382919 0.35890200000000005 -3.5236083343327564 -0.7429410963331727
3817 10509969 1.0994170521128215 0.00384659099654307 0.36423600000000006 -3.5236083343327564 -0.7429410963331727
3818 10509969 1.1311895903470153 0.002696092924703221 0.36957000000000007 -3.5236083343327564 -0.7429410963331727
3819 10509969 1.162962128581209 0.001545594852863371 0.374904 -3.5236083343327564 -0.7429410963331727
3820 10509969 1.194734666815403 0.00039509678102352293 0.380238 -3.5236083343327564 -0.7429410963331727
3821 10509969 1.2265072050495969 -0.0007554012908163269 0.385572 -3.5236083343327564 -0.7429410963331727
3822 10509969 1.2582797432837909 -0.0019058993626561768 0.39090600000000003 -3.5236083343327564 -0.7429410963331727
3823 10509969 1.2900522815179847 -0.003056397434496025 0.39624000000000004 -3.5236083343327564 -0.7429410963331727
3824 10509969 1.327832952052872 -0.00429959115609263 0.39624000000000004 -3.5236083343327564 -0.7429410963331727
3825 10509969 1.37189515857705 -0.008061779571169075 0.40386 -3.5236083343327564 -0.7429410963331727
3826 10509969 1.3815840195697442 -0.008306059796137577 0.40386 -3.5236083343327564 -0.7429410963331727
3827 10509969 1.3912728805624384 -0.008550340021106079 0.40386 -3.5236083343327564 -0.7429410963331727
3828 10509969 1.4650222077666455 -0.011144595911995778 0.40386 -3.5236083343327564 -0.7429410963331727
3829 10509969 1.49643645892681 -0.015564482286635262 0.41148 -3.5236083343327564 -0.7429410963331727
3830 10509969 1.5243118131008688 -0.014505854021930512 0.41910000000000003 -3.5236083343327564 -0.7429410963331727
3831 10509969 1.561954317447716 -0.016170044127759298 0.41910000000000003 -3.5236083343327564 -0.7429410963331727
3832 10509969 1.6108120655346383 -0.016123306863350964 0.42672000000000004 -3.5236083343327564 -0.7429410963331727
3833 10509969 1.6511720898705935 -0.017623242696849464 0.43434000000000006 -3.5236083343327564 -0.7429410963331727
3834 10509969 1.68571880515043 -0.01897663232845076 0.43434000000000006 -3.5236083343327564 -0.7429410963331727
3835 10509969 1.7181910396766398 -0.01906822081014578 0.43434000000000006 -3.5236083343327564 -0.7429410963331727
3836 10509969 1.7670485144679873 -0.01902040762717508 0.44958000000000004 -3.5236083343327564 -0.7429410963331727
3837 10509969 1.7992317545007561 -0.02217146758084021 0.45720000000000005 -3.5236083343327564 -0.7429410963331727
3838 10509969 1.8256142193916558 -0.023778345250744612 0.45720000000000005 -3.5236083343327564 -0.7429410963331727
3839 10509969 1.8519966842825557 -0.025385222920649014 0.45720000000000005 -3.5236083343327564 -0.7429410963331727
3840 10509969 1.8888708680114064 -0.02668004917284661 0.46482000000000007 -3.5236083343327564 -0.7429410963331727
3841 10509969 1.925597578760675 -0.02570692941343225 0.47243999999999997 -3.5236083343327564 -0.7429410963331727
3842 10509969 1.9753701190532598 -0.028293053569581117 0.47243999999999997 -3.5236083343327564 -0.7429410963331727
3843 10509969 2.0114953223245653 -0.03459963980429817 0.48006 -3.5236083343327564 -0.7429410963331727
3844 10509969 2.0275125619186416 -0.03585829608227914 0.48006 -3.5236083343327564 -0.7429410963331727
3845 10509969 2.043529801512718 -0.03711695236026011 0.48006 -3.5236083343327564 -0.7429410963331727
3846 10509969 2.0989786680568203 -0.038635368347959415 0.48768 -3.5236083343327564 -0.7429410963331727
3847 10509969 2.136620573075044 -0.040296504558990004 0.4953 -3.5236083343327564 -0.7429410963331727
3848 10509969 2.17095887445705 -0.04391602707905615 0.4953 -3.5236083343327564 -0.7429410963331727
3849 10509969 2.229444961925841 -0.04700935306844614 0.50292 -3.5236083343327564 -0.7429410963331727
3850 10509969 2.2671088023304486 -0.04996201495422656 0.51054 -3.5236083343327564 -0.7429410963331727
3851 10509969 2.309256638108489 -0.051691742076871744 0.51054 -3.5236083343327564 -0.7429410963331727
3852 10509969 2.346451344968319 -0.05308899067668152 0.5181600000000001 -3.5236083343327564 -0.7429410963331727
3853 10509969 2.38055792664235 -0.06013645264088577 0.5181600000000001 -3.5236083343327564 -0.7429410963331727
3854 10509969 2.413522784357348 -0.05980183086439492 0.52578 -3.5236083343327564 -0.7429410963331727
3855 10509969 2.451645863763332 -0.06161849206969175 0.52578 -3.5236083343327564 -0.7429410963331727
3856 10509969 2.5095440473396398 -0.06895678725768337 0.5334 -3.5236083343327564 -0.7429410963331727
3857 10509969 2.546818825673724 -0.07037918171788318 0.5334 -3.5236083343327564 -0.7429410963331727
3858 10509969 2.593267717877376 -0.06953971730723227 0.54102 -3.5236083343327564 -0.7429410963331727
3859 10509969 2.6333509541384714 -0.07187858490771956 0.54864 -3.5236083343327564 -0.7429410963331727
3860 10509969 2.675807025956563 -0.07510870313522008 0.54864 -3.5236083343327564 -0.7429410963331727
3861 10509969 2.694421434533263 -0.07575358136030089 0.55245 -3.5236083343327564 -0.7429410963331727
3862 10509969 2.713035843109963 -0.07639845958538169 0.55626 -3.5236083343327564 -0.7429410963331727
3863 10509969 2.759951078696769 -0.08120064761063692 0.56388 -3.5236083343327564 -0.7429410963331727
3864 10509969 2.792706252563226 -0.08558544509882629 0.56388 -3.5236083343327564 -0.7429410963331727
3865 10509969 2.8385319833354528 -0.09073236073935001 0.5715 -3.5236083343327564 -0.7429410963331727
3866 10509969 2.879280604738806 -0.09211894323749717 0.5715 -3.5236083343327564 -0.7429410963331727
3867 10509969 2.923054856083544 -0.09566112492829817 0.5715 -3.5236083343327564 -0.7429410963331727
3868 10509969 2.96073046210691 -0.09721231134994349 0.57912 -3.5236083343327564 -0.7429410963331727
3869 10509969 2.999346313867549 -0.09860295891194767 0.58674 -3.5236083343327564 -0.7429410963331727
3870 10509969 3.041019424941898 -0.10694894473534908 0.58674 -3.5236083343327564 -0.7429410963331727
3871 10509969 3.105923942687748 -0.11213045307084499 0.59436 -3.5236083343327564 -0.7429410963331727
3872 10509969 3.144058203946213 -0.11336315800002214 0.59436 -3.5236083343327564 -0.7429410963331727
3873 10509969 3.182215084558215 -0.1150703154612113 0.6019800000000001 -3.5236083343327564 -0.7429410963331727
3874 10509969 3.2191324191490986 -0.11894264004773517 0.6096 -3.5236083343327564 -0.7429410963331727
3875 10509969 3.238233039024705 -0.12108822911193418 0.6096 -3.5236083343327564 -0.7429410963331727
3876 10509969 3.2573336589003112 -0.12323381817613319 0.6096 -3.5236083343327564 -0.7429410963331727
3877 10509969 3.3201415372692082 -0.12504241615139547 0.61722 -3.5236083343327564 -0.7429410963331727
3878 10509969 3.3610465998379295 -0.13301904556807823 0.61722 -3.5236083343327564 -0.7429410963331727
3879 10509969 3.403536545460671 -0.13613922544157422 0.61722 -3.5236083343327564 -0.7429410963331727
3880 10509969 3.45267721620002 -0.13792522333120985 0.61722 -3.5236083343327564 -0.7429410963331727
3881 10509969 3.49358226554388 -0.14590108434561935 0.6248400000000001 -3.5236083343327564 -0.7429410963331727
3882 10509969 3.536840115479099 -0.1493879103238205 0.6248400000000001 -3.5236083343327564 -0.7429410963331727
3883 10509969 3.5802701862522923 -0.1523466184882918 0.6248400000000001 -3.5236083343327564 -0.7429410963331727
3884 10509969 3.6282948178581957 -0.16136010157719918 0.63246 -3.5236083343327564 -0.7429410963331727
3885 10509969 3.692155074942921 -0.16701336273117376 0.6400800000000001 -3.5236083343327564 -0.7429410963331727
3886 10509969 3.7080163724871666 -0.169560838179063 0.6400800000000001 -3.5236083343327564 -0.7429410963331727
3887 10509969 3.7238776700314125 -0.17210831362695225 0.6400800000000001 -3.5236083343327564 -0.7429410963331727
3888 10509969 3.8043837645586773 -0.18184891298154424 0.65532 -3.5236083343327564 -0.7429410963331727
3889 10509969 3.8365031822783275 -0.1842985081922538 0.65913 -3.5236083343327564 -0.7429410963331727
3890 10509969 3.8686225999979778 -0.18674810340296336 0.6629400000000001 -3.5236083343327564 -0.7429410963331727
3891 10509969 3.9148238873735215 -0.19644962571600424 0.67056 -3.5236083343327564 -0.7429410963331727
3892 10509969 3.9584482702176516 -0.20017035748492376 0.6781800000000001 -3.5236083343327564 -0.7429410963331727
3893 10509969 3.9966965125861647 -0.20131907656155526 0.6781800000000001 -3.5236083343327564 -0.7429410963331727
3894 10509969 4.061689377384531 -0.2116606418102435 0.6858000000000001 -3.5236083343327564 -0.7429410963331727
3895 10509969 4.099295198459725 -0.2134169099941511 0.6858000000000001 -3.5236083343327564 -0.7429410963331727
3896 10509969 4.135122017654423 -0.21926500512462624 0.69342 -3.5236083343327564 -0.7429410963331727
3897 10509969 4.172223223703678 -0.22120670320387306 0.7010400000000001 -3.5236083343327564 -0.7429410963331727
3898 10509969 4.220110063033146 -0.2306384510734564 0.7010400000000001 -3.5236083343327564 -0.7429410963331727
3899 10509969 4.2582661380318845 -0.23233980300459647 0.7086600000000001 -3.5236083343327564 -0.7429410963331727
3900 10509969 4.279711425119395 -0.2339626425765862 0.7086600000000001 -3.5236083343327564 -0.7429410963331727
3901 10509969 4.301156712206904 -0.23558548214857591 0.7086600000000001 -3.5236083343327564 -0.7429410963331727
3902 10509969 4.365049102250413 -0.24521485470511398 0.7239000000000001 -3.5236083343327564 -0.7429410963331727
3903 10509969 4.402310308867948 -0.24802525413484236 0.7239000000000001 -3.5236083343327564 -0.7429410963331727
3904 10509969 4.459175069529829 -0.2560621438664753 0.73152 -3.5236083343327564 -0.7429410963331727
3905 10509969 4.4851542361948376 -0.2591633741992152 0.73152 -3.5236083343327564 -0.7429410963331727
3906 10509969 4.527322447451226 -0.2621720931546532 0.73914 -3.5236083343327564 -0.7429410963331727
3907 10509969 4.584623785292815 -0.26778061863292046 0.73914 -3.5236083343327564 -0.7429410963331727
3908 10509969 4.637797110089724 -0.2746120068230635 0.74676 -3.5236083343327564 -0.7429410963331727
3909 10509969 4.659442893165022 -0.2762991634050408 0.75438 -3.5236083343327564 -0.7429410963331727
3910 10509969 4.698891193111289 -0.28601222775563295 0.75438 -3.5236083343327564 -0.7429410963331727
3911 10509969 4.762189115815297 -0.2906550481519755 0.762 -3.5236083343327564 -0.7429410963331727
3912 10509969 4.785061028887074 -0.2940265846321404 0.762 -3.5236083343327564 -0.7429410963331727
3913 10509969 4.807932941958851 -0.29739812111230524 0.762 -3.5236083343327564 -0.7429410963331727
3914 10509969 4.838714307333631 -0.30510129638040095 0.76962 -3.5236083343327564 -0.7429410963331727
3915 10509969 4.885799585888233 -0.3118141437714944 0.77724 -3.5236083343327564 -0.7429410963331727
3916 10509969 4.932955134470342 -0.3142277620116809 0.78486 -3.5236083343327564 -0.7429410963331727
3917 10509969 4.9659148800017805 -0.3220567790951532 0.78486 -3.5236083343327564 -0.7429410963331727
3918 10509969 5.009916022740116 -0.32869743222204184 0.7924800000000001 -3.5236083343327564 -0.7429410963331727
3919 10509969 5.052404927052353 -0.33180769909907926 0.7924800000000001 -3.5236083343327564 -0.7429410963331727
3920 10509969 5.1144048226940075 -0.34314928774383646 0.8001 -3.5236083343327564 -0.7429410963331727
3921 10509969 5.145073181831479 -0.34602522172094496 0.8001 -3.5236083343327564 -0.7429410963331727
3922 10509969 5.187401511983856 -0.3490823390936971 0.80772 -3.5236083343327564 -0.7429410963331727
3923 10509969 5.227951197812836 -0.357049046603798 0.8153400000000001 -3.5236083343327564 -0.7429410963331727
3924 10509969 5.270439977214675 -0.36015800234957673 0.8153400000000001 -3.5236083343327564 -0.7429410963331727
3925 10509969 5.312653305911708 -0.3641113322315376 0.82296 -3.5236083343327564 -0.7429410963331727
3926 10509969 5.348629100478003 -0.3697682760894936 0.82296 -3.5236083343327564 -0.7429410963331727
3927 10509969 5.3894081458806475 -0.3775752307461314 0.8305800000000001 -3.5236083343327564 -0.7429410963331727
3928 10509969 5.423705007424607 -0.3807570039193258 0.8305800000000001 -3.5236083343327564 -0.7429410963331727
3929 10509969 5.458001868968567 -0.3839387770925202 0.8305800000000001 -3.5236083343327564 -0.7429410963331727
3930 10509969 5.505305390956262 -0.3886162374714319 0.8382000000000001 -3.5236083343327564 -0.7429410963331727
3931 10509969 5.545740422451665 -0.39666053271943613 0.84582 -3.5236083343327564 -0.7429410963331727
3932 10509969 5.587862192260223 -0.39953117859920617 0.84582 -3.5236083343327564 -0.7429410963331727
3933 10509969 5.625591806135794 -0.4063425417870469 0.8534400000000001 -3.5236083343327564 -0.7429410963331727
3934 10509969 5.672079918207025 -0.4162427844420983 0.8534400000000001 -3.5236083343327564 -0.7429410963331727
3935 10509969 5.712126573872576 -0.41866977796318894 0.86106 -3.5236083343327564 -0.7429410963331727
3936 10509969 5.753031726428355 -0.42663253550298863 0.8686800000000001 -3.5236083343327564 -0.7429410963331727
3937 10509969 5.794005736146063 -0.4343838938185881 0.8686800000000001 -3.5236083343327564 -0.7429410963331727
3938 10509969 5.829224668972835 -0.4407260654393107 0.8763000000000001 -3.5236083343327564 -0.7429410963331727
3939 10509969 5.8282545676892035 -0.4389873826447805 0.876221551132464 -3.5236083343327564 -0.7429410963331727
3940 10509969 5.827284466405571 -0.4372486998502503 0.876143102264928 -3.5236083343327564 -0.7429410963331727
3941 10509969 5.826314365121939 -0.4355100170557201 0.876064653397392 -3.5236083343327564 -0.7429410963331727
3942 10509969 5.825344263838307 -0.4337713342611899 0.875986204529856 -3.5236083343327564 -0.7429410963331727
3943 10509969 5.824374162554674 -0.4320326514666597 0.8759077556623199 -3.5236083343327564 -0.7429410963331727
3944 10509969 5.8234040612710425 -0.4302939686721295 0.8758293067947839 -3.5236083343327564 -0.7429410963331727
3945 10509969 5.822433959987411 -0.4285552858775993 0.8757508579272478 -3.5236083343327564 -0.7429410963331727
3946 10509969 5.821463858703778 -0.42681660308306907 0.8756724090597118 -3.5236083343327564 -0.7429410963331727
3947 10509969 5.820493757420146 -0.42507792028853886 0.8755939601921758 -3.5236083343327564 -0.7429410963331727
3948 10509969 5.819523656136514 -0.4233392374940087 0.8755155113246398 -3.5236083343327564 -0.7429410963331727
3949 10509969 5.8185535548528815 -0.4216005546994785 0.8754370624571037 -3.5236083343327564 -0.7429410963331727
3950 10509969 5.81758345356925 -0.4198618719049483 0.8753586135895677 -3.5236083343327564 -0.7429410963331727
3951 10509969 5.816613352285618 -0.41812318911041807 0.8752801647220316 -3.5236083343327564 -0.7429410963331727
3952 10509969 5.815643251001985 -0.41638450631588786 0.8752017158544956 -3.5236083343327564 -0.7429410963331727
3953 10509969 5.814673149718353 -0.4146458235213577 0.8751232669869596 -3.5236083343327564 -0.7429410963331727
3954 10509969 5.813703048434721 -0.4129071407268275 0.8750448181194236 -3.5236083343327564 -0.7429410963331727
3955 10509969 5.81273294715109 -0.4111684579322973 0.8749663692518875 -3.5236083343327564 -0.7429410963331727
3956 10509969 5.811762845867457 -0.40942977513776707 0.8748879203843515 -3.5236083343327564 -0.7429410963331727
3957 10509969 5.810792744583825 -0.40769109234323686 0.8748094715168154 -3.5236083343327564 -0.7429410963331727
3958 10509969 5.809822643300193 -0.40595240954870665 0.8747310226492794 -3.5236083343327564 -0.7429410963331727
3959 10509969 5.80885254201656 -0.40421372675417644 0.8746525737817434 -3.5236083343327564 -0.7429410963331727
3960 10509969 5.807882440732929 -0.4024750439596463 0.8745741249142074 -3.5236083343327564 -0.7429410963331727
3961 10509969 5.806912339449297 -0.4007363611651161 0.8744956760466713 -3.5236083343327564 -0.7429410963331727
3962 10509969 5.805942238165664 -0.39899767837058586 0.8744172271791353 -3.5236083343327564 -0.7429410963331727
3963 10509969 5.804972136882032 -0.39725899557605565 0.8743387783115992 -3.5236083343327564 -0.7429410963331727
3964 10509969 5.8040020355984 -0.39552031278152544 0.8742603294440632 -3.5236083343327564 -0.7429410963331727
3965 10509969 5.803031934314768 -0.3937816299869953 0.8741818805765272 -3.5236083343327564 -0.7429410963331727
3966 10509969 5.802061833031136 -0.3920429471924651 0.8741034317089912 -3.5236083343327564 -0.7429410963331727
3967 10509969 5.801091731747504 -0.39030426439793486 0.8740249828414551 -3.5236083343327564 -0.7429410963331727
3968 10509969 5.800121630463871 -0.38856558160340465 0.8739465339739191 -3.5236083343327564 -0.7429410963331727
3969 10509969 5.799151529180239 -0.38682689880887444 0.873868085106383 -3.5236083343327564 -0.7429410963331727
3970 10509969 5.7981814278966075 -0.38508821601434423 0.873789636238847 -3.5236083343327564 -0.7429410963331727
3971 10509969 5.797211326612975 -0.383349533219814 0.873711187371311 -3.5236083343327564 -0.7429410963331727
3972 10509969 5.796241225329343 -0.38161085042528387 0.873632738503775 -3.5236083343327564 -0.7429410963331727
3973 10509969 5.795271124045711 -0.37987216763075365 0.8735542896362389 -3.5236083343327564 -0.7429410963331727
3974 10509969 5.794301022762078 -0.37813348483622344 0.8734758407687029 -3.5236083343327564 -0.7429410963331727
3975 10509969 5.7933309214784465 -0.37639480204169323 0.8733973919011668 -3.5236083343327564 -0.7429410963331727
3976 10509969 5.792360820194815 -0.374656119247163 0.8733189430336308 -3.5236083343327564 -0.7429410963331727
3977 10509969 5.791390718911182 -0.37291743645263287 0.8732404941660948 -3.5236083343327564 -0.7429410963331727
3978 10509969 5.79042061762755 -0.37117875365810266 0.8731620452985588 -3.5236083343327564 -0.7429410963331727
3979 10509969 5.789450516343918 -0.36944007086357245 0.8730835964310227 -3.5236083343327564 -0.7429410963331727
3980 10509969 5.7884804150602855 -0.36770138806904223 0.8730051475634867 -3.5236083343327564 -0.7429410963331727
3981 10509969 5.787510313776654 -0.365962705274512 0.8729266986959506 -3.5236083343327564 -0.7429410963331727
3982 10509969 5.786540212493022 -0.36422402247998187 0.8728482498284146 -3.5236083343327564 -0.7429410963331727
3983 10509969 5.78557011120939 -0.3624853396854516 0.8727698009608786 -3.5236083343327564 -0.7429410963331727
3984 10509969 5.784600009925757 -0.36074665689092145 0.8726913520933426 -3.5236083343327564 -0.7429410963331727
3985 10509969 5.7836299086421255 -0.35900797409639124 0.8726129032258065 -3.5236083343327564 -0.7429410963331727
3986 10509969 5.782659807358494 -0.357269291301861 0.8725344543582705 -3.5236083343327564 -0.7429410963331727
3987 10509969 5.781689706074861 -0.3555306085073308 0.8724560054907344 -3.5236083343327564 -0.7429410963331727
3988 10509969 5.780719604791229 -0.3537919257128006 0.8723775566231984 -3.5236083343327564 -0.7429410963331727
3989 10509969 5.779749503507597 -0.35205324291827045 0.8722991077556624 -3.5236083343327564 -0.7429410963331727
3990 10509969 5.7787794022239645 -0.35031456012374024 0.8722206588881264 -3.5236083343327564 -0.7429410963331727
3991 10509969 5.777809300940333 -0.34857587732921 0.8721422100205903 -3.5236083343327564 -0.7429410963331727
3992 10509969 5.776839199656701 -0.3468371945346798 0.8720637611530543 -3.5236083343327564 -0.7429410963331727
3993 10509969 5.775869098373068 -0.3450985117401496 0.8719853122855182 -3.5236083343327564 -0.7429410963331727
3994 10509969 5.774898997089436 -0.34335982894561945 0.8719068634179822 -3.5236083343327564 -0.7429410963331727
3995 10509969 5.773928895805804 -0.3416211461510892 0.8718284145504462 -3.5236083343327564 -0.7429410963331727
3996 10509969 5.772958794522172 -0.33988246335655903 0.8717499656829102 -3.5236083343327564 -0.7429410963331727
3997 10509969 5.77198869323854 -0.3381437805620288 0.8716715168153741 -3.5236083343327564 -0.7429410963331727
3998 10509969 5.771018591954908 -0.3364050977674986 0.8715930679478381 -3.5236083343327564 -0.7429410963331727
