10501 10520887 1.224863565494007 -4.821637764392906 0.6400800000000001 -2.5465782646875845 0.3621491154493825
10502 10520887 1.228095920235724 -4.773630114103026 0.6400800000000001 -2.5465782646875845 0.3621491154493825
10503 10520887 1.2288161078635924 -4.725152781647462 0.6400800000000001 -2.5465782646875845 0.3621491154493825
10504 10520887 1.2300275331620387 -4.69558482850592 0.6400800000000001 -2.5465782646875845 0.3621491154493825
10505 10520887 1.2312389584604848 -4.666016875364379 0.6400800000000001 -2.5465782646875845 0.3621491154493825
10506 10520887 1.2380886657531738 -4.611012896565169 0.6400800000000001 -2.5465782646875845 0.3621491154493825
10507 10520887 1.2332445351379713 -4.590740823576026 0.6400800000000001 -2.5465782646875845 0.3621491154493825
10508 10520887 1.2376017810148277 -4.543100283506006 0.6400800000000001 -2.5465782646875845 0.3621491154493825
10509 10520887 1.2422235138538045 -4.4690675348024795 0.6400800000000001 -2.5465782646875845 0.3621491154493825
10510 10520887 1.2468452466927813 -4.395034786098954 0.6400800000000001 -2.5465782646875845 0.3621491154493825
10511 10520887 1.2514669795317581 -4.321002037395427 0.6400800000000001 -2.5465782646875845 0.3621491154493825
10512 10520887 1.2513593396442668 -4.2927555661878944 0.6400800000000001 -2.5465782646875845 0.3621491154493825
10513 10520887 1.2512516997567753 -4.264509094980363 0.6400800000000001 -2.5465782646875845 0.3621491154493825
10514 10520887 1.251742675379187 -4.219461133094614 0.6400800000000001 -2.5465782646875845 0.3621491154493825
10515 10520887 1.2526970397797317 -4.140336949109846 0.6400800000000001 -2.5465782646875845 0.3621491154493825
10516 10520887 1.2590257799467621 -4.099180716155973 0.6400800000000001 -2.5465782646875845 0.3621491154493825
10517 10520887 1.263963299788221 -4.040514916923256 0.6096 -2.5465782646875845 0.3621491154493825
10518 10520887 1.2687811565110338 -3.9686096319735005 0.6096 -2.5465782646875845 0.3621491154493825
10519 10520887 1.2707865655829251 -3.9134839291071506 0.6096 -2.5465782646875845 0.3621491154493825
10520 10520887 1.2727919746548166 -3.8583582262408003 0.6096 -2.5465782646875845 0.3621491154493825
10521 10520887 1.2748111238184268 -3.834485719212717 0.6096 -2.5465782646875845 0.3621491154493825
10522 10520887 1.2768302729820367 -3.810613212184633 0.6096 -2.5465782646875845 0.3621491154493825
10523 10520887 1.2783708890735157 -3.7569127159610396 0.6096 -2.5465782646875845 0.3621491154493825
10524 10520887 1.2794291875273203 -3.704690160515038 0.6096 -2.5465782646875845 0.3621491154493825
10525 10520887 1.2840194289758482 -3.6552561888996395 0.6096 -2.5465782646875845 0.3621491154493825
10526 10520887 1.2861121090200942 -3.599866748274192 0.6096 -2.5465782646875845 0.3621491154493825
10527 10520887 1.293814796001149 -3.5436221208659466 0.6096 -2.5465782646875845 0.3621491154493825
10528 10520887 1.291958444180454 -3.4948868924761345 0.6096 -2.5465782646875845 0.3621491154493825
10529 10520887 1.2963733846074577 -3.4310269020605535 0.6096 -2.5465782646875845 0.3621491154493825
10530 10520887 1.3007883250344614 -3.367166911644972 0.6096 -2.5465782646875845 0.3621491154493825
10531 10520887 1.3030056194071507 -3.316841174912466 0.6096 -2.5465782646875845 0.3621491154493825
10532 10520887 1.3075088903287355 -3.2606031421728687 0.6096 -2.5465782646875845 0.3621491154493825
10533 10520887 1.314542496549063 -3.2134853960235517 0.6096 -2.5465782646875845 0.3621491154493825
10534 10520887 1.3176564659485344 -3.1604150698914686 0.57912 -2.5465782646875845 0.3621491154493825
10535 10520887 1.3204459710399612 -3.1137806266868204 0.57912 -2.5465782646875845 0.3621491154493825
10536 10520887 1.3263333534516277 -3.065821294152726 0.57912 -2.5465782646875845 0.3621491154493825
10537 10520887 1.3319151051219194 -3.010636193947155 0.57912 -2.5465782646875845 0.3621491154493825
10538 10520887 1.3352610505578149 -2.954136935274216 0.57912 -2.5465782646875845 0.3621491154493825
10539 10520887 1.3380235019835554 -2.895344373004864 0.57912 -2.5465782646875845 0.3621491154493825
10540 10520887 1.3470758020392304 -2.8499370308353464 0.57912 -2.5465782646875845 0.3621491154493825
10541 10520887 1.3476793058596428 -2.7963972408051885 0.57912 -2.5465782646875845 0.3621491154493825
10542 10520887 1.3511447093249338 -2.753137452157931 0.57912 -2.5465782646875845 0.3621491154493825
10543 10520887 1.355186274603141 -2.7053930039697605 0.57912 -2.5465782646875845 0.3621491154493825
10544 10520887 1.3616163367147238 -2.6530547596090948 0.57912 -2.5465782646875845 0.3621491154493825
10545 10520887 1.365378149934658 -2.593653787370225 0.57912 -2.5465782646875845 0.3621491154493825
10546 10520887 1.367390953477368 -2.554300320137335 0.57912 -2.5465782646875845 0.3621491154493825
10547 10520887 1.3694037570200779 -2.5149468529044445 0.57912 -2.5465782646875845 0.3621491154493825
10548 10520887 1.3724142940982187 -2.4662815293198874 0.54864 -2.5465782646875845 0.3621491154493825
10549 10520887 1.3826781057808724 -2.3907797119183387 0.54864 -2.5465782646875845 0.3621491154493825
10550 10520887 1.382579540302102 -2.353949259004958 0.54864 -2.5465782646875845 0.3621491154493825
10551 10520887 1.3824809748233318 -2.3171188060915773 0.54864 -2.5465782646875845 0.3621491154493825
10552 10520887 1.390428944090114 -2.260135978723722 0.54864 -2.5465782646875845 0.3621491154493825
10553 10520887 1.394471942377046 -2.2123917813332383 0.54864 -2.5465782646875845 0.3621491154493825
10554 10520887 1.4020991377289769 -2.155304165560158 0.54864 -2.5465782646875845 0.3621491154493825
10555 10520887 1.4106394133427247 -2.105757548835306 0.54864 -2.5465782646875845 0.3621491154493825
10556 10520887 1.413722865455254 -2.03375179296204 0.54864 -2.5465782646875845 0.3621491154493825
10557 10520887 1.4228237803752473 -1.9868414455559467 0.54864 -2.5465782646875845 0.3621491154493825
10558 10520887 1.429049062385412 -1.9351369633624766 0.54864 -2.5465782646875845 0.3621491154493825
10559 10520887 1.4343339408731746 -1.883592648824684 0.54864 -2.5465782646875845 0.3621491154493825
10560 10520887 1.43853540032591 -1.840806515470055 0.54864 -2.5465782646875845 0.3621491154493825
10561 10520887 1.4498774170459034 -1.7870346379818467 0.54864 -2.5465782646875845 0.3621491154493825
10562 10520887 1.452804210624217 -1.72911281958745 0.54864 -2.5465782646875845 0.3621491154493825
10563 10520887 1.4602499788173637 -1.6889047752487107 0.54864 -2.5465782646875845 0.3621491154493825
10564 10520887 1.4654312987297218 -1.6210884602470788 0.54864 -2.5465782646875845 0.3621491154493825
10565 10520887 1.472058876461737 -1.5695152189137997 0.54864 -2.5465782646875845 0.3621491154493825
10566 10520887 1.4762310127330442 -1.5377005716507026 0.54864 -2.5465782646875845 0.3621491154493825
10567 10520887 1.4774540275568626 -1.4999579288576337 0.5334000000000001 -2.5465782646875845 0.3621491154493825
10568 10520887 1.478677042380681 -1.4622152860645645 0.5181600000000001 -2.5465782646875845 0.3621491154493825
10569 10520887 1.4881200795908298 -1.3938630366135247 0.5181600000000001 -2.5465782646875845 0.3621491154493825
10570 10520887 1.4924528484034312 -1.3494549099520001 0.5181600000000001 -2.5465782646875845 0.3621491154493825
10571 10520887 1.4967856172160325 -1.3050467832904757 0.5181600000000001 -2.5465782646875845 0.3621491154493825
10572 10520887 1.4996990300172826 -1.252610925448231 0.5181600000000001 -2.5465782646875845 0.3621491154493825
10573 10520887 1.5054448038708932 -1.200749562721463 0.5181600000000001 -2.5465782646875845 0.3621491154493825
10574 10520887 1.5011299212983866 -1.1541305263625177 0.5181600000000001 -2.5465782646875845 0.3621491154493825
10575 10520887 1.5097059485663042 -1.1061139611823738 0.5181600000000001 -2.5465782646875845 0.3621491154493825
10576 10520887 1.5140335296317546 -1.049350153169732 0.5181600000000001 -2.5465782646875845 0.3621491154493825
10577 10520887 1.5163673637106445 -0.9905333230662593 0.5181600000000001 -2.5465782646875845 0.3621491154493825
10578 10520887 1.5208869608517657 -0.9386218499355722 0.5181600000000001 -2.5465782646875845 0.3621491154493825
10579 10520887 1.521563563181454 -0.8889599211169645 0.5181600000000001 -2.5465782646875845 0.3621491154493825
10580 10520887 1.5284480620448995 -0.8502038722630695 0.5181600000000001 -2.5465782646875845 0.3621491154493825
10581 10520887 1.5308612139172535 -0.7938660801280631 0.5181600000000001 -2.5465782646875845 0.3621491154493825
10582 10520887 1.5319204473799424 -0.7389552182301055 0.5181600000000001 -2.5465782646875845 0.3621491154493825
10583 10520887 1.5365289349604128 -0.6922128224594424 0.5181600000000001 -2.5465782646875845 0.3621491154493825
10584 10520887 1.5421614921614046 -0.6246600557792551 0.5181600000000001 -2.5465782646875845 0.3621491154493825
10585 10520887 1.5399692582094522 -0.5794347968750166 0.5181600000000001 -2.5465782646875845 0.3621491154493825
10586 10520887 1.5460940221436366 -0.5296828809929688 0.5181600000000001 -2.5465782646875845 0.3621491154493825
10587 10520887 1.5452830038843728 -0.477782502277999 0.5181600000000001 -2.5465782646875845 0.3621491154493825
10588 10520887 1.5478406093766393 -0.44167272140825276 0.50292 -2.5465782646875845 0.3621491154493825
10589 10520887 1.5503982148689055 -0.40556294053850644 0.48768 -2.5465782646875845 0.3621491154493825
10590 10520887 1.5510508650896782 -0.3638659946025473 0.48768 -2.5465782646875845 0.3621491154493825
10591 10520887 1.5517035153104508 -0.32216904866658824 0.48768 -2.5465782646875845 0.3621491154493825
10592 10520887 1.5545096918033035 -0.279861180612234 0.48768 -2.5465782646875845 0.3621491154493825
10593 10520887 1.561696808028013 -0.20592332239810138 0.48768 -2.5465782646875845 0.3621491154493825
10594 10520887 1.5650592292308159 -0.15620359806404208 0.48768 -2.5465782646875845 0.3621491154493825
10595 10520887 1.566932864760473 -0.10424523564656527 0.48768 -2.5465782646875845 0.3621491154493825
10596 10520887 1.5721324278904028 -0.051620817351569565 0.48768 -2.5465782646875845 0.3621491154493825
10597 10520887 1.5709848123806922 -0.007554138031570276 0.48768 -2.5465782646875845 0.3621491154493825
10598 10520887 1.574228756519954 0.05131660268956123 0.48768 -2.5465782646875845 0.3621491154493825
10599 10520887 1.5774164945523896 0.0964205893335813 0.48768 -2.5465782646875845 0.3621491154493825
10600 10520887 1.5774448550428137 0.14816406787113845 0.48768 -2.5465782646875845 0.3621491154493825
10601 10520887 1.5765896504921835 0.21351406777028187 0.48768 -2.5465782646875845 0.3621491154493825
10602 10520887 1.5791287767695967 0.23488117109349488 0.48768 -2.5465782646875845 0.3621491154493825
10603 10520887 1.575829392652647 0.3117773961423534 0.48768 -2.5465782646875845 0.3621491154493825
10604 10520887 1.5770529072941664 0.36581760733221447 0.48768 -2.5465782646875845 0.3621491154493825
10605 10520887 1.5758816507377953 0.40708852558512487 0.48768 -2.5465782646875845 0.3621491154493825
10606 10520887 1.572575129939085 0.44114214530879337 0.48768 -2.5465782646875845 0.3621491154493825
10607 10520887 1.569268609140375 0.4751957650324619 0.48768 -2.5465782646875845 0.3621491154493825
10608 10520887 1.5635637672704275 0.513595985758903 0.48768 -2.5465782646875845 0.3621491154493825
10609 10520887 1.55785892540048 0.551996206485344 0.48768 -2.5465782646875845 0.3621491154493825
10610 10520887 1.5472449754135755 0.5983378062681387 0.45720000000000005 -2.5465782646875845 0.3621491154493825
10611 10520887 1.5214615531813536 0.6713641574157885 0.45720000000000005 -2.5465782646875845 0.3621491154493825
10612 10520887 1.5030027593840813 0.7066002222089548 0.45720000000000005 -2.0372626117500676 0.28971929235950594
10612 10584392 0.20784046100316123 0.0035708877587543875 0.21336000000000002 -2.0372626117500676 0.28971929235950594
10613 10584392 0.2282800861534945 0.003608651385723173 0.21336000000000002 -2.0372626117500676 0.28971929235950594
10613 10520887 1.4845439655868091 0.7418362870021211 0.45720000000000005 -2.0372626117500676 0.28971929235950594
10614 10584392 0.24871971130382775 0.0036464150126919587 0.21336000000000002 -2.0372626117500676 0.28971929235950594
10614 10520887 1.453035807451331 0.7948871782001848 0.45720000000000005 -2.0372626117500676 0.28971929235950594
10615 10520887 1.4248870041476511 0.8337564861940271 0.45720000000000005 -2.0372626117500676 0.28971929235950594
10615 10584392 0.269159336454161 0.0036841786396607443 0.21336000000000002 -2.0372626117500676 0.28971929235950594
10616 10520887 1.390165765356952 0.8688150594211385 0.45720000000000005 -2.0372626117500676 0.28971929235950594
10616 10584392 0.2895989616044943 0.00372194226662953 0.21336000000000002 -2.0372626117500676 0.28971929235950594
10617 10584392 0.3280507635375586 0.0036176991718482785 0.21336000000000002 -2.0372626117500676 0.28971929235950594
10617 10520887 1.3527711268062768 0.9011257007683825 0.45720000000000005 -2.0372626117500676 0.28971929235950594
10618 10520887 1.3127030500691221 0.9306884552656142 0.45720000000000005 -2.0372626117500676 0.28971929235950594
10618 10584392 0.3665025654706229 0.0035134560770670267 0.21336000000000002 -2.0372626117500676 0.28971929235950594
10619 10584392 0.4049543674036872 0.0034092129822857753 0.21336000000000002 -2.0372626117500676 0.28971929235950594
10619 10520887 1.270143048382546 0.9553411804287308 0.45720000000000005 -2.0372626117500676 0.28971929235950594
10620 10520887 1.2287867586963155 0.9796009587881841 0.45720000000000005 -2.0372626117500676 0.28971929235950594
10620 10584392 0.4382537538965133 0.0033924285144955046 0.21336000000000002 -2.0372626117500676 0.28971929235950594
10621 10520887 1.1834553994274413 0.9944117430221454 0.45720000000000005 -2.0372626117500676 0.28971929235950594
10621 10584392 0.4603371294095605 0.0016668671712977978 0.21336000000000002 -2.0372626117500676 0.28971929235950594
10622 10520887 1.1451671655094096 1.013113461746317 0.45720000000000005 -2.0372626117500676 0.28971929235950594
10622 10584392 0.49850030107942933 0.0018355451129720602 0.21613090909090912 -2.0372626117500676 0.28971929235950594
10623 10520887 1.0946390389203615 1.0242487921856653 0.45720000000000005 -2.0372626117500676 0.28971929235950594
10623 10584392 0.5366634727492982 0.0020042230546463225 0.2189018181818182 -2.0372626117500676 0.28971929235950594
10624 10584392 0.574826644419167 0.0021729009963205844 0.2216727272727273 -2.0372626117500676 0.28971929235950594
10624 10520887 1.0430491397768598 1.0402877062010567 0.45720000000000005 -2.0372626117500676 0.28971929235950594
10625 10520887 0.998396826271471 1.0449475700166728 0.45720000000000005 -2.0372626117500676 0.28971929235950594
10625 10584392 0.6129898160890358 0.0023415789379948467 0.22444363636363637 -2.0372626117500676 0.28971929235950594
10626 10584392 0.6511529877589046 0.002510256879669109 0.22721454545454547 -2.0372626117500676 0.28971929235950594
10626 10520887 0.9532435986657832 1.0535098836848058 0.45720000000000005 -2.0372626117500676 0.28971929235950594
10627 10584392 0.6893161594287733 0.002678934821343371 0.22998545454545455 -2.0372626117500676 0.28971929235950594
10627 10520887 0.888986949554617 1.0593191354005331 0.45720000000000005 -2.0372626117500676 0.28971929235950594
10628 10520887 0.8449516475156681 1.0617922387214616 0.45720000000000005 -2.0372626117500676 0.28971929235950594
10628 10584392 0.7274793310986423 0.0028476127630176333 0.23275636363636365 -2.0372626117500676 0.28971929235950594
10629 10584392 0.765642502768511 0.0030162907046918956 0.23552727272727272 -2.0372626117500676 0.28971929235950594
10629 10520887 0.8105450244011654 1.0621414512674736 0.45720000000000005 -2.0372626117500676 0.28971929235950594
10630 10584392 0.8038056744383799 0.003184968646366158 0.23829818181818183 -2.0372626117500676 0.28971929235950594
10630 10520887 0.7761384012866628 1.0624906638134854 0.45720000000000005 -2.0372626117500676 0.28971929235950594
10631 10520887 0.746254318395673 1.0624136703662996 0.45720000000000005 -2.0372626117500676 0.28971929235950594
10631 10584392 0.8419688461082486 0.0033536465880404202 0.2410690909090909 -2.0372626117500676 0.28971929235950594
10632 10520887 0.7163702355046833 1.0623366769191138 0.45720000000000005 -2.0372626117500676 0.28971929235950594
10632 10584392 0.8801320177781174 0.003522324529714682 0.24384 -2.0372626117500676 0.28971929235950594
10633 10520887 0.6610472200298693 1.0588027950623968 0.45720000000000005 -2.0372626117500676 0.28971929235950594
10633 10584392 0.9147635595638428 0.0028892174563019523 0.2471057142857143 -2.0372626117500676 0.28971929235950594
10634 10584392 0.9493951013495683 0.002256110382889222 0.2503714285714286 -2.0372626117500676 0.28971929235950594
10634 10520887 0.5988442441369023 1.0545969987339094 0.45720000000000005 -2.0372626117500676 0.28971929235950594
10635 10520887 0.5608387049262546 1.0565030891583416 0.45720000000000005 -2.0372626117500676 0.28971929235950594
10635 10584392 0.9840266431352936 0.001623003309476492 0.25363714285714284 -2.0372626117500676 0.28971929235950594
10636 10520887 0.5376759940918912 1.0535584093911523 0.45720000000000005 -2.0372626117500676 0.28971929235950594
10636 10584392 1.018658184921019 0.000989896236063762 0.25690285714285716 -2.0372626117500676 0.28971929235950594
10637 10520887 0.47424350747324695 1.0469514771277275 0.45720000000000005 -2.0372626117500676 0.28971929235950594
10637 10584392 1.0532897267067445 0.0003567891626510321 0.2601685714285714 -2.0372626117500676 0.28971929235950594
10638 10520887 0.41776204629914426 1.0436810396333038 0.45720000000000005 -2.0372626117500676 0.28971929235950594
10638 10584392 1.0879212684924697 -0.00027631791076169815 0.26343428571428573 -2.0372626117500676 0.28971929235950594
10639 10584392 1.1225528102781952 -0.0009094249841744284 0.2667 -2.0372626117500676 0.28971929235950594
10639 10520887 0.3735944211573647 1.0405921993285006 0.45720000000000005 -2.0372626117500676 0.28971929235950594
10640 10584392 1.1548651751328307 -0.0009511634292534016 0.27432 -2.0372626117500676 0.28971929235950594
10640 10520887 0.32315333125489565 1.0356986567223962 0.45720000000000005 -2.0372626117500676 0.28971929235950594
10641 10520887 0.27911306197807517 1.0340875062722086 0.45720000000000005 -2.0372626117500676 0.28971929235950594
10641 10584392 1.192577041795425 -0.002406197080560321 0.27432 -2.0372626117500676 0.28971929235950594
10642 10520887 0.2334856239657468 1.0276211383985279 0.45720000000000005 -2.0372626117500676 0.28971929235950594
10642 10584392 1.239554653582288 -0.0026822167848546824 0.28194 -2.0372626117500676 0.28971929235950594
10643 10584392 1.266818900122713 -0.006214692471826974 0.28194 -2.0372626117500676 0.28971929235950594
10643 10520887 0.18370842777525787 1.0220441160048415 0.45720000000000005 -2.0372626117500676 0.28971929235950594
10644 10520887 0.16149918802124824 1.0214759802100577 0.45720000000000005 -2.0372626117500676 0.28971929235950594
10644 10584392 1.3047375450119727 -0.007035768509782117 0.28956 -2.0372626117500676 0.28971929235950594
10645 10584392 1.3456432275731764 -0.015024077776767425 0.28956 -2.0372626117500676 0.28971929235950594
10645 10520887 0.13928994826723862 1.0209078444152742 0.45720000000000005 -2.0372626117500676 0.28971929235950594
10646 10520887 0.07546604104560395 1.0141982532519322 0.45720000000000005 -2.0372626117500676 0.28971929235950594
10646 10584392 1.3644818316703313 -0.01580386678111831 0.29337 -2.0372626117500676 0.28971929235950594
10647 10520887 0.036979509164634106 1.0062165234390608 0.45720000000000005 -2.0372626117500676 0.28971929235950594
10647 10584392 1.3833204357674864 -0.016583655785469192 0.29718 -2.0372626117500676 0.28971929235950594
10648 10520887 -0.005722444480436462 1.0021832769719996 0.45720000000000005 -2.0372626117500676 0.28971929235950594
10648 10584392 1.4331827724376658 -0.02270737140353768 0.29718 -2.0372626117500676 0.28971929235950594
10649 10520887 -0.049142100015777235 0.9916085678034987 0.45720000000000005 -2.0372626117500676 0.28971929235950594
10649 10584392 1.4666646506570684 -0.02242885693753635 0.3048 -2.0372626117500676 0.28971929235950594
10650 10520887 -0.09390790417771366 0.987783110490722 0.45720000000000005 -2.0372626117500676 0.28971929235950594
10650 10584392 1.504341741417154 -0.023987790996536973 0.29718 -2.0372626117500676 0.28971929235950594
10651 10520887 -0.14046816379631988 0.9784692029614604 0.42672000000000004 -2.0372626117500676 0.28971929235950594
10651 10584392 1.5485417537857928 -0.0273266334765295 0.29718 -2.0372626117500676 0.28971929235950594
10652 10584392 1.5900585756328693 -0.03072341084998409 0.29718 -2.0372626117500676 0.28971929235950594
10652 10520887 -0.18216295006273509 0.9731729235513489 0.42672000000000004 -2.0372626117500676 0.28971929235950594
10653 10584392 1.6298795652280795 -0.03251466522931745 0.29718 -2.0372626117500676 0.28971929235950594
10653 10520887 -0.2260404842478787 0.9639171016910569 0.42672000000000004 -2.0372626117500676 0.28971929235950594
10654 10520887 -0.28810426877113726 0.9533634688302787 0.42672000000000004 -2.0372626117500676 0.28971929235950594
10654 10584392 1.6732879885357856 -0.036236617579868624 0.30099 -2.0372626117500676 0.28971929235950594
10655 10520887 -0.33010144698194654 0.9444280808762766 0.42672000000000004 -2.0372626117500676 0.28971929235950594
10655 10584392 1.7166964118434918 -0.039958569930419796 0.3048 -2.0372626117500676 0.28971929235950594
10656 10584392 1.76265800656076 -0.0487780025334516 0.3048 -2.0372626117500676 0.28971929235950594
10656 10520887 -0.37636060369742563 0.9387556698397458 0.42672000000000004 -2.0372626117500676 0.28971929235950594
10657 10520887 -0.4149933972298008 0.9346792706173567 0.42672000000000004 -2.0372626117500676 0.28971929235950594
10657 10584392 1.8145030257299883 -0.05589710743222778 0.31242000000000003 -2.0372626117500676 0.28971929235950594
10658 10520887 -0.45741370113970325 0.9271680149429228 0.42672000000000004 -2.0372626117500676 0.28971929235950594
10658 10584392 1.8573582918916602 -0.0633509606060654 0.32004000000000005 -2.0372626117500676 0.28971929235950594
10659 10520887 -0.5006709862446204 0.9198137911739107 0.42672000000000004 -2.0372626117500676 0.28971929235950594
10659 10584392 1.8814690598962096 -0.06701946900451541 0.32004000000000005 -2.0372626117500676 0.28971929235950594
10660 10520887 -0.5385362774523812 0.9153701757151412 0.42672000000000004 -2.0372626117500676 0.28971929235950594
10660 10584392 1.9481497640705379 -0.07629569303923028 0.32766 -2.0372626117500676 0.28971929235950594
10661 10584392 1.9898923387196328 -0.08443675679948934 0.33528 -2.0372626117500676 0.28971929235950594
10661 10520887 -0.5866942531264514 0.9038938280931202 0.42672000000000004 -2.0372626117500676 0.28971929235950594
10662 10520887 -0.6206946946963703 0.9004067410372155 0.42672000000000004 -2.0372626117500676 0.28971929235950594
10662 10584392 2.0246293165000253 -0.09227580224605902 0.33528 -2.0372626117500676 0.28971929235950594
10663 10520887 -0.6567314824704236 0.8906923467905118 0.42672000000000004 -2.0372626117500676 0.28971929235950594
10663 10584392 2.0655005375804825 -0.10036550085946813 0.34290000000000004 -2.0372626117500676 0.28971929235950594
10664 10520887 -0.6827302724392637 0.8858743326503074 0.42672000000000004 -2.0372626117500676 0.28971929235950594
10664 10584392 2.111186476801813 -0.11002717174402182 0.35052000000000005 -2.0372626117500676 0.28971929235950594
10665 10520887 -0.7087290624081037 0.8810563185101029 0.42672000000000004 -2.0372626117500676 0.28971929235950594
10665 10584392 2.147801790699191 -0.11687256389231102 0.35242500000000004 -2.0372626117500676 0.28971929235950594
10666 10520887 -0.7527464930028835 0.8713815105179209 0.42672000000000004 -2.0372626117500676 0.28971929235950594
10666 10584392 2.1844171045965686 -0.1237179560406002 0.35433000000000003 -2.0372626117500676 0.28971929235950594
10667 10584392 2.222327126181432 -0.13203709811290645 0.3562350000000001 -2.0372626117500676 0.28971929235950594
10667 10520887 -0.7847459966075514 0.863151509985106 0.42672000000000004 -2.0372626117500676 0.28971929235950594
10668 10584392 2.2602371477662953 -0.14035624018521273 0.35814000000000007 -2.0372626117500676 0.28971929235950594
10668 10520887 -0.8319991051665441 0.8517310854847764 0.42672000000000004 -2.0372626117500676 0.28971929235950594
10669 10520887 -0.8722638627892241 0.8453863320341006 0.42672000000000004 -2.0372626117500676 0.28971929235950594
10669 10584392 2.305283417764362 -0.1465368056585923 0.35814000000000007 -2.0372626117500676 0.28971929235950594
10670 10584392 2.3533176196516123 -0.15988407949092412 0.36576 -2.0372626117500676 0.28971929235950594
10670 10520887 -0.903590958539439 0.8337822740123286 0.39624000000000004 -2.0372626117500676 0.28971929235950594
10671 10584392 2.3995083742706607 -0.1693581891575147 0.36576 -2.0372626117500676 0.28971929235950594
10671 10520887 -0.9449931767822457 0.8255899176831255 0.39624000000000004 -2.0372626117500676 0.28971929235950594
10672 10520887 -0.9848374791509393 0.8161872532143396 0.39624000000000004 -2.0372626117500676 0.28971929235950594
10672 10584392 2.4472254082797678 -0.17687711489316796 0.37338 -2.0372626117500676 0.28971929235950594
10673 10584392 2.4929115792943772 -0.1865363111217099 0.37338 -2.0372626117500676 0.28971929235950594
10673 10520887 -1.0203595342292835 0.8064227887159201 0.39624000000000004 -2.0372626117500676 0.28971929235950594
10674 10584392 2.534629710088802 -0.19746971929700344 0.381 -2.0372626117500676 0.28971929235950594
10674 10520887 -1.0545065219698468 0.7959750891024715 0.39624000000000004 -2.0372626117500676 0.28971929235950594
10675 10520887 -1.1025631239680285 0.7848188301868504 0.39624000000000004 -2.0372626117500676 0.28971929235950594
10675 10584392 2.5763036478441386 -0.20581844194967017 0.381 -2.0372626117500676 0.28971929235950594
10676 10584392 2.621241506303953 -0.2204892671687683 0.381 -2.0372626117500676 0.28971929235950594
10676 10520887 -1.1323376070143298 0.7779654394075606 0.39624000000000004 -2.0372626117500676 0.28971929235950594
10677 10584392 2.6683038472225524 -0.23001245825941877 0.38862 -2.0372626117500676 0.28971929235950594
10677 10520887 -1.1872714236417845 0.7593612554842465 0.39624000000000004 -2.0372626117500676 0.28971929235950594
10678 10520887 -1.2280896917145456 0.7513297221112826 0.39624000000000004 -2.0372626117500676 0.28971929235950594
10678 10584392 2.714460363345379 -0.23959006994310514 0.39624000000000004 -2.0372626117500676 0.28971929235950594
10679 10520887 -1.2640594560062113 0.741829450347728 0.39624000000000004 -2.0372626117500676 0.28971929235950594
10679 10584392 2.77544777224542 -0.25949920913707136 0.39624000000000004 -2.0372626117500676 0.28971929235950594
10680 10584392 2.800324264875229 -0.26761989051558377 0.40386 -2.0372626117500676 0.28971929235950594
10680 10520887 -1.3056981285376692 0.7285751897783208 0.39624000000000004 -2.0372626117500676 0.28971929235950594
10681 10584392 2.865324268165878 -0.2888380301472181 0.41148 -2.0372626117500676 0.28971929235950594
10681 10520887 -1.3463256039746525 0.7173271451220236 0.39624000000000004 -2.0372626117500676 0.28971929235950594
10682 10520887 -1.3789053883907136 0.7046154454642031 0.39624000000000004 -2.0372626117500676 0.28971929235950594
10682 10584392 2.9008062449760246 -0.2982007268529384 0.41148 -2.0372626117500676 0.28971929235950594
10683 10584392 2.9519369485773668 -0.3118535101694443 0.41910000000000003 -2.0372626117500676 0.28971929235950594
10683 10520887 -1.4157061239083741 0.6909476669140384 0.39624000000000004 -2.0372626117500676 0.28971929235950594
10684 10584392 3.002091569985888 -0.32822450418490545 0.42672000000000004 -2.0372626117500676 0.28971929235950594
10684 10520887 -1.4440505597886852 0.6721773122621648 0.39624000000000004 -2.0372626117500676 0.28971929235950594
10685 10520887 -1.4791687900932968 0.6462755232781903 0.36576 -2.0372626117500676 0.28971929235950594
10685 10584392 3.0492553976028915 -0.3415162338257475 0.43434000000000006 -2.0372626117500676 0.28971929235950594
10686 10520887 -1.5084008865421048 0.6237062851389633 0.36576 -2.0372626117500676 0.28971929235950594
10686 10584392 3.0712833970286346 -0.34870607941514 0.43434000000000006 -2.0372626117500676 0.28971929235950594
10687 10520887 -1.5214528649882586 0.611501161627969 0.36576 -2.0372626117500676 0.28971929235950594
10687 10584392 3.0933113964543777 -0.3558959250045325 0.43434000000000006 -2.0372626117500676 0.28971929235950594
10688 10520887 -1.5345048434344124 0.5992960381169746 0.36576 -2.0372626117500676 0.28971929235950594
10688 10584392 3.143708869890232 -0.3690742554570545 0.43434000000000006 -2.0372626117500676 0.28971929235950594
10689 10584392 3.182882576313159 -0.3796403474233966 0.44196 -2.0372626117500676 0.28971929235950594
10689 10520887 -1.5533344951150279 0.5688844195780725 0.36576 -2.0372626117500676 0.28971929235950594
10690 10584392 3.2419877778464814 -0.3944333506648103 0.44196 -2.0372626117500676 0.28971929235950594
10690 10520887 -1.5839101647966831 0.5253731941927013 0.36576 -2.0372626117500676 0.28971929235950594
10691 10584392 3.277140578330234 -0.4037157090860304 0.44196 -2.0372626117500676 0.28971929235950594
10691 10520887 -1.5982971572121871 0.48953588264121295 0.36576 -2.0372626117500676 0.28971929235950594
10692 10520887 -1.6078948541537506 0.46019392204964016 0.36576 -2.0372626117500676 0.28971929235950594
10692 10584392 3.3122933788139868 -0.41299806750725043 0.44196 -2.0372626117500676 0.28971929235950594
10693 10520887 -1.6155334734557563 0.41946193239329066 0.36576 -2.0372626117500676 0.28971929235950594
10693 10584392 3.3375716566149105 -0.4212477991719221 0.44196 -2.0372626117500676 0.28971929235950594
10694 10584392 3.406769961489828 -0.44184477638931263 0.45720000000000005 -2.0372626117500676 0.28971929235950594
10694 10520887 -1.6197739002567777 0.38205830720961775 0.36576 -2.0372626117500676 0.28971929235950594
10695 10520887 -1.6276464801747645 0.3471279844172368 0.33528 -2.0372626117500676 0.28971929235950594
10695 10584392 3.475960393384054 -0.4556632828582651 0.46482000000000007 -2.0372626117500676 0.28971929235950594
10696 10584392 3.516084900850137 -0.46875711985119006 0.46482000000000007 -2.0372626117500676 0.28971929235950594
10696 10520887 -1.6322748965714557 0.31125335552676503 0.33528 -2.0372626117500676 0.28971929235950594
10697 10520887 -1.6321055384820837 0.279184017751936 0.33528 -2.0372626117500676 0.28971929235950594
10697 10584392 3.562574684042212 -0.47867125158824875 0.47243999999999997 -2.0372626117500676 0.28971929235950594
10698 10520887 -1.6348258138973388 0.23719383296900284 0.33528 -2.0372626117500676 0.28971929235950594
10698 10584392 3.589495425298396 -0.4816153425962878 0.48006 -2.0372626117500676 0.28971929235950594
10699 10584392 3.6449395095430273 -0.49293228153872526 0.4953 -2.0372626117500676 0.28971929235950594
10699 10520887 -1.6412688609591017 0.18870997036282164 0.33528 -2.0372626117500676 0.28971929235950594
10700 10520887 -1.6355774602525763 0.15179667304716823 0.33528 -2.0372626117500676 0.28971929235950594
10700 10584392 3.682704489510747 -0.5012835590013405 0.4953 -2.0372626117500676 0.28971929235950594
10701 10584392 3.729628149125528 -0.5153097321926848 0.50292 -2.0372626117500676 0.28971929235950594
10701 10520887 -1.6371319804562245 0.11608506581367914 0.33528 -2.0372626117500676 0.28971929235950594
10702 10520887 -1.6329219848457528 0.07708592533332168 0.33528 -2.0372626117500676 0.28971929235950594
10702 10584392 3.7849220947735756 -0.5292632003188035 0.50292 -2.0372626117500676 0.28971929235950594
10703 10520887 -1.621306195697558 0.04606317539584556 0.33528 -2.0372626117500676 0.28971929235950594
10703 10584392 3.8310229415917583 -0.5376468525284207 0.51054 -2.0372626117500676 0.28971929235950594
10704 10584392 3.8748394177678147 -0.5519431010574184 0.51054 -2.0372626117500676 0.28971929235950594
10704 10520887 -1.6100914687537384 0.015171665825960162 0.33528 -2.0372626117500676 0.28971929235950594
10705 10584392 3.912478534246235 -0.560135207375242 0.5181600000000001 -2.0372626117500676 0.28971929235950594
10705 10520887 -1.5931214271926912 -0.017134845180052843 0.33528 -2.0372626117500676 0.28971929235950594
10706 10520887 -1.566762810151798 -0.04246387877094529 0.33528 -2.0372626117500676 0.28971929235950594
10706 10584392 3.9609525311491485 -0.5694090695249084 0.5181600000000001 -2.0372626117500676 0.28971929235950594
10707 10584392 3.980613857119651 -0.5758236962333574 0.52197 -2.0372626117500676 0.28971929235950594
10707 10520887 -1.5567931919849158 -0.054078542913716415 0.33528 -2.0372626117500676 0.28971929235950594
10708 10584392 4.000275183090154 -0.5822383229418062 0.52578 -2.0372626117500676 0.28971929235950594
10708 10520887 -1.5468235738180336 -0.06569320705648754 0.33528 -2.0372626117500676 0.28971929235950594
10709 10584392 4.0666213509747795 -0.5993280203120617 0.52578 -2.0372626117500676 0.28971929235950594
10709 10520887 -1.5126727026133298 -0.08620970291348443 0.3048 -2.0372626117500676 0.28971929235950594
10710 10584392 4.085320087749738 -0.604610650685169 0.52578 -2.0372626117500676 0.28971929235950594
10710 10520887 -1.490221710055992 -0.0990438420648985 0.3048 -2.0372626117500676 0.28971929235950594
10711 10520887 -1.450461436847864 -0.10784137257143248 0.3048 -2.0372626117500676 0.28971929235950594
10711 10584392 4.150302486091719 -0.6204369260612009 0.5334 -2.0372626117500676 0.28971929235950594
10712 10584392 4.189810658212834 -0.6288867936296384 0.54102 -2.0372626117500676 0.28971929235950594
10712 10520887 -1.4195886161929951 -0.11665301873758274 0.3048 -2.0372626117500676 0.28971929235950594
10713 10520887 -1.386333986074021 -0.11818169286112248 0.3048 -2.0372626117500676 0.28971929235950594
10713 10584392 4.23534774232556 -0.6428074419880493 0.54102 -2.0372626117500676 0.28971929235950594
10714 10520887 -1.354692823265191 -0.11649530654869836 0.3048 -2.0372626117500676 0.28971929235950594
10714 10584392 4.27948587798041 -0.6572058889020004 0.54864 -2.0372626117500676 0.28971929235950594
10715 10584392 4.317045397813404 -0.6645520974211486 0.54864 -2.0372626117500676 0.28971929235950594
10715 10520887 -1.3181074822733427 -0.11327109509844371 0.3048 -2.0372626117500676 0.28971929235950594
10716 10520887 -1.286621609712009 -0.10662651265227122 0.3048 -2.0372626117500676 0.28971929235950594
10716 10584392 4.361266113614064 -0.6732533101415682 0.54864 -2.0372626117500676 0.28971929235950594
10717 10584392 4.405245787568174 -0.6826932705577599 0.55626 -2.0372626117500676 0.28971929235950594
10717 10520887 -1.2506143871594466 -0.09702060550407846 0.3048 -2.0372626117500676 0.28971929235950594
10718 10520887 -1.222133150959747 -0.0903279119824957 0.27432 -2.0372626117500676 0.28971929235950594
10718 10584392 4.4454749000302565 -0.6954650851550305 0.56388 -2.0372626117500676 0.28971929235950594
10719 10584392 4.493515153133292 -0.7006221889866716 0.56388 -2.0372626117500676 0.28971929235950594
10719 10520887 -1.168185672030053 -0.07583948717708491 0.27432 -2.0372626117500676 0.28971929235950594
10720 10584392 4.5433880264601525 -0.711049022527761 0.56388 -2.0372626117500676 0.28971929235950594
10720 10520887 -1.1378236334343985 -0.06882688363448755 0.27432 -2.0372626117500676 0.28971929235950594
10721 10584392 4.593033291743158 -0.7167289635933511 0.56388 -2.0372626117500676 0.28971929235950594
10721 10520887 -1.1030559600698682 -0.059749751280783 0.27432 -2.0372626117500676 0.28971929235950594
10722 10584392 4.635545785157911 -0.7252216798421679 0.5715 -2.0372626117500676 0.28971929235950594
10722 10520887 -1.0716155369355471 -0.05215487390743381 0.27432 -2.0372626117500676 0.28971929235950594
10723 10520887 -1.0566128260659982 -0.049057448625518724 0.27432 -2.0372626117500676 0.28971929235950594
10723 10584392 4.6836204182721035 -0.7302719139368054 0.5715 -2.0372626117500676 0.28971929235950594
10724 10584392 4.706481718218154 -0.7350414716561322 0.5715 -2.0372626117500676 0.28971929235950594
10724 10520887 -1.0416101151964494 -0.045960023343603634 0.27432 -2.0372626117500676 0.28971929235950594
10725 10584392 4.729343018164205 -0.7398110293754592 0.5715 -2.0372626117500676 0.28971929235950594
10725 10520887 -0.9941650250537315 -0.04184574586222281 0.27432 -2.0372626117500676 0.28971929235950594
10726 10584392 4.792644383004268 -0.7444534986807715 0.57912 -2.0372626117500676 0.28971929235950594
10726 10520887 -0.9768754463043665 -0.03406312427883665 0.27432 -2.0372626117500676 0.28971929235950594
10727 10584392 4.839950846047866 -0.7491353630769594 0.57912 -2.0372626117500676 0.28971929235950594
10727 10520887 -0.9424481854595921 -0.032001022856897904 0.27432 -2.0372626117500676 0.28971929235950594
10728 10584392 4.89365622979559 -0.7505306627153526 0.57912 -2.0372626117500676 0.28971929235950594
10728 10520887 -0.9071323171030017 -0.024504407475502782 0.27432 -2.0372626117500676 0.28971929235950594
10729 10520887 -0.8623943489097536 -0.020789411490397675 0.24384 -2.0372626117500676 0.28971929235950594
10729 10584392 4.921243826377719 -0.7476132482528185 0.57912 -2.0372626117500676 0.28971929235950594
10730 10584392 4.9664423081221 -0.746233821133908 0.57912 -2.0372626117500676 0.28971929235950594
10730 10520887 -0.8284417967190381 -0.0228945044685335 0.24384 -2.0372626117500676 0.28971929235950594
10731 10584392 4.988136202530853 -0.7439639144813454 0.57912 -2.0372626117500676 0.28971929235950594
10731 10520887 -0.7975006543073782 -0.02062662913333721 0.24384 -2.0372626117500676 0.28971929235950594
10732 10584392 5.067769054421815 -0.732554524143591 0.58674 -2.0372626117500676 0.28971929235950594
10732 10520887 -0.76586935274171 -0.01624759940880785 0.24384 -2.0372626117500676 0.28971929235950594
10733 10520887 -0.7309851472064111 -0.015502349134721066 0.24384 -2.0372626117500676 0.28971929235950594
10733 10584392 5.116993567454397 -0.7245443997323289 0.59436 -2.0372626117500676 0.28971929235950594
10734 10520887 -0.7030036419811287 -0.014135805822284103 0.24384 -2.0372626117500676 0.28971929235950594
10734 10584392 5.168181422682476 -0.7064281893702065 0.59436 -2.0372626117500676 0.28971929235950594
10735 10520887 -0.6540381795474313 -0.013788003993377845 0.24384 -2.0372626117500676 0.28971929235950594
10735 10584392 5.210573425233996 -0.6935031007361492 0.6019800000000001 -2.0372626117500676 0.28971929235950594
10736 10520887 -0.6204571817624613 -0.00887751420858543 0.24384 -2.0372626117500676 0.28971929235950594
10736 10584392 5.27985516511547 -0.6689050117088744 0.6019800000000001 -2.0372626117500676 0.28971929235950594
10737 10584392 5.2995916872478634 -0.6530308576897168 0.6019800000000001 -2.0372626117500676 0.28971929235950594
10737 10520887 -0.5828120617967429 -0.010553091723196656 0.24384 -2.0372626117500676 0.28971929235950594
10738 10520887 -0.5627516124626235 -0.006245920349029904 0.24384 -2.0372626117500676 0.28971929235950594
10738 10584392 5.369252693559893 -0.622365233916049 0.6096 -2.0372626117500676 0.28971929235950594
10739 10584392 5.407403611626063 -0.6017490844277322 0.6096 -2.0372626117500676 0.28971929235950594
10739 10520887 -0.5373522589727091 -0.006663325456261748 0.24384 -2.0372626117500676 0.28971929235950594
10740 10584392 5.4284952235053066 -0.5867545430783189 0.61341 -2.0372626117500676 0.28971929235950594
10740 10520887 -0.5119529054827946 -0.007080730563493592 0.24384 -2.0372626117500676 0.28971929235950594
10741 10520887 -0.4561156821238981 -0.0033702459043129795 0.24384 -2.0372626117500676 0.28971929235950594
10741 10584392 5.449586835384551 -0.5717600017289055 0.61722 -2.0372626117500676 0.28971929235950594
10742 10584392 5.481044117311598 -0.5522024321086461 0.61722 -2.0372626117500676 0.28971929235950594
10742 10520887 -0.4397695614782786 -0.003631734082408966 0.22860000000000003 -2.0372626117500676 0.28971929235950594
10743 10584392 5.512501399238645 -0.5326448624883867 0.61722 -2.0372626117500676 0.28971929235950594
10743 10520887 -0.42342344083265915 -0.0038932222605049527 0.21336000000000002 -2.0372626117500676 0.28971929235950594
10744 10520887 -0.37452757635942024 -0.003754599734150238 0.21336000000000002 -2.0372626117500676 0.28971929235950594
10744 10584392 5.581305920106454 -0.4809077309262206 0.6248400000000001 -2.0372626117500676 0.28971929235950594
10745 10520887 -0.3416629052331819 -0.0037494357161012293 0.21336000000000002 -2.0372626117500676 0.28971929235950594
10745 10584392 5.580971414355921 -0.47994878798402046 0.6248499046793762 -2.0372626117500676 0.28971929235950594
10746 10584392 5.580636908605389 -0.4789898450418203 0.6248598093587522 -2.0372626117500676 0.28971929235950594
10746 10520887 -0.30323338838967295 -0.0003057831904701158 0.21336000000000002 -2.0372626117500676 0.28971929235950594
10747 10584392 5.580302402854857 -0.4780309020996202 0.6248697140381283 -2.0372626117500676 0.28971929235950594
10747 10520887 -0.27033431519658313 -0.00019473632202052227 0.21336000000000002 -2.0372626117500676 0.28971929235950594
10748 10584392 5.579967897104325 -0.47707195915742007 0.6248796187175044 -2.0372626117500676 0.28971929235950594
10748 10520887 -0.23862611658655353 0.001707707942804143 0.21336000000000002 -2.0372626117500676 0.28971929235950594
10749 10520887 -0.2055457500164155 -0.00034320760557363106 0.21336000000000002 -2.0372626117500676 0.28971929235950594
10749 10584392 5.579633391353792 -0.47611301621521995 0.6248895233968805 -2.0372626117500676 0.28971929235950594
10750 10520887 -0.1719912500421461 0.0017738111401186807 0.21336000000000002 -2.0372626117500676 0.28971929235950594
10750 10584392 5.579298885603261 -0.4751540732730198 0.6248994280762565 -2.0372626117500676 0.28971929235950594
10751 10584392 5.578964379852728 -0.47419513033081967 0.6249093327556327 -2.0372626117500676 0.28971929235950594
10751 10520887 -0.14539945481789296 0.0016104307761120873 0.21336000000000002 -2.0372626117500676 0.28971929235950594
10752 10520887 -0.10135326520762089 0.0032191324191684634 0.21336000000000002 -2.0372626117500676 0.28971929235950594
10752 10584392 5.578629874102196 -0.47323618738861956 0.6249192374350088 -2.0372626117500676 0.28971929235950594
10753 10520887 -0.08812195351395147 0.001581452554924201 0.21336000000000002 -2.0372626117500676 0.28971929235950594
10753 10584392 5.578295368351664 -0.47227724444641944 0.6249291421143848 -2.0372626117500676 0.28971929235950594
10754 10520887 -0.07489064182028204 -5.622730932006159e-05 0.21336000000000002 -2.0372626117500676 0.28971929235950594
10754 10584392 5.577960862601132 -0.4713183015042193 0.6249390467937609 -2.0372626117500676 0.28971929235950594
10755 10520887 -0.023046985151022603 0.0016329525782387833 0.21336000000000002 -2.0372626117500676 0.28971929235950594
10755 10584392 5.577626356850599 -0.47035935856201916 0.624948951473137 -2.0372626117500676 0.28971929235950594
10756 10520887 -2.6386486822710387e-05 0.0024328983050689174 0.21336000000000002 -2.0372626117500676 0.28971929235950594
10756 10584392 5.5772918511000675 -0.46940041561981904 0.624958856152513 -2.0372626117500676 0.28971929235950594
10757 10584392 5.576957345349535 -0.46844147267761893 0.6249687608318891 -2.0372626117500676 0.28971929235950594
10757 10520887 0.022994212177377182 0.0032328440318990515 0.21336000000000002 -2.0372626117500676 0.28971929235950594
10758 10520887 0.05592736097548312 0.0034509568805924096 0.21336000000000002 -2.0372626117500676 0.28971929235950594
10758 10584392 5.576622839599003 -0.46748252973541876 0.6249786655112652 -2.0372626117500676 0.28971929235950594
10759 10520887 0.07132444076480926 0.00028787384165962493 0.18288 -2.0372626117500676 0.28971929235950594
10759 10584392 5.576288333848471 -0.46652358679321865 0.6249885701906414 -2.0372626117500676 0.28971929235950594
10760 10520887 0.1055557283067271 0.0031195064981897336 0.18288 -2.0372626117500676 0.28971929235950594
10760 10584392 5.575953828097939 -0.46556464385101853 0.6249984748700174 -2.0372626117500676 0.28971929235950594
10761 10584392 5.575619322347406 -0.46460570090881836 0.6250083795493935 -2.0372626117500676 0.28971929235950594
10761 10520887 0.1318022602600497 0.0019016158306901787 0.18288 -2.0372626117500676 0.28971929235950594
10762 10520887 0.15542549353372537 0.0035272889357869652 0.18288 -2.0372626117500676 0.28971929235950594
10762 10584392 5.5752848165968745 -0.46364675796661825 0.6250182842287696 -2.0372626117500676 0.28971929235950594
10763 10520887 0.17225870395227022 0.0033999703557578836 0.18288 -2.0372626117500676 0.28971929235950594
10763 10584392 5.574950310846342 -0.46268781502441814 0.6250281889081456 -2.0372626117500676 0.28971929235950594
10764 10584392 5.57461580509581 -0.461728872082218 0.6250380935875217 -2.0372626117500676 0.28971929235950594
10764 10520887 0.18909191437081507 0.003272651775728802 0.18288 -2.0372626117500676 0.28971929235950594
10765 10584392 5.5742812993452775 -0.46076992914001785 0.6250479982668978 -2.0372626117500676 0.28971929235950594
10765 10520887 0.22687397188769176 0.002023592415419495 0.21336000000000002 -2.0372626117500676 0.28971929235950594
10766 10520887 0.2435121565719699 0.0018433369244143516 0.19812000000000002 -2.0372626117500676 0.28971929235950594
10766 10584392 5.573946793594745 -0.45981098619781774 0.625057902946274 -2.0372626117500676 0.28971929235950594
10767 10584392 5.573612287844213 -0.4588520432556176 0.62506780762565 -2.0372626117500676 0.28971929235950594
10767 10520887 0.26015034125624803 0.0016630814334092081 0.18288 -2.0372626117500676 0.28971929235950594
10768 10520887 0.2796892747179772 0.0011190616325630343 0.18288 -2.0372626117500676 0.28971929235950594
10768 10584392 5.5732777820936805 -0.4578931003134175 0.6250777123050261 -2.0372626117500676 0.28971929235950594
10769 10584392 5.572943276343149 -0.45693415737121734 0.6250876169844022 -2.0372626117500676 0.28971929235950594
10769 10520887 0.2992282081797064 0.0005750418317168604 0.18288 -2.0372626117500676 0.28971929235950594
10770 10520887 0.30552616774470265 0.0035404949850921796 0.21336000000000002 -2.0372626117500676 0.28971929235950594
10770 10584392 5.572608770592616 -0.45597521442901723 0.6250975216637782 -2.0372626117500676 0.28971929235950594
10771 10520887 0.3417166673964618 0.0050318809356696 0.21336000000000002 -2.0372626117500676 0.28971929235950594
10771 10584392 5.572274264842084 -0.4550162714868171 0.6251074263431543 -2.0372626117500676 0.28971929235950594
10772 10520887 0.35927647643375576 0.0033239832968279884 0.21336000000000002 -2.0372626117500676 0.28971929235950594
10772 10584392 5.571939759091552 -0.454057328544617 0.6251173310225304 -2.0372626117500676 0.28971929235950594
10773 10584392 5.57160525334102 -0.45309838560241683 0.6251272357019064 -2.0372626117500676 0.28971929235950594
10773 10520887 0.37683628547104975 0.001616085657986377 0.21336000000000002 -2.0372626117500676 0.28971929235950594
10774 10520887 0.4033494933199908 0.0039336713700243164 0.21336000000000002 -2.0372626117500676 0.28971929235950594
10774 10584392 5.5712707475904875 -0.4521394426602167 0.6251371403812825 -2.0372626117500676 0.28971929235950594
10775 10520887 0.41700730053729135 0.004961387297645892 0.21336000000000002 -2.0372626117500676 0.28971929235950594
10775 10584392 5.570936241839956 -0.4511804997180166 0.6251470450606587 -2.0372626117500676 0.28971929235950594
10776 10520887 0.43576619911395625 0.004205327404858877 0.21336000000000002 -2.0372626117500676 0.28971929235950594
10776 10584392 5.570601736089423 -0.4502215567758165 0.6251569497400348 -2.0372626117500676 0.28971929235950594
10777 10584392 5.570267230338891 -0.4492626138336163 0.6251668544194108 -2.0372626117500676 0.28971929235950594
10777 10520887 0.44426014889987064 0.004175102222553587 0.21336000000000002 -2.0372626117500676 0.28971929235950594
10778 10584392 5.569932724588359 -0.4483036708914162 0.6251767590987869 -2.0372626117500676 0.28971929235950594
10778 10520887 0.4527540986857851 0.004144877040248296 0.21336000000000002 -2.0372626117500676 0.28971929235950594
10779 10584392 5.569598218837827 -0.4473447279492161 0.625186663778163 -2.0372626117500676 0.28971929235950594
10779 10520887 0.46666189709263295 0.004273222330676611 0.21336000000000002 -2.0372626117500676 0.28971929235950594
10780 10584392 5.569263713087294 -0.446385785007016 0.625196568457539 -2.0372626117500676 0.28971929235950594
10780 10520887 0.4805696954994808 0.0044015676211049265 0.21336000000000002 -2.0372626117500676 0.28971929235950594
10781 10520887 0.49447749390632867 0.004529912911533242 0.21336000000000002 -2.0372626117500676 0.28971929235950594
10781 10584392 5.568929207336763 -0.4454268420648158 0.6252064731369151 -2.0372626117500676 0.28971929235950594
10782 10520887 0.5083852923131765 0.004658258201961557 0.21336000000000002 -2.0372626117500676 0.28971929235950594
10782 10584392 5.56859470158623 -0.4444678991226157 0.6252163778162912 -2.0372626117500676 0.28971929235950594
10783 10520887 0.518367623054534 0.0053100301708116845 0.21336000000000002 -2.0372626117500676 0.28971929235950594
10783 10584392 5.568260195835698 -0.4435089561804156 0.6252262824956673 -2.0372626117500676 0.28971929235950594
10784 10584392 5.567925690085166 -0.4425500132382154 0.6252361871750434 -2.0372626117500676 0.28971929235950594
10784 10520887 0.5283499537958913 0.005961802139661812 0.21336000000000002 -2.0372626117500676 0.28971929235950594
10785 10520887 0.533039301215932 0.005364075176302496 0.21336000000000002 -2.0372626117500676 0.28971929235950594
10785 10584392 5.567591184334633 -0.4415910702960153 0.6252460918544195 -2.0372626117500676 0.28971929235950594
10786 10520887 0.5447817140486193 0.005966454520187528 0.21336000000000002 -2.0372626117500676 0.28971929235950594
10786 10584392 5.567256678584101 -0.4406321273538152 0.6252559965337956 -2.0372626117500676 0.28971929235950594
10787 10520887 0.5499180289470168 0.005105854016815611 0.21336000000000002 -2.0372626117500676 0.28971929235950594
10787 10584392 5.566922172833569 -0.43967318441161507 0.6252659012131716 -2.0372626117500676 0.28971929235950594
10788 10520887 0.5564333367087616 0.007649971223137306 0.21336000000000002 -2.0372626117500676 0.28971929235950594
10788 10584392 5.566587667083037 -0.4387142414694149 0.6252758058925477 -2.0372626117500676 0.28971929235950594
10789 10584392 5.566253161332504 -0.4377552985272148 0.6252857105719238 -2.0372626117500676 0.28971929235950594
10789 10520887 0.5630415775069164 0.011565661710204525 0.21336000000000002 -2.0372626117500676 0.28971929235950594
10790 10520887 0.5691669150030587 0.014003560761671169 0.21336000000000002 -2.0372626117500676 0.28971929235950594
10790 10584392 5.565918655581973 -0.4367963555850147 0.6252956152512998 -2.0372626117500676 0.28971929235950594
10791 10584392 5.56558414983144 -0.43583741264281456 0.625305519930676 -2.0372626117500676 0.28971929235950594
10791 10520887 0.5694428560806828 0.014848016322508803 0.21336000000000002 -2.0372626117500676 0.28971929235950594
10792 10584392 5.565249644080908 -0.4348784697006144 0.6253154246100521 -2.0372626117500676 0.28971929235950594
10792 10520887 0.5769524440496994 0.02016318963245943 0.21336000000000002 -2.0372626117500676 0.28971929235950594
10793 10584392 5.564915138330376 -0.4339195267584143 0.6253253292894282 -2.0372626117500676 0.28971929235950594
10793 10520887 0.5792312291340787 0.026457444970510946 0.21336000000000002 -2.0372626117500676 0.28971929235950594
10794 10520887 0.5815100142184579 0.03275170030856246 0.21336000000000002 -2.0372626117500676 0.28971929235950594
10794 10584392 5.564580632579844 -0.43296058381621416 0.6253352339688042 -2.0372626117500676 0.28971929235950594
10795 10584392 5.564246126829311 -0.43200164087401405 0.6253451386481803 -2.0372626117500676 0.28971929235950594
10795 10520887 0.5813936005534431 0.03274396392337902 0.21336000000000002 -2.0372626117500676 0.28971929235950594
10796 10584392 5.56391162107878 -0.4310426979318139 0.6253550433275564 -2.0372626117500676 0.28971929235950594
10796 10520887 0.5812771868884283 0.03273622753819558 0.21336000000000002 -2.0372626117500676 0.28971929235950594
10797 10584392 5.563577115328247 -0.43008375498961376 0.6253649480069324 -2.0372626117500676 0.28971929235950594
10797 10520887 0.5811607732234136 0.032728491153012136 0.21336000000000002 -2.0372626117500676 0.28971929235950594
10798 10520887 0.5810443595583988 0.032720754767828694 0.21336000000000002 -2.0372626117500676 0.28971929235950594
10798 10584392 5.563242609577715 -0.42912481204741365 0.6253748526863085 -2.0372626117500676 0.28971929235950594
10799 10520887 0.580927945893384 0.03271301838264525 0.21336000000000002 -2.0372626117500676 0.28971929235950594
10799 10584392 5.562908103827183 -0.4281658691052135 0.6253847573656847 -2.0372626117500676 0.28971929235950594
10800 10584392 5.562573598076651 -0.42720692616301337 0.6253946620450607 -2.0372626117500676 0.28971929235950594
10800 10520887 0.5808115322283692 0.03270528199746181 0.21336000000000002 -2.0372626117500676 0.28971929235950594
10801 10584392 5.562239092326118 -0.42624798322081325 0.6254045667244368 -2.0372626117500676 0.28971929235950594
10801 10520887 0.5806951185633545 0.03269754561227836 0.21336000000000002 -2.0372626117500676 0.28971929235950594
10802 10520887 0.5805787048983397 0.03268980922709492 0.21336000000000002 -2.0372626117500676 0.28971929235950594
10802 10584392 5.5619045865755865 -0.42528904027861314 0.6254144714038129 -2.0372626117500676 0.28971929235950594
10803 10584392 5.561570080825054 -0.424330097336413 0.625424376083189 -2.0372626117500676 0.28971929235950594
10803 10520887 0.5804622912333249 0.03268207284191148 0.21336000000000002 -2.0372626117500676 0.28971929235950594
10804 10520887 0.5803458775683101 0.032674336456728036 0.21336000000000002 -2.0372626117500676 0.28971929235950594
10804 10584392 5.561235575074522 -0.42337115439421286 0.625434280762565 -2.0372626117500676 0.28971929235950594
10805 10520887 0.5802294639032954 0.032666600071544594 0.21336000000000002 -2.0372626117500676 0.28971929235950594
10806 10520887 0.5801130502382806 0.03265886368636115 0.21336000000000002 -2.0372626117500676 0.28971929235950594
10807 10520887 0.5799966365732658 0.03265112730117771 0.21336000000000002 -2.0372626117500676 0.28971929235950594
10808 10520887 0.579880222908251 0.03264339091599427 0.21336000000000002 -2.0372626117500676 0.28971929235950594
10809 10520887 0.5797638092432363 0.032635654530810826 0.21336000000000002 -2.0372626117500676 0.28971929235950594
10810 10520887 0.5796473955782215 0.032627918145627384 0.21336000000000002 -2.0372626117500676 0.28971929235950594
10811 10520887 0.5795309819132067 0.03262018176044394 0.21336000000000002 -2.0372626117500676 0.28971929235950594
10812 10520887 0.5794145682481919 0.0326124453752605 0.21336000000000002 -2.0372626117500676 0.28971929235950594
10813 10520887 0.5792981545831771 0.03260470899007706 0.21336000000000002 -2.0372626117500676 0.28971929235950594
10814 10520887 0.5791817409181624 0.032596972604893616 0.21336000000000002 -2.0372626117500676 0.28971929235950594
10815 10520887 0.5790653272531476 0.03258923621971017 0.21336000000000002 -2.0372626117500676 0.28971929235950594
10816 10520887 0.5789489135881328 0.032581499834526725 0.21336000000000002 -2.0372626117500676 0.28971929235950594
10817 10520887 0.578832499923118 0.03257376344934328 0.21336000000000002 -2.0372626117500676 0.28971929235950594
10818 10520887 0.5787160862581033 0.03256602706415984 0.21336000000000002 -2.0372626117500676 0.28971929235950594
10819 10520887 0.5785996725930885 0.0325582906789764 0.21336000000000002 -2.0372626117500676 0.28971929235950594
10820 10520887 0.5784832589280737 0.03255055429379296 0.21336000000000002 -2.0372626117500676 0.28971929235950594
10821 10520887 0.5783668452630589 0.032542817908609516 0.21336000000000002 -2.0372626117500676 0.28971929235950594
10822 10520887 0.5782504315980442 0.032535081523426074 0.21336000000000002 -2.0372626117500676 0.28971929235950594
10823 10520887 0.5781340179330294 0.03252734513824263 0.21336000000000002 -2.0372626117500676 0.28971929235950594
10824 10520887 0.5780176042680146 0.03251960875305919 0.21336000000000002 -2.0372626117500676 0.28971929235950594
10825 10520887 0.5779011906029998 0.03251187236787575 0.21336000000000002 -2.0372626117500676 0.28971929235950594
10826 10520887 0.577784776937985 0.032504135982692306 0.21336000000000002 -2.0372626117500676 0.28971929235950594
10827 10520887 0.5776683632729703 0.032496399597508864 0.21336000000000002 -2.0372626117500676 0.28971929235950594
10828 10520887 0.5775519496079555 0.032488663212325415 0.21336000000000002 -2.0372626117500676 0.28971929235950594
10829 10520887 0.5774355359429407 0.03248092682714197 0.21336000000000002 -2.0372626117500676 0.28971929235950594
10830 10520887 0.5773191222779259 0.03247319044195853 0.21336000000000002 -2.0372626117500676 0.28971929235950594
10831 10520887 0.5772027086129112 0.03246545405677509 0.21336000000000002 -2.0372626117500676 0.28971929235950594
10832 10520887 0.5770862949478964 0.03245771767159165 0.21336000000000002 -2.0372626117500676 0.28971929235950594
10833 10520887 0.5769698812828816 0.032449981286408205 0.21336000000000002 -2.0372626117500676 0.28971929235950594
10834 10520887 0.5768534676178668 0.032442244901224764 0.21336000000000002 -2.0372626117500676 0.28971929235950594
10835 10520887 0.5767370539528521 0.03243450851604132 0.21336000000000002 -2.0372626117500676 0.28971929235950594
10836 10520887 0.5766206402878373 0.03242677213085788 0.21336000000000002 -2.0372626117500676 0.28971929235950594
10837 10520887 0.5765042266228225 0.03241903574567444 0.21336000000000002 -2.0372626117500676 0.28971929235950594
10838 10520887 0.5763878129578077 0.032411299360490996 0.21336000000000002 -2.0372626117500676 0.28971929235950594
10839 10520887 0.576271399292793 0.032403562975307554 0.21336000000000002 -2.0372626117500676 0.28971929235950594
10840 10520887 0.5761549856277782 0.03239582659012411 0.21336000000000002 -2.0372626117500676 0.28971929235950594
10841 10520887 0.5760385719627634 0.03238809020494066 0.21336000000000002 -2.0372626117500676 0.28971929235950594
10842 10520887 0.5759221582977486 0.03238035381975722 0.21336000000000002 -2.0372626117500676 0.28971929235950594
10843 10520887 0.5758057446327338 0.03237261743457378 0.21336000000000002 -2.0372626117500676 0.28971929235950594
10844 10520887 0.5756893309677191 0.03236488104939034 0.21336000000000002 -2.0372626117500676 0.28971929235950594
10845 10520887 0.5755729173027043 0.032357144664206895 0.21336000000000002 -2.0372626117500676 0.28971929235950594
10846 10520887 0.5754565036376895 0.03234940827902345 0.21336000000000002 -2.0372626117500676 0.28971929235950594
10847 10520887 0.5753400899726747 0.03234167189384001 0.21336000000000002 -2.0372626117500676 0.28971929235950594
10848 10520887 0.57522367630766 0.03233393550865657 0.21336000000000002 -2.0372626117500676 0.28971929235950594
10849 10520887 0.5751072626426452 0.03232619912347313 0.21336000000000002 -2.0372626117500676 0.28971929235950594
10850 10520887 0.5749908489776304 0.032318462738289686 0.21336000000000002 -2.0372626117500676 0.28971929235950594
10851 10520887 0.5748744353126156 0.032310726353106244 0.21336000000000002 -2.0372626117500676 0.28971929235950594
10852 10520887 0.5747580216476009 0.0323029899679228 0.21336000000000002 -2.0372626117500676 0.28971929235950594
10853 10520887 0.5746416079825861 0.03229525358273936 0.21336000000000002 -2.0372626117500676 0.28971929235950594
10854 10520887 0.5745251943175713 0.03228751719755592 0.21336000000000002 -2.0372626117500676 0.28971929235950594
