16877 11289096 3.4730673980869193 3.3902977384730346 0.6400800000000001 -0.06844913464651836 2.0566212421265475
16878 11289096 3.4567432508656903 3.3574276479416962 0.6400800000000001 -0.06844913464651836 2.0566212421265475
16879 11289096 3.4404191036444614 3.3245575574103583 0.6400800000000001 -0.06844913464651836 2.0566212421265475
16880 11289096 3.4064409132542224 3.2585507122432102 0.6096 -0.06844913464651836 2.0566212421265475
16881 11289096 3.3787424641044677 3.219932118326378 0.6096 -0.06844913464651836 2.0566212421265475
16882 11289096 3.3515887495257104 3.1748274011121596 0.6096 -0.06844913464651836 2.0566212421265475
16883 11289096 3.330916403972432 3.144136474218244 0.6096 -0.06844913464651836 2.0566212421265475
16884 11289096 3.310244058419154 3.113445547324328 0.6096 -0.06844913464651836 2.0566212421265475
16885 11289096 3.280812294809116 3.072238881523453 0.6096 -0.06844913464651836 2.0566212421265475
16886 11289096 3.2527153918607796 3.0378392492598207 0.6096 -0.06844913464651836 2.0566212421265475
16887 11289096 3.2394577166338836 3.013547241942299 0.57912 -0.06844913464651836 2.0566212421265475
16888 11289096 3.1689354853940372 2.929684148770009 0.57912 -0.06844913464651836 2.0566212421265475
16889 11289096 3.135085312389049 2.896696041016338 0.57912 -0.06844913464651836 2.0566212421265475
16890 11289096 3.096495822211665 2.8570781259396396 0.57912 -0.06844913464651836 2.0566212421265475
16891 11289096 3.07706541300181 2.8397083302309336 0.57912 -0.06844913464651836 2.0566212421265475
16892 11289096 3.040309767340787 2.8005431049047105 0.57912 -0.06844913464651836 2.0566212421265475
16893 11289096 2.9996559289938283 2.7603144890040676 0.57912 -0.06844913464651836 2.0566212421265475
16894 11289096 2.967857068434739 2.728175547234117 0.57912 -0.06844913464651836 2.0566212421265475
16895 11289096 2.9341964949966304 2.690336268438809 0.57912 -0.06844913464651836 2.0566212421265475
16896 11289096 2.901664045658638 2.658670652147583 0.54864 -0.06844913464651836 2.0566212421265475
16897 11289096 2.864018907010235 2.626571928322125 0.54864 -0.06844913464651836 2.0566212421265475
16898 11289096 2.810515022694105 2.573367460787164 0.54864 -0.06844913464651836 2.0566212421265475
16899 11289096 2.757011138377975 2.5201629932522036 0.54864 -0.06844913464651836 2.0566212421265475
16900 11289096 2.7268043179331234 2.4918854584711676 0.54864 -0.06844913464651836 2.0566212421265475
16901 11289096 2.6965974974882716 2.463607923690132 0.54864 -0.06844913464651836 2.0566212421265475
16902 11289096 2.6670092318315346 2.43518689356517 0.54864 -0.06844913464651836 2.0566212421265475
16903 11289096 2.6374209661747976 2.406765863440208 0.54864 -0.06844913464651836 2.0566212421265475
16904 11289096 2.5763422498488167 2.358372378683422 0.54864 -0.06844913464651836 2.0566212421265475
16905 11289096 2.539546226449957 2.3299691258758566 0.54864 -0.06844913464651836 2.0566212421265475
16906 11289096 2.497027894576421 2.2989956134414444 0.54864 -0.06844913464651836 2.0566212421265475
16907 11289096 2.4587283964119044 2.268980806756769 0.54864 -0.06844913464651836 2.0566212421265475
16908 11289096 2.415988613332126 2.234341544432659 0.54864 -0.06844913464651836 2.0566212421265475
16909 11289096 2.376621837168413 2.2035073178283278 0.54864 -0.06844913464651836 2.0566212421265475
16910 11289096 2.3306051160891608 2.171340492756669 0.54864 -0.06844913464651836 2.0566212421265475
16911 11289096 2.290714534677683 2.148826123981933 0.54864 -0.06844913464651836 2.0566212421265475
16912 11289096 2.2508239532662047 2.126311755207196 0.54864 -3.5990871737214585 -0.11978598563140697
16913 11289096 2.208238911932389 2.1035679138766197 0.5334000000000001 -3.5990871737214585 -0.11978598563140697
16914 11289096 2.1656538705985726 2.0808240725460436 0.5181600000000001 -3.5990871737214585 -0.11978598563140697
16915 11289096 2.113868957662567 2.061173177818734 0.5181600000000001 -3.5990871737214585 -0.11978598563140697
16916 11289096 2.071701771774569 2.0418856565512487 0.5181600000000001 -3.5990871737214585 -0.11978598563140697
16917 11289096 2.016546307334147 2.0225184755406915 0.5181600000000001 -3.5990871737214585 -0.11978598563140697
16918 11289096 1.9741204513284247 2.0095075578595916 0.5181600000000001 -3.5990871737214585 -0.11978598563140697
16919 11289096 1.904084466897367 1.996228614549306 0.5181600000000001 -3.5990871737214585 -0.11978598563140697
16920 11289096 1.8547653271996987 1.9892962435914303 0.5181600000000001 -3.5990871737214585 -0.11978598563140697
16921 11289096 1.8054461875020302 1.9823638726335546 0.5181600000000001 -3.5990871737214585 -0.11978598563140697
16922 11289096 1.7693501438289938 1.9724263824244164 0.5181600000000001 -3.5990871737214585 -0.11978598563140697
16923 11289096 1.7123274570181939 1.969092003553864 0.5181600000000001 -3.5990871737214585 -0.11978598563140697
16924 11289096 1.685872499822188 1.972360795976387 0.5181600000000001 -3.5990871737214585 -0.11978598563140697
16925 11289096 1.629319680663924 1.9691071605510435 0.5181600000000001 -3.5990871737214585 -0.11978598563140697
16926 11289096 1.585937993328332 1.9654059915745192 0.5181600000000001 -3.5990871737214585 -0.11978598563140697
16927 11289096 1.5322781283810318 1.966932376824867 0.5181600000000001 -3.5990871737214585 -0.11978598563140697
16928 11289096 1.4828885947755703 1.9625076412840325 0.5181600000000001 -3.5990871737214585 -0.11978598563140697
16929 11289096 1.4345501958257114 1.9667354608771066 0.5181600000000001 -3.5990871737214585 -0.11978598563140697
16930 11289096 1.3849701048674556 1.96716352017584 0.5181600000000001 -3.5990871737214585 -0.11978598563140697
16931 11289096 1.3417552976121785 1.9707692941710375 0.5181600000000001 -3.5990871737214585 -0.11978598563140697
16932 11289096 1.2935202334027212 1.975314751451356 0.5181600000000001 -3.5990871737214585 -0.11978598563140697
16933 11289096 1.2182001732896761 1.983921000868021 0.5181600000000001 -3.5990871737214585 -0.11978598563140697
16934 11289096 1.159726477454795 1.9870230292422113 0.5181600000000001 -3.5990871737214585 -0.11978598563140697
16935 11289096 1.1337068322337862 1.9902684214869706 0.5181600000000001 -3.5990871737214585 -0.11978598563140697
16936 11289096 1.1076871870127774 1.9935138137317296 0.5181600000000001 -3.5990871737214585 -0.11978598563140697
16937 11289096 1.0617206037157991 1.9968521794384462 0.5181600000000001 -3.5990871737214585 -0.11978598563140697
16938 11289096 1.0066970157811381 1.9996457529351943 0.5181600000000001 -3.5990871737214585 -0.11978598563140697
16939 11289096 0.9545886288611358 2.005926552620174 0.5181600000000001 -3.5990871737214585 -0.11978598563140697
16940 11289096 0.9056304666153655 2.009893064632286 0.5181600000000001 -3.5990871737214585 -0.11978598563140697
16941 11289096 0.8632936264872102 2.0091256603815526 0.5181600000000001 -3.5990871737214585 -0.11978598563140697
16942 11289096 0.8122375655595939 2.013194264893801 0.5181600000000001 -3.5990871737214585 -0.11978598563140697
16943 11289096 0.7476544909685603 2.017712076381287 0.5181600000000001 -3.5990871737214585 -0.11978598563140697
16944 11289096 0.7198897806275878 2.0186084748978814 0.5181600000000001 -3.5990871737214585 -0.11978598563140697
16945 11289096 0.6711021889366442 2.021469298791508 0.5181600000000001 -3.5990871737214585 -0.11978598563140697
16946 11289096 0.6156985648561044 2.0231048093249777 0.5181600000000001 -3.5990871737214585 -0.11978598563140697
16947 11289096 0.5719241204808684 2.0293514627051956 0.5181600000000001 -3.5990871737214585 -0.11978598563140697
16948 11289096 0.5193996483474776 2.0327337320359993 0.5181600000000001 -3.5990871737214585 -0.11978598563140697
16949 11289096 0.4546194974914328 2.0355660205465314 0.5181600000000001 -3.5990871737214585 -0.11978598563140697
16950 11289096 0.4046498550314511 2.037529813055935 0.5181600000000001 -3.5990871737214585 -0.11978598563140697
16951 11289096 0.36332327293466227 2.038771575672502 0.5181600000000001 -3.5990871737214585 -0.11978598563140697
16952 11289096 0.33965387464656915 2.0424197939777353 0.5181600000000001 -3.5990871737214585 -0.11978598563140697
16953 11289096 0.2634095870311707 2.04549631759749 0.5181600000000001 -3.5990871737214585 -0.11978598563140697
16954 11289096 0.23695398164348735 2.048770533911803 0.5181600000000001 -3.5990871737214585 -0.11978598563140697
16955 11289096 0.16953373247998993 2.0489633427738276 0.5181600000000001 -3.5990871737214585 -0.11978598563140697
16956 11289096 0.14626090683364767 2.048393396652882 0.5181600000000001 -3.5990871737214585 -0.11978598563140697
16957 11289096 0.12298808118730542 2.0478234505319364 0.5181600000000001 -3.5990871737214585 -0.11978598563140697
16958 11289096 0.06415741274620057 2.0509338831825596 0.5181600000000001 -3.5990871737214585 -0.11978598563140697
16959 11289096 0.01041504704683005 2.052498028029056 0.5181600000000001 -3.5990871737214585 -0.11978598563140697
16960 11289096 -0.04300106942922166 2.0588629385130615 0.5181600000000001 -3.5990871737214585 -0.11978598563140697
16961 11289096 -0.0904630906841919 2.0587249491899335 0.5181600000000001 -3.5990871737214585 -0.11978598563140697
16962 11289096 -0.1360755390142716 2.06207173446231 0.5181600000000001 -3.5990871737214585 -0.11978598563140697
16963 11289096 -0.18572697371427593 2.062299685855042 0.5181600000000001 -3.5990871737214585 -0.11978598563140697
16964 11289096 -0.2243370541269727 2.0637079465370065 0.5181600000000001 -3.5990871737214585 -0.11978598563140697
16965 11289096 -0.275714304748677 2.058658989818416 0.5181600000000001 -3.5990871737214585 -0.11978598563140697
16966 11289096 -0.31896516473691894 2.0621693600419575 0.5181600000000001 -3.5990871737214585 -0.11978598563140697
16967 11289096 -0.3657271282875729 2.063089341383313 0.5181600000000001 -3.5990871737214585 -0.11978598563140697
16968 11289096 -0.41457678076026916 2.0630565774606833 0.5181600000000001 -3.5990871737214585 -0.11978598563140697
16969 11289096 -0.4634181846976013 2.060334179167185 0.5181600000000001 -3.5990871737214585 -0.11978598563140697
16970 11289096 -0.4971035418598513 2.0577966360684217 0.5181600000000001 -3.5990871737214585 -0.11978598563140697
16971 11289096 -0.5653194727826674 2.0555687899268706 0.5181600000000001 -3.5990871737214585 -0.11978598563140697
16972 11289096 -0.5864452499127314 2.05342260094248 0.5181600000000001 -3.5990871737214585 -0.11978598563140697
16973 11289096 -0.6075710270427954 2.0512764119580895 0.5181600000000001 -3.5990871737214585 -0.11978598563140697
16974 11289096 -0.6495893458630979 2.0504130991085834 0.5181600000000001 -3.5990871737214585 -0.11978598563140697
16975 11289096 -0.6992763190671081 2.050539093317794 0.5181600000000001 -3.5990871737214585 -0.11978598563140697
16976 11289096 -0.7589695435978501 2.0526527379424073 0.5181600000000001 -3.5990871737214585 -0.11978598563140697
16977 11289096 -0.8039339056418571 2.0522864122708255 0.5181600000000001 -3.5990871737214585 -0.11978598563140697
16978 11289096 -0.8518227735278436 2.0511242687108924 0.5181600000000001 -3.5990871737214585 -0.11978598563140697
16979 11289096 -0.8939582277988378 2.0485479963111883 0.5181600000000001 -3.5990871737214585 -0.11978598563140697
16980 11289096 -0.9279500383519941 2.049150300734831 0.5181600000000001 -3.5990871737214585 -0.11978598563140697
16981 11289096 -0.9785269462006108 2.0438440350555718 0.5181600000000001 -3.5990871737214585 -0.11978598563140697
16982 11289096 -1.022426523499968 2.0426633221933916 0.5181600000000001 -3.5990871737214585 -0.11978598563140697
16983 11289096 -1.0616855757221468 2.039380766028439 0.5181600000000001 -3.5990871737214585 -0.11978598563140697
16984 11289096 -1.1037310989299003 2.035724613513324 0.5181600000000001 -3.5990871737214585 -0.11978598563140697
16985 11289096 -1.1221837804393024 2.030894401825142 0.5181600000000001 -3.5990871737214585 -0.11978598563140697
16986 11289096 -1.1915115923155908 2.0212073226177014 0.5181600000000001 -3.5990871737214585 -0.11978598563140697
16987 11289096 -1.2577873252950462 2.0045635466660308 0.5181600000000001 -3.5990871737214585 -0.11978598563140697
16988 11289096 -1.282564582456206 1.9939742458322158 0.5181600000000001 -3.5990871737214585 -0.11978598563140697
16989 11289096 -1.3452228539955626 1.9734603905299577 0.5181600000000001 -3.5990871737214585 -0.11978598563140697
16990 11289096 -1.3714465353403262 1.9570935176327886 0.5181600000000001 -3.5990871737214585 -0.11978598563140697
16991 11289096 -1.3976702166850898 1.9407266447356195 0.5181600000000001 -3.5990871737214585 -0.11978598563140697
16992 11289096 -1.4415065531463715 1.9180286228508003 0.5181600000000001 -3.5990871737214585 -0.11978598563140697
16993 11289096 -1.4572507221325217 1.9068214505907906 0.5181600000000001 -3.5990871737214585 -0.11978598563140697
16994 11289096 -1.5073553645794424 1.868764960914498 0.5181600000000001 -3.5990871737214585 -0.11978598563140697
16995 11289096 -1.5506157881105744 1.8396863321874823 0.5181600000000001 -3.5990871737214585 -0.11978598563140697
16996 11289096 -1.5669677520695948 1.8195644902168575 0.5181600000000001 -3.5990871737214585 -0.11978598563140697
16997 11289096 -1.5996694946318144 1.790186408799378 0.5181600000000001 -3.5990871737214585 -0.11978598563140697
16998 11289096 -1.6251512990240868 1.758446313010585 0.5181600000000001 -3.5990871737214585 -0.11978598563140697
16999 11289096 -1.653855441027522 1.7263583769668975 0.5181600000000001 -3.5990871737214585 -0.11978598563140697
17000 11289096 -1.6829206620084192 1.6809517969922187 0.5181600000000001 -3.5990871737214585 -0.11978598563140697
17001 11289096 -1.696861113416104 1.6641305651738816 0.5181600000000001 -3.5990871737214585 -0.11978598563140697
17002 11289096 -1.727852276073467 1.6101236214229948 0.5181600000000001 -3.5990871737214585 -0.11978598563140697
17003 11289096 -1.7522907721322702 1.5788602276605976 0.5181600000000001 -3.5990871737214585 -0.11978598563140697
17004 11289096 -1.7644272680622894 1.5471941011422365 0.48768 -3.5990871737214585 -0.11978598563140697
17005 11289096 -1.7795633054521034 1.5280767089700318 0.48768 -3.5990871737214585 -0.11978598563140697
17006 11289096 -1.809311327609535 1.4602262758014726 0.48768 -3.5990871737214585 -0.11978598563140697
17007 11289096 -1.8145482808028408 1.448970189590543 0.48768 -3.5990871737214585 -0.11978598563140697
17008 11289096 -1.8197852339961467 1.4377141033796133 0.48768 -3.5990871737214585 -0.11978598563140697
17009 11289096 -1.8416971312041357 1.382956766790226 0.48768 -3.5990871737214585 -0.11978598563140697
17010 11289096 -1.8636090284121247 1.3281994302008386 0.48768 -3.5990871737214585 -0.11978598563140697
17011 11289096 -1.8746642449734523 1.2903374520340494 0.48768 -3.5990871737214585 -0.11978598563140697
17012 11289096 -1.8857194615347799 1.25247547386726 0.48768 -3.5990871737214585 -0.11978598563140697
17013 11289096 -1.8932149731311572 1.218706755357968 0.48768 -3.5990871737214585 -0.11978598563140697
17014 11289096 -1.9007104847275345 1.1849380368486757 0.48768 -3.5990871737214585 -0.11978598563140697
17015 11289096 -1.9082059963239117 1.1511693183393836 0.48768 -3.5990871737214585 -0.11978598563140697
17016 11289096 -1.9161686944456855 1.1105429354122822 0.48768 -3.5990871737214585 -0.11978598563140697
17017 11289096 -1.9226810308495754 1.0743494061619587 0.48768 -3.5990871737214585 -0.11978598563140697
17018 11289096 -1.928654008140671 1.0384467914306124 0.48768 -3.5990871737214585 -0.11978598563140697
17019 11289096 -1.9346269854317664 1.002544176699266 0.48768 -3.5990871737214585 -0.11978598563140697
17020 11289096 -1.93638514512979 0.9442310837251509 0.48768 -3.5990871737214585 -0.11978598563140697
17021 11289096 -1.940057552831322 0.9140021273969505 0.48768 -3.5990871737214585 -0.11978598563140697
17022 11289096 -1.9437299605328542 0.8837731710687501 0.48768 -3.5990871737214585 -0.11978598563140697
17023 11289096 -1.946456722962597 0.848561174814268 0.48768 -3.5990871737214585 -0.11978598563140697
17024 11289096 -1.949227013776633 0.805885565259556 0.48768 -3.5990871737214585 -0.11978598563140697
17025 11289096 -1.9555844071612885 0.7647340604996803 0.48768 -3.5990871737214585 -0.11978598563140697
17026 11289096 -1.9581534604808073 0.7270168326402054 0.48768 -3.5990871737214585 -0.11978598563140697
17027 11289096 -1.9532117747576019 0.6891792485623381 0.45720000000000005 -3.5990871737214585 -0.11978598563140697
17028 11289096 -1.9541708916062743 0.6550248073676236 0.45720000000000005 -3.5990871737214585 -0.11978598563140697
17029 11289096 -1.9557219056379445 0.6149882733240387 0.45720000000000005 -3.5990871737214585 -0.11978598563140697
17030 11289096 -1.9518107159687148 0.5780721175712638 0.45720000000000005 -3.5990871737214585 -0.11978598563140697
17031 11289096 -1.9447937510541402 0.5490198711005227 0.45720000000000005 -3.5990871737214585 -0.11978598563140697
17032 11289096 -1.9292869188774973 0.4948735914155775 0.45720000000000005 -3.5990871737214585 -0.11978598563140697
17033 11289096 -1.915021491248236 0.457023926409727 0.45720000000000005 -3.5990871737214585 -0.11978598563140697
17034 11289096 -1.8968853536992099 0.4242174985984779 0.45720000000000005 -3.5990871737214585 -0.11978598563140697
17035 11289096 -1.8812777699559764 0.38639632453193196 0.45720000000000005 -3.5990871737214585 -0.11978598563140697
17036 11289096 -1.8571791422847201 0.35280801117838223 0.45720000000000005 -3.5990871737214585 -0.11978598563140697
17037 11289096 -1.839058908963833 0.325381781887224 0.45720000000000005 -3.5990871737214585 -0.11978598563140697
17038 11289096 -1.8281028365058467 0.3099969478804531 0.44196 -3.5990871737214585 -0.11978598563140697
17039 11289096 -1.8171467640478605 0.29461211387368225 0.42672000000000004 -3.5990871737214585 -0.11978598563140697
17040 11289096 -1.7986249772198197 0.2670547367936267 0.42672000000000004 -3.5990871737214585 -0.11978598563140697
17041 11289096 -1.7576367127301549 0.22128234680433165 0.42672000000000004 -3.5990871737214585 -0.11978598563140697
17042 11289096 -1.7254817453308287 0.19195311737394868 0.42672000000000004 -3.5990871737214585 -0.11978598563140697
17043 11289096 -1.6972612081546374 0.1614574260846787 0.42672000000000004 -3.5990871737214585 -0.11978598563140697
17044 11289096 -1.6687464816603923 0.13729184610501308 0.42672000000000004 -3.5990871737214585 -0.11978598563140697
17045 11289096 -1.6386509898415131 0.11144100081596561 0.42672000000000004 -3.5990871737214585 -0.11978598563140697
17046 11289096 -1.6104130571758544 0.09566185615926423 0.39624000000000004 -3.5990871737214585 -0.11978598563140697
17047 11289096 -1.575581966775203 0.06908033839825298 0.39624000000000004 -3.5990871737214585 -0.11978598563140697
17048 11289096 -1.5386084908270996 0.050678067750545036 0.39624000000000004 -3.5990871737214585 -0.11978598563140697
17049 11289096 -1.5011982292965549 0.03306788276283776 0.39624000000000004 -3.5990871737214585 -0.11978598563140697
17050 11289096 -1.457590605787238 0.019740294653806972 0.39624000000000004 -3.5990871737214585 -0.11978598563140697
17051 11289096 -1.3965776144065878 0.00422573702606685 0.39624000000000004 -3.5990871737214585 -0.11978598563140697
17052 11289096 -1.3549126997396936 -0.0030912883799912028 0.36576 -3.5990871737214585 -0.11978598563140697
17053 11289096 -1.334221677550991 -0.005009284155023858 0.36576 -3.5990871737214585 -0.11978598563140697
17054 11289096 -1.3135306553622883 -0.0069272799300565124 0.36576 -3.5990871737214585 -0.11978598563140697
17055 11289096 -1.248635947943223 -0.006768624409348806 0.36576 -3.5990871737214585 -0.11978598563140697
17056 11289096 -1.2109555475384715 -0.008341988083996138 0.36576 -3.5990871737214585 -0.11978598563140697
17057 11289096 -1.1669073335740106 -0.006739889865486487 0.36576 -3.5990871737214585 -0.11978598563140697
17058 11289096 -1.1233553914778602 -0.008013004746544233 0.36576 -3.5990871737214585 -0.11978598563140697
17059 11289096 -1.0807655619632723 -0.008153407353022973 0.36576 -3.5990871737214585 -0.11978598563140697
17060 11289096 -1.0402509242786753 -0.007848669659769408 0.36576 -3.5990871737214585 -0.11978598563140697
17061 11289096 -0.9994386737006555 -0.00799154528813753 0.33528 -3.5990871737214585 -0.11978598563140697
17062 11289096 -0.9568835552739254 -0.008236754578020006 0.33528 -3.5990871737214585 -0.11978598563140697
17063 11289096 -0.912965214139215 -0.009745319854292195 0.33528 -3.5990871737214585 -0.11978598563140697
17064 11289096 -0.8710918009342801 -0.01479105778117143 0.33528 -3.5990871737214585 -0.11978598563140697
17065 11289096 -0.8156719914196209 -0.01643781307214301 0.3048 -3.5990871737214585 -0.11978598563140697
17066 11289096 -0.7991875910129477 -0.016277925047946534 0.3048 -3.5990871737214585 -0.11978598563140697
17067 11289096 -0.7827031906062745 -0.01611803702375006 0.3048 -3.5990871737214585 -0.11978598563140697
17068 11289096 -0.7209546545404362 -0.01878182429999628 0.3048 -3.5990871737214585 -0.11978598563140697
17069 11289096 -0.6879817928079588 -0.014373780273795128 0.3048 -3.5990871737214585 -0.11978598563140697
17070 11289096 -0.6423641490887875 -0.013398687889528776 0.3048 -3.5990871737214585 -0.11978598563140697
17071 11289096 -0.5988778442514615 -0.010791858474639898 0.3048 -3.5990871737214585 -0.11978598563140697
17072 11289096 -0.5599430786800685 -0.007164107719648621 0.27432 -3.5990871737214585 -0.11978598563140697
17073 11289096 -0.5243386443152798 -0.008289078969021396 0.27432 -3.5990871737214585 -0.11978598563140697
17074 11289096 -0.4915427832440049 -0.008495712409551354 0.27432 -3.5990871737214585 -0.11978598563140697
17075 11289096 -0.4558179824667552 -0.0038180666531108798 0.27432 -3.5990871737214585 -0.11978598563140697
17076 11289096 -0.4346054693027419 -0.005495194736246517 0.27432 -3.5990871737214585 -0.11978598563140697
17077 11289096 -0.3898814450964061 -0.0031750230933089985 0.27432 -3.5990871737214585 -0.11978598563140697
17078 11289096 -0.3462528536137677 -0.0069222930683080774 0.27432 -3.5990871737214585 -0.11978598563140697
17079 11289096 -0.3068138506894875 -0.00310765680912814 0.27432 -3.5990871737214585 -0.11978598563140697
17080 11289096 -0.27033431519658313 -0.00019473632202052227 0.27432 -3.5990871737214585 -0.11978598563140697
17081 11289096 -0.23862611658655353 0.001707707942804143 0.24384 -3.5990871737214585 -0.11978598563140697
17082 11289096 -0.2053604167666363 0.001582351121072828 0.24384 -3.5990871737214585 -0.11978598563140697
17083 11289096 -0.1719912500421461 0.0017738111401186807 0.24384 -3.5990871737214585 -0.11978598563140697
17084 11289096 -0.11897130053893734 -0.0017706474558377983 0.24384 -3.5990871737214585 -0.11978598563140697
17085 11289096 -0.09260672107879958 0.0003602669589688745 0.24384 -3.5990871737214585 -0.11978598563140697
17086 11289096 -0.06624214161866182 0.0024911813737755473 0.24384 -3.5990871737214585 -0.11978598563140697
17087 11289096 -0.034045403198455726 -8.799957218894039e-05 0.24384 -3.5990871737214585 -0.11978598563140697
17088 11289096 -0.0023720664032829686 0.001710014511695515 0.24384 -3.5990871737214585 -0.11978598563140697
17089 11289096 0.02930127039188979 0.0035080285955799706 0.24384 -3.5990871737214585 -0.11978598563140697
17090 11289096 0.053553772437382796 0.003525796740775383 0.24384 -3.5990871737214585 -0.11978598563140697
17091 11289096 0.0778062744828758 0.0035435648859707958 0.24384 -3.5990871737214585 -0.11978598563140697
17092 11289096 0.1101543937803976 0.00360262483489171 0.21336000000000002 -3.5990871737214585 -0.11978598563140697
17093 11289096 0.14407133448675657 0.0013966331721695924 0.21336000000000002 -3.5990871737214585 -0.11978598563140697
17094 11289096 0.17354456739824173 0.0009937050629956294 0.21336000000000002 -3.5990871737214585 -0.11978598563140697
17095 11289096 0.20301780030972685 0.0005907769538216664 0.21336000000000002 -3.5990871737214585 -0.11978598563140697
17096 11289096 0.232491033221212 0.00018784884464770335 0.21336000000000002 -3.5990871737214585 -0.11978598563140697
17097 11289096 0.2605862645071003 0.0019101459413476407 0.21336000000000002 -3.5990871737214585 -0.11978598563140697
17098 11289096 0.28868149579298863 0.003632443038047578 0.21336000000000002 -3.5990871737214585 -0.11978598563140697
17099 11289096 0.31677672707887694 0.005354740134747515 0.21336000000000002 -3.5990871737214585 -0.11978598563140697
17100 11289096 0.3316908054812864 0.0007144432390679134 0.21336000000000002 -3.5990871737214585 -0.11978598563140697
17101 11289096 0.35348938282917053 0.0010796945076213134 0.21336000000000002 -3.5990871737214585 -0.11978598563140697
17102 11289096 0.37528796017705474 0.0014449457761747137 0.21336000000000002 -3.5990871737214585 -0.11978598563140697
17103 11289096 0.3970865375249389 0.001810197044728114 0.21336000000000002 -3.5990871737214585 -0.11978598563140697
17104 11289096 0.4188851148728231 0.002175448313281514 0.21336000000000002 -3.5990871737214585 -0.11978598563140697
17105 11289096 0.44068369222070725 0.002540699581834914 0.21336000000000002 -3.5990871737214585 -0.11978598563140697
17106 11289096 0.4624822695685914 0.0029059508503883145 0.21336000000000002 -3.5990871737214585 -0.11978598563140697
17107 11289096 0.48428084691647555 0.0032712021189417145 0.21336000000000002 -3.5990871737214585 -0.11978598563140697
17108 11289096 0.5060794242643598 0.0036364533874951145 0.21336000000000002 -3.5990871737214585 -0.11978598563140697
17109 11289096 0.527878001612244 0.004001704656048514 0.21336000000000002 -3.5990871737214585 -0.11978598563140697
17110 11289096 0.5496765789601281 0.004366955924601915 0.21336000000000002 -3.5990871737214585 -0.11978598563140697
17111 11289096 0.5718865925672224 0.003301304687764156 0.21336000000000002 -3.5990871737214585 -0.11978598563140697
17112 11289096 0.585618733989889 0.00292649941754812 0.21336000000000002 -3.5990871737214585 -0.11978598563140697
17113 11289096 0.5993508754125555 0.0025516941473320842 0.21336000000000002 -3.5990871737214585 -0.11978598563140697
17114 11289096 0.6130830168352221 0.0021768888771160483 0.21336000000000002 -3.5990871737214585 -0.11978598563140697
17115 11289096 0.6268151582578887 0.0018020836069000123 0.21336000000000002 -3.5990871737214585 -0.11978598563140697
17116 11289096 0.6405472996805552 0.0014272783366839764 0.21336000000000002 -3.5990871737214585 -0.11978598563140697
17117 11289096 0.6499731440304743 0.001735328381828223 0.21336000000000002 -3.5990871737214585 -0.11978598563140697
17118 11289096 0.6593989883803936 0.0020433784269724697 0.21336000000000002 -3.5990871737214585 -0.11978598563140697
17119 11289096 0.6777495029381404 0.006561762675565561 0.21336000000000002 -3.5990871737214585 -0.11978598563140697
17120 11289096 0.6961288360243281 0.00464525966969484 0.21336000000000002 -3.5990871737214585 -0.11978598563140697
17121 11289096 0.708408938836313 0.0039039199187175105 0.21336000000000002 -3.5990871737214585 -0.11978598563140697
17122 11289096 0.7185400532515955 0.004332088086096142 0.21336000000000002 -3.5990871737214585 -0.11978598563140697
17123 11289096 0.7286711676668782 0.004760256253474773 0.21336000000000002 -3.5990871737214585 -0.11978598563140697
17124 11289096 0.7379463494958043 0.003248397857861407 0.21336000000000002 -3.5990871737214585 -0.11978598563140697
17125 11289096 0.744667096845257 0.004790909847680991 0.21336000000000002 -3.5990871737214585 -0.11978598563140697
17126 11289096 0.7548481831468706 0.003333556536119539 0.21336000000000002 -3.5990871737214585 -0.11978598563140697
17127 11289096 0.7615689231194767 0.004876084430104455 0.21336000000000002 -3.5990871737214585 -0.11978598563140697
17128 11289096 0.7724651223540115 0.008325488726952768 0.21336000000000002 -3.5990871737214585 -0.11978598563140697
17129 11289096 0.7743022542683009 0.01123003757095499 0.21336000000000002 -3.5990871737214585 -0.11978598563140697
17130 11289096 0.7791168718828494 0.00965691721606668 0.21336000000000002 -3.5990871737214585 -0.11978598563140697
17131 11289096 0.7805562716560324 0.016780366398938457 0.21336000000000002 -3.5990871737214585 -0.11978598563140697
17132 11289096 0.7821083120595697 0.021530471381279254 0.21336000000000002 -3.5990871737214585 -0.11978598563140697
17133 11289096 0.7832119852485251 0.02490832385410047 0.21336000000000002 -3.5990871737214585 -0.11978598563140697
17134 11289096 0.7843156584374805 0.02828617632692169 0.21336000000000002 -3.5990871737214585 -0.11978598563140697
17135 11289096 0.785419331626436 0.03166402879974291 0.21336000000000002 -3.5990871737214585 -0.11978598563140697
17136 11289096 0.7869368822797771 0.036308576006427826 0.21336000000000002 -3.5990871737214585 -0.11978598563140697
17137 11289096 0.7885579023079605 0.041269796925316016 0.21336000000000002 -3.5990871737214585 -0.11978598563140697
17138 11289096 0.7889444954886264 0.04415177819779459 0.21336000000000002 -3.5990871737214585 -0.11978598563140697
17139 11289096 0.7893310886692922 0.047033759470273155 0.21336000000000002 -3.5990871737214585 -0.11978598563140697
17140 11289096 0.7897176818499582 0.04991574074275172 0.21336000000000002 -3.5990871737214585 -0.11978598563140697
17141 11289096 0.790104275030624 0.052797722015230295 0.21336000000000002 -3.5990871737214585 -0.11978598563140697
17142 11289096 0.7904908682112899 0.05567970328770887 0.21336000000000002 -3.5990871737214585 -0.11978598563140697
17143 11289096 0.7908774613919558 0.058561684560187434 0.21336000000000002 -3.5990871737214585 -0.11978598563140697
17144 11289096 0.7912640545726216 0.061443665832666 0.21336000000000002 -3.5990871737214585 -0.11978598563140697
17145 11289096 0.7916506477532875 0.06432564710514457 0.21336000000000002 -3.5990871737214585 -0.11978598563140697
17146 11289096 0.7916828467904685 0.0651037090136824 0.21336000000000002 -3.5990871737214585 -0.11978598563140697
17147 11289096 0.7917150458276494 0.06588177092222024 0.21336000000000002 -3.5990871737214585 -0.11978598563140697
17148 11289096 0.7917472448648304 0.06665983283075808 0.21336000000000002 -3.5990871737214585 -0.11978598563140697
17149 11289096 0.7917794439020114 0.0674378947392959 0.21336000000000002 -3.5990871737214585 -0.11978598563140697
17150 11289096 0.791526045054795 0.06752069009164295 0.21336000000000002 -3.5990871737214585 -0.11978598563140697
17151 11289096 0.7912726462075785 0.06760348544398999 0.21336000000000002 -3.5990871737214585 -0.11978598563140697
17152 11289096 0.791019247360362 0.06768628079633704 0.21336000000000002 -3.5990871737214585 -0.11978598563140697
17153 11289096 0.7907658485131456 0.06776907614868408 0.21336000000000002 -3.5990871737214585 -0.11978598563140697
17154 11289096 0.7905124496659292 0.06785187150103113 0.21336000000000002 -3.5990871737214585 -0.11978598563140697
17155 11289096 0.7902590508187127 0.06793466685337816 0.21336000000000002 -3.5990871737214585 -0.11978598563140697
17156 11289096 0.7900056519714963 0.06801746220572522 0.21336000000000002 -3.5990871737214585 -0.11978598563140697
17157 11289096 0.7897522531242798 0.06810025755807225 0.21336000000000002 -3.5990871737214585 -0.11978598563140697
17158 11289096 0.7894988542770633 0.0681830529104193 0.21336000000000002 -3.5990871737214585 -0.11978598563140697
17159 11289096 0.7892454554298469 0.06826584826276634 0.21336000000000002 -3.5990871737214585 -0.11978598563140697
17160 11289096 0.7889920565826305 0.06834864361511339 0.21336000000000002 -3.5990871737214585 -0.11978598563140697
17161 11289096 0.788738657735414 0.06843143896746043 0.21336000000000002 -3.5990871737214585 -0.11978598563140697
17162 11289096 0.7884852588881975 0.06851423431980748 0.21336000000000002 -3.5990871737214585 -0.11978598563140697
17163 11289096 0.7882318600409811 0.06859702967215452 0.21336000000000002 -3.5990871737214585 -0.11978598563140697
17164 11289096 0.7879784611937647 0.06867982502450157 0.21336000000000002 -3.5990871737214585 -0.11978598563140697
17165 11289096 0.7877250623465483 0.0687626203768486 0.21336000000000002 -3.5990871737214585 -0.11978598563140697
17166 11289096 0.7874716634993317 0.06884541572919566 0.21336000000000002 -3.5990871737214585 -0.11978598563140697
17167 11289096 0.7872182646521153 0.06892821108154269 0.21336000000000002 -3.5990871737214585 -0.11978598563140697
17168 11289096 0.7869648658048989 0.06901100643388974 0.21336000000000002 -3.5990871737214585 -0.11978598563140697
17169 11289096 0.7858005185316945 0.0706570726446663 0.21336000000000002 -3.5990871737214585 -0.11978598563140697
17170 11289096 0.7846361712584902 0.07230313885544286 0.21336000000000002 -3.5990871737214585 -0.11978598563140697
17171 11289096 0.7834718239852858 0.07394920506621941 0.21336000000000002 -3.5990871737214585 -0.11978598563140697
17172 11289096 0.7823074767120813 0.07559527127699596 0.21336000000000002 -3.5990871737214585 -0.11978598563140697
17173 11289096 0.781143129438877 0.07724133748777252 0.21336000000000002 -3.5990871737214585 -0.11978598563140697
17174 11289096 0.7799787821656726 0.07888740369854907 0.21336000000000002 -3.5990871737214585 -0.11978598563140697
17175 11289096 0.7741946127406878 0.07966747416797754 0.21336000000000002 -3.5990871737214585 -0.11978598563140697
17176 11289096 0.7712954906870131 0.07854105770737974 0.21336000000000002 -3.5990871737214585 -0.11978598563140697
17177 11289096 0.7683963686333385 0.07741464124678193 0.21336000000000002 -3.5990871737214585 -0.11978598563140697
17178 11289096 0.763581797359962 0.07898776893443701 0.21336000000000002 -3.5990871737214585 -0.11978598563140697
17179 11289096 0.7569540199285859 0.0788168102333753 0.21336000000000002 -3.5990871737214585 -0.11978598563140697
17180 11289096 0.7475170359664371 0.07874596170458648 0.21336000000000002 -3.5990871737214585 -0.11978598563140697
17181 11289096 0.7468434235123023 0.08212039861566403 0.21336000000000002 -3.5990871737214585 -0.11978598563140697
17182 11289096 0.742883893218098 0.08128206317240948 0.21336000000000002 -3.5990871737214585 -0.11978598563140697
17183 11289096 0.7389243629238937 0.08044372772915492 0.21336000000000002 -3.5990871737214585 -0.11978598563140697
17184 11289096 0.7262709700241141 0.08031399754996998 0.21336000000000002 -3.5990871737214585 -0.11978598563140697
17185 11289096 0.7223871612231354 0.07975273420253949 0.21336000000000002 -3.5990871737214585 -0.11978598563140697
17186 11289096 0.7185033524221566 0.07919147085510898 0.21336000000000002 -3.5990871737214585 -0.11978598563140697
17187 11289096 0.7146195436211779 0.07863020750767849 0.21336000000000002 -3.5990871737214585 -0.11978598563140697
17188 11289096 0.7067078670816025 0.07887880589407614 0.21336000000000002 -3.5990871737214585 -0.11978598563140697
17189 11289096 0.69865822394369 0.07870518334795823 0.21336000000000002 -3.5990871737214585 -0.11978598563140697
17190 11289096 0.6906430693142189 0.07863712732641773 0.21336000000000002 -3.5990871737214585 -0.11978598563140697
17191 11289096 0.6890290842406736 0.08185153741094 0.21336000000000002 -3.5990871737214585 -0.11978598563140697
17192 11289096 0.6774923703175941 0.08024714590509921 0.21336000000000002 -3.5990871737214585 -0.11978598563140697
17193 11289096 0.6738103238857034 0.07876324082950671 0.21336000000000002 -3.5990871737214585 -0.11978598563140697
17194 11289096 0.6673954575324699 0.07951582577589184 0.21336000000000002 -3.5990871737214585 -0.11978598563140697
17195 11289096 0.6609805911792364 0.08026841072227697 0.21336000000000002 -3.5990871737214585 -0.11978598563140697
17196 11289096 0.6535149109189227 0.07916411785626772 0.21336000000000002 -3.5990871737214585 -0.11978598563140697
17197 11289096 0.646049230658609 0.07805982499025844 0.21336000000000002 -3.5990871737214585 -0.11978598563140697
17198 11289096 0.6385835503982953 0.07695553212424919 0.21336000000000002 -3.5990871737214585 -0.11978598563140697
17199 11289096 0.6337045500432019 0.07697262721162049 0.21336000000000002 -3.5990871737214585 -0.11978598563140697
17200 11289096 0.6288255496881086 0.0769897222989918 0.21336000000000002 -3.5990871737214585 -0.11978598563140697
17201 11289096 0.6204735885164179 0.0786089752845708 0.21336000000000002 -3.5990871737214585 -0.11978598563140697
17202 11289096 0.6121216273447272 0.08022822827014979 0.21336000000000002 -3.5990871737214585 -0.11978598563140697
17203 11289096 0.6071781910745111 0.07868921698536549 0.21336000000000002 -3.5990871737214585 -0.11978598563140697
17204 11289096 0.6016174814902073 0.07933799037606618 0.21336000000000002 -3.5990871737214585 -0.11978598563140697
17205 11289096 0.5960567719059034 0.07998676376676686 0.21336000000000002 -3.5990871737214585 -0.11978598563140697
17206 11289096 0.5933874450586545 0.08268932053041998 0.21336000000000002 -3.5990871737214585 -0.11978598563140697
17207 11289096 0.5907181182114055 0.0853918772940731 0.21336000000000002 -3.5990871737214585 -0.11978598563140697
17208 11289096 0.5880487913641566 0.08809443405772623 0.21336000000000002 -3.5990871737214585 -0.11978598563140697
17209 11289096 0.5864348433963414 0.09130886852485277 0.21336000000000002 -3.5990871737214585 -0.11978598563140697
17210 11289096 0.5848208954285263 0.09452330299197932 0.21336000000000002 -3.5990871737214585 -0.11978598563140697
17211 11289096 0.5864420562550727 0.09948447784339515 0.21336000000000002 -3.5990871737214585 -0.11978598563140697
17212 11289096 0.5842192215877064 0.10137911457837412 0.21336000000000002 -2.0134904767615756 -0.4245377693332415
17213 11289096 0.5819963869203401 0.1032737513133531 0.21336000000000002 -2.0134904767615756 -0.4245377693332415
17214 11289096 0.5844108871948749 0.11066273347194806 0.21336000000000002 -2.0134904767615756 -0.4245377693332415
17215 11289096 0.585204223005446 0.11309054191616101 0.21336000000000002 -2.0134904767615756 -0.4245377693332415
17216 11289096 0.5859975588179528 0.11551835036817838 0.21336000000000002 -2.0134904767615756 -0.4245377693332415
17217 11289096 0.5875152447335297 0.12016285352345622 0.21336000000000002 -2.0134904767615756 -0.4245377693332415
17218 11289096 0.5842416283019823 0.1267234985442172 0.21336000000000002 -2.0134904767615756 -0.4245377693332415
17219 11289096 0.5851729375623942 0.12957353396451082 0.21336000000000002 -2.0134904767615756 -0.4245377693332415
17220 11289096 0.5815438693574957 0.13613350628988263 0.21336000000000002 -2.0134904767615756 -0.4245377693332415
17221 11289096 0.5831305480139379 0.14098912108388667 0.21336000000000002 -2.0134904767615756 -0.4245377693332415
17222 11289096 0.5856590692010746 0.1476398757143077 0.21336000000000002 -2.0134904767615756 -0.4245377693332415
17223 11289096 0.5861879620232245 0.14925841403395398 0.21336000000000002 -2.0134904767615756 -0.4245377693332415
17224 11289096 0.5867168548453745 0.15087695235360024 0.21336000000000002 -2.0134904767615756 -0.4245377693332415
17225 11289096 0.5872457476675245 0.15249549067324653 0.21336000000000002 -2.0134904767615756 -0.4245377693332415
17226 11289096 0.5843650180544783 0.16243260549422645 0.21336000000000002 -2.0134904767615756 -0.4245377693332415
17227 11289096 0.5856176619746056 0.16558653647412283 0.21336000000000002 -2.0134904767615756 -0.4245377693332415
17228 11289096 0.5868703058947329 0.16874046745401922 0.21336000000000002 -2.0134904767615756 -0.4245377693332415
17229 11289096 0.587503889612963 0.17203827633995888 0.21336000000000002 -2.0134904767615756 -0.4245377693332415
17230 11289096 0.5884569879548096 0.17359608141104443 0.21336000000000002 -2.0134904767615756 -0.4245377693332415
17231 11289096 0.5892285443370637 0.17731611752977958 0.21336000000000002 -2.0134904767615756 -0.4245377693332415
17232 11289096 0.5960309358354507 0.18046738193892944 0.21336000000000002 -2.0134904767615756 -0.4245377693332415
17233 11289096 0.5966968327123798 0.18141806754007028 0.21336000000000002 -2.0134904767615756 -0.4245377693332415
17234 11289096 0.5975831215929679 0.18521744023624487 0.21336000000000002 -2.0134904767615756 -0.4245377693332415
17235 11289096 0.6027988284764805 0.18351309572607893 0.21336000000000002 -2.0134904767615756 -0.4245377693332415
17236 11289096 0.6096941561318368 0.1880359377597226 0.21336000000000002 -2.0134904767615756 -0.4245377693332415
17237 11289096 0.6092457488778267 0.1866636980333698 0.21336000000000002 -2.0134904767615756 -0.4245377693332415
17238 11289096 0.6148296193042512 0.18635782274089935 0.21336000000000002 -2.0134904767615756 -0.4245377693332415
17239 11289096 0.6164507803794681 0.1913189983401527 0.21336000000000002 -2.0134904767615756 -0.4245377693332415
17240 11289096 0.616002374123345 0.1899467582770074 0.21336000000000002 -2.0134904767615756 -0.4245377693332415
17241 11289096 0.6212652748229952 0.1897457700211691 0.21336000000000002 -2.0134904767615756 -0.4245377693332415
17242 11289096 0.6208168695054648 0.1883735296513371 0.21336000000000002 -2.0134904767615756 -0.4245377693332415
17243 11289096 0.623448319924016 0.18827303732320444 0.21336000000000002 -2.0134904767615756 -0.4245377693332415
17244 11289096 0.6260797703425672 0.1881725449950718 0.21336000000000002 -2.0134904767615756 -0.4245377693332415
17245 11289096 0.6310712733970791 0.1857821010940277 0.21336000000000002 -2.0134904767615756 -0.4245377693332415
17246 11289096 0.6301721947193122 0.18371012271538645 0.21336000000000002 -2.0134904767615756 -0.4245377693332415
17247 11289096 0.6292731160415452 0.18163814433674522 0.21336000000000002 -2.0134904767615756 -0.4245377693332415
17248 11289096 0.6304785672838472 0.17898556769106483 0.21336000000000002 -2.0134904767615756 -0.4245377693332415
17249 11289096 0.6316840185261491 0.17633299104538444 0.21336000000000002 -2.0134904767615756 -0.4245377693332415
17250 11289096 0.6328894697684511 0.17368041439970405 0.21336000000000002 -2.0134904767615756 -0.4245377693332415
17251 11289096 0.6308798146405569 0.17024812185824822 0.21336000000000002 -2.0134904767615756 -0.4245377693332415
17252 11289096 0.6356943234957098 0.16867490340820232 0.21336000000000002 -2.0134904767615756 -0.4245377693332415
17253 11289096 0.634918243887829 0.16629986993898777 0.21336000000000002 -2.0134904767615756 -0.4245377693332415
17254 11289096 0.6341421642799483 0.16392483646977318 0.21336000000000002 -2.0134904767615756 -0.4245377693332415
17255 11289096 0.6345651665049776 0.16250150602872424 0.21336000000000002 -2.0134904767615756 -0.4245377693332415
17256 11289096 0.6328405457731974 0.1572236537318592 0.21336000000000002 -2.0134904767615756 -0.4245377693332415
17257 11289096 0.6325900050764393 0.15917476956969495 0.21336000000000002 -2.0134904767615756 -0.4245377693332415
17258 11289096 0.6313228795420565 0.15257914374950463 0.21336000000000002 -2.0134904767615756 -0.4245377693332415
17259 11289096 0.6305123078114454 0.15009855321039103 0.21336000000000002 -2.0134904767615756 -0.4245377693332415
17260 11289096 0.6297017360808342 0.14761796267127744 0.21336000000000002 -2.0134904767615756 -0.4245377693332415
17261 11289096 0.6301538001854972 0.14447165930247233 0.21336000000000002 -2.0134904767615756 -0.4245377693332415
17262 11289096 0.6306058642901602 0.14132535593366718 0.21336000000000002 -2.0134904767615756 -0.4245377693332415
17263 11289096 0.6310579283948231 0.13817905256486207 0.21336000000000002 -2.0134904767615756 -0.4245377693332415
17264 11289096 0.6361934279418686 0.13650095313198093 0.21336000000000002 -2.0134904767615756 -0.4245377693332415
17265 11289096 0.6353131556071643 0.13299168697247477 0.21336000000000002 -2.0134904767615756 -0.4245377693332415
17266 11289096 0.635008234185341 0.13178674585890646 0.21336000000000002 -2.0134904767615756 -0.4245377693332415
17267 11289096 0.6347033127635179 0.13058180474533812 0.21336000000000002 -2.0134904767615756 -0.4245377693332415
17268 11289096 0.6343983913416946 0.1293768636317698 0.21336000000000002 -2.0134904767615756 -0.4245377693332415
17269 11289096 0.6324186797447766 0.1273951345274054 0.21336000000000002 -2.0134904767615756 -0.4245377693332415
17270 11289096 0.6304389681478586 0.12541340542304094 0.21336000000000002 -2.0134904767615756 -0.4245377693332415
17271 11289096 0.6284592565509407 0.12343167631867652 0.21336000000000002 -2.0134904767615756 -0.4245377693332415
17272 11289096 0.6264795449540227 0.12144994721431208 0.21336000000000002 -2.0134904767615756 -0.4245377693332415
17273 11289096 0.6263669684025723 0.12382329229763739 0.21336000000000002 -2.0134904767615756 -0.4245377693332415
17274 11289096 0.6239596986373787 0.1246099047119816 0.21336000000000002 -2.0134904767615756 -0.4245377693332415
17275 11289096 0.621552428872185 0.12539651712632582 0.21336000000000002 -2.0134904767615756 -0.4245377693332415
17276 11289096 0.6168504637210563 0.12459640001098934 0.21336000000000002 -2.0134904767615756 -0.4245377693332415
17277 11289096 0.6165037195908766 0.12407883314624366 0.21336000000000002 -2.0134904767615756 -0.4245377693332415
17278 11289096 0.6161569754606968 0.12356126628149797 0.21336000000000002 -2.0134904767615756 -0.4245377693332415
17279 11289096 0.6158102313305172 0.12304369941675228 0.21336000000000002 -2.0134904767615756 -0.4245377693332415
17280 11289096 0.6154634872003374 0.12252613255200659 0.21336000000000002 -2.0134904767615756 -0.4245377693332415
17281 11289096 0.6151167430701576 0.1220085656872609 0.21336000000000002 -2.0134904767615756 -0.4245377693332415
17282 11289096 0.6151535096603504 0.12144161858967574 0.21336000000000002 -2.0134904767615756 -0.4245377693332415
17283 11289096 0.6151902762505433 0.12087467149209058 0.21336000000000002 -2.0134904767615756 -0.4245377693332415
17284 11289096 0.6152270428407363 0.12030772439450543 0.21336000000000002 -2.0134904767615756 -0.4245377693332415
17285 11289096 0.6152638094309291 0.11974077729692027 0.21336000000000002 -2.0134904767615756 -0.4245377693332415
17286 11289096 0.6136498670752257 0.12295520432269841 0.21336000000000002 -2.0134904767615756 -0.4245377693332415
17287 11289096 0.6120359247195225 0.12616963134847653 0.21336000000000002 -2.0134904767615756 -0.4245377693332415
17288 11289096 0.6120354537614896 0.12616819008352298 0.21336000000000002 -2.0134904767615756 -0.4245377693332415
17289 11289096 0.6120349828034567 0.12616674881856943 0.21336000000000002 -2.0134904767615756 -0.4245377693332415
17290 11289096 0.6120345118454238 0.12616530755361588 0.21336000000000002 -2.0134904767615756 -0.4245377693332415
17291 11289096 0.6120340408873909 0.12616386628866233 0.21336000000000002 -2.0134904767615756 -0.4245377693332415
17292 11289096 0.612033569929358 0.12616242502370878 0.21336000000000002 -2.0134904767615756 -0.4245377693332415
17293 11289096 0.6120330989713251 0.12616098375875523 0.21336000000000002 -2.0134904767615756 -0.4245377693332415
17294 11289096 0.6120326280132922 0.12615954249380168 0.21336000000000002 -2.0134904767615756 -0.4245377693332415
17295 11289096 0.6120321570552593 0.12615810122884813 0.21336000000000002 -2.0134904767615756 -0.4245377693332415
17296 11289096 0.6120316860972265 0.12615665996389458 0.21336000000000002 -2.0134904767615756 -0.4245377693332415
17297 11289096 0.6120312151391936 0.12615521869894103 0.21336000000000002 -2.0134904767615756 -0.4245377693332415
17298 11289096 0.6120307441811607 0.12615377743398748 0.21336000000000002 -2.0134904767615756 -0.4245377693332415
17299 11289096 0.6120302732231278 0.12615233616903393 0.21336000000000002 -2.0134904767615756 -0.4245377693332415
17300 11289096 0.6120298022650948 0.12615089490408038 0.21336000000000002 -2.0134904767615756 -0.4245377693332415
17301 11289096 0.6120293313070619 0.12614945363912683 0.21336000000000002 -2.0134904767615756 -0.4245377693332415
17302 11289096 0.612028860349029 0.12614801237417328 0.21336000000000002 -2.0134904767615756 -0.4245377693332415
17303 11289096 0.6120283893909961 0.12614657110921973 0.21336000000000002 -2.0134904767615756 -0.4245377693332415
17304 11289096 0.6120279184329632 0.12614512984426618 0.21336000000000002 -2.0134904767615756 -0.4245377693332415
17305 11289096 0.6120274474749303 0.12614368857931263 0.21336000000000002 -2.0134904767615756 -0.4245377693332415
17306 11289096 0.6120269765168974 0.12614224731435908 0.21336000000000002 -2.0134904767615756 -0.4245377693332415
17307 11289096 0.6120265055588645 0.12614080604940553 0.21336000000000002 -2.0134904767615756 -0.4245377693332415
17308 11289096 0.6120260346008316 0.12613936478445198 0.21336000000000002 -2.0134904767615756 -0.4245377693332415
17309 11289096 0.6120255636427987 0.12613792351949843 0.21336000000000002 -2.0134904767615756 -0.4245377693332415
17310 11289096 0.6120250926847658 0.12613648225454488 0.21336000000000002 -2.0134904767615756 -0.4245377693332415
17311 11289096 0.6120246217267329 0.12613504098959133 0.21336000000000002 -2.0134904767615756 -0.4245377693332415
17312 11289096 0.6120241507687 0.12613359972463778 0.21336000000000002 -2.0134904767615756 -0.4245377693332415
17313 11289096 0.6120236798106671 0.12613215845968423 0.21336000000000002 -2.0134904767615756 -0.4245377693332415
17314 11289096 0.6120232088526343 0.12613071719473068 0.21336000000000002 -2.0134904767615756 -0.4245377693332415
17315 11289096 0.6120227378946014 0.12612927592977713 0.21336000000000002 -2.0134904767615756 -0.4245377693332415
17316 11289096 0.6120222669365685 0.12612783466482358 0.21336000000000002 -2.0134904767615756 -0.4245377693332415
17317 11289096 0.6120217959785356 0.12612639339987003 0.21336000000000002 -2.0134904767615756 -0.4245377693332415
17318 11289096 0.6120213250205027 0.12612495213491648 0.21336000000000002 -2.0134904767615756 -0.4245377693332415
17319 11289096 0.6120208540624698 0.12612351086996293 0.21336000000000002 -2.0134904767615756 -0.4245377693332415
17320 11289096 0.6120203831044368 0.12612206960500938 0.21336000000000002 -2.0134904767615756 -0.4245377693332415
17321 11289096 0.6120199121464039 0.12612062834005583 0.21336000000000002 -2.0134904767615756 -0.4245377693332415
17322 11289096 0.612019441188371 0.12611918707510228 0.21336000000000002 -2.0134904767615756 -0.4245377693332415
17323 11289096 0.6120189702303381 0.12611774581014873 0.21336000000000002 -2.0134904767615756 -0.4245377693332415
17324 11289096 0.6120184992723052 0.12611630454519518 0.21336000000000002 -2.0134904767615756 -0.4245377693332415
17325 11289096 0.6120180283142723 0.12611486328024163 0.21336000000000002 -2.0134904767615756 -0.4245377693332415
17326 11289096 0.6120175573562394 0.12611342201528808 0.21336000000000002 -2.0134904767615756 -0.4245377693332415
17327 11289096 0.6120170863982065 0.12611198075033453 0.21336000000000002 -2.0134904767615756 -0.4245377693332415
17328 11289096 0.6120166154401736 0.12611053948538095 0.21336000000000002 -2.0134904767615756 -0.4245377693332415
17329 11289096 0.6120161444821407 0.1261090982204274 0.21336000000000002 -2.0134904767615756 -0.4245377693332415
17330 11289096 0.6120156735241078 0.12610765695547385 0.21336000000000002 -2.0134904767615756 -0.4245377693332415
17331 11289096 0.612015202566075 0.1261062156905203 0.21336000000000002 -2.0134904767615756 -0.4245377693332415
17332 11289096 0.6120147316080421 0.12610477442556675 0.21336000000000002 -2.0134904767615756 -0.4245377693332415
17333 11289096 0.6120142606500092 0.1261033331606132 0.21336000000000002 -2.0134904767615756 -0.4245377693332415
17334 11289096 0.6120137896919763 0.12610189189565965 0.21336000000000002 -2.0134904767615756 -0.4245377693332415
17335 11289096 0.6120133187339434 0.1261004506307061 0.21336000000000002 -2.0134904767615756 -0.4245377693332415
17336 11289096 0.6120128477759105 0.12609900936575255 0.21336000000000002 -2.0134904767615756 -0.4245377693332415
17337 11289096 0.6120123768178776 0.126097568100799 0.21336000000000002 -2.0134904767615756 -0.4245377693332415
17338 11289096 0.6120119058598447 0.12609612683584545 0.21336000000000002 -2.0134904767615756 -0.4245377693332415
17339 11289096 0.6120114349018118 0.1260946855708919 0.21336000000000002 -2.0134904767615756 -0.4245377693332415
17340 11289096 0.6120109639437789 0.12609324430593835 0.21336000000000002 -2.0134904767615756 -0.4245377693332415
17341 11289096 0.612010492985746 0.1260918030409848 0.21336000000000002 -2.0134904767615756 -0.4245377693332415
17342 11289096 0.612010022027713 0.12609036177603125 0.21336000000000002 -2.0134904767615756 -0.4245377693332415
17343 11289096 0.6120095510696801 0.1260889205110777 0.21336000000000002 -2.0134904767615756 -0.4245377693332415
17344 11289096 0.6120090801116472 0.12608747924612415 0.21336000000000002 -2.0134904767615756 -0.4245377693332415
17345 11289096 0.6120086091536143 0.1260860379811706 0.21336000000000002 -2.0134904767615756 -0.4245377693332415
17346 11289096 0.6120081381955814 0.12608459671621705 0.21336000000000002 -2.0134904767615756 -0.4245377693332415
17347 11289096 0.6120076672375485 0.1260831554512635 0.21336000000000002 -2.0134904767615756 -0.4245377693332415
