18870 10596570 5.73620114295315 -0.4265184595598688 0.44958000000000004 -2.516863095951969 -0.5306722116665519
18871 10596570 5.690853191682111 -0.3967832944539602 0.44577 -2.516863095951969 -0.5306722116665519
18872 10596570 5.645505240411072 -0.3670481293480517 0.44196 -2.516863095951969 -0.5306722116665519
18873 10596570 5.556138884448464 -0.31303243121383384 0.44196 -2.516863095951969 -0.5306722116665519
18874 10596570 5.485874082179805 -0.2800770564122851 0.43815000000000004 -2.516863095951969 -0.5306722116665519
18875 10596570 5.4156092799111475 -0.24712168161073636 0.43434000000000006 -2.516863095951969 -0.5306722116665519
18876 10596570 5.34226404570567 -0.22320576810690743 0.42672000000000004 -2.516863095951969 -0.5306722116665519
18877 10596570 5.269322617866024 -0.19206197598697985 0.42672000000000004 -2.516863095951969 -0.5306722116665519
18878 10596570 5.191701360062785 -0.1687356197288096 0.42672000000000004 -2.516863095951969 -0.5306722116665519
18879 10596570 5.117094128669536 -0.14977861581362553 0.41910000000000003 -2.516863095951969 -0.5306722116665519
18880 10596570 5.055074732574429 -0.13305708205161074 0.41910000000000003 -2.516863095951969 -0.5306722116665519
18881 10596570 4.99118560567278 -0.11934618027732338 0.41910000000000003 -2.516863095951969 -0.5306722116665519
18882 10596570 4.925805430787458 -0.1074845177148808 0.41148 -2.516863095951969 -0.5306722116665519
18883 10596570 4.855570964890507 -0.09281215827280939 0.41148 -2.516863095951969 -0.5306722116665519
18884 10596570 4.785336498993556 -0.07813979883073799 0.41148 -2.516863095951969 -0.5306722116665519
18885 10596570 4.720941490756951 -0.06870006263916875 0.40386 -2.516863095951969 -0.5306722116665519
18886 10596570 4.647213423380808 -0.06065415137318589 0.40386 -2.516863095951969 -0.5306722116665519
18887 10596570 4.575837452114951 -0.04811835103873477 0.39624000000000004 -2.516863095951969 -0.5306722116665519
18888 10596570 4.508563280985422 -0.042059443186495044 0.39624000000000004 -2.516863095951969 -0.5306722116665519
18889 10596570 4.438743951471046 -0.03563688511523269 0.38862 -2.516863095951969 -0.5306722116665519
18890 10596570 4.363628436321607 -0.02748590575989332 0.381 -2.516863095951969 -0.5306722116665519
18891 10596570 4.302074451208032 -0.02294075312597091 0.37338 -2.516863095951969 -0.5306722116665519
18892 10596570 4.160681628449072 -0.008934680644116094 0.36576 -2.516863095951969 -0.5306722116665519
18893 10596570 4.085403048288401 -0.005633694416128626 0.36576 -2.516863095951969 -0.5306722116665519
18894 10596570 4.050537766801404 -0.005004735923775344 0.36195 -2.516863095951969 -0.5306722116665519
18895 10596570 4.015672485314407 -0.004375777431422062 0.35814000000000007 -2.516863095951969 -0.5306722116665519
18896 10596570 3.9360733675144255 0.003373494053158871 0.35814000000000007 -2.516863095951969 -0.5306722116665519
18897 10596570 3.8650355069190594 0.004708917827792786 0.35052000000000005 -2.516863095951969 -0.5306722116665519
18898 10596570 3.792793822482164 0.006437817584206779 0.35052000000000005 -2.516863095951969 -0.5306722116665519
18899 10596570 3.6542757659417493 0.01729604942969129 0.34290000000000004 -2.516863095951969 -0.5306722116665519
18900 10596570 3.5700869766146948 0.019421386288277692 0.33528 -2.516863095951969 -0.5306722116665519
18901 10596570 3.537268465630794 0.021428979952935995 0.33528 -2.516863095951969 -0.5306722116665519
18902 10596570 3.5044499546468932 0.023436573617594297 0.33528 -2.516863095951969 -0.5306722116665519
18903 10596570 3.4067245914947906 0.02326469527548139 0.32766 -2.516863095951969 -0.5306722116665519
18904 10596570 3.3451760033953652 0.024574566492731265 0.32385 -2.516863095951969 -0.5306722116665519
18905 10596570 3.28362741529594 0.02588443770998114 0.32004000000000005 -2.516863095951969 -0.5306722116665519
18906 10596570 3.205970860692233 0.024363164789882402 0.32004000000000005 -2.516863095951969 -0.5306722116665519
18907 10596570 3.1460766871845536 0.02720790959038441 0.32004000000000005 -2.516863095951969 -0.5306722116665519
18908 10596570 3.067433661455768 0.025659555128683204 0.31242000000000003 -2.516863095951969 -0.5306722116665519
18909 10596570 2.995992570450512 0.027134650108017605 0.31242000000000003 -2.516863095951969 -0.5306722116665519
18910 10596570 2.914045782697743 0.023629033123479276 0.3048 -2.516863095951969 -0.5306722116665519
18911 10596570 2.8387299616331143 0.02683769806736855 0.3048 -2.516863095951969 -0.5306722116665519
18912 10596570 2.752695169212502 0.023734236299363567 0.30099 -2.516863095951969 -0.5306722116665519
18913 10596570 2.66666037679189 0.020630774531358587 0.29718 -2.516863095951969 -0.5306722116665519
18914 10596570 2.56072613295997 0.01736680360052148 0.29718 -2.516863095951969 -0.5306722116665519
18915 10596570 2.526458998565421 0.014945318376193423 0.29337 -2.516863095951969 -0.5306722116665519
18916 10596570 2.492191864170872 0.012523833151865366 0.28956 -2.516863095951969 -0.5306722116665519
18917 10596570 2.4094999956751852 0.012187152910686033 0.28956 -2.516863095951969 -0.5306722116665519
18918 10596570 2.329834507411876 0.011330459741002746 0.28956 -2.516863095951969 -0.5306722116665519
18919 10596570 2.269361639831593 0.008880448938339086 0.28194 -2.516863095951969 -0.5306722116665519
18920 10596570 2.1510984686639185 0.0040403913382756895 0.28194 -2.516863095951969 -0.5306722116665519
18921 10596570 2.0889987639232546 0.004225751602523337 0.27432 -2.516863095951969 -0.5306722116665519
18922 10596570 2.0428312895304064 0.004933188458234851 0.272415 -2.516863095951969 -0.5306722116665519
18923 10596570 1.9966638151375582 0.005640625313946365 0.27051000000000003 -2.516863095951969 -0.5306722116665519
18924 10596570 1.9434686577667235 0.007942709100663116 0.264795 -2.516863095951969 -0.5306722116665519
18925 10596570 1.890273500395889 0.010244792887379867 0.25908000000000003 -2.516863095951969 -0.5306722116665519
18926 10596570 1.7620856416939126 0.014726564161200023 0.25146 -2.516863095951969 -0.5306722116665519
18927 10596570 1.7001230177448643 0.015337578657620143 0.25146 -2.516863095951969 -0.5306722116665519
18928 10596570 1.6463539280296708 0.009768269103801047 0.24384 -2.516863095951969 -0.5306722116665519
18929 10596570 1.581065294495363 0.009714202720269433 0.24384 -2.516863095951969 -0.5306722116665519
18930 10596570 1.5243588101776535 0.0019508910218325043 0.23621999999999999 -2.516863095951969 -0.5306722116665519
18931 10596570 1.4571422981391178 0.0006200041111141252 0.23368 -2.516863095951969 -0.5306722116665519
18932 10596570 1.3899257861005823 -0.0007108827996042538 0.23114 -2.516863095951969 -0.5306722116665519
18933 10596570 1.3227092740620465 -0.002041769710322633 0.22860000000000003 -2.516863095951969 -0.5306722116665519
18934 10596570 1.2924947055590326 -0.002919597409714661 0.22860000000000003 -2.516863095951969 -0.5306722116665519
18935 10596570 1.2622801370560186 -0.003797425109106689 0.22860000000000003 -2.516863095951969 -0.5306722116665519
