21899 10991402 1.2000030664598977 4.000866744605371 0.56388 -3.9120055756403715 1.278169490544445
21900 10991402 1.2006846494922492 3.961310538752673 0.56388 -3.9120055756403715 1.278169490544445
21901 10991402 1.2013662325246004 3.921754332899974 0.56388 -3.9120055756403715 1.278169490544445
21902 10991402 1.2020478155569518 3.8821981270472756 0.56388 -3.9120055756403715 1.278169490544445
21903 10991402 1.2046080952255458 3.865588985708659 0.55626 -3.9120055756403715 1.278169490544445
21904 10991402 1.206753818919596 3.805887616623779 0.55626 -3.9120055756403715 1.278169490544445
21905 10991402 1.2106308420609255 3.767234278461029 0.55626 -3.9120055756403715 1.278169490544445
21906 10991402 1.215922826283451 3.7174284495282697 0.55626 -3.9120055756403715 1.278169490544445
21907 10991402 1.2212148105059764 3.6676226205955103 0.55626 -3.9120055756403715 1.278169490544445
21908 10991402 1.2231737249013213 3.6562338756508943 0.55626 -3.9120055756403715 1.278169490544445
21909 10991402 1.2273035994667445 3.6281296978839013 0.55245 -3.9120055756403715 1.278169490544445
21910 10991402 1.2314334740321677 3.600025520116908 0.54864 -3.9120055756403715 1.278169490544445
21911 10991402 1.2406551367817698 3.5426850540176966 0.54864 -3.9120055756403715 1.278169490544445
21912 10991402 1.2439269943157605 3.5051644207949995 0.54864 -3.9120055756403715 1.278169490544445
21913 10991402 1.2499630742716195 3.4693106637611746 0.54102 -3.9120055756403715 1.278169490544445
21914 10991402 1.2530152669867698 3.429758939519754 0.54102 -3.9120055756403715 1.278169490544445
21915 10991402 1.2548515804041982 3.389202664355497 0.54102 -3.9120055756403715 1.278169490544445
21916 10991402 1.2575005559887826 3.358194595375472 0.54102 -3.9120055756403715 1.278169490544445
21917 10991402 1.2616017754175406 3.302294337932086 0.54102 -3.9120055756403715 1.278169490544445
21918 10991402 1.2674506283420057 3.262062415745058 0.54102 -3.9120055756403715 1.278169490544445
21919 10991402 1.2675885790518118 3.229888973206601 0.54102 -3.9120055756403715 1.278169490544445
21920 10991402 1.2664950583020134 3.192860648438413 0.5334 -3.9120055756403715 1.278169490544445
21921 10991402 1.2720132508441309 3.142923159624219 0.5334 -3.9120055756403715 1.278169490544445
21922 10991402 1.2719429554378205 3.09761603621169 0.5334 -3.9120055756403715 1.278169490544445
21923 10991402 1.2741174613174109 3.077920500748832 0.5334 -3.9120055756403715 1.278169490544445
21924 10991402 1.2762919671970012 3.058224965285974 0.5334 -3.9120055756403715 1.278169490544445
21925 10991402 1.2749902980877197 3.018928166885932 0.5334 -3.9120055756403715 1.278169490544445
21926 10991402 1.272231211827389 2.9778879122636073 0.5334 -3.9120055756403715 1.278169490544445
21927 10991402 1.2657811354058714 2.9255531141239923 0.52578 -3.9120055756403715 1.278169490544445
21928 10991402 1.257726684924525 2.884607819214646 0.52578 -3.9120055756403715 1.278169490544445
21929 10991402 1.246929381772983 2.8515686901791004 0.52578 -3.9120055756403715 1.278169490544445
21930 10991402 1.2384955533010387 2.8094622585548863 0.52578 -3.9120055756403715 1.278169490544445
21931 10991402 1.2328036967699012 2.792045463282776 0.52578 -3.9120055756403715 1.278169490544445
21932 10991402 1.2143363840715755 2.7464029458055452 0.52324 -3.9120055756403715 1.278169490544445
21933 10991402 1.19586907137325 2.700760428328315 0.5207 -3.9120055756403715 1.278169490544445
21934 10991402 1.1774017586749244 2.655117910851084 0.5181600000000001 -3.9120055756403715 1.278169490544445
21935 10991402 1.163136943445365 2.627768358942136 0.5181600000000001 -3.9120055756403715 1.278169490544445
21936 10991402 1.1488721282158054 2.6004188070331877 0.5181600000000001 -3.9120055756403715 1.278169490544445
21937 10991402 1.1329514264425806 2.5680025850916524 0.5181600000000001 -3.9120055756403715 1.278169490544445
21938 10991402 1.1156765870269707 2.534159633247936 0.5181600000000001 -3.9120055756403715 1.278169490544445
21939 10991402 1.1055383356665047 2.5180791334363506 0.51054 -3.9120055756403715 1.278169490544445
21940 10991402 1.0767693346241378 2.46509392953833 0.51054 -3.9120055756403715 1.278169490544445
21941 10991402 1.0543555057706855 2.42802362216396 0.51054 -3.9120055756403715 1.278169490544445
21942 10991402 1.038503516724181 2.3958186415511467 0.51054 -3.9120055756403715 1.278169490544445
21943 10991402 1.0100372340838524 2.353541353219234 0.50673 -3.9120055756403715 1.278169490544445
21944 10991402 0.9815709514435237 2.3112640648873213 0.50292 -3.9120055756403715 1.278169490544445
21945 10991402 0.9714367822772463 2.2938387320674285 0.50292 -3.9120055756403715 1.278169490544445
21946 10991402 0.9613026131109689 2.2764133992475357 0.50292 -3.9120055756403715 1.278169490544445
21947 10991402 0.9406372455616608 2.245781559674538 0.4953 -3.9120055756403715 1.278169490544445
21948 10991402 0.9040669570681523 2.1990846924665415 0.4953 -3.9120055756403715 1.278169490544445
21949 11289096 0.0010220448934132875 0.05013685498642975 0.21336000000000002 -3.9120055756403715 1.278169490544445
21949 10991402 0.8753233323623146 2.1722613745956707 0.4953 -3.9120055756403715 1.278169490544445
21950 10991402 0.8278668173880523 2.1302908661148043 0.4953 -3.9120055756403715 1.278169490544445
21950 11289096 0.005552367145152006 0.0487951098993152 0.21336000000000002 -3.9120055756403715 1.278169490544445
21951 11289096 0.010082689396890724 0.04745336481220066 0.21336000000000002 -3.9120055756403715 1.278169490544445
21951 10991402 0.7998353739039714 2.110945779178555 0.4953 -3.9120055756403715 1.278169490544445
21952 11289096 0.014613011648629442 0.04611161972508611 0.21336000000000002 -3.9120055756403715 1.278169490544445
21952 10991402 0.7718039304198906 2.091600692242306 0.4953 -3.9120055756403715 1.278169490544445
21953 10991402 0.7372085690310309 2.0715971040434384 0.4953 -3.9120055756403715 1.278169490544445
21953 11289096 0.01914333390036816 0.044769874637971566 0.21336000000000002 -3.9120055756403715 1.278169490544445
21954 11289096 0.023673656152106877 0.043428129550857016 0.21336000000000002 -3.9120055756403715 1.278169490544445
21954 10991402 0.6975221347243734 2.050687322746593 0.4953 -3.9120055756403715 1.278169490544445
21955 11289096 0.028203978403845597 0.04208638446374247 0.21336000000000002 -3.9120055756403715 1.278169490544445
21955 10991402 0.653306945758853 2.0295054343149004 0.4953 -3.9120055756403715 1.278169490544445
21956 11289096 0.03273430065558432 0.04074463937662792 0.21336000000000002 -3.9120055756403715 1.278169490544445
21956 10991402 0.6157246184265129 2.0150349290148415 0.4953 -3.9120055756403715 1.278169490544445
21957 10991402 0.5812732856489697 2.001994631951515 0.4953 -3.9120055756403715 1.278169490544445
21957 11289096 0.03726462290732303 0.03940289428951338 0.21336000000000002 -3.9120055756403715 1.278169490544445
21958 10991402 0.5266890413349986 1.9871233006768405 0.48768 -3.9120055756403715 1.278169490544445
21958 11289096 0.04179494515906175 0.03806114920239883 0.21336000000000002 -3.9120055756403715 1.278169490544445
21959 11289096 0.046325267410800466 0.036719404115284286 0.21336000000000002 -3.9120055756403715 1.278169490544445
21959 10991402 0.4857420191310008 1.9786600350860029 0.48768 -3.9120055756403715 1.278169490544445
21960 10991402 0.4436717609089379 1.970564116971637 0.48768 -3.9120055756403715 1.278169490544445
21960 11289096 0.05085558966253919 0.035377659028169736 0.21336000000000002 -3.9120055756403715 1.278169490544445
21961 11289096 0.055385911914277906 0.03403591394105519 0.21336000000000002 -3.9120055756403715 1.278169490544445
21961 10991402 0.4111204758513959 1.9661915896372086 0.48768 -3.9120055756403715 1.278169490544445
21962 10991402 0.3785691907938539 1.96181906230278 0.48768 -3.9120055756403715 1.278169490544445
21962 11289096 0.05991623416601662 0.03269416885394064 0.21336000000000002 -3.9120055756403715 1.278169490544445
21963 11289096 0.06444655641775535 0.03135242376682609 0.21336000000000002 -3.9120055756403715 1.278169490544445
21963 10991402 0.336623211235633 1.9577722646144111 0.48768 -3.9120055756403715 1.278169490544445
21964 11289096 0.06897687866949406 0.03001067867971155 0.21336000000000002 -3.9120055756403715 1.278169490544445
21964 10991402 0.294677231677412 1.9537254669260424 0.48768 -3.9120055756403715 1.278169490544445
21965 10991402 0.26998097259536114 1.9515173523818967 0.48768 -3.9120055756403715 1.278169490544445
21965 11289096 0.07350720092123278 0.028668933592597003 0.21336000000000002 -3.9120055756403715 1.278169490544445
21966 11289096 0.0780375231729715 0.027327188505482457 0.21336000000000002 -3.9120055756403715 1.278169490544445
21966 10991402 0.20324137869770165 1.9456454271028973 0.48768 -3.9120055756403715 1.278169490544445
21967 10991402 0.1642602544448435 1.943200508607923 0.48768 -3.9120055756403715 1.278169490544445
21967 11289096 0.08256784542471021 0.02598544341836791 0.21336000000000002 -3.9120055756403715 1.278169490544445
21968 10991402 0.12305348725456855 1.9393803813502597 0.48768 -3.9120055756403715 1.278169490544445
21968 11289096 0.08709816767644893 0.024643698331253364 0.21336000000000002 -3.9120055756403715 1.278169490544445
21969 11289096 0.09162848992818765 0.023301953244138817 0.21336000000000002 -3.9120055756403715 1.278169490544445
21969 10991402 0.08665138379869242 1.9366768664506115 0.48768 -3.9120055756403715 1.278169490544445
21970 11289096 0.09615881217992638 0.02196020815702427 0.21336000000000002 -3.9120055756403715 1.278169490544445
21970 10991402 0.037913903329223286 1.9342676533107517 0.48768 -3.9120055756403715 1.278169490544445
21971 11289096 0.10068913443166509 0.020618463069909724 0.21336000000000002 -3.9120055756403715 1.278169490544445
21971 10991402 -0.01986412801800297 1.925935049202592 0.48768 -3.9120055756403715 1.278169490544445
21972 11289096 0.10521945668340381 0.019276717982795177 0.21336000000000002 -3.9120055756403715 1.278169490544445
21972 10991402 -0.059889516122681785 1.9230147714145218 0.48768 -3.9120055756403715 1.278169490544445
21973 10991402 -0.0927035086950816 1.9204241130007964 0.48768 -3.9120055756403715 1.278169490544445
21973 11289096 0.10974977893514253 0.017934972895680627 0.21336000000000002 -3.9120055756403715 1.278169490544445
21974 10991402 -0.12112264056114375 1.9163382950085694 0.48768 -3.9120055756403715 1.278169490544445
21974 11289096 0.11428010118688124 0.016593227808566084 0.21336000000000002 -3.9120055756403715 1.278169490544445
21975 11289096 0.11881042343861996 0.015251482721451534 0.21336000000000002 -3.9120055756403715 1.278169490544445
21975 10991402 -0.1495417724272059 1.9122524770163425 0.48768 -3.9120055756403715 1.278169490544445
21976 11289096 0.12334074569035867 0.013909737634336991 0.21336000000000002 -3.9120055756403715 1.278169490544445
21976 10991402 -0.19220724342168571 1.906690988079723 0.4953 -3.9120055756403715 1.278169490544445
21977 11289096 0.1278710679420974 0.012567992547222441 0.21336000000000002 -3.9120055756403715 1.278169490544445
21977 10991402 -0.22880863546687213 1.9006658036581732 0.48768 -3.9120055756403715 1.278169490544445
21978 11289096 0.13240139019383612 0.011226247460107898 0.21336000000000002 -3.9120055756403715 1.278169490544445
21978 10991402 -0.27338939270122187 1.8946794431461542 0.48768 -3.9120055756403715 1.278169490544445
21979 11289096 0.13693171244557484 0.009884502372993348 0.21336000000000002 -3.9120055756403715 1.278169490544445
21979 10991402 -0.3137017642644706 1.89197106210585 0.48006 -3.9120055756403715 1.278169490544445
21980 11289096 0.14146203469731355 0.008542757285878805 0.21336000000000002 -3.9120055756403715 1.278169490544445
21980 10991402 -0.35357952556283445 1.8884197543701216 0.48768 -3.9120055756403715 1.278169490544445
21981 10991402 -0.38816270920008167 1.8831373587153426 0.48768 -3.9120055756403715 1.278169490544445
21981 11289096 0.14599235694905227 0.007201012198764255 0.21336000000000002 -3.9120055756403715 1.278169490544445
21982 10991402 -0.42967309203952797 1.8756804939006477 0.4953 -3.9120055756403715 1.278169490544445
21982 11289096 0.150522679200791 0.005859267111649705 0.21336000000000002 -3.9120055756403715 1.278169490544445
21983 11289096 0.1550530014525297 0.004517522024535162 0.21336000000000002 -3.9120055756403715 1.278169490544445
21983 10991402 -0.4659131847031015 1.8653320691853768 0.48768 -3.9120055756403715 1.278169490544445
21984 11289096 0.15958332370426842 0.0031757769374206116 0.21336000000000002 -3.9120055756403715 1.278169490544445
21984 10991402 -0.5081570265953022 1.8583490855642901 0.4953 -3.9120055756403715 1.278169490544445
21985 10991402 -0.5377546779672084 1.8520211615768425 0.48768 -3.9120055756403715 1.278169490544445
21985 11289096 0.16411364595600714 0.0018340318503060685 0.21336000000000002 -3.9120055756403715 1.278169490544445
21986 10991402 -0.5767000228770209 1.837475501427428 0.48768 -3.9120055756403715 1.278169490544445
21986 11289096 0.16864396820774585 0.0004922867631915184 0.21336000000000002 -3.9120055756403715 1.278169490544445
21987 10991402 -0.6156453677868333 1.8229298412780133 0.48768 -3.9120055756403715 1.278169490544445
21987 11289096 0.19481756744545708 0.0008645811028220771 0.21539200000000003 -3.9120055756403715 1.278169490544445
21988 10991402 -0.6462407918091821 1.806763759423435 0.48387 -3.9120055756403715 1.278169490544445
21988 11289096 0.22099116668316834 0.0012368754424526359 0.217424 -3.9120055756403715 1.278169490544445
21989 10991402 -0.6768362158315311 1.7905976775688563 0.48006 -3.9120055756403715 1.278169490544445
21989 11289096 0.2471647659208796 0.0016091697820831946 0.219456 -3.9120055756403715 1.278169490544445
21990 10991402 -0.7146745994179722 1.7672197395515348 0.48006 -3.9120055756403715 1.278169490544445
21990 11289096 0.27333836515859083 0.0019814641217137533 0.22148800000000002 -3.9120055756403715 1.278169490544445
21991 10991402 -0.735130539403815 1.7454011769419557 0.48006 -3.9120055756403715 1.278169490544445
21991 11289096 0.29951196439630207 0.0023537584613443118 0.22352000000000002 -3.9120055756403715 1.278169490544445
21992 10991402 -0.7638767962360016 1.7226719093640732 0.47243999999999997 -3.9120055756403715 1.278169490544445
21992 11289096 0.32568556363401335 0.0027260528009748707 0.225552 -3.9120055756403715 1.278169490544445
21993 10991402 -0.7965499997478351 1.6852202142962136 0.47243999999999997 -3.9120055756403715 1.278169490544445
21993 11289096 0.3518591628717246 0.0030983471406054296 0.227584 -3.9120055756403715 1.278169490544445
21994 11289096 0.3780327621094358 0.003470641480235988 0.22961600000000001 -3.9120055756403715 1.278169490544445
21994 10991402 -0.8188274395167003 1.6551177926589993 0.46482000000000007 -3.9120055756403715 1.278169490544445
21995 11289096 0.40420636134714705 0.0038429358198665466 0.23164800000000002 -3.9120055756403715 1.278169490544445
21995 10991402 -0.8475242550541169 1.6162488980217609 0.46482000000000007 -3.9120055756403715 1.278169490544445
21996 10991402 -0.8539007061918897 1.604897936483695 0.46101000000000003 -3.9120055756403715 1.278169490544445
21996 11289096 0.4303799605848583 0.004215230159497105 0.23368 -3.9120055756403715 1.278169490544445
21997 11289096 0.45655355982256957 0.0045875244991276645 0.235712 -3.9120055756403715 1.278169490544445
21997 10991402 -0.8602771573296626 1.5935469749456292 0.45720000000000005 -3.9120055756403715 1.278169490544445
21998 10991402 -0.8836642857235559 1.555979398794041 0.45720000000000005 -3.9120055756403715 1.278169490544445
21998 11289096 0.4827271590602808 0.004959818838758223 0.237744 -3.9120055756403715 1.278169490544445
21999 11289096 0.5089007582979921 0.0053321131783887815 0.239776 -3.9120055756403715 1.278169490544445
21999 10991402 -0.8997077986178561 1.5234877547024583 0.44958000000000004 -3.9120055756403715 1.278169490544445
22000 11289096 0.5350743575357033 0.005704407518019341 0.241808 -3.9120055756403715 1.278169490544445
22000 10991402 -0.9198390978523727 1.4956044792435412 0.44196 -3.9120055756403715 1.278169490544445
22001 11289096 0.5612479567734145 0.006076701857649899 0.24384 -3.9120055756403715 1.278169490544445
22001 10991402 -0.9346716745526018 1.469259737683999 0.44196 -3.9120055756403715 1.278169490544445
22002 10991402 -0.9484520613565768 1.4407014768910416 0.44196 -3.9120055756403715 1.278169490544445
22002 11289096 0.6357326764355344 0.0030004934664546318 0.24384 -3.9120055756403715 1.278169490544445
22003 11289096 0.6747871020211712 0.0032742957028130838 0.245745 -3.9120055756403715 1.278169490544445
22003 10991402 -0.9683936273437028 1.398735629297317 0.44196 -3.9120055756403715 1.278169490544445
22004 10991402 -0.9817253377743853 1.3715495318644433 0.43434000000000006 -3.9120055756403715 1.278169490544445
22004 11289096 0.7138415276068081 0.0035480979391715357 0.24765 -3.9120055756403715 1.278169490544445
22005 11289096 0.7528959531924448 0.0038219001755299877 0.249555 -3.9120055756403715 1.278169490544445
22005 10991402 -0.9912527762917971 1.3424182168595007 0.43434000000000006 -3.9120055756403715 1.278169490544445
22006 10991402 -1.007017583992486 1.313223763222178 0.43434000000000006 -3.9120055756403715 1.278169490544445
22006 11289096 0.7919503787780817 0.00409570241188844 0.25146 -3.9120055756403715 1.278169490544445
22007 10991402 -1.0166140843168892 1.2838813622785492 0.43434000000000006 -3.9120055756403715 1.278169490544445
22007 11289096 0.8310048043637185 0.004369504648246892 0.253365 -3.9120055756403715 1.278169490544445
22008 11289096 0.8700592299493553 0.004643306884605344 0.25527 -3.9120055756403715 1.278169490544445
22008 10991402 -1.0214313366307146 1.252859062658174 0.42672000000000004 -3.9120055756403715 1.278169490544445
22009 10991402 -1.0307433133405155 1.2216710419255836 0.42672000000000004 -3.9120055756403715 1.278169490544445
22009 11289096 0.9091136555349921 0.004917109120963796 0.257175 -3.9120055756403715 1.278169490544445
22010 11289096 0.9481680811206289 0.005190911357322248 0.25908 -3.9120055756403715 1.278169490544445
22010 10991402 -1.040393656360107 1.1928428171832592 0.42291 -3.9120055756403715 1.278169490544445
22011 11289096 0.9872225067062657 0.0054647135936807 0.260985 -3.9120055756403715 1.278169490544445
22011 10991402 -1.0500439993796984 1.1640145924409349 0.41910000000000003 -3.9120055756403715 1.278169490544445
22012 10991402 -1.0558203254237966 1.1388849797413214 0.41910000000000003 -1.8153108089675558 0.9690319315923273
22012 11289096 1.0262769322919025 0.005738515830039152 0.26289 -1.8153108089675558 0.9690319315923273
22013 10991402 -1.0615966514678945 1.1137553670417082 0.41910000000000003 -1.8153108089675558 0.9690319315923273
22013 11289096 1.0653313578775392 0.0060123180663976036 0.264795 -1.8153108089675558 0.9690319315923273
22014 11289096 1.104385783463176 0.0062861203027560555 0.2667 -1.8153108089675558 0.9690319315923273
22014 10991402 -1.0664482638503585 1.0826274832991087 0.41148 -1.8153108089675558 0.9690319315923273
22015 10991402 -1.0760447001463098 1.0532850735074406 0.41148 -1.8153108089675558 0.9690319315923273
22015 11289096 1.143440209048813 0.0065599225391145075 0.268605 -1.8153108089675558 0.9690319315923273
22016 11289096 1.1824946346344496 0.0068337247754729595 0.27051000000000003 -1.8153108089675558 0.9690319315923273
22016 10991402 -1.0808617304709098 1.022262724379021 0.41148 -1.8153108089675558 0.9690319315923273
22017 10991402 -1.082547838112183 0.9818040983807423 0.41148 -1.8153108089675558 0.9690319315923273
22017 11289096 1.2215490602200867 0.0071075270118314115 0.272415 -1.8153108089675558 0.9690319315923273
22018 10991402 -1.0868712267839507 0.9512045090673823 0.40386 -1.8153108089675558 0.9690319315923273
22018 11289096 1.2606034858057233 0.0073813292481898635 0.27432 -1.8153108089675558 0.9690319315923273
22019 11289096 1.2981427683584792 0.0053990558278416145 0.27432 -1.8153108089675558 0.9690319315923273
22019 10991402 -1.093057672171157 0.9157228591731271 0.39624000000000004 -1.8153108089675558 0.9690319315923273
22020 11289096 1.342324191649677 0.007438947043811567 0.27432 -1.8153108089675558 0.9690319315923273
22020 10991402 -1.1038276520421595 0.8827917793160079 0.39624000000000004 -1.8153108089675558 0.9690319315923273
22021 10991402 -1.106724447310052 0.8562823110702066 0.39624000000000004 -1.8153108089675558 0.9690319315923273
22021 11289096 1.3767915562032043 0.006927821291272632 0.27432 -1.8153108089675558 0.9690319315923273
22022 11289096 1.421007302926545 0.009073761963024049 0.3048 -1.8153108089675558 0.9690319315923273
22022 10991402 -1.1114721741238074 0.8254710050162944 0.38862 -1.8153108089675558 0.9690319315923273
22023 10991402 -1.1144779565851908 0.7836914685907004 0.38862 -1.8153108089675558 0.9690319315923273
22023 11289096 1.4836363837672604 0.009411079582809442 0.3048 -1.8153108089675558 0.9690319315923273
22024 10991402 -1.11430790609625 0.7516223707879475 0.38862 -1.8153108089675558 0.9690319315923273
22024 11289096 1.5276343773765466 0.01197920871211007 0.3048 -1.8153108089675558 0.9690319315923273
22025 11289096 1.5650354046335886 0.009576103272473172 0.3048 -1.8153108089675558 0.9690319315923273
22025 10991402 -1.115853235426557 0.7387498644603335 0.38862 -1.8153108089675558 0.9690319315923273
22026 11289096 1.6054799465049778 0.01377260599221486 0.3048 -1.8153108089675558 0.9690319315923273
22026 10991402 -1.117398564756864 0.7258773581327196 0.38862 -1.8153108089675558 0.9690319315923273
22027 11289096 1.6463539280296708 0.009768269103801047 0.3048 -1.8153108089675558 0.9690319315923273
22027 10991402 -1.1168271957671203 0.6936770381580372 0.38862 -1.8153108089675558 0.9690319315923273
22028 11289096 1.6577525151002923 0.011360774970848767 0.3048 -1.8153108089675558 0.9690319315923273
22028 10991402 -1.1211650275335223 0.6600444585304395 0.381 -1.8153108089675558 0.9690319315923273
22029 10991402 -1.1194758775269515 0.6326194536696435 0.381 -1.8153108089675558 0.9690319315923273
22029 11289096 1.6691511021709138 0.012953280837896486 0.3048 -1.8153108089675558 0.9690319315923273
22030 11289096 1.7504692711151442 0.013146638422706636 0.3048 -1.8153108089675558 0.9690319315923273
22030 10991402 -1.1188482651977636 0.5992324125898515 0.37338 -1.8153108089675558 0.9690319315923273
22031 10991402 -1.118414637262462 0.5666098528113994 0.37338 -1.8153108089675558 0.9690319315923273
22031 11289096 1.7835850624106264 0.015298359683164287 0.3048 -1.8153108089675558 0.9690319315923273
22032 10991402 -1.117980920536067 0.53398728139515 0.36576 -1.8153108089675558 0.9690319315923273
22032 11289096 1.825421168354901 0.010163011982877473 0.3048 -1.8153108089675558 0.9690319315923273
22033 10991402 -1.1183207224092968 0.5068753601969759 0.36576 -1.8153108089675558 0.9690319315923273
22033 11289096 1.870275608944844 0.008831861375802164 0.3048 -1.8153108089675558 0.9690319315923273
22034 10991402 -1.1130492308056745 0.4730212395151695 0.36576 -1.8153108089675558 0.9690319315923273
22034 11289096 1.9116682155005325 0.008865172038385105 0.3048 -1.8153108089675558 0.9690319315923273
22035 10991402 -1.112878368262178 0.44095203195693433 0.35814000000000007 -1.8153108089675558 0.9690319315923273
22035 11289096 1.9473022862882579 0.005405495114136349 0.33528 -1.8153108089675558 0.9690319315923273
22036 11289096 1.9965948895189911 0.005429420512390065 0.33528 -1.8153108089675558 0.9690319315923273
22036 10991402 -1.1096008773974515 0.4183822143900652 0.35814000000000007 -1.8153108089675558 0.9690319315923273
22037 11289096 2.040176490274927 0.004281289992460163 0.33528 -1.8153108089675558 0.9690319315923273
22037 10991402 -1.1028471280358583 0.37656589022148435 0.35052000000000005 -1.8153108089675558 0.9690319315923273
22038 11289096 2.0832047573981116 -0.0010082650504835422 0.33528 -1.8153108089675558 0.9690319315923273
22038 10991402 -1.1004153632544809 0.345977279972703 0.35052000000000005 -1.8153108089675558 0.9690319315923273
22039 10991402 -1.093910987683221 0.3169777874352194 0.35052000000000005 -1.8153108089675558 0.9690319315923273
22039 11289096 2.1202057019733127 -0.0008247476803272258 0.33528 -1.8153108089675558 0.9690319315923273
22040 11289096 2.1647591132336634 -0.005794112500085963 0.33528 -1.8153108089675558 0.9690319315923273
22040 10991402 -1.0769752397051668 0.2845671108646588 0.35052000000000005 -1.8153108089675558 0.9690319315923273
22041 10991402 -1.0714882942007378 0.2687524288010934 0.35052000000000005 -1.8153108089675558 0.9690319315923273
22041 11289096 2.1928274695357763 -0.006314763025946524 0.33528 -1.8153108089675558 0.9690319315923273
22042 11289096 2.2208958258378892 -0.006835413551807085 0.33528 -1.8153108089675558 0.9690319315923273
22042 10991402 -1.053068085522243 0.24088041767136184 0.34290000000000004 -1.8153108089675558 0.9690319315923273
22043 11289096 2.259400292159249 -0.004221678534259504 0.33528 -1.8153108089675558 0.9690319315923273
22043 10991402 -1.0455057996668593 0.2300537026078304 0.34290000000000004 -1.8153108089675558 0.9690319315923273
22044 11289096 2.3099649623225815 -0.0043774724818181066 0.33528 -1.8153108089675558 0.9690319315923273
22044 10991402 -1.0379435138114756 0.21922698754429895 0.34290000000000004 -1.8153108089675558 0.9690319315923273
22045 10991402 -1.0144279936221048 0.19471292781410202 0.34290000000000004 -1.8153108089675558 0.9690319315923273
22045 11289096 2.35260856459191 -0.0015961449260563365 0.33528 -1.8153108089675558 0.9690319315923273
22046 10991402 -0.9913177269024624 0.17710799380834638 0.33528 -1.8153108089675558 0.9690319315923273
22046 11289096 2.3894282029657665 0.002386065021017708 0.33528 -1.8153108089675558 0.9690319315923273
22047 11289096 2.428758469975023 0.005899164949994179 0.33528 -1.8153108089675558 0.9690319315923273
22047 10991402 -0.9649588069514061 0.16264696654220354 0.32766 -1.8153108089675558 0.9690319315923273
22048 10991402 -0.9391606332571596 0.1491872700105182 0.32766 -1.8153108089675558 0.9690319315923273
22048 11289096 2.4741871648355627 0.007421330566086043 0.33528 -1.8153108089675558 0.9690319315923273
22049 10991402 -0.9159077087222325 0.1360926057381492 0.32766 -1.8153108089675558 0.9690319315923273
22049 11289096 2.5138382241825354 0.010830102718603268 0.33528 -1.8153108089675558 0.9690319315923273
22050 10991402 -0.8922768049841654 0.12252394097374084 0.32004000000000005 -1.8153108089675558 0.9690319315923273
22050 11289096 2.586754002239715 0.018214602607594083 0.36576 -1.8153108089675558 0.9690319315923273
22051 11289096 2.628618201080076 0.022420013652235976 0.36576 -1.8153108089675558 0.9690319315923273
22051 10991402 -0.8589701415679818 0.10649264763543684 0.31242000000000003 -1.8153108089675558 0.9690319315923273
22052 11289096 2.6670271501232934 0.02039414476588633 0.36576 -1.8153108089675558 0.9690319315923273
22052 10991402 -0.8292803842399632 0.09678490278471943 0.31242000000000003 -1.8153108089675558 0.9690319315923273
22053 10991402 -0.8148367037094906 0.09206226137735632 0.31242000000000003 -1.8153108089675558 0.9690319315923273
22053 11289096 2.702240216802874 0.023266800614470867 0.36576 -1.8153108089675558 0.9690319315923273
22054 10991402 -0.7795125448408278 0.07513808550884701 0.31242000000000003 -1.8153108089675558 0.9690319315923273
22054 11289096 2.7634582309391855 0.02746273508893579 0.36576 -1.8153108089675558 0.9690319315923273
22055 11289096 2.7874723195361932 0.026223431378120415 0.36576 -1.8153108089675558 0.9690319315923273
22055 10991402 -0.7463093318129734 0.0696563554340899 0.3048 -1.8153108089675558 0.9690319315923273
22056 11289096 2.811486408133201 0.02498412766730504 0.36576 -1.8153108089675558 0.9690319315923273
22056 10991402 -0.7233598353284769 0.062152887332056844 0.3048 -1.8153108089675558 0.9690319315923273
22057 11289096 2.8530126409277456 0.030469227194395793 0.36576 -1.8153108089675558 0.9690319315923273
22057 10991402 -0.7109221573363907 0.05808636470077719 0.30099 -1.8153108089675558 0.9690319315923273
22058 10991402 -0.6984844793443046 0.05401984206949753 0.29718 -1.8153108089675558 0.9690319315923273
22058 11289096 2.9141196689218605 0.03201571712524107 0.36576 -1.8153108089675558 0.9690319315923273
22059 11289096 2.9402110941167687 0.03442098903763427 0.381 -1.8153108089675558 0.9690319315923273
22059 10991402 -0.6736090946219462 0.04588688470765487 0.29718 -1.8153108089675558 0.9690319315923273
22060 11289096 2.966302519311677 0.03682626095002747 0.39624000000000004 -1.8153108089675558 0.9690319315923273
22060 10991402 -0.6319690502124102 0.03741366431791701 0.29718 -1.8153108089675558 0.9690319315923273
22061 10991402 -0.611105777043357 0.030592665458059914 0.29718 -1.8153108089675558 0.9690319315923273
22061 11289096 3.0292983241571 0.04348110842740158 0.39624000000000004 -1.8153108089675558 0.9690319315923273
22062 11289096 3.074534602818251 0.051494358917123145 0.39624000000000004 -1.8153108089675558 0.9690319315923273
22062 10991402 -0.5853073285636965 0.02799994680873316 0.28956 -1.8153108089675558 0.9690319315923273
22063 10991402 -0.5583285177216892 0.024670924331962857 0.28956 -1.8153108089675558 0.9690319315923273
22063 11289096 3.111917272463147 0.060202274453695054 0.39624000000000004 -1.8153108089675558 0.9690319315923273
22064 10991402 -0.5211130493565119 0.01787856172733246 0.28956 -1.8153108089675558 0.9690319315923273
22064 11289096 3.148497867235 0.06998985390606635 0.39624000000000004 -1.8153108089675558 0.9690319315923273
22065 11289096 3.189912722328895 0.07282616794873861 0.39624000000000004 -1.8153108089675558 0.9690319315923273
22065 10991402 -0.5084296466483333 0.01863907414828711 0.28194 -1.8153108089675558 0.9690319315923273
22066 11289096 3.241489970443136 0.08285913947242193 0.39624000000000004 -1.8153108089675558 0.9690319315923273
22066 10991402 -0.4734032176974281 0.01302993824310153 0.28194 -1.8153108089675558 0.9690319315923273
22067 11289096 3.2709824109278403 0.08888634397355219 0.39624000000000004 -1.8153108089675558 0.9690319315923273
22067 10991402 -0.4464356581597959 0.00993868072620488 0.28194 -1.8153108089675558 0.9690319315923273
22068 11289096 3.3197286327825664 0.10112874441722805 0.39624000000000004 -1.8153108089675558 0.9690319315923273
22068 10991402 -0.4247874620335137 0.008235970578072765 0.28194 -1.8153108089675558 0.9690319315923273
22069 11289096 3.3586804628943403 0.10839102525696351 0.42672000000000004 -1.8153108089675558 0.9690319315923273
22069 10991402 -0.39680640393008204 0.009603716508352761 0.27432 -1.8153108089675558 0.9690319315923273
22070 10991402 -0.37135308657851795 0.005956252586096195 0.27432 -1.8153108089675558 0.9690319315923273
22070 11289096 3.4238238742249916 0.12462752207577663 0.42672000000000004 -1.8153108089675558 0.9690319315923273
22071 11289096 3.440622615960032 0.12849014123263333 0.42672000000000004 -1.8153108089675558 0.9690319315923273
22071 10991402 -0.3437733047086111 0.007455366344867348 0.2667 -1.8153108089675558 0.9690319315923273
22072 11289096 3.4574213576950728 0.13235276038949004 0.42672000000000004 -1.8153108089675558 0.9690319315923273
22072 10991402 -0.3251170564894763 0.0067894416519937995 0.2667 -1.8153108089675558 0.9690319315923273
22073 11289096 3.516209262058383 0.14272075923474423 0.42672000000000004 -1.8153108089675558 0.9690319315923273
22073 10991402 -0.3064608082703415 0.006123516959120251 0.2667 -1.8153108089675558 0.9690319315923273
22074 11289096 3.5517794163268883 0.15213883826865868 0.42672000000000004 -1.8153108089675558 0.9690319315923273
22074 10991402 -0.27996356282333035 0.0029529431924976424 0.2667 -1.8153108089675558 0.9690319315923273
22075 11289096 3.61508485637596 0.16383672630847798 0.42672000000000004 -1.8153108089675558 0.9690319315923273
22075 10991402 -0.2602397103094667 0.0035154020959640986 0.25908000000000003 -1.8153108089675558 0.9690319315923273
22076 10991402 -0.23707345866316776 0.006457608412017063 0.25908000000000003 -1.8153108089675558 0.9690319315923273
22076 11289096 3.6547954344292677 0.1766933649540646 0.42672000000000004 -1.8153108089675558 0.9690319315923273
22077 10991402 -0.2105762584476245 0.003287294415972336 0.25146 -1.8153108089675558 0.9690319315923273
22077 11289096 3.6980002965373346 0.18502228747514424 0.42672000000000004 -1.8153108089675558 0.9690319315923273
22078 11289096 3.721060944484652 0.19338349410099206 0.42672000000000004 -1.8153108089675558 0.9690319315923273
22078 10991402 -0.1816204949773006 0.004921356136972893 0.25146 -1.8153108089675558 0.9690319315923273
22079 10991402 -0.16139593181862866 0.0015817826104370936 0.24384 -1.8153108089675558 0.9690319315923273
22079 11289096 3.767921791786522 0.19958520071227656 0.42672000000000004 -1.8153108089675558 0.9690319315923273
22080 10991402 -0.13373614844480053 0.00305548238855588 0.24384 -1.8153108089675558 0.9690319315923273
22080 11289096 3.8219983657197822 0.21429613990664573 0.42672000000000004 -1.8153108089675558 0.9690319315923273
22081 10991402 -0.11256959110488285 0.0015111010006769454 0.24384 -1.8153108089675558 0.9690319315923273
22081 11289096 3.868345474729958 0.22545533755027122 0.45720000000000005 -1.8153108089675558 0.9690319315923273
22082 10991402 -0.0885231714533512 0.0017125828257694986 0.23621999999999999 -1.8153108089675558 0.9690319315923273
22082 11289096 3.906276763660343 0.23585651537893923 0.42672000000000004 -1.8153108089675558 0.9690319315923273
22083 10991402 -0.06532262331181304 0.004760902014698504 0.23621999999999999 -1.8153108089675558 0.9690319315923273
22083 11289096 3.951064081341567 0.24659059914690926 0.45720000000000005 -1.8153108089675558 0.9690319315923273
22084 10991402 -0.03124579325402521 0.0016840511089783183 0.23621999999999999 -1.8153108089675558 0.9690319315923273
22084 11289096 3.9909557130116298 0.25728696349270663 0.45720000000000005 -1.8153108089675558 0.9690319315923273
22085 11289096 4.039102262298508 0.2687943743421619 0.45720000000000005 -1.8153108089675558 0.9690319315923273
22085 10991402 -0.005456574033492312 0.0017834739010048617 0.22860000000000003 -1.8153108089675558 0.9690319315923273
22086 11289096 4.06467388284762 0.27914059336213237 0.45720000000000005 -1.8153108089675558 0.9690319315923273
22086 10991402 0.017377153273195778 0.0050687547642936925 0.22860000000000003 -1.8153108089675558 0.9690319315923273
22087 11289096 4.135856673710052 0.2986681205922753 0.45720000000000005 -1.8153108089675558 0.9690319315923273
22087 10991402 0.038930517261429376 0.00036077210827190065 0.22860000000000003 -1.8153108089675558 0.9690319315923273
22088 10991402 0.06074198391051244 0.001877345201399705 0.22098 -1.8153108089675558 0.9690319315923273
22088 11289096 4.171883534220224 0.3084068195251225 0.45720000000000005 -1.8153108089675558 0.9690319315923273
22089 11289096 4.211557484950995 0.32116093447328264 0.45720000000000005 -1.8153108089675558 0.9690319315923273
22089 10991402 0.07990270389020787 0.0013980219499058755 0.22098 -1.8153108089675558 0.9690319315923273
22090 10991402 0.0990634238699033 0.000918698698412046 0.22098 -1.8153108089675558 0.9690319315923273
22090 11289096 4.244522389568015 0.32967957157286465 0.45720000000000005 -1.8153108089675558 0.9690319315923273
22091 10991402 0.12105817791817369 0.002317142790736526 0.21717000000000003 -1.8153108089675558 0.9690319315923273
22091 11289096 4.277487294185036 0.33819820867244665 0.45720000000000005 -1.8153108089675558 0.9690319315923273
22092 10991402 0.14305293196644409 0.003715586883061006 0.21336000000000002 -1.8153108089675558 0.9690319315923273
22092 11289096 4.315797132921386 0.35221548024921157 0.45720000000000005 -1.8153108089675558 0.9690319315923273
22093 10991402 0.1638293443247959 0.0020658246454707263 0.22098 -1.8153108089675558 0.9690319315923273
22093 11289096 4.359265611212529 0.3657180155590932 0.48768 -1.8153108089675558 0.9690319315923273
22094 10991402 0.17544671607123896 0.0036431634005859026 0.22098 -1.8153108089675558 0.9690319315923273
22094 11289096 4.4053923964940855 0.3764845397605162 0.48768 -1.8153108089675558 0.9690319315923273
22095 10991402 0.201507947069142 0.0004999649132081119 0.22098 -1.8153108089675558 0.9690319315923273
22095 11289096 4.443401968518901 0.38686235365527233 0.48768 -1.8153108089675558 0.9690319315923273
22096 11289096 4.484555808960162 0.4041576331142621 0.48768 -1.8153108089675558 0.9690319315923273
22096 10991402 0.21724472729185818 0.005170591821716919 0.21336000000000002 -1.8153108089675558 0.9690319315923273
22097 11289096 4.520547001455784 0.4137924912830412 0.48768 -1.8153108089675558 0.9690319315923273
22097 10991402 0.24555349916377556 0.0021108172137327408 0.21336000000000002 -1.8153108089675558 0.9690319315923273
22098 11289096 4.562891967510389 0.42929780252117744 0.48768 -1.8153108089675558 0.9690319315923273
22098 10991402 0.2673085029867277 0.004814702330288051 0.21336000000000002 -1.8153108089675558 0.9690319315923273
22099 11289096 4.6274257347017524 0.45730577096006375 0.5181600000000001 -1.8153108089675558 0.9690319315923273
22099 10991402 0.28401002446659895 0.004964320789599422 0.21336000000000002 -1.8153108089675558 0.9690319315923273
22100 10991402 0.3007115459464702 0.005113939248910793 0.21336000000000002 -1.8153108089675558 0.9690319315923273
22100 11289096 4.665978054631974 0.4786042695761529 0.5181600000000001 -1.8153108089675558 0.9690319315923273
22101 10991402 0.3171261964927791 0.0050653058077148455 0.21336000000000002 -1.8153108089675558 0.9690319315923273
22101 11289096 4.701789636877748 0.4985775666544151 0.5181600000000001 -1.8153108089675558 0.9690319315923273
22102 11289096 4.718602011979581 0.5120163753003715 0.5181600000000001 -1.8153108089675558 0.9690319315923273
22102 10991402 0.33354084703908804 0.005016672366518898 0.21336000000000002 -1.8153108089675558 0.9690319315923273
22103 10991402 0.33817247694039343 0.003970368934835378 0.21336000000000002 -1.8153108089675558 0.9690319315923273
22103 11289096 4.7354143870814145 0.5254551839463278 0.5181600000000001 -1.8153108089675558 0.9690319315923273
22104 10991402 0.3527797279264941 0.004551462738279073 0.21336000000000002 -1.8153108089675558 0.9690319315923273
22104 11289096 4.792087642116871 0.5658401288356792 0.5181600000000001 -1.8153108089675558 0.9690319315923273
22105 10991402 0.3673869789125948 0.00513255654172277 0.21336000000000002 -1.8153108089675558 0.9690319315923273
22105 11289096 4.829641486243097 0.6001385759904551 0.5181600000000001 -1.8153108089675558 0.9690319315923273
22106 10991402 0.38199422989869547 0.0057136503451664655 0.21336000000000002 -1.8153108089675558 0.9690319315923273
22106 11289096 4.871431886718042 0.6434803955727822 0.5181600000000001 -1.8153108089675558 0.9690319315923273
22107 10991402 0.39660148088479613 0.006294744148610162 0.21336000000000002 -1.8153108089675558 0.9690319315923273
22107 11289096 4.913222287192989 0.6868222151551094 0.5181600000000001 -1.8153108089675558 0.9690319315923273
22108 11289096 4.932831646745124 0.7208917363952653 0.5181600000000001 -1.8153108089675558 0.9690319315923273
22108 10991402 0.41120873187089685 0.006875837952053858 0.21336000000000002 -1.8153108089675558 0.9690319315923273
22109 11289096 4.952441006297261 0.754961257635421 0.5181600000000001 -1.8153108089675558 0.9690319315923273
22109 10991402 0.4258159828569975 0.007456931755497553 0.21336000000000002 -1.8153108089675558 0.9690319315923273
22110 11289096 4.972050365849396 0.7890307788755768 0.5181600000000001 -1.8153108089675558 0.9690319315923273
22110 10991402 0.4381251614697362 0.007075660119834577 0.21463000000000002 -1.8153108089675558 0.9690319315923273
22111 11289096 4.991659725401532 0.8231003001157327 0.5181600000000001 -1.8153108089675558 0.9690319315923273
22111 10991402 0.45043434008247485 0.006694388484171601 0.2159 -1.8153108089675558 0.9690319315923273
22112 10991402 0.46274351869521346 0.006313116848508625 0.21717000000000003 -1.8153108089675558 0.9690319315923273
22112 11289096 5.011269084953668 0.8571698213558885 0.5181600000000001 -1.8153108089675558 0.9690319315923273
22113 11289096 5.030878444505804 0.8912393425960442 0.5181600000000001 -1.8153108089675558 0.9690319315923273
22113 10991402 0.47505269730795213 0.005931845212845649 0.21844000000000002 -1.8153108089675558 0.9690319315923273
22114 10991402 0.4873618759206908 0.005550573577182673 0.21971000000000002 -1.8153108089675558 0.9690319315923273
22114 11289096 5.05048780405794 0.9253088638362 0.5181600000000001 -1.8153108089675558 0.9690319315923273
22115 10991402 0.49967105453342947 0.005169301941519697 0.22098 -1.8153108089675558 0.9690319315923273
22115 11289096 5.078372125031787 0.9903868012957685 0.5181600000000001 -1.8153108089675558 0.9690319315923273
22116 10991402 0.5122327981368263 0.005153439960343675 0.22098 -1.8153108089675558 0.9690319315923273
22116 11289096 5.094792741282014 1.0284834046465576 0.5181600000000001 -1.8153108089675558 0.9690319315923273
22117 11289096 5.108244746869411 1.0675482911602356 0.5181600000000001 -1.8153108089675558 0.9690319315923273
22117 10991402 0.5247945417402231 0.005137577979167654 0.22098 -1.8153108089675558 0.9690319315923273
22118 10991402 0.53735628534362 0.005121715997991633 0.22098 -1.8153108089675558 0.9690319315923273
22118 11289096 5.121696752456807 1.1066131776739137 0.5181600000000001 -1.8153108089675558 0.9690319315923273
22119 10991402 0.5499180289470168 0.005105854016815611 0.22098 -1.8153108089675558 0.9690319315923273
22119 11289096 5.1375682809463825 1.1605119551300662 0.5181600000000001 -1.8153108089675558 0.9690319315923273
22120 11289096 5.153439809435957 1.214410732586219 0.5181600000000001 -1.8153108089675558 0.9690319315923273
22120 10991402 0.5580937813323144 0.0051213157311885 0.22098 -1.8153108089675558 0.9690319315923273
22121 11289096 5.165856243638456 1.2575804647632836 0.5181600000000001 -1.8153108089675558 0.9690319315923273
22121 10991402 0.5662695337176118 0.0051367774455613885 0.22098 -1.8153108089675558 0.9690319315923273
22122 11289096 5.178272677840955 1.300750196940348 0.5181600000000001 -1.8153108089675558 0.9690319315923273
22122 10991402 0.5687639278525368 0.009508854346079024 0.22098 -1.8153108089675558 0.9690319315923273
22123 10991402 0.5712583219874618 0.013880931246596659 0.22098 -1.8153108089675558 0.9690319315923273
22123 11289096 5.185993669860107 1.3407499392914721 0.5181600000000001 -1.8153108089675558 0.9690319315923273
22124 10991402 0.573752716122387 0.018253008147114294 0.22098 -1.8153108089675558 0.9690319315923273
22124 11289096 5.194888426521823 1.365298596405748 0.5181600000000001 -1.8153108089675558 0.9690319315923273
22125 11289096 5.210964943415169 1.4159475188615946 0.5181600000000001 -1.8153108089675558 0.9690319315923273
22125 10991402 0.576247110257312 0.02262508504763193 0.22098 -1.8153108089675558 0.9690319315923273
22126 10991402 0.578741504392237 0.026997161948149564 0.22098 -1.8153108089675558 0.9690319315923273
22126 11289096 5.227041460308516 1.466596441317441 0.5181600000000001 -1.8153108089675558 0.9690319315923273
22127 10991402 0.5809018417184676 0.032249463100517926 0.22098 -1.8153108089675558 0.9690319315923273
22127 11289096 5.253928557356643 1.5327005605641846 0.5181600000000001 -1.8153108089675558 0.9690319315923273
22128 11289096 5.269044088641241 1.5749607424755565 0.5181600000000001 -1.8153108089675558 0.9690319315923273
22128 10991402 0.5830621790446981 0.03750176425288629 0.22098 -1.8153108089675558 0.9690319315923273
22129 10991402 0.5827994915604372 0.04303957656545001 0.22098 -1.8153108089675558 0.9690319315923273
22129 11289096 5.264012575171973 1.579398414266388 0.5184154189944135 -1.8153108089675558 0.9690319315923273
22130 10991402 0.5825368040761761 0.04857738887801372 0.22098 -1.8153108089675558 0.9690319315923273
22130 11289096 5.2589810617027055 1.5838360860572192 0.5186708379888268 -1.8153108089675558 0.9690319315923273
22131 10991402 0.5822741165919152 0.054115201190577444 0.22098 -1.8153108089675558 0.9690319315923273
22131 11289096 5.253949548233438 1.5882737578480506 0.5189262569832402 -1.8153108089675558 0.9690319315923273
22132 10991402 0.5812465313615598 0.05912410584857546 0.22098 -1.8153108089675558 0.9690319315923273
22132 11289096 5.248918034764169 1.592711429638882 0.5191816759776537 -1.8153108089675558 0.9690319315923273
22133 11289096 5.243886521294901 1.5971491014297132 0.5194370949720671 -1.8153108089675558 0.9690319315923273
22133 10991402 0.5802189461312044 0.06413301050657348 0.22098 -1.8153108089675558 0.9690319315923273
22134 10991402 0.5806673513572813 0.06550525059746255 0.22098 -1.8153108089675558 0.9690319315923273
22134 11289096 5.2388550078256335 1.6015867732205447 0.5196925139664805 -1.8153108089675558 0.9690319315923273
22135 10991402 0.582288508717828 0.07046642633127036 0.22098 -1.8153108089675558 0.9690319315923273
22135 11289096 5.233823494356366 1.6060244450113759 0.5199479329608939 -1.8153108089675558 0.9690319315923273
22136 10991402 0.5807435402631692 0.07389197651503192 0.22098 -1.8153108089675558 0.9690319315923273
22136 11289096 5.228791980887098 1.6104621168022073 0.5202033519553073 -1.8153108089675558 0.9690319315923273
22137 10991402 0.5791985718085104 0.07731752669879348 0.22098 -1.8153108089675558 0.9690319315923273
22137 11289096 5.22376046741783 1.6148997885930387 0.5204587709497207 -1.8153108089675558 0.9690319315923273
22138 11289096 5.218728953948562 1.61933746038387 0.5207141899441341 -1.8153108089675558 0.9690319315923273
22138 10991402 0.5804058192009228 0.08101201851075007 0.22098 -1.8153108089675558 0.9690319315923273
22139 11289096 5.213697440479295 1.6237751321747014 0.5209696089385476 -1.8153108089675558 0.9690319315923273
22139 10991402 0.5816130665933352 0.08470651032270668 0.22098 -1.8153108089675558 0.9690319315923273
22140 10991402 0.5832342273960482 0.08966768509397986 0.22098 -1.8153108089675558 0.9690319315923273
22140 11289096 5.208665927010026 1.6282128039655328 0.521225027932961 -1.8153108089675558 0.9690319315923273
22141 11289096 5.203634413540758 1.632650475756364 0.5214804469273744 -1.8153108089675558 0.9690319315923273
22141 10991402 0.5796853652573539 0.09620143990247026 0.22098 -1.8153108089675558 0.9690319315923273
22142 10991402 0.5813065297043103 0.10116261357136425 0.22098 -1.8153108089675558 0.9690319315923273
22142 11289096 5.19860290007149 1.6370881475471954 0.5217358659217878 -1.8153108089675558 0.9690319315923273
22143 10991402 0.5819963869203401 0.1032737513133531 0.22098 -1.8153108089675558 0.9690319315923273
22143 11289096 5.193571386602223 1.6415258193380269 0.5219912849162012 -1.8153108089675558 0.9690319315923273
22144 11289096 5.188539873132955 1.645963491128858 0.5222467039106146 -1.8153108089675558 0.9690319315923273
22144 10991402 0.5844108871948749 0.11066273347194806 0.22098 -1.8153108089675558 0.9690319315923273
22145 11289096 5.183508359663687 1.6504011629196895 0.522502122905028 -1.8153108089675558 0.9690319315923273
22145 10991402 0.5831707444162397 0.11515696097891708 0.22098 -1.8153108089675558 0.9690319315923273
22146 10991402 0.5819306016376047 0.11965118848588609 0.22098 -1.8153108089675558 0.9690319315923273
22146 11289096 5.178476846194419 1.654838834710521 0.5227575418994415 -1.8153108089675558 0.9690319315923273
22147 10991402 0.5827929250185738 0.12229011014613346 0.22098 -1.8153108089675558 0.9690319315923273
22147 11289096 5.1734453327251515 1.6592765065013522 0.5230129608938549 -1.8153108089675558 0.9690319315923273
22148 11289096 5.168413819255883 1.6637141782921836 0.5232683798882682 -1.8153108089675558 0.9690319315923273
22148 10991402 0.583655248399543 0.12492903180638083 0.22098 -1.8153108089675558 0.9690319315923273
22149 11289096 5.163382305786615 1.6681518500830148 0.5235237988826816 -1.8153108089675558 0.9690319315923273
22149 10991402 0.579957190711986 0.13127789153390546 0.22098 -1.8153108089675558 0.9690319315923273
22150 10991402 0.5809335268872752 0.13317858791222126 0.22098 -1.8153108089675558 0.9690319315923273
22150 11289096 5.158350792317347 1.6725895218738462 0.523779217877095 -1.8153108089675558 0.9690319315923273
22151 11289096 5.1533192788480795 1.6770271936646777 0.5240346368715084 -1.8153108089675558 0.9690319315923273
22151 10991402 0.582520205322268 0.1380342027755832 0.22098 -1.8153108089675558 0.9690319315923273
22152 11289096 5.148287765378812 1.6814648654555089 0.5242900558659218 -1.8153108089675558 0.9690319315923273
22152 10991402 0.5841068837572609 0.14288981763894515 0.22098 -1.8153108089675558 0.9690319315923273
22153 11289096 5.143256251909544 1.6859025372463403 0.5245454748603352 -1.8153108089675558 0.9690319315923273
22153 10991402 0.5821102597904892 0.1541736258154843 0.22098 -1.8153108089675558 0.9690319315923273
22154 10991402 0.5836969418188866 0.15902923967594007 0.22098 -1.8153108089675558 0.9690319315923273
22154 11289096 5.138224738440276 1.6903402090371717 0.5248008938547487 -1.8153108089675558 0.9690319315923273
22155 11289096 5.133193224971008 1.694777880828003 0.5250563128491621 -1.8153108089675558 0.9690319315923273
22155 10991402 0.585283623847284 0.1638848535363958 0.22098 -1.8153108089675558 0.9690319315923273
22156 10991402 0.5859861934683692 0.16739377613186468 0.22098 -1.8153108089675558 0.9690319315923273
22156 11289096 5.12816171150174 1.6992155526188344 0.5253117318435755 -1.8153108089675558 0.9690319315923273
22157 10991402 0.5868703058947329 0.16874046745401922 0.22098 -1.8153108089675558 0.9690319315923273
22157 11289096 5.123130198032472 1.7036532244096658 0.5255671508379889 -1.8153108089675558 0.9690319315923273
22158 11289096 5.118098684563204 1.708090896200497 0.5258225698324023 -1.8153108089675558 0.9690319315923273
22158 10991402 0.5884569879548096 0.17359608141104443 0.22098 -1.8153108089675558 0.9690319315923273
22159 10991402 0.5892285443370637 0.17731611752977958 0.22098 -1.8153108089675558 0.9690319315923273
22159 11289096 5.113067171093936 1.7125285679913285 0.5260779888268157 -1.8153108089675558 0.9690319315923273
22160 10991402 0.5960309358354507 0.18046738193892944 0.22098 -1.8153108089675558 0.9690319315923273
22160 11289096 5.108035657624669 1.7169662397821597 0.5263334078212291 -1.8153108089675558 0.9690319315923273
22161 11289096 5.103004144155401 1.721403911572991 0.5265888268156426 -1.8153108089675558 0.9690319315923273
22161 10991402 0.5966968327123798 0.18141806754007028 0.22098 -1.8153108089675558 0.9690319315923273
22162 11289096 5.097972630686133 1.7258415833638225 0.526844245810056 -1.8153108089675558 0.9690319315923273
22162 10991402 0.5983180042802462 0.18637923962237257 0.22098 -1.8153108089675558 0.9690319315923273
22163 11289096 5.092941117216865 1.7302792551546538 0.5270996648044693 -1.8153108089675558 0.9690319315923273
22163 10991402 0.6036724072039569 0.18591468731072264 0.22098 -1.8153108089675558 0.9690319315923273
22164 11289096 5.087909603747597 1.7347169269454852 0.5273550837988827 -1.8153108089675558 0.9690319315923273
22164 10991402 0.6090268101276676 0.18545013499907267 0.22098 -1.8153108089675558 0.9690319315923273
22165 11289096 5.082878090278329 1.7391545987363166 0.5276105027932961 -1.8153108089675558 0.9690319315923273
22165 10991402 0.6143812130513783 0.18498558268742274 0.22098 -1.8153108089675558 0.9690319315923273
22166 10991402 0.6208168695054648 0.1883735296513371 0.22098 -1.8153108089675558 0.9690319315923273
22166 11289096 5.077846576809061 1.7435922705271478 0.5278659217877095 -1.8153108089675558 0.9690319315923273
22167 10991402 0.6256313659636066 0.18680030431856087 0.22098 -1.8153108089675558 0.9690319315923273
22167 11289096 5.072815063339793 1.7480299423179793 0.5281213407821229 -1.8153108089675558 0.9690319315923273
22168 11289096 5.0677835498705255 1.7524676141088107 0.5283767597765364 -1.8153108089675558 0.9690319315923273
22168 10991402 0.6292848906407631 0.1884687381955133 0.22098 -1.8153108089675558 0.9690319315923273
22169 11289096 5.062752036401258 1.756905285899642 0.5286321787709498 -1.8153108089675558 0.9690319315923273
22169 10991402 0.6329384153179195 0.19013717207246572 0.22098 -1.8153108089675558 0.9690319315923273
22170 11289096 5.05772052293199 1.7613429576904733 0.5288875977653632 -1.8153108089675558 0.9690319315923273
22170 10991402 0.6372264346230149 0.18967061382739317 0.22098 -1.8153108089675558 0.9690319315923273
22171 11289096 5.052689009462721 1.7657806294813048 0.5291430167597766 -1.8153108089675558 0.9690319315923273
22171 10991402 0.6484420752251859 0.1913798141612107 0.22098 -1.8153108089675558 0.9690319315923273
22172 11289096 5.0476574959934535 1.770218301272136 0.52939843575419 -1.8153108089675558 0.9690319315923273
22172 10991402 0.653577535959203 0.1897017274104395 0.22098 -1.8153108089675558 0.9690319315923273
22173 11289096 5.042625982524186 1.7746559730629674 0.5296538547486034 -1.8153108089675558 0.9690319315923273
22173 10991402 0.6600589145880753 0.19295793202262781 0.22098 -1.8153108089675558 0.9690319315923273
22174 11289096 5.037594469054918 1.7790936448537988 0.5299092737430168 -1.8153108089675558 0.9690319315923273
22174 10991402 0.6629300045352868 0.19155245461890658 0.22098 -1.8153108089675558 0.9690319315923273
22175 11289096 5.03256295558565 1.78353131664463 0.5301646927374303 -1.8153108089675558 0.9690319315923273
22175 10991402 0.6658010944824982 0.1901469772151853 0.22098 -1.8153108089675558 0.9690319315923273
22176 11289096 5.027531442116382 1.7879689884354615 0.5304201117318437 -1.8153108089675558 0.9690319315923273
22176 10991402 0.6700891102242534 0.1896804388778794 0.22098 -1.8153108089675558 0.9690319315923273
22177 10991402 0.6812357465358935 0.1911785764975142 0.22098 -1.8153108089675558 0.9690319315923273
22177 11289096 5.022499928647115 1.7924066602262927 0.5306755307262571 -1.8153108089675558 0.9690319315923273
22178 10991402 0.6860502410753295 0.18960539248838834 0.22098 -1.8153108089675558 0.9690319315923273
22178 11289096 5.017468415177847 1.7968443320171241 0.5309309497206705 -1.8153108089675558 0.9690319315923273
22179 11289096 5.012436901708578 1.8012820038079556 0.5311863687150838 -1.8153108089675558 0.9690319315923273
22179 10991402 0.6941702047780974 0.1916252314231524 0.22098 -1.8153108089675558 0.9690319315923273
22180 10991402 0.6973003430570055 0.19142022696064995 0.22098 -1.8153108089675558 0.9690319315923273
22180 11289096 5.00740538823931 1.8057196755987868 0.5314417877094972 -1.8153108089675558 0.9690319315923273
22181 10991402 0.7021148374312696 0.18984705393884582 0.22098 -1.8153108089675558 0.9690319315923273
22181 11289096 5.002373874770043 1.8101573473896182 0.5316972067039106 -1.8153108089675558 0.9690319315923273
22182 11289096 4.997342361300775 1.8145950191804496 0.5319526256983241 -1.8153108089675558 0.9690319315923273
22182 10991402 0.7156342101131757 0.19045310283022446 0.22098 -1.8153108089675558 0.9690319315923273
22183 11289096 4.992310847831507 1.8190326909712808 0.5322080446927375 -1.8153108089675558 0.9690319315923273
22183 10991402 0.7196980265920272 0.18930047279509385 0.22098 -1.8153108089675558 0.9690319315923273
22184 11289096 4.987279334362239 1.8234703627621123 0.5324634636871509 -1.8153108089675558 0.9690319315923273
22184 10991402 0.7237618430708788 0.18814784275996324 0.22098 -1.8153108089675558 0.9690319315923273
22185 10991402 0.7276177252818282 0.19179467673485218 0.22098 -1.8153108089675558 0.9690319315923273
22185 11289096 4.9822478208929715 1.8279080345529435 0.5327188826815643 -1.8153108089675558 0.9690319315923273
22186 10991402 0.7324322193994941 0.19022152444902923 0.22098 -1.8153108089675558 0.9690319315923273
22186 11289096 4.977216307423703 1.832345706343775 0.5329743016759777 -1.8153108089675558 0.9690319315923273
22187 10991402 0.7372467145935411 0.18864837545583207 0.22098 -1.8153108089675558 0.9690319315923273
22187 11289096 4.972184793954435 1.8367833781346063 0.5332297206703911 -1.8153108089675558 0.9690319315923273
22188 10991402 0.7461930111135071 0.19156653355697345 0.22098 -1.8153108089675558 0.9690319315923273
22188 11289096 4.967153280485167 1.8412210499254376 0.5334851396648045 -1.8153108089675558 0.9690319315923273
22188 11355104 0.23405091003250678 0.0006126946356810048 0.22860000000000003 -1.8153108089675558 0.9690319315923273
22189 10991402 0.7484278031246874 0.19025217575257655 0.22098 -1.8153108089675558 0.9690319315923273
22189 11355104 0.266035982772237 0.002076370727087433 0.22860000000000003 -1.8153108089675558 0.9690319315923273
22190 10991402 0.7540447142631292 0.18841684834487876 0.22098 -1.8153108089675558 0.9690319315923273
22190 11355104 0.2980210555119672 0.003540046818493861 0.22860000000000003 -1.8153108089675558 0.9690319315923273
22191 10991402 0.7610377052452488 0.18671603042475027 0.22098 -1.8153108089675558 0.9690319315923273
22191 11355104 0.33000612825169745 0.005003722909900289 0.22860000000000003 -1.8153108089675558 0.9690319315923273
22192 11355104 0.3619912009914277 0.006467399001306717 0.22860000000000003 -1.8153108089675558 0.9690319315923273
22192 10991402 0.7657167252491122 0.18758213075622723 0.22098 -1.8153108089675558 0.9690319315923273
22193 11355104 0.4001397455141914 0.004982589243166413 0.22860000000000003 -1.8153108089675558 0.9690319315923273
22193 10991402 0.7703957452529756 0.1884482310877042 0.22098 -1.8153108089675558 0.9690319315923273
22194 10991402 0.7710679097758265 0.18343868116476625 0.22098 -1.8153108089675558 0.9690319315923273
22194 11355104 0.4450907798776754 0.006649258719274784 0.22860000000000003 -1.8153108089675558 0.9690319315923273
22195 10991402 0.7737039147848378 0.1819932377119859 0.22098 -1.8153108089675558 0.9690319315923273
22195 11355104 0.4900418142411595 0.008315928195383154 0.22860000000000003 -1.8153108089675558 0.9690319315923273
22196 11355104 0.5232030975376176 0.00787732463015358 0.22860000000000003 -1.8153108089675558 0.9690319315923273
22196 10991402 0.7758824096079169 0.1818655585970395 0.22098 -1.8153108089675558 0.9690319315923273
22197 10991402 0.7806969105172308 0.18029243932172878 0.22098 -1.8153108089675558 0.9690319315923273
22197 11355104 0.5698386458791764 0.008585355771712617 0.23241 -1.8153108089675558 0.9690319315923273
22198 10991402 0.7831041615097161 0.17950588133064796 0.22098 -1.8153108089675558 0.9690319315923273
22198 11355104 0.6164741942207351 0.009293386913271653 0.23621999999999999 -1.8153108089675558 0.9690319315923273
22199 10991402 0.7855114125022015 0.17871932333956714 0.22098 -1.8153108089675558 0.9690319315923273
22199 11355104 0.6561364800154252 0.008366661023035626 0.23621999999999999 -1.8153108089675558 0.9690319315923273
22200 10991402 0.7825832637707495 0.17383471727256297 0.22098 -1.8153108089675558 0.9690319315923273
22200 11355104 0.6825641237457576 0.0049885762839015635 0.23621999999999999 -1.8153108089675558 0.9690319315923273
22201 10991402 0.7887738488014981 0.17239611304353208 0.22098 -1.8153108089675558 0.9690319315923273
22201 11355104 0.7561588025592401 0.0073447622650493 0.23621999999999999 -1.8153108089675558 0.9690319315923273
22202 10991402 0.7935883561873511 0.17082300258556887 0.22098 -1.8153108089675558 0.9690319315923273
22202 11355104 0.7977816622369854 0.006596631093401465 0.23839714285714284 -1.8153108089675558 0.9690319315923273
22203 11355104 0.8394045219147309 0.00584849992175363 0.2405742857142857 -1.8153108089675558 0.9690319315923273
22203 10991402 0.7964730724641336 0.16968573050469885 0.22098 -1.8153108089675558 0.9690319315923273
22204 10991402 0.7993577887409161 0.16854845842382882 0.22098 -1.8153108089675558 0.9690319315923273
22204 11355104 0.8810273815924763 0.005100368750105794 0.24275142857142856 -1.8153108089675558 0.9690319315923273
22205 10991402 0.8022425050176986 0.1674111863429588 0.22098 -1.8153108089675558 0.9690319315923273
22205 11355104 0.9226502412702218 0.0043522375784579605 0.24492857142857144 -1.8153108089675558 0.9690319315923273
22206 10991402 0.8028904232722207 0.16749155220863568 0.22098 -1.8153108089675558 0.9690319315923273
22206 11355104 0.9642731009479671 0.0036041064068101252 0.2471057142857143 -1.8153108089675558 0.9690319315923273
22207 11355104 1.0058959606257125 0.00285597523516229 0.24928285714285714 -1.8153108089675558 0.9690319315923273
22207 10991402 0.8035383415267429 0.16757191807431257 0.22098 -1.8153108089675558 0.9690319315923273
22208 10991402 0.8078594343814303 0.16557590187669674 0.22098 -1.8153108089675558 0.9690319315923273
22208 11355104 1.047518820303458 0.002107844063514455 0.25146 -1.8153108089675558 0.9690319315923273
22209 11355104 1.1054064467203495 0.0012459892831991962 0.25527 -1.8153108089675558 0.9690319315923273
22209 10991402 0.809132746894454 0.1662113029782163 0.22098 -1.8153108089675558 0.9690319315923273
22210 10991402 0.8104060594074778 0.16684670407973584 0.22098 -1.8153108089675558 0.9690319315923273
22210 11355104 1.1632940731372408 0.00038413450288393713 0.25908000000000003 -1.8153108089675558 0.9690319315923273
22211 11355104 1.2250040544307554 -0.002368270237283837 0.25908000000000003 -1.8153108089675558 0.9690319315923273
22211 10991402 0.8116793719205014 0.16748210518125542 0.22098 -1.8153108089675558 0.9690319315923273
22212 10991402 0.8129526844335252 0.16811750628277497 0.22098 -1.8153108089675558 0.9690319315923273
22212 11355104 1.2852376552061187 -0.0014836265357848627 0.2667 -1.8153108089675558 0.9690319315923273
22213 11355104 1.3350017175272848 -0.0013842385026077153 0.2667 -1.8153108089675558 0.9690319315923273
22213 10991402 0.814225996946549 0.16875290738429452 0.22098 -1.8153108089675558 0.9690319315923273
22214 10991402 0.8152008651817336 0.16901851421474412 0.22098 -1.8153108089675558 0.9690319315923273
22214 11355104 1.4112963606406996 -0.004343181941891233 0.27432 -1.8153108089675558 0.9690319315923273
22215 10991402 0.814897308720848 0.1689150362485364 0.22098473291925466 -1.8153108089675558 0.9690319315923273
22215 11355104 1.457747007453837 -0.0035111568991882114 0.28194 -1.8153108089675558 0.9690319315923273
22216 10991402 0.8145937522599623 0.16881155828232866 0.2209894658385093 -1.8153108089675558 0.9690319315923273
22216 11355104 1.5163720524637863 -0.00618812998185489 0.28194 -1.8153108089675558 0.9690319315923273
22217 10991402 0.8142901957990767 0.16870808031612095 0.220994198757764 -1.8153108089675558 0.9690319315923273
22217 11355104 1.5356117496187558 -0.007098514941761586 0.28194 -1.8153108089675558 0.9690319315923273
22218 10991402 0.8139866393381912 0.16860460234991323 0.22099893167701865 -1.8153108089675558 0.9690319315923273
22218 11355104 1.5548514467737253 -0.008008899901668282 0.28194 -1.8153108089675558 0.9690319315923273
22219 11355104 1.6323416540360314 -0.006215924370868736 0.28956 -1.8153108089675558 0.9690319315923273
22219 10991402 0.8136830828773055 0.16850112438370551 0.2210036645962733 -1.8153108089675558 0.9690319315923273
22220 10991402 0.8133795264164199 0.16839764641749777 0.22100839751552795 -1.8153108089675558 0.9690319315923273
22220 11355104 1.6613246544135594 -0.011009263668369629 0.28956 -1.8153108089675558 0.9690319315923273
22221 11355104 1.7523537910021059 -0.012351991839448045 0.28956 -1.8153108089675558 0.9690319315923273
22221 10991402 0.8130759699555342 0.16829416845129005 0.22101313043478263 -1.8153108089675558 0.9690319315923273
22222 10991402 0.8127724134946486 0.16819069048508234 0.22101786335403728 -1.8153108089675558 0.9690319315923273
22222 11355104 1.8089532444479024 -0.008991340364659983 0.28956 -1.8153108089675558 0.9690319315923273
22223 11355104 1.8647307169465066 -0.008282192550724168 0.29337 -1.8153108089675558 0.9690319315923273
22223 10991402 0.8124688570337629 0.16808721251887462 0.22102259627329193 -1.8153108089675558 0.9690319315923273
22224 11355104 1.9205081894451108 -0.0075730447367883535 0.29718 -1.8153108089675558 0.9690319315923273
22224 10991402 0.8121653005728774 0.16798373455266688 0.22102732919254658 -1.8153108089675558 0.9690319315923273
22225 10991402 0.8118617441119917 0.16788025658645916 0.22103206211180126 -1.8153108089675558 0.9690319315923273
22225 11355104 1.9769924699549746 -0.0042904138343629605 0.29718 -1.8153108089675558 0.9690319315923273
22226 11355104 2.0340269956855854 -0.0009534338933150921 0.29718 -1.8153108089675558 0.9690319315923273
22226 10991402 0.8115581876511061 0.16777677862025145 0.22103679503105592 -1.8153108089675558 0.9690319315923273
22227 11355104 2.093813386330984 0.0026535304537262105 0.3048 -1.8153108089675558 0.9690319315923273
22227 10991402 0.8112546311902205 0.16767330065404373 0.22104152795031057 -1.8153108089675558 0.9690319315923273
22228 10991402 0.8109510747293348 0.167569822687836 0.22104626086956522 -1.8153108089675558 0.9690319315923273
22228 11355104 2.1430204364791114 0.011935138338099865 0.3048 -1.8153108089675558 0.9690319315923273
22229 10991402 0.8106475182684492 0.16746634472162827 0.2210509937888199 -1.8153108089675558 0.9690319315923273
22229 11355104 2.20120439487345 0.02015484977489676 0.31242000000000003 -1.8153108089675558 0.9690319315923273
22230 10991402 0.8103439618075636 0.16736286675542056 0.22105572670807455 -1.8153108089675558 0.9690319315923273
22230 11355104 2.265960683028057 0.03218671988897667 0.31242000000000003 -1.8153108089675558 0.9690319315923273
22231 10991402 0.810040405346678 0.16725938878921284 0.2210604596273292 -1.8153108089675558 0.9690319315923273
22231 11355104 2.32606198276373 0.04492127427909057 0.31242000000000003 -1.8153108089675558 0.9690319315923273
22232 10991402 0.8097368488857923 0.1671559108230051 0.22106519254658386 -1.8153108089675558 0.9690319315923273
22232 11355104 2.371388932763719 0.05728189766401037 0.31623 -1.8153108089675558 0.9690319315923273
22233 10991402 0.8094332924249067 0.16705243285679738 0.2210699254658385 -1.8153108089675558 0.9690319315923273
22233 11355104 2.4167158827637083 0.06964252104893018 0.32004000000000005 -1.8153108089675558 0.9690319315923273
22234 11355104 2.475492694981165 0.09192239722490245 0.32766 -1.8153108089675558 0.9690319315923273
22234 10991402 0.809129735964021 0.16694895489058967 0.2210746583850932 -1.8153108089675558 0.9690319315923273
22235 10991402 0.8088261795031354 0.16684547692438192 0.22107939130434784 -1.8153108089675558 0.9690319315923273
22235 11355104 2.5362627888706726 0.11214999906526504 0.33528 -1.8153108089675558 0.9690319315923273
22236 11355104 2.5807169571145963 0.1324480799513473 0.33528 -1.8153108089675558 0.9690319315923273
22236 10991402 0.8085226230422498 0.1667419989581742 0.2210841242236025 -1.8153108089675558 0.9690319315923273
22237 10991402 0.8082190665813642 0.1666385209919665 0.22108885714285714 -1.8153108089675558 0.9690319315923273
22237 11355104 2.6358678101180493 0.15205771480684757 0.34290000000000004 -1.8153108089675558 0.9690319315923273
22238 10991402 0.8079155101204786 0.16653504302575878 0.22109359006211182 -1.8153108089675558 0.9690319315923273
22238 11355104 2.674565066758225 0.17131525977270365 0.35052000000000005 -1.8153108089675558 0.9690319315923273
22239 11355104 2.7589323282180653 0.2135120974014418 0.35814000000000007 -1.8153108089675558 0.9690319315923273
22239 10991402 0.8076119536595929 0.16643156505955103 0.22109832298136647 -1.8153108089675558 0.9690319315923273
22240 11355104 2.810211947630028 0.24194092457105662 0.36576000000000003 -1.8153108089675558 0.9690319315923273
22240 10991402 0.8073083971987073 0.16632808709334332 0.22110305590062113 -1.8153108089675558 0.9690319315923273
22241 10991402 0.8070048407378216 0.1662246091271356 0.22110778881987578 -1.8153108089675558 0.9690319315923273
22241 11355104 2.8614915670419903 0.27036975174067146 0.37338000000000005 -1.8153108089675558 0.9690319315923273
22242 10991402 0.806701284276936 0.1661211311609279 0.22111252173913046 -1.8153108089675558 0.9690319315923273
22242 11355104 2.912771186453953 0.29879857891028627 0.381 -1.8153108089675558 0.9690319315923273
22243 10991402 0.8063977278160505 0.16601765319472014 0.2211172546583851 -1.8153108089675558 0.9690319315923273
22243 11355104 2.935331505651236 0.31187685407644933 0.381 -1.8153108089675558 0.9690319315923273
22244 10991402 0.8060941713551648 0.16591417522851243 0.22112198757763976 -1.8153108089675558 0.9690319315923273
22244 11355104 2.9578918248485193 0.3249551292426124 0.381 -1.8153108089675558 0.9690319315923273
22245 10991402 0.8057906148942792 0.1658106972623047 0.2211267204968944 -1.8153108089675558 0.9690319315923273
22245 11355104 3.0420978684817417 0.371295317289249 0.38862 -1.8153108089675558 0.9690319315923273
22246 11355104 3.1242866221260464 0.4201636795604864 0.38862 -1.8153108089675558 0.9690319315923273
22246 10991402 0.8054870584333935 0.165707219296097 0.22113145341614907 -1.8153108089675558 0.9690319315923273
22247 11355104 3.1788788151711858 0.45140662421404193 0.38862 -1.8153108089675558 0.9690319315923273
22247 10991402 0.8051835019725079 0.16560374132988925 0.22113618633540374 -1.8153108089675558 0.9690319315923273
22248 10991402 0.8048799455116222 0.16550026336368154 0.2211409192546584 -1.8153108089675558 0.9690319315923273
22248 11355104 3.233471008216325 0.48264956886759747 0.38862 -1.8153108089675558 0.9690319315923273
22249 11355104 3.283243352566581 0.507289018231796 0.38862 -1.8153108089675558 0.9690319315923273
22249 10991402 0.8045763890507367 0.16539678539747382 0.22114565217391305 -1.8153108089675558 0.9690319315923273
22250 11355104 3.322673462155375 0.5309822885612441 0.38862 -1.8153108089675558 0.9690319315923273
22250 10991402 0.804272832589851 0.1652933074312661 0.2211503850931677 -1.8153108089675558 0.9690319315923273
22251 10991402 0.8039692761289654 0.16518982946505836 0.22115511801242238 -1.8153108089675558 0.9690319315923273
22251 11355104 3.3621035717441687 0.5546755588906921 0.38862 -1.8153108089675558 0.9690319315923273
22252 11355104 3.417175535656507 0.5857629039220772 0.38862 -1.8153108089675558 0.9690319315923273
22252 10991402 0.8036657196680798 0.16508635149885065 0.22115985093167703 -1.8153108089675558 0.9690319315923273
22253 11355104 3.4693782994781133 0.6124134791962869 0.39624000000000004 -1.8153108089675558 0.9690319315923273
22253 10991402 0.8033621632071941 0.16498287353264293 0.22116458385093168 -1.8153108089675558 0.9690319315923273
22254 11355104 3.5223396729951046 0.643022041965026 0.40386 -1.8153108089675558 0.9690319315923273
22254 10991402 0.8030586067463085 0.16487939556643522 0.22116931677018634 -1.8153108089675558 0.9690319315923273
22255 10991402 0.8027550502854228 0.16477591760022747 0.22117404968944102 -1.8153108089675558 0.9690319315923273
22255 11355104 3.6051674239631915 0.6965914461361118 0.41148 -1.8153108089675558 0.9690319315923273
22256 10991402 0.8024514938245373 0.16467243963401976 0.22117878260869567 -1.8153108089675558 0.9690319315923273
22256 11355104 3.6282826450785413 0.7116510283410092 0.41148 -1.8153108089675558 0.9690319315923273
22257 10991402 0.8021479373636516 0.16456896166781204 0.22118351552795032 -1.8153108089675558 0.9690319315923273
22257 11355104 3.651397866193891 0.7267106105459067 0.41148 -1.8153108089675558 0.9690319315923273
22258 10991402 0.801844380902766 0.1644654837016043 0.22118824844720497 -1.8153108089675558 0.9690319315923273
22258 11355104 3.7325456848613543 0.7724185230023773 0.41910000000000003 -1.8153108089675558 0.9690319315923273
22259 11355104 3.787857721396758 0.8075177583713053 0.41910000000000003 -1.8153108089675558 0.9690319315923273
22259 10991402 0.8015408244418804 0.16436200573539658 0.22119298136645965 -1.8153108089675558 0.9690319315923273
22260 11355104 3.847032321451592 0.8419408003778691 0.41910000000000003 -1.8153108089675558 0.9690319315923273
22260 10991402 0.8012372679809947 0.16425852776918887 0.2211977142857143 -1.8153108089675558 0.9690319315923273
22261 11355104 3.8814135620645382 0.862961415005245 0.41910000000000003 -1.8153108089675558 0.9690319315923273
22261 10991402 0.8009337115201091 0.16415504980298115 0.22120244720496895 -1.8153108089675558 0.9690319315923273
22262 11355104 3.9651488061222846 0.9073593287872639 0.42672000000000004 -1.8153108089675558 0.9690319315923273
22262 10991402 0.8006301550592235 0.1640515718367734 0.2212071801242236 -1.8153108089675558 0.9690319315923273
22263 10991402 0.8003265985983379 0.1639480938705657 0.22121191304347826 -1.8153108089675558 0.9690319315923273
22263 11355104 4.026753352422526 0.9437938453447482 0.42672000000000004 -1.8153108089675558 0.9690319315923273
22264 11355104 4.067497881917441 0.9679951213799141 0.42672000000000004 -1.8153108089675558 0.9690319315923273
22264 10991402 0.8000230421374522 0.16384461590435798 0.22121664596273294 -1.8153108089675558 0.9690319315923273
22265 11355104 4.146564798334322 1.011698268171836 0.43434000000000006 -1.8153108089675558 0.9690319315923273
22265 10991402 0.7997194856765666 0.16374113793815026 0.2212213788819876 -1.8153108089675558 0.9690319315923273
22266 10991402 0.7994159292156809 0.16363765997194252 0.22122611180124224 -1.8153108089675558 0.9690319315923273
22266 11355104 4.178958746958042 1.0279948478101177 0.43434000000000006 -1.8153108089675558 0.9690319315923273
22267 10991402 0.7991123727547953 0.1635341820057348 0.2212308447204969 -1.8153108089675558 0.9690319315923273
22267 11355104 4.274417387545793 1.07160682509837 0.44196 -1.8153108089675558 0.9690319315923273
22268 10991402 0.7988088162939098 0.16343070403952709 0.22123557763975157 -1.8153108089675558 0.9690319315923273
22268 11355104 4.30278479858156 1.0837274736907803 0.44577 -1.8153108089675558 0.9690319315923273
22269 11355104 4.3311522096173265 1.0958481222831906 0.44958000000000004 -1.8153108089675558 0.9690319315923273
22269 10991402 0.7985052598330241 0.16332722607331937 0.22124031055900623 -1.8153108089675558 0.9690319315923273
22270 10991402 0.7982017033721385 0.16322374810711163 0.22124504347826088 -1.8153108089675558 0.9690319315923273
22270 11355104 4.389471148911552 1.1249461975182455 0.44958000000000004 -1.8153108089675558 0.9690319315923273
22271 11355104 4.473791961626763 1.160279214939527 0.45720000000000005 -1.8153108089675558 0.9690319315923273
22271 10991402 0.7978981469112528 0.1631202701409039 0.22124977639751553 -1.8153108089675558 0.9690319315923273
22272 11355104 4.532267766152716 1.1844208229561324 0.46482000000000007 -1.8153108089675558 0.9690319315923273
22272 10991402 0.7975945904503672 0.1630167921746962 0.2212545093167702 -1.8153108089675558 0.9690319315923273
22273 11355104 4.565199015890284 1.2010105060228595 0.46482000000000007 -1.8153108089675558 0.9690319315923273
22273 10991402 0.7972910339894815 0.16291331420848848 0.22125924223602486 -1.8153108089675558 0.9690319315923273
22274 11355104 4.635599315195922 1.2317752390774963 0.47243999999999997 -1.8153108089675558 0.9690319315923273
22274 10991402 0.7969874775285959 0.16280983624228074 0.2212639751552795 -1.8153108089675558 0.9690319315923273
22275 11355104 4.687080205937282 1.2535273642793998 0.47243999999999997 -1.8153108089675558 0.9690319315923273
22276 11355104 4.717924018588156 1.2691631758104898 0.47243999999999997 -1.8153108089675558 0.9690319315923273
22277 11355104 4.828346102930366 1.3110524301949533 0.48006 -1.8153108089675558 0.9690319315923273
22278 11355104 4.892931668394893 1.3403283195836344 0.48006 -1.8153108089675558 0.9690319315923273
22279 11355104 4.954475870513624 1.3630041190021667 0.47243999999999997 -1.8153108089675558 0.9690319315923273
22280 11355104 4.995245661750741 1.3791407905291642 0.47243999999999997 -1.8153108089675558 0.9690319315923273
22281 11355104 5.036015452987858 1.3952774620561617 0.47243999999999997 -1.8153108089675558 0.9690319315923273
22282 11355104 5.0975586533840405 1.417954465431631 0.47243999999999997 -1.8153108089675558 0.9690319315923273
22283 11355104 5.165981275901022 1.4453964075470487 0.47243999999999997 -1.8153108089675558 0.9690319315923273
22284 11355104 5.223248824797204 1.4699360455374184 0.47243999999999997 -1.8153108089675558 0.9690319315923273
22285 11355104 5.294980962852048 1.4925615262171277 0.47243999999999997 -1.8153108089675558 0.9690319315923273
22286 11355104 5.332229540600863 1.5071613918302003 0.46482000000000007 -1.8153108089675558 0.9690319315923273
22287 11355104 5.392177149218863 1.5293093558756345 0.46482000000000007 -1.8153108089675558 0.9690319315923273
22288 11355104 5.489265431380477 1.5575664085595624 0.46482000000000007 -1.8153108089675558 0.9690319315923273
22289 11355104 5.555974400393705 1.5786782989947703 0.45720000000000005 -1.8153108089675558 0.9690319315923273
22290 11355104 5.614349104484354 1.598186819011695 0.45720000000000005 -1.8153108089675558 0.9690319315923273
22291 11355104 5.612645345589714 1.5986583344691072 0.45725630541871926 -1.8153108089675558 0.9690319315923273
22292 11355104 5.610941586695073 1.5991298499265196 0.45731261083743846 -1.8153108089675558 0.9690319315923273
22293 11355104 5.609237827800434 1.5996013653839318 0.45736891625615766 -1.8153108089675558 0.9690319315923273
22294 11355104 5.607534068905793 1.6000728808413442 0.4574252216748769 -1.8153108089675558 0.9690319315923273
22295 11355104 5.605830310011153 1.6005443962987564 0.45748152709359613 -1.8153108089675558 0.9690319315923273
22296 11355104 5.604126551116512 1.6010159117561689 0.45753783251231533 -1.8153108089675558 0.9690319315923273
22297 11355104 5.602422792221873 1.601487427213581 0.45759413793103454 -1.8153108089675558 0.9690319315923273
22298 11355104 5.600719033327232 1.6019589426709935 0.45765044334975374 -1.8153108089675558 0.9690319315923273
22299 11355104 5.599015274432592 1.6024304581284057 0.45770674876847295 -1.8153108089675558 0.9690319315923273
22300 11355104 5.597311515537951 1.6029019735858179 0.45776305418719215 -1.8153108089675558 0.9690319315923273
22301 11355104 5.595607756643311 1.6033734890432303 0.45781935960591136 -1.8153108089675558 0.9690319315923273
22302 11355104 5.593903997748671 1.6038450045006425 0.4578756650246306 -1.8153108089675558 0.9690319315923273
22303 11355104 5.592200238854031 1.604316519958055 0.4579319704433498 -1.8153108089675558 0.9690319315923273
22304 11355104 5.59049647995939 1.604788035415467 0.457988275862069 -1.8153108089675558 0.9690319315923273
22305 11355104 5.58879272106475 1.6052595508728795 0.45804458128078823 -1.8153108089675558 0.9690319315923273
22306 11355104 5.587088962170109 1.6057310663302917 0.45810088669950744 -1.8153108089675558 0.9690319315923273
22307 11355104 5.58538520327547 1.6062025817877041 0.45815719211822664 -1.8153108089675558 0.9690319315923273
22308 11355104 5.583681444380829 1.6066740972451163 0.45821349753694585 -1.8153108089675558 0.9690319315923273
22309 11355104 5.581977685486189 1.6071456127025288 0.45826980295566505 -1.8153108089675558 0.9690319315923273
22310 11355104 5.580273926591548 1.607617128159941 0.4583261083743843 -1.8153108089675558 0.9690319315923273
22311 11355104 5.578570167696909 1.6080886436173532 0.4583824137931035 -1.8153108089675558 0.9690319315923273
22312 11355104 5.576866408802268 1.6085601590747656 0.4584387192118227 -0.9545904110677726 -0.3838635193626254
22313 11355104 5.575162649907628 1.6090316745321778 0.4584950246305419 -0.9545904110677726 -0.3838635193626254
22314 11355104 5.573458891012987 1.6095031899895902 0.45855133004926113 -0.9545904110677726 -0.3838635193626254
22315 11355104 5.571755132118347 1.6099747054470024 0.45860763546798033 -0.9545904110677726 -0.3838635193626254
22316 11355104 5.570051373223707 1.6104462209044148 0.45866394088669954 -0.9545904110677726 -0.3838635193626254
22317 11355104 5.568347614329067 1.610917736361827 0.45872024630541874 -0.9545904110677726 -0.3838635193626254
22318 11355104 5.566643855434426 1.6113892518192394 0.458776551724138 -0.9545904110677726 -0.3838635193626254
22319 11355104 5.564940096539786 1.6118607672766516 0.4588328571428572 -0.9545904110677726 -0.3838635193626254
22320 11355104 5.563236337645146 1.6123322827340638 0.4588891625615764 -0.9545904110677726 -0.3838635193626254
22321 11355104 5.561532578750506 1.6128037981914762 0.4589454679802956 -0.9545904110677726 -0.3838635193626254
22322 11355104 5.559828819855865 1.6132753136488884 0.4590017733990148 -0.9545904110677726 -0.3838635193626254
22323 11355104 5.558125060961225 1.6137468291063009 0.459058078817734 -0.9545904110677726 -0.3838635193626254
22324 11355104 5.5564213020665845 1.614218344563713 0.45911438423645323 -0.9545904110677726 -0.3838635193626254
22325 11355104 5.554717543171945 1.6146898600211255 0.45917068965517244 -0.9545904110677726 -0.3838635193626254
22326 11355104 5.553013784277304 1.6151613754785377 0.4592269950738917 -0.9545904110677726 -0.3838635193626254
22327 11355104 5.551310025382664 1.61563289093595 0.4592833004926109 -0.9545904110677726 -0.3838635193626254
22328 11355104 5.5496062664880235 1.6161044063933623 0.4593396059113301 -0.9545904110677726 -0.3838635193626254
22329 11355104 5.547902507593383 1.6165759218507745 0.4593959113300493 -0.9545904110677726 -0.3838635193626254
22330 11355104 5.546198748698743 1.617047437308187 0.4594522167487685 -0.9545904110677726 -0.3838635193626254
22331 11355104 5.544494989804103 1.617518952765599 0.4595085221674877 -0.9545904110677726 -0.3838635193626254
22332 11355104 5.5427912309094625 1.6179904682230115 0.4595648275862069 -0.9545904110677726 -0.3838635193626254
22333 11355104 5.541087472014822 1.6184619836804237 0.4596211330049262 -0.9545904110677726 -0.3838635193626254
22334 11355104 5.539383713120182 1.6189334991378361 0.4596774384236454 -0.9545904110677726 -0.3838635193626254
22335 11355104 5.537679954225542 1.6194050145952483 0.4597337438423646 -0.9545904110677726 -0.3838635193626254
22336 11355104 5.5359761953309015 1.6198765300526607 0.4597900492610838 -0.9545904110677726 -0.3838635193626254
22337 11355104 5.534272436436261 1.620348045510073 0.459846354679803 -0.9545904110677726 -0.3838635193626254
22338 11355104 5.5325686775416205 1.6208195609674854 0.4599026600985222 -0.9545904110677726 -0.3838635193626254
22339 11355104 5.530864918646981 1.6212910764248976 0.4599589655172414 -0.9545904110677726 -0.3838635193626254
22340 11355104 5.5291611597523405 1.6217625918823098 0.4600152709359606 -0.9545904110677726 -0.3838635193626254
22341 11355104 5.5274574008577 1.6222341073397222 0.4600715763546799 -0.9545904110677726 -0.3838635193626254
22342 11355104 5.5257536419630595 1.6227056227971344 0.4601278817733991 -0.9545904110677726 -0.3838635193626254
22343 11355104 5.52404988306842 1.6231771382545468 0.4601841871921183 -0.9545904110677726 -0.3838635193626254
22344 11355104 5.5223461241737795 1.623648653711959 0.4602404926108375 -0.9545904110677726 -0.3838635193626254
22345 11355104 5.520642365279139 1.6241201691693714 0.4602967980295567 -0.9545904110677726 -0.3838635193626254
22346 11355104 5.5189386063844985 1.6245916846267836 0.4603531034482759 -0.9545904110677726 -0.3838635193626254
22347 11355104 5.517234847489858 1.625063200084196 0.4604094088669951 -0.9545904110677726 -0.3838635193626254
22348 11355104 5.5155310885952185 1.6255347155416082 0.4604657142857143 -0.9545904110677726 -0.3838635193626254
22349 11355104 5.513827329700578 1.6260062309990204 0.46052201970443357 -0.9545904110677726 -0.3838635193626254
22350 11355104 5.5121235708059375 1.6264777464564328 0.4605783251231528 -0.9545904110677726 -0.3838635193626254
