4366 11333167 -1.6525810474539788 -4.030253690357962 1.1963400000000002 -1.2112899144904095 -2.269138511209445
4367 11333167 -1.6408733296800417 -3.967253202350651 1.1963400000000002 -1.2112899144904095 -2.269138511209445
4368 11333167 -1.6288961184411967 -3.9115843609400147 1.1963400000000002 -1.2112899144904095 -2.269138511209445
4369 11333167 -1.6127050439850625 -3.8239959638527834 1.1963400000000002 -1.2112899144904095 -2.269138511209445
4370 11333167 -1.606401143889885 -3.7965566784303837 1.1963400000000002 -1.2112899144904095 -2.269138511209445
4371 11333167 -1.6000972437947076 -3.7691173930079844 1.1963400000000002 -1.2112899144904095 -2.269138511209445
4372 11333167 -1.5813683905438995 -3.67920409055157 1.1963400000000002 -1.2112899144904095 -2.269138511209445
4373 11333167 -1.5721754008617725 -3.6198210567826035 1.18872 -1.2112899144904095 -2.269138511209445
4374 11333167 -1.556449146927516 -3.5540450213812096 1.1963400000000002 -1.2112899144904095 -2.269138511209445
4375 11333167 -1.5459651430143186 -3.4877235745870134 1.1963400000000002 -1.2112899144904095 -2.269138511209445
4376 11333167 -1.5331603550546082 -3.4311568578608185 1.18872 -1.2112899144904095 -2.269138511209445
4377 11333167 -1.5132918485954938 -3.3377605447216503 1.18872 -1.2112899144904095 -2.269138511209445
4378 11333167 -1.4994065782117116 -3.278976712342019 1.18872 -1.2112899144904095 -2.269138511209445
4379 11333167 -1.4909879474336825 -3.2274018482823883 1.19253 -1.2112899144904095 -2.269138511209445
4380 11333167 -1.4825693166556533 -3.1758269842227578 1.1963400000000002 -1.2112899144904095 -2.269138511209445
4381 11333167 -1.4681661750375141 -3.115459933606187 1.1963400000000002 -1.2112899144904095 -2.269138511209445
4382 11333167 -1.4567334836971508 -3.0478712493087747 1.1963400000000002 -1.2112899144904095 -2.269138511209445
4383 11333167 -1.4453007923567875 -2.9802825650113625 1.1963400000000002 -1.2112899144904095 -2.269138511209445
4384 11333167 -1.428828081301603 -2.906338467099214 1.1938000000000002 -1.2112899144904095 -2.269138511209445
4385 11333167 -1.4123553702464187 -2.832394369187065 1.19126 -1.2112899144904095 -2.269138511209445
4386 11333167 -1.395882659191234 -2.7584502712749166 1.18872 -1.2112899144904095 -2.269138511209445
4387 11333167 -1.3879145306065874 -2.7115181534350654 1.18872 -1.2112899144904095 -2.269138511209445
4388 11333167 -1.3799464020219407 -2.6645860355952142 1.18872 -1.2112899144904095 -2.269138511209445
4389 11333167 -1.3645867400504754 -2.600208782849349 1.18872 -1.2112899144904095 -2.269138511209445
4390 11333167 -1.3552750762201649 -2.5391117689086076 1.1963400000000002 -1.2112899144904095 -2.269138511209445
4391 11333167 -1.333133871042876 -2.4469254903586353 1.18872 -1.2112899144904095 -2.269138511209445
4392 11333167 -1.3267007512640425 -2.410941109765262 1.18872 -1.2112899144904095 -2.269138511209445
4393 11333167 -1.311357238030147 -2.339548550435172 1.18872 -1.2112899144904095 -2.269138511209445
4394 11333167 -1.298174816053838 -2.273407939005183 1.1963400000000002 -1.2112899144904095 -2.269138511209445
4395 11333167 -1.2895055816334426 -2.225828688995516 1.19253 -1.2112899144904095 -2.269138511209445
4396 11333167 -1.2808363472130473 -2.178249438985849 1.18872 -1.2112899144904095 -2.269138511209445
4397 11333167 -1.2697938386946526 -2.1444729611340754 1.1963400000000002 -1.2112899144904095 -2.269138511209445
4398 11333167 -1.2527527862270327 -2.0488666818048964 1.18872 -1.2112899144904095 -2.269138511209445
4399 11333167 -1.2369509133319048 -1.978792217872616 1.18872 -1.2112899144904095 -2.269138511209445
4400 11333167 -1.2247301581923298 -1.9115192848392921 1.1963400000000002 -1.2112899144904095 -2.269138511209445
4401 11333167 -1.209067570047967 -1.8435022524404208 1.18872 -1.2112899144904095 -2.269138511209445
4402 11333167 -1.2002012407419713 -1.7821426063691768 1.18872 -1.2112899144904095 -2.269138511209445
4403 11333167 -1.1804916257696128 -1.6919651395468256 1.18872 -1.2112899144904095 -2.269138511209445
4404 11333167 -1.1732810874893453 -1.653606059441976 1.18872 -1.2112899144904095 -2.269138511209445
4405 11333167 -1.166070549209078 -1.6152469793371262 1.18872 -1.2112899144904095 -2.269138511209445
4406 11333167 -1.1598193940079258 -1.5787356509723498 1.18872 -1.2112899144904095 -2.269138511209445
4407 11333167 -1.1437901253879417 -1.5117730946793262 1.1963400000000002 -1.2112899144904095 -2.269138511209445
4408 11333167 -1.1269746469180169 -1.4263741823529033 1.18872 -1.2112899144904095 -2.269138511209445
4409 11333167 -1.1165086336727572 -1.3603967368432626 1.1963400000000002 -1.2112899144904095 -2.269138511209445
4410 11333167 -1.1102811951378773 -1.325045952172646 1.18872 -1.2112899144904095 -2.269138511209445
4411 11333167 -1.092994843888009 -1.239567256039795 1.18872 -1.2112899144904095 -2.269138511209445
4412 11333167 -1.0767683239995127 -1.170916609871205 1.18872 -1.2112899144904095 -2.269138511209445
4413 11333167 -1.060059404720678 -1.0899224366468556 1.18872 -1.2112899144904095 -2.269138511209445
4414 11333167 -1.0446263487098781 -1.023699520007716 1.18872 -1.2112899144904095 -2.269138511209445
4415 11333167 -1.0326192493474629 -0.9543702943372486 1.1963400000000002 -1.2112899144904095 -2.269138511209445
4416 11333167 -1.0263913139828482 -0.9190196145314277 1.1963400000000002 -1.2112899144904095 -2.269138511209445
4417 11333167 -1.0076199350535686 -0.829002457138874 1.18872 -1.2112899144904095 -2.269138511209445
4418 11333167 -0.9998571075663847 -0.7726561007907925 1.18872 -1.2112899144904095 -2.269138511209445
4419 11333167 -0.992742156150507 -0.7393479185304019 1.19253 -1.2112899144904095 -2.269138511209445
4420 11333167 -0.9856272047346293 -0.7060397362700114 1.1963400000000002 -1.2112899144904095 -2.269138511209445
4421 11333167 -0.9700419281480497 -0.6488627478377882 1.18872 -1.2112899144904095 -2.269138511209445
4422 11333167 -0.9532352689077737 -0.5632270041770636 1.18872 -1.2112899144904095 -2.269138511209445
4423 11333167 -0.9434198713438202 -0.5076685187877302 1.18872 -1.2112899144904095 -2.269138511209445
4424 11333167 -0.9305487016630754 -0.43570079481700386 1.18872 -1.2112899144904095 -2.269138511209445
4425 11333167 -0.920791663214761 -0.3814083761349989 1.18872 -1.2112899144904095 -2.269138511209445
4426 11333167 -0.9035717440718662 -0.2961413289644985 1.18872 -1.2112899144904095 -2.269138511209445
4427 11333167 -0.8894053867779976 -0.23651415549806928 1.18872 -1.2112899144904095 -2.269138511209445
4428 11333167 -0.8818297392660215 -0.19622962517911519 1.18872 -1.2112899144904095 -2.269138511209445
4429 11333167 -0.8742540917540453 -0.1559450948601611 1.18872 -1.2112899144904095 -2.269138511209445
4430 11333167 -0.8652231804509529 -0.09463877780278565 1.1963400000000002 -1.2112899144904095 -2.269138511209445
4431 11333167 -0.8510909854943576 -0.03511722985617646 1.1963400000000002 -1.2112899144904095 -2.269138511209445
4432 11333167 -0.837722222431295 0.017994358614879385 1.1963400000000002 -1.2112899144904095 -2.269138511209445
4433 11333167 -0.8197377010773736 0.10967111791099951 1.1963400000000002 -1.2112899144904095 -2.269138511209445
4434 11333167 -0.8107061650566423 0.17097730357140475 1.18872 -1.2112899144904095 -2.269138511209445
4435 11333167 -0.793905753782687 0.2375712510378992 1.1963400000000002 -1.2112899144904095 -2.269138511209445
4436 11333167 -0.7794624342648613 0.2980426448858744 1.1963400000000002 -1.2112899144904095 -2.269138511209445
4437 11333167 -0.76969536094595 0.36051039983673905 1.1963400000000002 -1.2112899144904095 -2.269138511209445
4438 11333167 -0.7569084266966211 0.41591532562573885 1.18872 -1.2112899144904095 -2.269138511209445
4439 11333167 -0.7400745907359871 0.5027108836808422 1.1963400000000002 -1.2112899144904095 -2.269138511209445
4440 11333167 -0.731966442199258 0.5440773953563014 1.1963400000000002 -1.2112899144904095 -2.269138511209445
4441 11333167 -0.723858293662529 0.5854439070317605 1.1963400000000002 -0.7988559315902777 -2.445003484775232
4442 11333167 -0.7071223554146975 0.6713952654840385 1.18872 -0.7988559315902777 -2.445003484775232
4443 11333167 -0.692895711788426 0.7322880970158923 1.18872 -0.7988559315902777 -2.445003484775232
4444 11333167 -0.6803562414513411 0.8021447685088915 1.18872 -0.7988559315902777 -2.445003484775232
4445 11333167 -0.6732074054980108 0.8335142686494577 1.18872 -0.7988559315902777 -2.445003484775232
4446 11333167 -0.6660585695446806 0.8648837687900237 1.18872 -0.7988559315902777 -2.445003484775232
4447 11333167 -0.6572995663831969 0.9269802911422955 1.1963400000000002 -0.7988559315902777 -2.445003484775232
4448 11333167 -0.6395763089743893 0.997478710878901 1.18872 -0.7988559315902777 -2.445003484775232
4449 11333167 -0.6197273086965287 1.1032674502479938 1.1963400000000002 -0.7988559315902777 -2.445003484775232
4450 11333167 -0.6081744613152866 1.1614127575270665 1.1963400000000002 -0.7988559315902777 -2.445003484775232
4451 11333167 -0.5952827208994551 1.2171340647505717 1.18872 -0.7988559315902777 -2.445003484775232
4452 11333167 -0.588112021233548 1.2472112637114934 1.19253 -0.7988559315902777 -2.445003484775232
4453 11333167 -0.5809413215676409 1.277288462672415 1.1963400000000002 -0.7988559315902777 -2.445003484775232
4454 11333167 -0.5663927554561334 1.3380761442055866 1.18872 -0.7988559315902777 -2.445003484775232
4455 11333167 -0.5538907172426337 1.3936912368726684 1.18872 -0.7988559315902777 -2.445003484775232
4456 11333167 -0.5447750329235561 1.4557881077100017 1.18872 -0.7988559315902777 -2.445003484775232
4457 11333167 -0.5225854814360693 1.5413000627372042 1.1963400000000002 -0.7988559315902777 -2.445003484775232
4458 11333167 -0.5133892268152456 1.603370627125157 1.18872 -0.7988559315902777 -2.445003484775232
4459 11333167 -0.5004277962533505 1.6593028944818382 1.18872 -0.7988559315902777 -2.445003484775232
4460 11333167 -0.48681891849048164 1.7199305770522006 1.1963400000000002 -0.7988559315902777 -2.445003484775232
4461 11333167 -0.47502896226818336 1.7940050423947833 1.18872 -0.7988559315902777 -2.445003484775232
4462 11333167 -0.45626775368675854 1.8785350925374318 1.18872 -0.7988559315902777 -2.445003484775232
4463 11333167 -0.4465848170718274 1.9244400262252 1.1963400000000002 -0.7988559315902777 -2.445003484775232
4464 11333167 -0.4342114944779258 1.976942738909287 1.1963400000000002 -0.7988559315902777 -2.445003484775232
4465 11333167 -0.42183817188402417 2.029445451593374 1.1963400000000002 -0.7988559315902777 -2.445003484775232
4466 11333167 -0.411164690445684 2.084081327102446 1.1963400000000002 -0.7988559315902777 -2.445003484775232
4467 11333167 -0.4004912090073438 2.1387172026115175 1.1963400000000002 -0.7988559315902777 -2.445003484775232
4468 11333167 -0.3816768175322953 2.228838110640097 1.18872 -0.7988559315902777 -2.445003484775232
4469 11333167 -0.3665763820050685 2.28967917628075 1.18872 -0.7988559315902777 -2.445003484775232
4470 11333167 -0.3589772727069891 2.3471314105494083 1.18872 -0.7988559315902777 -2.445003484775232
4471 11333167 -0.3467535110156912 2.405963076417722 1.18872 -0.7988559315902777 -2.445003484775232
4472 11333167 -0.3345297493243933 2.464794742286035 1.18872 -0.7988559315902777 -2.445003484775232
4473 11333167 -0.3232138572002272 2.5118891206186253 1.19253 -0.7988559315902777 -2.445003484775232
4474 11333167 -0.31189796507606116 2.5589834989512155 1.1963400000000002 -0.7988559315902777 -2.445003484775232
4475 11333167 -0.3025743650449255 2.620078004120951 1.1963400000000002 -0.7988559315902777 -2.445003484775232
4476 11333167 -0.2868500641296119 2.684453909925057 1.18872 -0.7988559315902777 -2.445003484775232
4477 11333167 -0.2664464241540798 2.779429783838635 1.1963400000000002 -0.7988559315902777 -2.445003484775232
4478 11333167 -0.2575578905244731 2.840549784926288 1.1963400000000002 -0.7988559315902777 -2.445003484775232
4479 11333167 -0.2451438520270688 2.8972454649224697 1.1963400000000002 -0.7988559315902777 -2.445003484775232
4480 11333167 -0.23272249267492384 2.950433646868515 1.18872 -0.7988559315902777 -2.445003484775232
4481 11333167 -0.218698746216907 3.0299703796767052 1.18872 -0.7988559315902777 -2.445003484775232
4482 11333167 -0.20620344036412575 3.096687524678434 1.18872 -0.7988559315902777 -2.445003484775232
4483 11333167 -0.19051283410510855 3.160957705440256 1.18872 -0.7988559315902777 -2.445003484775232
4484 11333167 -0.17805675915180985 3.223481567066203 1.18872 -0.7988559315902777 -2.445003484775232
4485 11333167 -0.1720621227268675 3.251314709606873 1.18872 -0.7988559315902777 -2.445003484775232
4486 11333167 -0.16194615229819243 3.32161411218917 1.18872 -0.7988559315902777 -2.445003484775232
4487 11333167 -0.15154539617901053 3.3669924435015046 1.18872 -0.7988559315902777 -2.445003484775232
4488 11333167 -0.14114464005982863 3.4123707748138394 1.18872 -0.7988559315902777 -2.445003484775232
4489 11333167 -0.12697227215842433 3.471996669958818 1.18872 -0.7988559315902777 -2.445003484775232
4490 11333167 -0.10966280996395417 3.5656479390592835 1.1963400000000002 -0.7988559315902777 -2.445003484775232
4491 11333167 -0.09524856848451879 3.6260126263831425 1.18872 -0.7988559315902777 -2.445003484775232
4492 11333167 -0.0863102909745711 3.6886354871396727 1.1963400000000002 -0.7988559315902777 -2.445003484775232
4493 11333167 -0.07136782580029077 3.758758664254361 1.18872 -0.7988559315902777 -2.445003484775232
4494 11333167 -0.059495283147002365 3.8211229889914606 1.18872 -0.7988559315902777 -2.445003484775232
4495 11333167 -0.046920209446508654 3.876948330796411 1.1963400000000002 -0.7988559315902777 -2.445003484775232
4496 11333167 -0.041691346267602514 3.910581776500033 1.19253 -0.7988559315902777 -2.445003484775232
4497 11333167 -0.036462483088696374 3.944215222203654 1.18872 -0.7988559315902777 -2.445003484775232
4498 11333167 -0.020112000190687374 4.030585825834074 1.18872 -0.7988559315902777 -2.445003484775232
4499 11333167 -0.006018781504868453 4.090237724433255 1.18872 -0.7988559315902777 -2.445003484775232
4500 11333167 0.00852921377154825 4.146936788401494 1.18872 -0.7988559315902777 -2.445003484775232
4501 11333167 0.017115575668833705 4.2111937893601725 1.18872 -0.7988559315902777 -2.445003484775232
4502 11333167 0.03502534862002271 4.279528795003267 1.1963400000000002 -0.7988559315902777 -2.445003484775232
4503 11333167 0.05318186521349633 4.370332899988332 1.1963400000000002 -0.7988559315902777 -2.445003484775232
4504 11333167 0.05920936726840553 4.396227574770339 1.1963400000000002 -0.7988559315902777 -2.445003484775232
4505 11333167 0.06523686932331474 4.422122249552348 1.1963400000000002 -0.7988559315902777 -2.445003484775232
4506 11333167 0.07403903537055978 4.484322502595057 1.18872 -0.7988559315902777 -2.445003484775232
4507 11333167 0.0903077148999929 4.550623828161018 1.18872 -0.7988559315902777 -2.445003484775232
4508 11333167 0.10884260744424035 4.640953761594042 1.18872 -0.7988559315902777 -2.445003484775232
4509 11333167 0.12146360148915991 4.695829527987515 1.18872 -0.7988559315902777 -2.445003484775232
4510 11333167 0.13071519179809687 4.759401775927113 1.18872 -0.7988559315902777 -2.445003484775232
4511 11333167 0.14040222356464138 4.805305841873674 1.18872 -0.7988559315902777 -2.445003484775232
4512 11333167 0.1500892553311859 4.851209907820233 1.18872 -0.7988559315902777 -2.445003484775232
4513 11333167 0.1597763814208084 4.897113953773948 1.18872 -0.7988559315902777 -2.445003484775232
4514 11333167 0.17990236437898588 4.993933955096666 1.18872 -0.7988559315902777 -2.445003484775232
4515 11333167 0.19110363393525898 5.058037025999375 1.1963400000000002 -0.7988559315902777 -2.445003484775232
