15122 11396927 -4.084294903872674 -0.059712721676754815 0.54864 -2.2216872527934295 -2.834057677108069
15123 11396927 -4.051628878249316 -0.0617030543413947 0.54864 -2.2216872527934295 -2.834057677108069
15124 11396927 -4.009560121243439 -0.06075399203403556 0.54864 -2.2216872527934295 -2.834057677108069
15125 11396927 -3.960657242468505 -0.06064005661247576 0.54864 -2.2216872527934295 -2.834057677108069
15126 11396927 -3.9192797056057644 -0.061801194648909125 0.54864 -2.2216872527934295 -2.834057677108069
15127 11396927 -3.8629208650633 -0.06062224990477319 0.54864 -2.2216872527934295 -2.834057677108069
15128 11396927 -3.8128569036694637 -0.05831683658008205 0.54864 -2.2216872527934295 -2.834057677108069
15129 11396927 -3.7603010814861078 -0.06196824749443444 0.54864 -2.2216872527934295 -2.834057677108069
15130 11396927 -3.7129422385714896 -0.058426053551774576 0.54864 -2.2216872527934295 -2.834057677108069
15131 11396927 -3.669675979068792 -0.06195689906783844 0.54864 -2.2216872527934295 -2.834057677108069
15132 11396927 -3.63877856915053 -0.06120465216281715 0.54864 -2.2216872527934295 -2.834057677108069
15133 11396927 -3.607881159232268 -0.060452405257795855 0.54864 -2.2216872527934295 -2.834057677108069
15134 11396927 -3.5587472390415043 -0.058542014519433444 0.54864 -2.2216872527934295 -2.834057677108069
15135 11396927 -3.519873414577061 -0.061919463573730044 0.5181600000000001 -2.2216872527934295 -2.834057677108069
15136 11396927 -3.463375103763017 -0.05868004678019814 0.5181600000000001 -2.2216872527934295 -2.834057677108069
15137 11396927 -3.4299669724968282 -0.058398351981136326 0.5181600000000001 -2.2216872527934295 -2.834057677108069
15138 11396927 -3.379757885091503 -0.05835779837265345 0.5181600000000001 -2.2216872527934295 -2.834057677108069
15139 11396927 -3.335670859006548 -0.05666359506675747 0.5181600000000001 -2.2216872527934295 -2.834057677108069
15140 11396927 -3.25704145217503 -0.055291665806712326 0.5181600000000001 -2.2216872527934295 -2.834057677108069
15141 11396927 -3.2315331657791786 -0.05335821119922271 0.5181600000000001 -2.2216872527934295 -2.834057677108069
15142 11396927 -3.1868660465234173 -0.05287532173290757 0.5181600000000001 -2.2216872527934295 -2.834057677108069
15143 11396927 -3.1421989272676565 -0.05239243226659243 0.5181600000000001 -2.2216872527934295 -2.834057677108069
15144 11396927 -3.103986054545472 -0.04991354306091503 0.5181600000000001 -2.2216872527934295 -2.834057677108069
15145 11396927 -3.065773181823287 -0.047434653855237624 0.5181600000000001 -2.2216872527934295 -2.834057677108069
15146 11396927 -3.00726093971185 -0.04672066679293199 0.48768 -2.2216872527934295 -2.834057677108069
15147 11396927 -2.957685249051517 -0.03910888599098619 0.48768 -2.2216872527934295 -2.834057677108069
15148 11396927 -2.9174996640686652 -0.03847246588236666 0.48768 -2.2216872527934295 -2.834057677108069
15149 11396927 -2.8928298668530257 -0.0371982616608211 0.48768 -2.2216872527934295 -2.834057677108069
15150 11396927 -2.868160069637386 -0.03592405743927554 0.48768 -2.2216872527934295 -2.834057677108069
15151 11396927 -2.794793890522585 -0.03270830046012288 0.48768 -2.2216872527934295 -2.834057677108069
15152 11396927 -2.756540473930894 -0.02711554428978205 0.48768 -2.2216872527934295 -2.834057677108069
15153 11396927 -2.708838656282091 -0.0225112528776025 0.48768 -2.2216872527934295 -2.834057677108069
15154 11396927 -2.663182716661642 -0.02144359472259541 0.48768 -2.2216872527934295 -2.834057677108069
15155 11396927 -2.613868145792158 -0.02005388154477941 0.48768 -2.2216872527934295 -2.834057677108069
15156 11396927 -2.541729917413746 -0.01678454306694535 0.48768 -2.2216872527934295 -2.834057677108069
15157 11396927 -2.509332807322464 -0.0168691421014128 0.48768 -2.2216872527934295 -2.834057677108069
15158 11396927 -2.4769356972311822 -0.016953741135880246 0.48768 -2.2216872527934295 -2.834057677108069
15159 11396927 -2.4327814952893236 -0.015042858093378159 0.48768 -2.2216872527934295 -2.834057677108069
15160 11396927 -2.3942444583760416 -0.011293866201116859 0.48768 -2.2216872527934295 -2.834057677108069
15161 11396927 -2.3286481996889865 -0.01172426025671272 0.45720000000000005 -2.2216872527934295 -2.834057677108069
15162 11396927 -2.2798177966640427 -0.011809846178780808 0.45720000000000005 -2.2216872527934295 -2.834057677108069
15163 11396927 -2.2441677196052225 -0.010094991937669912 0.45720000000000005 -2.2216872527934295 -2.834057677108069
15164 11396927 -2.2085176425464024 -0.008380137696559015 0.45720000000000005 -2.2216872527934295 -2.834057677108069
15165 11396927 -2.162810162828033 -0.0017180759817891078 0.45720000000000005 -2.2216872527934295 -2.834057677108069
15166 11396927 -2.1196924991772947 -0.0029715921252551347 0.45720000000000005 -2.2216872527934295 -2.834057677108069
15167 11396927 -2.049048943198068 -0.001545639774487434 0.45720000000000005 -2.2216872527934295 -2.834057677108069
15168 11396927 -2.0017977682175356 0.0016912964646774442 0.45720000000000005 -2.2216872527934295 -2.834057677108069
15169 11396927 -1.9452234314433492 0.004916509558014676 0.45720000000000005 -2.2216872527934295 -2.834057677108069
15170 11396927 -1.9006346003132564 0.006804991538075317 0.42672000000000004 -2.2216872527934295 -2.834057677108069
15171 11396927 -1.873911932482323 0.0043145487833235185 0.42672000000000004 -2.2216872527934295 -2.834057677108069
15172 11396927 -1.8471892646513897 0.0018241060285717203 0.42672000000000004 -2.2216872527934295 -2.834057677108069
15173 11396927 -1.8067294422790499 0.0033111730301537967 0.42672000000000004 -2.2216872527934295 -2.834057677108069
15174 11396927 -1.7478733229650245 0.006726123874992912 0.42672000000000004 -2.2216872527934295 -2.834057677108069
15175 11396927 -1.6960414850138437 0.004961373398692931 0.42672000000000004 -2.2216872527934295 -2.834057677108069
15176 11396927 -1.6173832543351578 0.006456980409971086 0.42672000000000004 -2.2216872527934295 -2.834057677108069
15177 11396927 -1.5826598311068134 0.006024269960935941 0.42672000000000004 -2.2216872527934295 -2.834057677108069
15178 11396927 -1.547936407878469 0.0055915595119007955 0.42672000000000004 -2.2216872527934295 -2.834057677108069
15179 11396927 -1.5082841185902358 0.0032549382071414834 0.42672000000000004 -2.2216872527934295 -2.834057677108069
15180 11396927 -1.4624924570923874 0.004752498601355931 0.42672000000000004 -2.2216872527934295 -2.834057677108069
15181 11396927 -1.4129303424249529 0.004199334676957295 0.42672000000000004 -2.2216872527934295 -2.834057677108069
15182 11396927 -1.3640671951840353 0.004225592559576524 0.42672000000000004 -2.2216872527934295 -2.834057677108069
15183 11396927 -1.3031545844459458 0.0017136142068419902 0.39624000000000004 -2.2216872527934295 -2.834057677108069
15184 11396927 -1.2805285891980267 0.0023175626290815876 0.39624000000000004 -2.2216872527934295 -2.834057677108069
15185 11396927 -1.2579025939501076 0.002921511051321185 0.39624000000000004 -2.2216872527934295 -2.834057677108069
15186 11396927 -1.1865670611698034 -0.0003108597234688093 0.39624000000000004 -2.2216872527934295 -2.834057677108069
15187 11396927 -1.142920150978174 0.0014225910026524902 0.39624000000000004 -2.2216872527934295 -2.834057677108069
15188 11396927 -1.0956106670348744 -0.0032990202948862957 0.39624000000000004 -2.2216872527934295 -2.834057677108069
15189 11396927 -1.051597206389424 -0.0018017576876580288 0.39624000000000004 -2.2216872527934295 -2.834057677108069
15190 11396927 -1.0101999627014755 -0.0017854840290531249 0.39624000000000004 -2.2216872527934295 -2.834057677108069
15191 11396927 -0.9441739938942064 -0.0046814305699658665 0.39624000000000004 -2.2216872527934295 -2.834057677108069
15192 11396927 -0.9167444654315009 -0.005004532797105804 0.39624000000000004 -2.2216872527934295 -2.834057677108069
15193 11396927 -0.8457634453786216 -0.006598939837792722 0.39624000000000004 -2.2216872527934295 -2.834057677108069
15194 11396927 -0.7975527687543549 -0.0044864136106256 0.39624000000000004 -2.2216872527934295 -2.834057677108069
15195 11396927 -0.7535053401021943 -0.002881753492530531 0.36576 -2.2216872527934295 -2.834057677108069
15196 11396927 -0.7215979519786302 -0.003090895210360295 0.36576 -2.2216872527934295 -2.834057677108069
15197 11396927 -0.6896905638550661 -0.0033000369281900588 0.36576 -2.2216872527934295 -2.834057677108069
15198 11396927 -0.6495520017145513 -6.630845667746077e-05 0.36576 -2.2216872527934295 -2.834057677108069
15199 11396927 -0.6121010530509012 -0.0009775589099494664 0.36576 -2.2216872527934295 -2.834057677108069
15200 11396927 -0.5663688669715634 7.733634136072864e-05 0.36576 -2.2216872527934295 -2.834057677108069
15201 11396927 -0.5227513071361449 -0.0034336834218396672 0.36576 -2.2216872527934295 -2.834057677108069
15202 11396927 -0.46265563369557583 -0.007073898325202582 0.36576 -2.2216872527934295 -2.834057677108069
15203 11396927 -0.44097287629930215 -0.008671104570157157 0.36576 -2.2216872527934295 -2.834057677108069
15204 11396927 -0.4162207879706914 -0.008350775282991968 0.36576 -2.2216872527934295 -2.834057677108069
15205 11396927 -0.39146869964208064 -0.00803044599582678 0.36576 -2.2216872527934295 -2.834057677108069
15206 11396927 -0.35338814109360217 -0.009730412869894317 0.36576 -2.2216872527934295 -2.834057677108069
15207 11396927 -0.31494090731407676 -0.011666883640546438 0.36576 -2.2216872527934295 -2.834057677108069
15208 11396927 -0.25589043568331316 -0.004916230897164781 0.36576 -2.2216872527934295 -2.834057677108069
15209 11396927 -0.22493245078293067 -0.008025926139747147 0.33528 -2.2216872527934295 -2.834057677108069
15210 11396927 -0.19070065117663626 -0.005195717761339952 0.33528 -2.2216872527934295 -2.834057677108069
15211 11396927 -0.1519303092678792 -0.0047835319651640396 0.33528 -2.2216872527934295 -2.834057677108069
15212 11396927 -0.11415667403251839 -0.003344378753403293 0.33528 -2.2216872527934295 -2.834057677108069
15213 11396927 -0.07889392212993995 -0.0014348348276417011 0.33528 -2.2216872527934295 -2.834057677108069
15214 11396927 -0.03886002747840256 0.0014856769353121246 0.33528 -2.2216872527934295 -2.834057677108069
15215 11396927 -0.003597411714149734 0.0033955936538643816 0.33528 -2.2216872527934295 -2.834057677108069
15216 11396927 0.03262345942183764 8.557891803784301e-05 0.3048 -2.2216872527934295 -2.834057677108069
15217 11396927 0.07132444076480926 0.00028787384165962493 0.3048 -2.2216872527934295 -2.834057677108069
15218 11396927 0.0971782801188829 0.0001329431534122146 0.3048 -2.2216872527934295 -2.834057677108069
15219 11396927 0.12303211947295653 -2.198753483519572e-05 0.3048 -2.2216872527934295 -2.834057677108069
15220 11396927 0.14888595882703015 -0.00017691822308260607 0.3048 -2.2216872527934295 -2.834057677108069
15221 11396927 0.17979559699554015 0.0006447052109549711 0.3048 -2.2216872527934295 -2.834057677108069
15222 11396927 0.21070523516405015 0.0014663286449925483 0.3048 -2.2216872527934295 -2.834057677108069
15223 11396927 0.23900686907538893 0.0031405154876402996 0.3048 -2.2216872527934295 -2.834057677108069
15224 11396927 0.2673085029867277 0.004814702330288051 0.3048 -2.2216872527934295 -2.834057677108069
15225 11396927 0.29099082495912004 0.004357551738812813 0.3048 -2.2216872527934295 -2.834057677108069
15226 11396927 0.3146731469315123 0.0039004011473375753 0.3048 -2.2216872527934295 -2.834057677108069
15227 11396927 0.33835546890390467 0.003443250555862337 0.3048 -2.2216872527934295 -2.834057677108069
15228 11396927 0.3645537568269345 0.003030651878406447 0.3048 -2.2216872527934295 -2.834057677108069
15229 11396927 0.3907520447499644 0.002618053200950557 0.3048 -2.2216872527934295 -2.834057677108069
15230 11396927 0.4169503326729943 0.002205454523494667 0.3048 -2.2216872527934295 -2.834057677108069
15231 11396927 0.44314862059602417 0.0017928558460387767 0.3048 -2.2216872527934295 -2.834057677108069
15232 11396927 0.4725563754804513 0.0012373878636704333 0.3048 -2.2216872527934295 -2.834057677108069
15233 11396927 0.5019641303648785 0.0006819198813020899 0.3048 -2.2216872527934295 -2.834057677108069
15234 11396927 0.5313718852493057 0.00012645189893374653 0.3048 -2.2216872527934295 -2.834057677108069
15235 11396927 0.5607796401337328 -0.00042901608343459685 0.3048 -2.2216872527934295 -2.834057677108069
15236 11396927 0.59018739501816 -0.0009844840658029402 0.3048 -2.2216872527934295 -2.834057677108069
15237 11396927 0.6195951499025871 -0.0015399520481712836 0.3048 -2.2216872527934295 -2.834057677108069
15238 11396927 0.6650160496994098 0.00020797998078847524 0.3048 -2.2216872527934295 -2.834057677108069
15239 11396927 0.6925358987066282 0.00017269022361766453 0.31496 -2.2216872527934295 -2.834057677108069
15240 11396927 0.7200557477138467 0.00013740046644685383 0.32512 -2.2216872527934295 -2.834057677108069
15241 11396927 0.7475755967210652 0.00010211070927604315 0.33528 -1.6958058802865732 -3.176793915693223
15242 11396927 0.7846305414175472 -0.0011003493675935023 0.33782 -1.6958058802865732 -3.176793915693223
15243 11396927 0.821685486114029 -0.002302809444463048 0.34036 -1.6958058802865732 -3.176793915693223
15244 11396927 0.858740430810511 -0.0035052695213325935 0.3429 -1.6958058802865732 -3.176793915693223
15245 11396927 0.895795375506993 -0.004707729598202139 0.34544 -1.6958058802865732 -3.176793915693223
15246 11396927 0.9328503202034749 -0.005910189675071684 0.34798 -1.6958058802865732 -3.176793915693223
15247 11396927 0.9699052648999569 -0.00711264975194123 0.35052 -1.6958058802865732 -3.176793915693223
15248 11396927 1.0069602095964387 -0.008315109828810775 0.35306 -1.6958058802865732 -3.176793915693223
15249 11396927 1.0440151542929206 -0.00951756990568032 0.35559999999999997 -1.6958058802865732 -3.176793915693223
15250 11396927 1.0810700989894027 -0.010720029982549867 0.35814 -1.6958058802865732 -3.176793915693223
15251 11396927 1.1181250436858845 -0.011922490059419411 0.36068 -1.6958058802865732 -3.176793915693223
15252 11396927 1.1551799883823666 -0.013124950136288957 0.36322 -1.6958058802865732 -3.176793915693223
15253 11396927 1.1922349330788484 -0.014327410213158503 0.36576 -1.6958058802865732 -3.176793915693223
15254 11396927 1.2162550042328446 -0.016917040887306348 0.36576 -1.6958058802865732 -3.176793915693223
15255 11396927 1.2402750753868408 -0.019506671561454192 0.36576 -1.6958058802865732 -3.176793915693223
15256 11396927 1.2807548814798537 -0.015206448690473787 0.36576 -1.6958058802865732 -3.176793915693223
15257 11396927 1.3181563124232714 -0.01761085419403391 0.39624000000000004 -1.6958058802865732 -3.176793915693223
15258 11396927 1.3570949092822615 -0.019115304792650695 0.39624000000000004 -1.6958058802865732 -3.176793915693223
15259 11396927 1.3881350724070132 -0.018156359599530367 0.39624000000000004 -1.6958058802865732 -3.176793915693223
15260 11396927 1.4446276135561884 -0.02083820601538247 0.39624000000000004 -1.6958058802865732 -3.176793915693223
15261 11396927 1.4855646490517949 -0.017854537476610782 0.39624000000000004 -1.6958058802865732 -3.176793915693223
15262 11396927 1.5012510948698368 -0.017137108733410594 0.39624000000000004 -1.6958058802865732 -3.176793915693223
15263 11396927 1.5555536418839784 -0.019453283860237897 0.39624000000000004 -1.6958058802865732 -3.176793915693223
15264 11396927 1.5893563244256732 -0.019279030331161823 0.39624000000000004 -1.6958058802865732 -3.176793915693223
15265 11396927 1.6303915932941293 -0.02251831574685892 0.42672000000000004 -1.6958058802865732 -3.176793915693223
15266 11396927 1.6459976993917764 -0.02177434113763707 0.42672000000000004 -1.6958058802865732 -3.176793915693223
15267 11396927 1.6616038054894233 -0.021030366528415223 0.42672000000000004 -1.6958058802865732 -3.176793915693223
15268 11396927 1.7197660643859332 -0.02892842053231598 0.42672000000000004 -1.6958058802865732 -3.176793915693223
15269 11396927 1.7474236508824064 -0.027447397308336396 0.42672000000000004 -1.6958058802865732 -3.176793915693223
15270 11396927 1.795118437115749 -0.033678514211091554 0.42672000000000004 -1.6958058802865732 -3.176793915693223
15271 11396927 1.8229685270549794 -0.035414282439333505 0.42672000000000004 -1.6958058802865732 -3.176793915693223
15272 11396927 1.8793331964706461 -0.039569802713110114 0.45720000000000005 -1.6958058802865732 -3.176793915693223
15273 11396927 1.905760255028457 -0.042943315667619775 0.45720000000000005 -1.6958058802865732 -3.176793915693223
15274 11396927 1.947267188612172 -0.04364799080803336 0.45720000000000005 -1.6958058802865732 -3.176793915693223
15275 11396927 1.9851257012977983 -0.04736655807329604 0.45720000000000005 -1.6958058802865732 -3.176793915693223
15276 11396927 2.022767785789376 -0.04902829774495232 0.45720000000000005 -1.6958058802865732 -3.176793915693223
15277 11396927 2.0392035062158675 -0.0503651665539554 0.45720000000000005 -1.6958058802865732 -3.176793915693223
15278 11396927 2.055639226642359 -0.051702035362958476 0.45720000000000005 -1.6958058802865732 -3.176793915693223
15279 11396927 2.1093301206047848 -0.05860411475203209 0.45720000000000005 -1.6958058802865732 -3.176793915693223
15280 11396927 2.1434051858413383 -0.061670496300885086 0.45720000000000005 -1.6958058802865732 -3.176793915693223
15281 11396927 2.200420535304726 -0.06954064504389859 0.48768 -1.6958058802865732 -3.176793915693223
15282 11396927 2.237580986941458 -0.071044026954694 0.48768 -1.6958058802865732 -3.176793915693223
15283 11396927 2.282745443814205 -0.07142247650304792 0.48768 -1.6958058802865732 -3.176793915693223
15284 11396927 2.317261557877198 -0.06633788810347166 0.48768 -1.6958058802865732 -3.176793915693223
15285 11396927 2.334645593797429 -0.06395347720809585 0.48768 -1.6958058802865732 -3.176793915693223
15286 11396927 2.3520296297176597 -0.06156906631272005 0.48768 -1.6958058802865732 -3.176793915693223
15287 11396927 2.384093010132769 -0.05474881128132922 0.48768 -1.6958058802865732 -3.176793915693223
15288 11396927 2.431148508176724 -0.03845466513863541 0.5181600000000001 -1.6958058802865732 -3.176793915693223
15289 11396927 2.4513236856201592 -0.02833675709690167 0.5181600000000001 -1.6958058802865732 -3.176793915693223
15290 11396927 2.491363678372294 -0.00905086698440069 0.5181600000000001 -1.6958058802865732 -3.176793915693223
15291 11396927 2.518377112237869 0.00841364670735853 0.5181600000000001 -1.6958058802865732 -3.176793915693223
15292 11396927 2.534588817640334 0.024615309537339813 0.5181600000000001 -1.6958058802865732 -3.176793915693223
15293 11396927 2.550800523042799 0.0408169723673211 0.5181600000000001 -1.6958058802865732 -3.176793915693223
15294 11396927 2.5814088980866274 0.06820566065504183 0.54864 -1.6958058802865732 -3.176793915693223
15295 11396927 2.6012592855598196 0.09092942146591057 0.54864 -1.6958058802865732 -3.176793915693223
15296 11396927 2.619721260046944 0.11212058336729111 0.54864 -1.6958058802865732 -3.176793915693223
15297 11396927 2.6378782776901812 0.14053723828197326 0.54864 -1.6958058802865732 -3.176793915693223
15298 11396927 2.660121548841518 0.1760307413776334 0.54864 -1.6958058802865732 -3.176793915693223
15299 11396927 2.672651800490323 0.20897125451363927 0.54864 -1.6958058802865732 -3.176793915693223
15300 11396927 2.687028112338352 0.24212679964863068 0.54864 -1.6958058802865732 -3.176793915693223
15301 11396927 2.696766664664212 0.266516472160613 0.54864 -1.6958058802865732 -3.176793915693223
15302 11396927 2.703718881366366 0.29053082239509725 0.54864 -1.6958058802865732 -3.176793915693223
15303 11396927 2.71067109806852 0.3145451726295815 0.54864 -1.6958058802865732 -3.176793915693223
15304 11396927 2.715334582881301 0.3451476566619599 0.54864 -1.6958058802865732 -3.176793915693223
15305 11396927 2.719201094060444 0.3841876206179248 0.57912 -1.6958058802865732 -3.176793915693223
15306 11396927 2.720997072694825 0.4128058451410703 0.57912 -1.6958058802865732 -3.176793915693223
15307 11396927 2.716729523191166 0.4609264757022459 0.57912 -1.6958058802865732 -3.176793915693223
15308 11396927 2.7160124288368226 0.4859261137997436 0.57912 -1.6958058802865732 -3.176793915693223
15309 11396927 2.7152953344824793 0.5109257518972413 0.57912 -1.6958058802865732 -3.176793915693223
15310 11396927 2.708745234068288 0.539815728812301 0.57912 -1.6958058802865732 -3.176793915693223
15311 11396927 2.6980717532111536 0.5914298147173359 0.57912 -1.6958058802865732 -3.176793915693223
15312 11396927 2.686386807317123 0.621996385440773 0.6096 -1.6958058802865732 -3.176793915693223
15313 11396927 2.6748111674506103 0.6444668437399708 0.6096 -1.6958058802865732 -3.176793915693223
15314 11396927 2.6632355275840975 0.6669373020391686 0.6096 -1.6958058802865732 -3.176793915693223
15315 11396927 2.6389862018943204 0.715040585405416 0.6096 -1.6958058802865732 -3.176793915693223
15316 11396927 2.623299733751435 0.7442271274953635 0.6096 -1.6958058802865732 -3.176793915693223
15317 11396927 2.6011911879545746 0.7706042305540307 0.6096 -1.6958058802865732 -3.176793915693223
15318 11396927 2.5623283067711586 0.8228955483084891 0.6096 -1.6958058802865732 -3.176793915693223
15319 11396927 2.5389495717059836 0.8519073253979732 0.6400800000000001 -1.6958058802865732 -3.176793915693223
15320 11396927 2.5179549778480363 0.8719049741060784 0.6400800000000001 -1.6958058802865732 -3.176793915693223
15321 11396927 2.496960383990089 0.8919026228141835 0.6400800000000001 -1.6958058802865732 -3.176793915693223
15322 11396927 2.471228634143091 0.9164262055573648 0.6400800000000001 -1.6958058802865732 -3.176793915693223
15323 11396927 2.4367748380257765 0.9441485386779016 0.6400800000000001 -1.6958058802865732 -3.176793915693223
15324 11396927 2.3949279801532226 0.9737012343798143 0.6400800000000001 -1.6958058802865732 -3.176793915693223
15325 11396927 2.37894095585386 0.9818424149228611 0.6400800000000001 -1.6958058802865732 -3.176793915693223
15326 11396927 2.362953931554498 0.9899835954659078 0.6400800000000001 -1.6958058802865732 -3.176793915693223
15327 11396927 2.3259403383065242 1.0125847216806172 0.6400800000000001 -1.6958058802865732 -3.176793915693223
15328 11396927 2.265659676666835 1.0427844954081766 0.6400800000000001 -1.6958058802865732 -3.176793915693223
15329 11396927 2.2294488402365586 1.065124109696067 0.6400800000000001 -1.6958058802865732 -3.176793915693223
15330 11396927 2.183687477603227 1.0864942787279135 0.67056 -1.6958058802865732 -3.176793915693223
15331 11396927 2.130200273489381 1.1092198136951208 0.67056 -1.6958058802865732 -3.176793915693223
15332 11396927 2.1112332117329626 1.1177509096930138 0.67056 -1.6958058802865732 -3.176793915693223
15333 11396927 2.0922661499765445 1.1262820056909069 0.67056 -1.6958058802865732 -3.176793915693223
15334 11396927 2.0448768507902204 1.147016711872648 0.67056 -1.6958058802865732 -3.176793915693223
15335 11396927 1.9942599162822985 1.1741798680794207 0.67056 -1.6958058802865732 -3.176793915693223
15336 11396927 1.9465355050961628 1.191169647296468 0.67056 -1.6958058802865732 -3.176793915693223
15337 11396927 1.907204233395858 1.2093903120580667 0.67056 -1.6958058802865732 -3.176793915693223
15338 11396927 1.88313525920009 1.2172520886635136 0.67056 -1.6958058802865732 -3.176793915693223
15339 11396927 1.8189330033112943 1.2435971687310885 0.7010400000000001 -1.6958058802865732 -3.176793915693223
15340 11396927 1.7799722160806404 1.2656696840538413 0.7010400000000001 -1.6958058802865732 -3.176793915693223
15341 11396927 1.7559034343672495 1.2735318957969863 0.7010400000000001 -1.6958058802865732 -3.176793915693223
15342 11396927 1.7274537265331962 1.2863300895621277 0.7010400000000001 -1.6958058802865732 -3.176793915693223
15343 11396927 1.6990040186991429 1.299128283327269 0.7010400000000001 -1.6958058802865732 -3.176793915693223
15344 11396927 1.667561985959328 1.3183949672334783 0.7010400000000001 -1.6958058802865732 -3.176793915693223
15345 11396927 1.6150741825651616 1.340915471517825 0.7010400000000001 -1.6958058802865732 -3.176793915693223
15346 11396927 1.5750810977914012 1.361457414197799 0.73152 -1.6958058802865732 -3.176793915693223
15347 11396927 1.536553362777609 1.379418051828665 0.73152 -1.6958058802865732 -3.176793915693223
15348 11396927 1.4793813166428713 1.4066243760664054 0.73152 -1.6958058802865732 -3.176793915693223
15349 11396927 1.4419081188249994 1.4240074633923416 0.73152 -1.6958058802865732 -3.176793915693223
15350 11396927 1.423062857912248 1.4329098679816084 0.73152 -1.6958058802865732 -3.176793915693223
15351 11396927 1.4042175969994966 1.4418122725708749 0.73152 -1.6958058802865732 -3.176793915693223
15352 11396927 1.3592632388976327 1.4645607721937213 0.73152 -1.6958058802865732 -3.176793915693223
15353 11396927 1.3191752196516284 1.4804624290755668 0.73152 -1.6958058802865732 -3.176793915693223
15354 11396927 1.2766025243577444 1.4996295549259597 0.762 -1.6958058802865732 -3.176793915693223
15355 11396927 1.2324344358006702 1.516631239157848 0.73152 -1.6958058802865732 -3.176793915693223
15356 11396927 1.1803894092956386 1.5448522961209714 0.762 -1.6958058802865732 -3.176793915693223
15357 11396927 1.142218398798701 1.562815790796103 0.762 -1.6958058802865732 -3.176793915693223
15358 11396927 1.1082897793498008 1.5812625232736794 0.762 -1.6958058802865732 -3.176793915693223
15359 11396927 1.0669018670381918 1.6037825356034152 0.762 -1.6958058802865732 -3.176793915693223
15360 11396927 1.0166731520790173 1.6362015640188432 0.762 -1.6958058802865732 -3.176793915693223
15361 11396927 0.979436491334533 1.6594686114592998 0.762 -1.6958058802865732 -3.176793915693223
15362 11396927 0.9571716758515874 1.6701325697642324 0.762 -1.6958058802865732 -3.176793915693223
15363 11396927 0.9349068603686417 1.680796528069165 0.762 -1.6958058802865732 -3.176793915693223
15364 11396927 0.8774941931346141 1.7048162004615282 0.762 -1.6958058802865732 -3.176793915693223
15365 11396927 0.8393916987183702 1.7213573552099 0.7924800000000001 -1.6958058802865732 -3.176793915693223
15366 11396927 0.7888505611084569 1.7378748503061745 0.7924800000000001 -1.6958058802865732 -3.176793915693223
15367 11396927 0.7548156672716058 1.7519189698590703 0.7924800000000001 -1.6958058802865732 -3.176793915693223
15368 11396927 0.7207807734347547 1.765963089411966 0.7924800000000001 -1.6958058802865732 -3.176793915693223
15369 11396927 0.673673397522159 1.7766860392856327 0.7924800000000001 -1.6958058802865732 -3.176793915693223
15370 11396927 0.6295505224963411 1.7911070936475404 0.7924800000000001 -1.6958058802865732 -3.176793915693223
15371 11396927 0.587049258675616 1.8104894958754314 0.7924800000000001 -1.6958058802865732 -3.176793915693223
15372 11396927 0.5250360461174272 1.8299409290231619 0.7924800000000001 -1.6958058802865732 -3.176793915693223
15373 11396927 0.48011127783164265 1.8446251358587393 0.7924800000000001 -1.6958058802865732 -3.176793915693223
15374 11396927 0.456794858709368 1.8575039493483823 0.7924800000000001 -1.6958058802865732 -3.176793915693223
15375 11396927 0.3897012489046091 1.8858609374661122 0.7924800000000001 -1.6958058802865732 -3.176793915693223
15376 11396927 0.3684984372232546 1.8916234341690608 0.7924800000000001 -1.6958058802865732 -3.176793915693223
15377 11396927 0.3045623882194015 1.9242066803751217 0.82296 -1.6958058802865732 -3.176793915693223
15378 11396927 0.2620276883462015 1.9434854907394337 0.82296 -1.6958058802865732 -3.176793915693223
15379 11396927 0.21942412761959718 1.9625534521658223 0.82296 -1.6958058802865732 -3.176793915693223
15380 11396927 0.1723914450467925 1.9884440076508303 0.82296 -1.6958058802865732 -3.176793915693223
15381 11396927 0.11675883697523803 2.0124731352583454 0.82296 -1.6958058802865732 -3.176793915693223
15382 11396927 0.09306795988692895 2.022847132457856 0.82296 -1.6958058802865732 -3.176793915693223
15383 11396927 0.06937708279861987 2.0332211296573663 0.82296 -1.6958058802865732 -3.176793915693223
15384 11396927 0.02680872630991149 2.0523958078429203 0.82296 -1.6958058802865732 -3.176793915693223
15385 11396927 -0.01171396358847876 2.070364910721225 0.82296 -1.6958058802865732 -3.176793915693223
15386 11396927 -0.05986291381228992 2.091481602780085 0.82296 -1.6958058802865732 -3.176793915693223
15387 11396927 -0.12525890079806923 2.118237828273465 0.8534400000000001 -1.6958058802865732 -3.176793915693223
15388 11396927 -0.172605238476913 2.139093001647987 0.8534400000000001 -1.6958058802865732 -3.176793915693223
15389 11396927 -0.21505803034470827 2.1583484628490717 0.8534400000000001 -1.6958058802865732 -3.176793915693223
15390 11396927 -0.29024550560670614 2.193448883366718 0.8534400000000001 -1.6958058802865732 -3.176793915693223
15391 11396927 -0.3139010964108524 2.203929799514233 0.8534400000000001 -1.6958058802865732 -3.176793915693223
15392 11396927 -0.33755668721499865 2.2144107156617476 0.8534400000000001 -1.6958058802865732 -3.176793915693223
15393 11396927 -0.40232524158645977 2.24715713657223 0.8534400000000001 -1.6958058802865732 -3.176793915693223
15394 11396927 -0.45086256709519357 2.2681703302778122 0.8534400000000001 -1.6958058802865732 -3.176793915693223
15395 11396927 -0.5029069204181209 2.289863457772408 0.8534400000000001 -1.6958058802865732 -3.176793915693223
15396 11396927 -0.5378525552045668 2.3065494788596217 0.8534400000000001 -1.6958058802865732 -3.176793915693223
15397 11396927 -0.5727981899910126 2.323235499946836 0.8534400000000001 -1.6958058802865732 -3.176793915693223
15398 11396927 -0.6185203797808516 2.349054465791302 0.8534400000000001 -1.6958058802865732 -3.176793915693223
15399 11396927 -0.6465782144946466 2.363722100372532 0.8534400000000001 -1.6958058802865732 -3.176793915693223
15400 11396927 -0.7239378198676734 2.4014079097465832 0.8534400000000001 -1.6958058802865732 -3.176793915693223
15401 11396927 -0.7717518808407198 2.422187192217437 0.8534400000000001 -1.6958058802865732 -3.176793915693223
15402 11396927 -0.8186763282631808 2.448400999638197 0.8534400000000001 -1.6958058802865732 -3.176793915693223
15403 11396927 -0.8657518104538353 2.472795174279461 0.8534400000000001 -1.6958058802865732 -3.176793915693223
15404 11396927 -0.9179425905022058 2.4951240543322433 0.8534400000000001 -1.6958058802865732 -3.176793915693223
15405 11396927 -0.9966363976903174 2.5368719548683556 0.8534400000000001 -1.6958058802865732 -3.176793915693223
15406 11396927 -1.0472038762645395 2.5641624857701752 0.8534400000000001 -1.6958058802865732 -3.176793915693223
15407 11396927 -1.1041721575862702 2.58817266135247 0.8534400000000001 -1.6958058802865732 -3.176793915693223
15408 11396927 -1.1732388051329063 2.6267737241566937 0.8534400000000001 -1.6958058802865732 -3.176793915693223
15409 11396927 -1.2032618377635107 2.6408602246169157 0.8534400000000001 -1.6958058802865732 -3.176793915693223
15410 11396927 -1.233284870394115 2.6549467250771377 0.8534400000000001 -1.6958058802865732 -3.176793915693223
15411 11396927 -1.2622121508859558 2.6696681332838366 0.8534400000000001 -1.6958058802865732 -3.176793915693223
15412 11396927 -1.3471820458672734 2.713941480946248 0.8534400000000001 -1.6958058802865732 -3.176793915693223
15413 11396927 -1.398950849611322 2.741628175889668 0.8534400000000001 -1.6958058802865732 -3.176793915693223
15414 11396927 -1.4330569044322206 2.7581616570998415 0.8534400000000001 -1.6958058802865732 -3.176793915693223
15415 11396927 -1.4842860462699516 2.7861399363928867 0.8534400000000001 -1.6958058802865732 -3.176793915693223
15416 11396927 -1.5703112542861664 2.8369546104075916 0.8534400000000001 -1.6958058802865732 -3.176793915693223
15417 11396927 -1.6150558381531714 2.861410209342949 0.8534400000000001 -1.6958058802865732 -3.176793915693223
15418 11396927 -1.6951753159753584 2.9042185346102642 0.8534400000000001 -1.6958058802865732 -3.176793915693223
15419 11396927 -1.7212937817381964 2.9180232336561134 0.8534400000000001 -1.6958058802865732 -3.176793915693223
15420 11396927 -1.7474122475010343 2.9318279327019625 0.8534400000000001 -1.6958058802865732 -3.176793915693223
15421 11396927 -1.7992478369993539 2.9593064772161606 0.8534400000000001 -1.6958058802865732 -3.176793915693223
15422 11396927 -1.8444400069749312 2.9908042272290136 0.8534400000000001 -1.6958058802865732 -3.176793915693223
15423 11396927 -1.9235269597233777 3.032693703487693 0.8534400000000001 -1.6958058802865732 -3.176793915693223
15424 11396927 -1.9677680988991606 3.0632970381018363 0.8534400000000001 -1.6958058802865732 -3.176793915693223
15425 11396927 -2.0267508559140532 3.094168376613464 0.8534400000000001 -1.6958058802865732 -3.176793915693223
15426 11396927 -2.077317825904344 3.125791323793249 0.8534400000000001 -1.6958058802865732 -3.176793915693223
15427 11396927 -2.1134417179822975 3.1483643790512783 0.8534400000000001 -1.6958058802865732 -3.176793915693223
15428 11396927 -2.149565610060251 3.1709374343093075 0.8534400000000001 -1.6958058802865732 -3.176793915693223
15429 11396927 -2.192527903570692 3.197034434743507 0.8534400000000001 -1.6958058802865732 -3.176793915693223
15430 11396927 -2.2671486000507306 3.2414397802629957 0.8534400000000001 -1.6958058802865732 -3.176793915693223
15431 11396927 -2.2895845665199284 3.2559112923049107 0.8534400000000001 -1.6958058802865732 -3.176793915693223
15432 11396927 -2.3655716661038735 3.305906562983615 0.8534400000000001 -1.6958058802865732 -3.176793915693223
15433 11396927 -2.3896904174269054 3.3217472765909837 0.8534400000000001 -1.6958058802865732 -3.176793915693223
15434 11396927 -2.440299277120493 3.3543221489972788 0.8534400000000001 -1.6958058802865732 -3.176793915693223
15435 11396927 -2.512619924429372 3.4019508368854576 0.8534400000000001 -1.6958058802865732 -3.176793915693223
15436 11396927 -2.584863310519321 3.447101386182696 0.8534400000000001 -1.6958058802865732 -3.176793915693223
15437 11396927 -2.6339012149225933 3.479046962447375 0.8534400000000001 -1.6958058802865732 -3.176793915693223
15438 11396927 -2.65698134175246 3.491277117016926 0.8534400000000001 -1.6958058802865732 -3.176793915693223
15439 11396927 -2.680061468582327 3.503507271586477 0.8534400000000001 -1.6958058802865732 -3.176793915693223
15440 11396927 -2.7466753641604313 3.5482191526259848 0.8534400000000001 -1.6958058802865732 -3.176793915693223
