15460 10636784 0.41700730053729135 0.004961387297645892 0.3048 -1.6958058802865732 -3.176793915693223
15461 10636784 0.4368632868572926 0.0064754829712341255 0.3048 -1.6958058802865732 -3.176793915693223
15462 10636784 0.4567192731772938 0.00798957864482236 0.3048 -1.6958058802865732 -3.176793915693223
15463 10636784 0.5018157911085275 0.005753832254762508 0.3048 -1.6958058802865732 -3.176793915693223
15464 10636784 0.5469123090397612 0.0035180858647026565 0.3048 -1.6958058802865732 -3.176793915693223
15465 10636784 0.5920088269709949 0.0012823394746428046 0.3048 -1.6958058802865732 -3.176793915693223
15466 10636784 0.6454759392283957 0.001370050929000856 0.3048 -1.6958058802865732 -3.176793915693223
15467 10636784 0.6989430514857966 0.0014577623833589074 0.3048 -1.6958058802865732 -3.176793915693223
15468 10636784 0.7524101637431975 0.0015454738377169589 0.3048 -1.6958058802865732 -3.176793915693223
15469 10636784 0.8058772760005983 0.0016331852920750103 0.3048 -1.6958058802865732 -3.176793915693223
15470 10636784 0.8593443882579992 0.0017208967464330616 0.3048 -1.6958058802865732 -3.176793915693223
15471 10636784 0.9128115005154 0.001808608200791113 0.3048 -1.6958058802865732 -3.176793915693223
15472 10636784 0.9662786127728009 0.0018963196551491646 0.3048 -1.6958058802865732 -3.176793915693223
15473 10636784 1.0086448414847469 -0.0010802484711688737 0.3048 -1.6958058802865732 -3.176793915693223
15474 10636784 1.0751630855038894 0.0005536512361069695 0.3048 -1.6958058802865732 -3.176793915693223
15475 10636784 1.141681329523032 0.0021875509433828128 0.3048 -1.6958058802865732 -3.176793915693223
15476 10636784 1.19419779567931 0.0025551115589961676 0.33528 -1.6958058802865732 -3.176793915693223
15477 10636784 1.2366207710480766 -0.0007892005685798953 0.33528 -1.6958058802865732 -3.176793915693223
15478 10636784 1.3197554081860634 0.0035961166179023785 0.33528 -1.6958058802865732 -3.176793915693223
15479 10636784 1.3751364358652185 0.0018609139158310972 0.33528 -1.6958058802865732 -3.176793915693223
15480 10636784 1.401615382399604 -0.0013560941051405859 0.33528 -1.6958058802865732 -3.176793915693223
15481 10636784 1.4280943289339896 -0.004573102126112269 0.33528 -1.6958058802865732 -3.176793915693223
15482 10636784 1.477326500133919 -0.009906591526841077 0.33528 -1.6958058802865732 -3.176793915693223
15483 10636784 1.5597226001687352 -0.02572154738006116 0.36576 -1.6958058802865732 -3.176793915693223
15484 10636784 1.6226877704536264 -0.03577320861704392 0.36576 -1.6958058802865732 -3.176793915693223
15485 10636784 1.653501547529507 -0.045837408323739975 0.36576 -1.6958058802865732 -3.176793915693223
15486 10636784 1.7152018117073262 -0.06084892377411982 0.39624000000000004 -1.6958058802865732 -3.176793915693223
15487 10636784 1.7715953262595288 -0.07307532551805299 0.39624000000000004 -1.6958058802865732 -3.176793915693223
15488 10636784 1.8221494703116519 -0.08958576288533587 0.39624000000000004 -1.6958058802865732 -3.176793915693223
15489 10636784 1.8981408154597186 -0.11522070908266868 0.39624000000000004 -1.6958058802865732 -3.176793915693223
15490 10636784 1.924230058797947 -0.1264275357452035 0.41148000000000007 -1.6958058802865732 -3.176793915693223
15491 10636784 1.9503193021361753 -0.13763436240773833 0.42672000000000004 -1.6958058802865732 -3.176793915693223
15492 10636784 2.0270667642498394 -0.16503324832694338 0.42672000000000004 -1.6958058802865732 -3.176793915693223
15493 10636784 2.104108385765234 -0.19860206465605715 0.42672000000000004 -1.6958058802865732 -3.176793915693223
15494 10636784 2.130375747792726 -0.20980775217062164 0.44196 -1.6958058802865732 -3.176793915693223
15495 10636784 2.1566431098202177 -0.22101343968518614 0.45720000000000005 -1.6958058802865732 -3.176793915693223
15496 10636784 2.2349759215625657 -0.2625953674010274 0.45720000000000005 -1.6958058802865732 -3.176793915693223
15497 10636784 2.262645985893137 -0.2771206049644671 0.45720000000000005 -1.6958058802865732 -3.176793915693223
15498 10636784 2.339795438020154 -0.3236883653670001 0.45720000000000005 -1.6958058802865732 -3.176793915693223
15499 10636784 2.366961197877453 -0.33839888620579717 0.45720000000000005 -1.6958058802865732 -3.176793915693223
15500 10636784 2.4150047816368705 -0.3751120738919893 0.48768 -1.6958058802865732 -3.176793915693223
15501 10636784 2.4640452208807258 -0.4136688862884955 0.48768 -1.6958058802865732 -3.176793915693223
15502 10636784 2.5314488074336805 -0.4628929131476379 0.48768 -1.6958058802865732 -3.176793915693223
15503 10636784 2.5690131671564194 -0.5001552695249435 0.48768 -1.6958058802865732 -3.176793915693223
15504 10636784 2.615255247178327 -0.5421192440519782 0.5181600000000001 -1.6958058802865732 -3.176793915693223
15505 10636784 2.6563849467259315 -0.5820634025257784 0.5181600000000001 -1.6958058802865732 -3.176793915693223
15506 10636784 2.687403890376513 -0.6182976820550333 0.5181600000000001 -1.6958058802865732 -3.176793915693223
15507 10636784 2.718422834027095 -0.6545319615842883 0.5181600000000001 -1.6958058802865732 -3.176793915693223
15508 10636784 2.7583231341796752 -0.7009659934838315 0.5181600000000001 -1.6958058802865732 -3.176793915693223
15509 10636784 2.7939601870587456 -0.744138986064463 0.5181600000000001 -1.6958058802865732 -3.176793915693223
15510 10636784 2.8325920541317346 -0.8053442796425598 0.5181600000000001 -1.6958058802865732 -3.176793915693223
15511 10636784 2.8653312990680586 -0.8655602961350662 0.5181600000000001 -1.6958058802865732 -3.176793915693223
15512 10636784 2.8979255685159124 -0.9194206219364792 0.5181600000000001 -1.6958058802865732 -3.176793915693223
15513 10636784 2.9304673478668626 -0.9870476416419655 0.5181600000000001 -1.6958058802865732 -3.176793915693223
15514 10636784 2.9604119601694805 -1.0449487059672482 0.54864 -1.6958058802865732 -3.176793915693223
15515 10636784 2.974604217799519 -1.074929492175782 0.54864 -1.6958058802865732 -3.176793915693223
15516 10636784 3.0189086338896383 -1.1976759266415782 0.54864 -1.6958058802865732 -3.176793915693223
15517 10636784 3.032867843710285 -1.2372173805560411 0.54864 -1.6958058802865732 -3.176793915693223
15518 10636784 3.046827053530932 -1.276758834470504 0.54864 -1.6958058802865732 -3.176793915693223
15519 10636784 3.0666036647598274 -1.3338516621836227 0.54864 -1.6958058802865732 -3.176793915693223
15520 10636784 3.0863802759887227 -1.3909444898967416 0.54864 -1.6958058802865732 -3.176793915693223
15521 10636784 3.109493107407878 -1.488842164222155 0.5638799999999999 -1.6958058802865732 -3.176793915693223
15522 10636784 3.122596263860819 -1.5548245794960205 0.5714999999999999 -1.6958058802865732 -3.176793915693223
15523 10636784 3.1356994203137596 -1.6208069947698862 0.57912 -1.6958058802865732 -3.176793915693223
15524 10636784 3.1512646635479724 -1.6901332638186546 0.57912 -1.6958058802865732 -3.176793915693223
15525 10636784 3.1588574161094236 -1.7662027655727626 0.57912 -1.6958058802865732 -3.176793915693223
15526 10636784 3.1665784664628847 -1.8119428161732314 0.57912 -1.6958058802865732 -3.176793915693223
15527 10636784 3.1705776669486134 -1.8459552228027085 0.57912 -1.6958058802865732 -3.176793915693223
15528 10636784 3.183134117894217 -1.9571691301785739 0.6096 -1.6958058802865732 -3.176793915693223
15529 10636784 3.1874477544308926 -2.036490164566796 0.6096 -1.6958058802865732 -3.176793915693223
15530 10636784 3.1911036934750943 -2.09877559911009 0.6096 -1.6958058802865732 -3.176793915693223
15531 10636784 3.1925775098426543 -2.2276323245256493 0.6096 -1.6958058802865732 -3.176793915693223
15532 10636784 3.1885281003422112 -2.289038704930347 0.6248400000000001 -1.6958058802865732 -3.176793915693223
15533 10636784 3.184478690841768 -2.350445085335045 0.6400800000000001 -1.6958058802865732 -3.176793915693223
15534 10636784 3.177243440288169 -2.4134517890198284 0.6400800000000001 -1.6958058802865732 -3.176793915693223
15535 10636784 3.1700081897345695 -2.4764584927046114 0.6400800000000001 -1.6958058802865732 -3.176793915693223
15536 10636784 3.16277293918097 -2.539465196389395 0.6400800000000001 -1.6958058802865732 -3.176793915693223
15537 10636784 3.1555376886273705 -2.602471900074178 0.6400800000000001 -1.6958058802865732 -3.176793915693223
15538 10636784 3.148302438073771 -2.6654786037589613 0.6400800000000001 -1.6958058802865732 -3.176793915693223
15539 10636784 3.1300055761488763 -2.7385272710052533 0.6461760000000001 -1.6958058802865732 -3.176793915693223
15540 10636784 3.1117087142239814 -2.8115759382515457 0.6522720000000001 -1.6958058802865732 -3.176793915693223
15541 10636784 3.0934118522990866 -2.8846246054978377 0.6583680000000001 -1.6958058802865732 -3.176793915693223
15542 10636784 3.0751149903741917 -2.9576732727441297 0.664464 -1.6958058802865732 -3.176793915693223
15543 10636784 3.056818128449297 -3.030721939990422 0.67056 -1.6958058802865732 -3.176793915693223
15544 10636784 3.038521266524402 -3.103770607236714 0.676656 -1.6958058802865732 -3.176793915693223
15545 10636784 3.0202244045995075 -3.176819274483006 0.682752 -1.6958058802865732 -3.176793915693223
15546 10636784 3.0019275426746126 -3.2498679417292986 0.688848 -1.6958058802865732 -3.176793915693223
15547 10636784 2.9836306807497177 -3.3229166089755906 0.694944 -1.6958058802865732 -3.176793915693223
15548 10636784 2.965333818824823 -3.395965276221883 0.70104 -1.6958058802865732 -3.176793915693223
15549 10636784 2.947036956899928 -3.469013943468175 0.707136 -1.6958058802865732 -3.176793915693223
15550 10636784 2.928740094975033 -3.542062610714467 0.713232 -1.6958058802865732 -3.176793915693223
15551 10636784 2.910443233050138 -3.615111277960759 0.719328 -1.6958058802865732 -3.176793915693223
15552 10636784 2.8921463711252433 -3.6881599452070515 0.725424 -1.6958058802865732 -3.176793915693223
15553 10636784 2.8738495092003484 -3.7612086124533435 0.73152 -1.6958058802865732 -3.176793915693223
15554 10636784 2.8548655272964467 -3.8365482752356703 0.73152 -1.6958058802865732 -3.176793915693223
15555 10636784 2.835881545392545 -3.9118879380179976 0.73152 -1.6958058802865732 -3.176793915693223
15556 10636784 2.8168975634886433 -3.9872276008003245 0.73152 -1.6958058802865732 -3.176793915693223
15557 10636784 2.7979135815847416 -4.062567263582651 0.73152 -1.6958058802865732 -3.176793915693223
15558 10636784 2.77892959968084 -4.137906926364979 0.73152 -1.6958058802865732 -3.176793915693223
15559 10636784 2.763697911585398 -4.2111416622622455 0.7391399999999999 -1.6958058802865732 -3.176793915693223
15560 10636784 2.7484662234899564 -4.284376398159512 0.74676 -1.6958058802865732 -3.176793915693223
15561 10636784 2.733234535394515 -4.35761113405678 0.75438 -1.6958058802865732 -3.176793915693223
15562 10636784 2.718002847299073 -4.430845869954047 0.762 -1.6958058802865732 -3.176793915693223
