18391 11098357 3.1198759765578594 2.4725226517332786 0.39624000000000004 -3.445796291595625 -3.0924128958510444
18392 11098357 3.0789767635357363 2.4975675921139726 0.39719250000000006 -3.445796291595625 -3.0924128958510444
18393 11098357 3.0380775505136137 2.5226125324946667 0.398145 -3.445796291595625 -3.0924128958510444
18394 11098357 2.9971783374914907 2.5476574728753607 0.3990975 -3.445796291595625 -3.0924128958510444
18395 11098357 2.9562791244693676 2.5727024132560548 0.40005 -3.445796291595625 -3.0924128958510444
18396 11098357 2.915379911447245 2.5977473536367484 0.40100250000000004 -3.445796291595625 -3.0924128958510444
18397 11098357 2.874480698425122 2.6227922940174424 0.401955 -3.445796291595625 -3.0924128958510444
18398 11098357 2.8335814854029993 2.6478372343981365 0.4029075 -3.445796291595625 -3.0924128958510444
18399 11098357 2.792682272380876 2.6728821747788305 0.40386 -3.445796291595625 -3.0924128958510444
18400 11098357 2.7513680355438095 2.696959240396289 0.40386 -3.445796291595625 -3.0924128958510444
18401 11098357 2.710053798706743 2.7210363060137484 0.40386 -3.445796291595625 -3.0924128958510444
18402 11098357 2.6687395618696756 2.745113371631207 0.40386 -3.445796291595625 -3.0924128958510444
18403 11098357 2.627425325032609 2.769190437248666 0.40386 -3.445796291595625 -3.0924128958510444
18404 11098357 2.5861110881955423 2.793267502866125 0.40386 -3.445796291595625 -3.0924128958510444
18405 11098357 2.5550706736783253 2.8117002583778943 0.40386 -3.445796291595625 -3.0924128958510444
18406 11098357 2.524030259161109 2.830133013889664 0.40386 -3.445796291595625 -3.0924128958510444
