6282 11028290 0.6159488254187306 0.0031570102444229233 0.34544 0.0 0.0
6283 11028290 0.5445189052062968 0.002898627303629627 0.34798000000000007 0.0 0.0
6284 11028290 0.4730889849938628 0.0026402443628363303 0.35052000000000005 0.0 0.0
6285 11028290 0.3997819740748676 0.0025296164915732527 0.35814 0.0 0.0
6286 11028290 0.3264749631558723 0.002418988620310175 0.36576 0.0 0.0
6287 11028290 0.2647504011910783 0.0037816937266873657 0.36956999999999995 0.0 0.0
6288 11028290 0.20302583922628425 0.005144398833064556 0.37338 0.0 0.0
6289 11028290 0.12245797293905525 0.0032031596134005913 0.381 0.0 0.0
6290 11028290 -0.013230530810790397 0.0024551371082829065 0.40386 0.0 0.0
6291 11028290 -0.08172230437266964 0.002819660274653024 0.41529000000000005 0.0 0.0
6292 11028290 -0.15021407793454888 0.0031841834410231418 0.42672000000000004 0.0 0.0
6293 11028290 -0.26182688555279365 -0.0013400471171744754 0.44958000000000004 0.0 0.0
6294 11028290 -0.30357645667245536 0.0006827201598592902 0.46101000000000003 0.0 0.0
6295 11028290 -0.3453260277921171 0.002705487436893056 0.47243999999999997 0.0 0.0
6296 11028290 -0.4442347241784723 -0.0023472905259641907 0.48768 0.0 0.0
6297 11028290 -0.5275659337025049 -0.0018596726785660989 0.51054 0.0 0.0
6298 11028290 -0.6278346352161541 -0.0015585354503604154 0.5334 0.0 0.0
6299 11028290 -0.7162267923296417 -0.004321308399633045 0.54102 0.0 0.0
6300 11028290 -0.801961725110665 -0.009821263161679333 0.56388 0.0 0.0
6301 11028290 -0.8920846021127602 -0.011081527032362232 0.5715 0.0 0.0
6302 11028290 -0.9913970373405945 -0.015995508701612066 0.59436 0.0 0.0
6303 11028290 -1.082832215520302 -0.02126425521249567 0.6019800000000001 0.0 0.0
6304 11028290 -1.1913004626276111 -0.029724632908955134 0.61722 0.0 0.0
6305 11028290 -1.3181394226225043 -0.03731658551247111 0.63246 0.0 0.0
6306 11028290 -1.388776774044185 -0.04240205703401584 0.6438900000000001 0.0 0.0
6307 11028290 -1.4594141254658657 -0.04748752855556057 0.6553200000000001 0.0 0.0
6308 11028290 -1.5189433476164904 -0.050655241509668436 0.6667500000000002 0.0 0.0
6309 11028290 -1.5784725697671151 -0.0538229544637763 0.6781800000000001 0.0 0.0
6310 11028290 -1.6954430722816187 -0.06381881440447248 0.69342 0.0 0.0
6311 11028290 -1.7879649177889372 -0.07374826443093765 0.7086600000000001 0.0 0.0
6312 11028290 -1.8673755935199436 -0.08025407168300971 0.7162800000000001 0.0 0.0
6313 11028290 -1.9810299131045082 -0.08689071493686176 0.73152 0.0 0.0
6314 11028290 -2.0958374370418094 -0.0984063337724245 0.74676 0.0 0.0
6315 11028290 -2.2024996752286325 -0.10674308781241051 0.75438 0.0 0.0
6316 11028290 -2.2948385070035364 -0.11474044622832016 0.76962 0.0 0.0
6317 11028290 -2.4095100284890796 -0.1258288438924561 0.77724 0.0 0.0
6318 11028290 -2.510004448427366 -0.13431014700707736 0.7924800000000001 0.0 0.0
6319 11028290 -2.648657545618737 -0.14537690962199315 0.80772 0.0 0.0
6320 11028290 -2.7682843161309103 -0.1553062495812713 0.82296 0.0 0.0
6321 11028290 -2.8180185968802385 -0.16123154025628064 0.82677 0.0 0.0
6322 11028290 -2.8677528776295667 -0.16715683093129 0.8305800000000001 0.0 0.0
6323 11028290 -2.945746333595059 -0.17364863227630126 0.8382000000000001 0.0 0.0
6324 11028290 -3.108367511849056 -0.19006733250910215 0.84582 0.0 0.0
6325 11028290 -3.1913027621050922 -0.19482260427014567 0.8534400000000001 0.0 0.0
6326 11028290 -3.3017182556278835 -0.2091611522910978 0.8534400000000001 0.0 0.0
6327 11028290 -3.3993390718565264 -0.21752055940773865 0.86106 0.0 0.0
6328 11028290 -3.523241790261407 -0.2307132404520539 0.86106 0.0 0.0
6329 11028290 -3.6271598377687537 -0.23876133999395668 0.86106 0.0 0.0
6330 11028290 -3.7362922259786266 -0.2518783271369026 0.8686800000000001 0.0 0.0
6331 11028290 -3.8414475950530678 -0.26641275362104555 0.8686800000000001 0.0 0.0
6332 11028290 -3.9505447089504866 -0.2777857812478536 0.8686800000000001 0.0 0.0
6333 11028290 -4.085475746246403 -0.29261771499803635 0.8686800000000001 0.0 0.0
