20773 10926744 0.053113711950062314 0.011146753590821443 0.3048 -1.9143312731086803 -1.7180071643616912
20774 10926744 0.06659923816836522 0.011646010245714683 0.3048 -1.9143312731086803 -1.7180071643616912
20775 10926744 0.08619374775821409 0.009097213198935819 0.3048 -1.9143312731086803 -1.7180071643616912
20776 10926744 0.10578825734806296 0.006548416152156955 0.3048 -1.9143312731086803 -1.7180071643616912
20777 10926744 0.1219330439239995 0.005944986768567945 0.3048 -1.9143312731086803 -1.7180071643616912
20778 10926744 0.14391539082384053 0.006354463139978672 0.3048 -1.9143312731086803 -1.7180071643616912
20779 10926744 0.16855250178146264 0.007006281191826197 0.3048 -1.9143312731086803 -1.7180071643616912
20780 10926744 0.19318961273908475 0.007658099243673722 0.3048 -1.9143312731086803 -1.7180071643616912
20781 10926744 0.21884960109330887 0.004646091005952507 0.3048 -1.9143312731086803 -1.7180071643616912
20782 10926744 0.24903021560353222 0.004596297027157914 0.3048 -1.9143312731086803 -1.7180071643616912
20783 10926744 0.27765764938090315 0.005229509564775386 0.3048 -1.9143312731086803 -1.7180071643616912
20784 10926744 0.3062850831582741 0.005862722102392859 0.3048 -1.9143312731086803 -1.7180071643616912
20785 10926744 0.3401387327207066 0.009987056605554406 0.3048 -1.9143312731086803 -1.7180071643616912
20786 10926744 0.36997571015364894 0.010517341821761256 0.33528 -1.9143312731086803 -1.7180071643616912
20787 10926744 0.3987073463194273 0.006034829688494281 0.33528 -1.9143312731086803 -1.7180071643616912
20788 10926744 0.43704249176246135 0.008110912747152782 0.33528 -1.9143312731086803 -1.7180071643616912
20789 10926744 0.46960762569711795 0.007750125622872979 0.33528 -1.9143312731086803 -1.7180071643616912
20790 10926744 0.5021727596317745 0.007389338498593176 0.33528 -1.9143312731086803 -1.7180071643616912
20791 10926744 0.5398868502503826 0.007565956519721903 0.33528 -1.9143312731086803 -1.7180071643616912
20792 10926744 0.5646050039197719 0.006294090720323223 0.33528 -1.9143312731086803 -1.7180071643616912
20793 10926744 0.589323157589161 0.005022224920924544 0.33528 -1.9143312731086803 -1.7180071643616912
20794 10926744 0.6422028970830967 0.006494027841512151 0.33528 -1.9143312731086803 -1.7180071643616912
20795 10926744 0.6776115161443723 0.00613962127070293 0.33528 -1.9143312731086803 -1.7180071643616912
20796 10926744 0.7130201352056478 0.005785214699893709 0.33528 -1.9143312731086803 -1.7180071643616912
20797 10926744 0.7441497435685636 0.003207543709370403 0.33528 -1.9143312731086803 -1.7180071643616912
20798 10926744 0.7795754883951815 0.0029064252441499128 0.35052 -1.9143312731086803 -1.7180071643616912
20799 10926744 0.8150012332217995 0.0026053067789294226 0.36576 -1.9143312731086803 -1.7180071643616912
20800 10926744 0.8513353418352413 -0.001438741833318824 0.36576 -1.9143312731086803 -1.7180071643616912
20801 10926744 0.8891749646280859 -0.0014182608913251155 0.36576 -1.9143312731086803 -1.7180071643616912
20802 10926744 0.9249626830994367 -0.0006103784319919925 0.36576 -1.9143312731086803 -1.7180071643616912
20803 10926744 0.9607940473537431 -0.0023866826512140144 0.36576 -1.9143312731086803 -1.7180071643616912
20804 10926744 0.9966254116080493 -0.004162986870436036 0.36576 -1.9143312731086803 -1.7180071643616912
20805 10926744 1.0332061703272213 -0.0009267046405051493 0.39624000000000004 -1.9143312731086803 -1.7180071643616912
20806 10926744 1.0686925584029572 -0.0037580554044997147 0.39624000000000004 -1.9143312731086803 -1.7180071643616912
20807 10926744 1.1041789464786929 -0.00658940616849428 0.39624000000000004 -1.9143312731086803 -1.7180071643616912
20808 10926744 1.1399663747309492 -0.005780439625098527 0.39624000000000004 -1.9143312731086803 -1.7180071643616912
20809 10926744 1.177505860281572 -0.007763350419873763 0.39624000000000004 -1.9143312731086803 -1.7180071643616912
20810 10926744 1.2129748898945314 -0.010646757657441538 0.39624000000000004 -1.9143312731086803 -1.7180071643616912
20811 10926744 1.248443919507491 -0.013530164895009314 0.39624000000000004 -1.9143312731086803 -1.7180071643616912
20812 10926744 1.2866040012469513 -0.013612416863348048 0.42672000000000004 -1.9143312731086803 -1.7180071643616912
20813 10926744 1.3238110924366924 -0.015252367313805887 0.42672000000000004 -1.9143312731086803 -1.7180071643616912
20814 10926744 1.3615353723044334 -0.015308714358755068 0.42672000000000004 -1.9143312731086803 -1.7180071643616912
20815 10926744 1.401378511678848 -0.018393479767095683 0.42672000000000004 -1.9143312731086803 -1.7180071643616912
20816 10926744 1.4364759428043947 -0.0196942314961841 0.42672000000000004 -1.9143312731086803 -1.7180071643616912
20817 10926744 1.4766418814735327 -0.02043073932122938 0.42672000000000004 -1.9143312731086803 -1.7180071643616912
20818 10926744 1.5136418933478606 -0.022703059041708024 0.42672000000000004 -1.9143312731086803 -1.7180071643616912
20819 10926744 1.5511810101589787 -0.024683989015359092 0.45720000000000005 -1.9143312731086803 -1.7180071643616912
20820 10926744 1.5887200911929107 -0.026664719964854394 0.45720000000000005 -1.9143312731086803 -1.7180071643616912
20821 10926744 1.6253187831339366 -0.028805408878410765 0.45720000000000005 -1.9143312731086803 -1.7180071643616912
20822 10926744 1.662047564322383 -0.033266355885268314 0.45720000000000005 -1.9143312731086803 -1.7180071643616912
20823 10926744 1.6987763455108296 -0.037727302892125864 0.45720000000000005 -1.9143312731086803 -1.7180071643616912
20824 10926744 1.7361726412759562 -0.03878439660390354 0.45720000000000005 -1.9143312731086803 -1.7180071643616912
20825 10926744 1.7735689370410825 -0.03984149031568121 0.45720000000000005 -1.9143312731086803 -1.7180071643616912
20826 10926744 1.8103148832547054 -0.04424898111910508 0.45720000000000005 -1.9143312731086803 -1.7180071643616912
20827 10926744 1.8470608174630172 -0.048656280736838864 0.45720000000000005 -1.9143312731086803 -1.7180071643616912
20828 10926744 1.8825668334532812 -0.055228536986971055 0.48768 -1.9143312731086803 -1.7180071643616912
20829 10926744 1.915894962934066 -0.06085572939125963 0.48768 -1.9143312731086803 -1.7180071643616912
20830 10926744 1.95346243369781 -0.07090454665039445 0.48768 -1.9143312731086803 -1.7180071643616912
20831 10926744 1.9892323993005627 -0.07721198634627177 0.48768 -1.9143312731086803 -1.7180071643616912
20832 10926744 2.022123724561404 -0.08444825584446307 0.48768 -1.9143312731086803 -1.7180071643616912
20833 10926744 2.055015049822245 -0.09168452534265437 0.48768 -1.9143312731086803 -1.7180071643616912
20834 10926744 2.0903131829551147 -0.10052423429942173 0.48768 -1.9143312731086803 -1.7180071643616912
20835 10926744 2.1255720781665737 -0.10812423887166704 0.50292 -1.9143312731086803 -1.7180071643616912
20836 10926744 2.160830973378032 -0.11572424344391236 0.5181600000000001 -1.9143312731086803 -1.7180071643616912
20837 10926744 2.191107659100915 -0.12362465724407848 0.5181600000000001 -1.9143312731086803 -1.7180071643616912
20838 10926744 2.2267974766812957 -0.12990468868185198 0.5181600000000001 -1.9143312731086803 -1.7180071643616912
20839 10926744 2.258494364578314 -0.140254463609833 0.5181600000000001 -1.9143312731086803 -1.7180071643616912
20840 10926744 2.295240347163764 -0.14465942788058342 0.5181600000000001 -1.9143312731086803 -1.7180071643616912
20841 10926744 2.3321532604744695 -0.15671195775483696 0.5181600000000001 -1.9143312731086803 -1.7180071643616912
20842 10926744 2.3665112930449475 -0.16571053323825005 0.5181600000000001 -1.9143312731086803 -1.7180071643616912
20843 10926744 2.4016572411594272 -0.17093584684943228 0.5334000000000001 -1.9143312731086803 -1.7180071643616912
20844 10926744 2.436803189273907 -0.1761611604606145 0.54864 -1.9143312731086803 -1.7180071643616912
20845 10926744 2.4749004724973283 -0.18322592768001314 0.54864 -1.9143312731086803 -1.7180071643616912
20846 10926744 2.5119000769514557 -0.1854930179876864 0.54864 -1.9143312731086803 -1.7180071643616912
20847 10926744 2.549369808768943 -0.1876797750741719 0.54864 -1.9143312731086803 -1.7180071643616912
20848 10926744 2.5858233142927163 -0.19216288603601236 0.5638799999999999 -1.9143312731086803 -1.7180071643616912
20849 10926744 2.6222768198164896 -0.19664599699785282 0.57912 -1.9143312731086803 -1.7180071643616912
20850 10926744 2.66110913944849 -0.2017301947716165 0.57912 -1.9143312731086803 -1.7180071643616912
20851 10926744 2.694655022379091 -0.20777519479978693 0.57912 -1.9143312731086803 -1.7180071643616912
20852 10926744 2.7318036575503584 -0.20985619767839195 0.57912 -1.9143312731086803 -1.7180071643616912
20853 10926744 2.7673443685830854 -0.2163184312608941 0.57912 -1.9143312731086803 -1.7180071643616912
20854 10926744 2.8052274552534247 -0.21723692614335222 0.59436 -1.9143312731086803 -1.7180071643616912
20855 10926744 2.843110541923764 -0.21815542102581034 0.6096 -1.9143312731086803 -1.7180071643616912
20856 10926744 2.87938621732304 -0.22263750462973467 0.6096 -1.9143312731086803 -1.7180071643616912
20857 10926744 2.915730801836725 -0.22690826636220343 0.6096 -1.9143312731086803 -1.7180071643616912
20858 10926744 2.9515165057060333 -0.2260901412254873 0.6096 -1.9143312731086803 -1.7180071643616912
20859 10926744 2.986223074640101 -0.22748955971818532 0.6096 -1.9143312731086803 -1.7180071643616912
20860 10926744 3.022418424196373 -0.23194471575748835 0.6096 -1.9143312731086803 -1.7180071643616912
20861 10926744 3.0582039940941392 -0.2311260523263681 0.6096 -1.9143312731086803 -1.7180071643616912
20862 10926744 3.091261132362307 -0.22941667142540775 0.6096 -1.9143312731086803 -1.7180071643616912
20863 10926744 3.1281501332420643 -0.22358434953244447 0.6096 -1.9143312731086803 -1.7180071643616912
20864 10926744 3.1581949836959273 -0.21586845956829412 0.6400800000000001 -1.9143312731086803 -1.7180071643616912
20865 10926744 3.186878246808975 -0.20280180141313517 0.6400800000000001 -1.9143312731086803 -1.7180071643616912
20866 10926744 3.215561509922023 -0.18973514325797622 0.6400800000000001 -1.9143312731086803 -1.7180071643616912
20867 10926744 3.2430515059922675 -0.16740096244245567 0.6400800000000001 -1.9143312731086803 -1.7180071643616912
20868 10926744 3.270541502062512 -0.14506678162693512 0.6400800000000001 -1.9143312731086803 -1.7180071643616912
20869 10926744 3.294866578115072 -0.11270484649343285 0.6400800000000001 -1.9143312731086803 -1.7180071643616912
20870 10926744 3.3179289350438497 -0.08285113115285594 0.6400800000000001 -1.9143312731086803 -1.7180071643616912
20871 10926744 3.3339414680552677 -0.0501124552098591 0.6400800000000001 -1.9143312731086803 -1.7180071643616912
20872 10926744 3.3512287854968523 -0.013467689499665397 0.6096 -1.9143312731086803 -1.7180071643616912
20873 10926744 3.361500869675294 0.02616754070913782 0.6096 -1.9143312731086803 -1.7180071643616912
20874 10926744 3.3699169712118238 0.06827754933043537 0.6400800000000001 -1.9143312731086803 -1.7180071643616912
20875 10926744 3.3776111677431313 0.11089575063824936 0.6400800000000001 -1.9143312731086803 -1.7180071643616912
20876 10926744 3.385305364274439 0.15351395194606332 0.6400800000000001 -1.9143312731086803 -1.7180071643616912
20877 10926744 3.3929995608057464 0.1961321532538773 0.6400800000000001 -1.9143312731086803 -1.7180071643616912
20878 10926744 3.395614498845439 0.23814970297551272 0.6400800000000001 -1.9143312731086803 -1.7180071643616912
20879 10926744 3.397097192363777 0.2848589600615927 0.6400800000000001 -1.9143312731086803 -1.7180071643616912
20880 10926744 3.397671995726637 0.3274256090769714 0.6400800000000001 -1.9143312731086803 -1.7180071643616912
20881 10926744 3.398246799089497 0.36999225809235003 0.6400800000000001 -1.9143312731086803 -1.7180071643616912
20882 10926744 3.3900276994114766 0.41145746353805407 0.6400800000000001 -1.9143312731086803 -1.7180071643616912
20883 10926744 3.381808599733456 0.4529226689837581 0.6400800000000001 -1.9143312731086803 -1.7180071643616912
20884 10926744 3.366346228764322 0.49803708687300086 0.6400800000000001 -1.9143312731086803 -1.7180071643616912
20885 10926744 3.348255698612309 0.5378182892946115 0.6400800000000001 -1.9143312731086803 -1.7180071643616912
20886 10926744 3.3301651684602955 0.5775994917162222 0.6400800000000001 -1.9143312731086803 -1.7180071643616912
20886 11080625 0.2191255797554973 0.005490534113149842 0.32004000000000005 -1.9143312731086803 -1.7180071643616912
20887 10926744 3.304908864131863 0.6160985489295547 0.6400800000000001 -1.9143312731086803 -1.7180071643616912
20887 11080625 0.24596292560559105 0.004722647739939925 0.32004000000000005 -1.9143312731086803 -1.7180071643616912
20888 11080625 0.2728002714556848 0.0039547613667300086 0.32004000000000005 -1.9143312731086803 -1.7180071643616912
20888 10926744 3.277302887572243 0.6550143061602007 0.6400800000000001 -1.9143312731086803 -1.7180071643616912
20889 10926744 3.244620737957738 0.6881695210220429 0.6400800000000001 -1.9143312731086803 -1.7180071643616912
20889 11080625 0.29963761730577854 0.003186874993520092 0.32004000000000005 -1.9143312731086803 -1.7180071643616912
20890 10926744 3.2119385883432328 0.721324735883885 0.6400800000000001 -1.9143312731086803 -1.7180071643616912
20890 11080625 0.3264749631558723 0.002418988620310175 0.32004000000000005 -1.9143312731086803 -1.7180071643616912
20891 10926744 3.1734091110392155 0.752884722405969 0.6400800000000001 -1.9143312731086803 -1.7180071643616912
20891 11080625 0.3526054466387221 0.002478342708317721 0.32004000000000005 -1.9143312731086803 -1.7180071643616912
20892 10926744 3.1348796337351983 0.7844447089280531 0.6400800000000001 -1.9143312731086803 -1.7180071643616912
20892 11080625 0.3787359301215719 0.0025376967963252673 0.32004000000000005 -1.9143312731086803 -1.7180071643616912
20893 11080625 0.40486641360442166 0.002597050884332813 0.32004000000000005 -1.9143312731086803 -1.7180071643616912
20893 10926744 3.1344006409766125 0.7843012936481096 0.6400117982099268 -1.9143312731086803 -1.7180071643616912
20894 11080625 0.43099689708727146 0.0026564049723403595 0.32004000000000005 -1.9143312731086803 -1.7180071643616912
20894 10926744 3.133921648218027 0.7841578783681662 0.6399435964198537 -1.9143312731086803 -1.7180071643616912
20895 11080625 0.45712738057012126 0.0027157590603479054 0.32004000000000005 -1.9143312731086803 -1.7180071643616912
20895 10926744 3.1334426554594415 0.7840144630882228 0.6398753946297804 -1.9143312731086803 -1.7180071643616912
20896 11080625 0.5164695592786598 0.004937223058767981 0.32004000000000005 -1.9143312731086803 -1.7180071643616912
20896 10926744 3.132963662700856 0.7838710478082792 0.6398071928397072 -1.9143312731086803 -1.7180071643616912
20897 11080625 0.5313146469856648 8.623548170597073e-05 0.32004000000000005 -1.9143312731086803 -1.7180071643616912
20897 10926744 3.1324846699422704 0.7837276325283358 0.6397389910496339 -1.9143312731086803 -1.7180071643616912
20898 10926744 3.132005677183685 0.7835842172483923 0.6396707892595607 -1.9143312731086803 -1.7180071643616912
20898 11080625 0.6021195394931493 -0.0020214712928498108 0.32766 -1.9143312731086803 -1.7180071643616912
20899 10926744 3.1315266844250993 0.7834408019684489 0.6396025874694875 -1.9143312731086803 -1.7180071643616912
20899 11080625 0.6227267792691991 -0.00010983453237690954 0.32766 -1.9143312731086803 -1.7180071643616912
20900 11080625 0.6433340190452487 0.0018018022280959917 0.32766 -1.9143312731086803 -1.7180071643616912
20900 10926744 3.131047691666514 0.7832973866885055 0.6395343856794142 -1.9143312731086803 -1.7180071643616912
20901 10926744 3.130568698907928 0.783153971408562 0.6394661838893411 -1.9143312731086803 -1.7180071643616912
20901 11080625 0.6796014062966338 -1.4649220229645543e-06 0.32766 -1.9143312731086803 -1.7180071643616912
20902 11080625 0.7158687935480189 -0.0018047320721419208 0.32766 -1.9143312731086803 -1.7180071643616912
20902 10926744 3.130089706149343 0.7830105561286186 0.6393979820992678 -1.9143312731086803 -1.7180071643616912
20903 10926744 3.129610713390757 0.782867140848675 0.6393297803091945 -1.9143312731086803 -1.7180071643616912
20903 11080625 0.7741066816670727 -0.002958958349059765 0.33528 -1.9143312731086803 -1.7180071643616912
20904 10926744 3.129131720632172 0.7827237255687316 0.6392615785191214 -1.9143312731086803 -1.7180071643616912
20904 11080625 0.8145411655845564 -0.0026845385306547486 0.3374571428571429 -1.9143312731086803 -1.7180071643616912
20905 11080625 0.85497564950204 -0.0024101187122497324 0.3396342857142857 -1.9143312731086803 -1.7180071643616912
20905 10926744 3.128652727873586 0.7825803102887882 0.6391933767290481 -1.9143312731086803 -1.7180071643616912
20906 11080625 0.8954101334195236 -0.002135698893844716 0.3418114285714286 -1.9143312731086803 -1.7180071643616912
20906 10926744 3.1281737351150007 0.7824368950088447 0.6391251749389749 -1.9143312731086803 -1.7180071643616912
20907 11080625 0.9358446173370072 -0.0018612790754396996 0.3439885714285715 -1.9143312731086803 -1.7180071643616912
20907 10926744 3.127694742356415 0.7822934797289013 0.6390569731489016 -1.9143312731086803 -1.7180071643616912
20908 11080625 0.9762791012544907 -0.0015868592570346834 0.34616571428571435 -1.9143312731086803 -1.7180071643616912
20908 10926744 3.1272157495978297 0.7821500644489578 0.6389887713588284 -1.9143312731086803 -1.7180071643616912
20909 11080625 1.0167135851719744 -0.001312439438629667 0.3483428571428572 -1.9143312731086803 -1.7180071643616912
20909 10926744 3.126736756839244 0.7820066491690144 0.6389205695687552 -1.9143312731086803 -1.7180071643616912
20910 11080625 1.057148069089458 -0.0010380196202246506 0.35052000000000005 -1.9143312731086803 -1.7180071643616912
20910 10926744 3.1262577640806586 0.7818632338890709 0.6388523677786819 -1.9143312731086803 -1.7180071643616912
20911 11080625 1.0888030513207336 -0.001098789050993365 0.3556 -1.9143312731086803 -1.7180071643616912
20911 10926744 3.125778771322073 0.7817198186091274 0.6387841659886088 -1.9143312731086803 -1.7180071643616912
20912 10926744 3.1252997785634875 0.781576403329184 0.6387159641985355 -1.9143312731086803 -1.7180071643616912
20912 11080625 1.1204580335520093 -0.0011595584817620797 0.36068 -1.9143312731086803 -1.7180071643616912
20913 11080625 1.152113015783285 -0.0012203279125307942 0.36576 -1.9143312731086803 -1.7180071643616912
20913 10926744 3.1248207858049017 0.7814329880492406 0.6386477624084622 -1.9143312731086803 -1.7180071643616912
20914 11080625 1.2149735851435803 0.0009084322056659572 0.37338 -1.9143312731086803 -1.7180071643616912
20914 10926744 3.1243417930463164 0.7812895727692971 0.638579560618389 -1.9143312731086803 -1.7180071643616912
20915 11080625 1.2347400275265252 -0.0011094113477999323 0.37338 -1.9143312731086803 -1.7180071643616912
20915 10926744 3.1238628002877307 0.7811461574893537 0.6385113588283158 -1.9143312731086803 -1.7180071643616912
20916 11080625 1.2966944936458287 0.0009655265810773472 0.381 -1.9143312731086803 -1.7180071643616912
20916 10926744 3.1233838075291454 0.7810027422094102 0.6384431570382426 -1.9143312731086803 -1.7180071643616912
20917 11080625 1.3513527458702939 -0.0013515062918793286 0.381 -1.9143312731086803 -1.7180071643616912
20917 10926744 3.1229048147705596 0.7808593269294668 0.6383749552481693 -1.9143312731086803 -1.7180071643616912
20918 10926744 3.1224258220119743 0.7807159116495233 0.6383067534580961 -1.9143312731086803 -1.7180071643616912
20918 11080625 1.3847656849882 -0.0012845016132526088 0.381 -1.9143312731086803 -1.7180071643616912
20919 10926744 3.1219468292533885 0.7805724963695798 0.6382385516680229 -1.9143312731086803 -1.7180071643616912
20919 11080625 1.4248845772481524 -0.0035246515032849313 0.38862 -1.9143312731086803 -1.7180071643616912
20920 10926744 3.121467836494803 0.7804290810896364 0.6381703498779496 -1.9143312731086803 -1.7180071643616912
20920 11080625 1.4737425079526372 -0.0034788599405997794 0.39624000000000004 -1.9143312731086803 -1.7180071643616912
20921 10926744 3.1209888437362174 0.7802856658096929 0.6381021480878765 -1.9143312731086803 -1.7180071643616912
20921 11080625 1.5130055755451794 -0.00018194391939649335 0.40386 -1.9143312731086803 -1.7180071643616912
20922 10926744 3.1205098509776317 0.7801422505297495 0.6380339462978032 -1.9143312731086803 -1.7180071643616912
20922 11080625 1.555497135207979 -0.0033132237130651804 0.40386 -1.9143312731086803 -1.7180071643616912
20923 10926744 3.1200308582190464 0.7799988352498061 0.6379657445077299 -1.9143312731086803 -1.7180071643616912
20923 11080625 1.5927840969385092 -0.0049779736405146935 0.41148 -1.9143312731086803 -1.7180071643616912
20924 10926744 3.1195518654604606 0.7798554199698626 0.6378975427176568 -1.9143312731086803 -1.7180071643616912
20924 11080625 1.6351495725160685 -0.007950794859072477 0.41910000000000003 -1.9143312731086803 -1.7180071643616912
20925 11080625 1.6712797899216194 -0.007718651114823449 0.41910000000000003 -1.9143312731086803 -1.7180071643616912
20925 10926744 3.1190728727018753 0.7797120046899191 0.6378293409275835 -1.9143312731086803 -1.7180071643616912
20926 10926744 3.1185938799432895 0.7795685894099756 0.6377611391375103 -1.9143312731086803 -1.7180071643616912
20926 11080625 1.714057689958638 -0.011059374793306515 0.42672000000000004 -1.9143312731086803 -1.7180071643616912
20927 11080625 1.7474689964352972 -0.01262577885251931 0.43434000000000006 -1.9143312731086803 -1.7180071643616912
20927 10926744 3.118114887184704 0.7794251741300322 0.637692937347437 -1.9143312731086803 -1.7180071643616912
20928 11080625 1.789834316676147 -0.01559767423272801 0.44196 -1.9143312731086803 -1.7180071643616912
20928 10926744 3.1176358944261184 0.7792817588500888 0.6376247355573638 -1.9143312731086803 -1.7180071643616912
20929 11080625 1.827691663186483 -0.02095220288308028 0.44196 -1.9143312731086803 -1.7180071643616912
20929 10926744 3.117156901667533 0.7791383435701453 0.6375565337672906 -1.9143312731086803 -1.7180071643616912
20930 10926744 3.1166779089089474 0.7789949282902019 0.6374883319772173 -1.9143312731086803 -1.7180071643616912
20930 11080625 1.869612304584318 -0.02039058410946762 0.44958000000000004 -1.9143312731086803 -1.7180071643616912
20931 11080625 1.9072888844692697 -0.021947377248552807 0.44958000000000004 -1.9143312731086803 -1.7180071643616912
20931 10926744 3.116198916150362 0.7788515130102585 0.6374201301871442 -1.9143312731086803 -1.7180071643616912
20932 10926744 3.1157199233917763 0.7787080977303149 0.6373519283970709 -1.9143312731086803 -1.7180071643616912
20932 11080625 1.9272838754513195 -0.024622101566240104 0.45339000000000007 -1.9143312731086803 -1.7180071643616912
20933 11080625 1.9472788664333693 -0.0272968258839274 0.45720000000000005 -1.9143312731086803 -1.7180071643616912
20933 10926744 3.115240930633191 0.7785646824503715 0.6372837266069976 -1.9143312731086803 -1.7180071643616912
20934 10926744 3.114761937874605 0.778421267170428 0.6372155248169245 -1.9143312731086803 -1.7180071643616912
20934 11080625 1.9898140562255846 -0.03300994030009233 0.46482000000000007 -1.9143312731086803 -1.7180071643616912
20935 11080625 2.0275345857872846 -0.03715053523535944 0.46482000000000007 -1.9143312731086803 -1.7180071643616912
20935 10926744 3.11428294511602 0.7782778518904846 0.6371473230268512 -1.9143312731086803 -1.7180071643616912
20936 10926744 3.113803952357434 0.7781344366105412 0.637079121236778 -1.9143312731086803 -1.7180071643616912
20936 11080625 2.058835562700717 -0.03919460713264597 0.47243999999999997 -1.9143312731086803 -1.7180071643616912
20937 11080625 2.110887011124004 -0.04567815856316343 0.47243999999999997 -1.9143312731086803 -1.7180071643616912
20937 10926744 3.113324959598849 0.7779910213305977 0.6370109194467047 -1.9143312731086803 -1.7180071643616912
20938 10926744 3.112845966840263 0.7778476060506543 0.6369427176566315 -1.9143312731086803 -1.7180071643616912
20938 11080625 2.1480932407119058 -0.047313779635261066 0.48006 -1.9143312731086803 -1.7180071643616912
20939 10926744 3.1123669740816777 0.7777041907707107 0.6368745158665583 -1.9143312731086803 -1.7180071643616912
20939 11080625 2.183817201558022 -0.0534884685601367 0.48006 -1.9143312731086803 -1.7180071643616912
20940 11080625 2.2199079204634007 -0.059899552064989925 0.48006 -1.9143312731086803 -1.7180071643616912
20940 10926744 3.111887981323092 0.7775607754907673 0.636806314076485 -1.9143312731086803 -1.7180071643616912
20941 11080625 2.2483581843155154 -0.06387399975378923 0.48387 -1.9143312731086803 -1.7180071643616912
20941 10926744 3.1114089885645067 0.7774173602108239 0.6367381122864119 -1.9143312731086803 -1.7180071643616912
20942 11080625 2.2768084481676296 -0.06784844744258853 0.48768 -1.9143312731086803 -1.7180071643616912
20942 10926744 3.110929995805921 0.7772739449308804 0.6366699104963386 -1.9143312731086803 -1.7180071643616912
20943 11080625 2.3337353268449705 -0.07925163494048976 0.48768 -1.9143312731086803 -1.7180071643616912
20943 10926744 3.1104510030473356 0.777130529650937 0.6366017087062653 -1.9143312731086803 -1.7180071643616912
20944 10926744 3.10997201028875 0.7769871143709935 0.6365335069161921 -1.9143312731086803 -1.7180071643616912
20944 11080625 2.3660122949382165 -0.08333608630698584 0.49149 -1.9143312731086803 -1.7180071643616912
20945 11080625 2.3982892630314625 -0.08742053767348193 0.4953 -1.9143312731086803 -1.7180071643616912
20945 10926744 3.1094930175301645 0.7768436990910501 0.6364653051261189 -1.9143312731086803 -1.7180071643616912
20946 11080625 2.435583680010919 -0.09422352022866823 0.50292 -1.9143312731086803 -1.7180071643616912
20946 10926744 3.1090140247715787 0.7767002838111066 0.6363971033360457 -1.9143312731086803 -1.7180071643616912
20947 11080625 2.4756840317960354 -0.10603106852762731 0.50292 -1.9143312731086803 -1.7180071643616912
20947 10926744 3.1085350320129934 0.7765568685311631 0.6363289015459724 -1.9143312731086803 -1.7180071643616912
20948 10926744 3.1080560392544077 0.7764134532512197 0.6362606997558992 -1.9143312731086803 -1.7180071643616912
20948 11080625 2.516623983622208 -0.11390702427939212 0.50292 -1.9143312731086803 -1.7180071643616912
20949 10926744 3.1075770464958223 0.7762700379712762 0.636192497965826 -1.9143312731086803 -1.7180071643616912
20949 11080625 2.5490569264916205 -0.12064082427792713 0.51054 -1.9143312731086803 -1.7180071643616912
20950 11080625 2.5903178910196387 -0.1286211458601997 0.5181600000000001 -1.9143312731086803 -1.7180071643616912
20950 10926744 3.1070980537372366 0.7761266226913328 0.6361242961757527 -1.9143312731086803 -1.7180071643616912
20951 10926744 3.106619060978651 0.7759832074113894 0.6360560943856796 -1.9143312731086803 -1.7180071643616912
20951 11080625 2.6326452083211476 -0.136598897054403 0.5181600000000001 -1.9143312731086803 -1.7180071643616912
20952 11080625 2.6893251525103805 -0.1490283182689686 0.52578 -1.9143312731086803 -1.7180071643616912
20952 10926744 3.1061400682200655 0.7758397921314459 0.6359878925956063 -1.9143312731086803 -1.7180071643616912
20953 11080625 2.7283244739719015 -0.16175988897029556 0.5334 -1.9143312731086803 -1.7180071643616912
20954 11080625 2.7653433505337484 -0.16940566106436009 0.5334 -1.9143312731086803 -1.7180071643616912
20955 11080625 2.8037357730161783 -0.1810041217937943 0.54102 -1.9143312731086803 -1.7180071643616912
20956 11080625 2.839244605576221 -0.19259546988168785 0.546735 -1.9143312731086803 -1.7180071643616912
20957 11080625 2.874753438136264 -0.20418681796958144 0.55245 -1.9143312731086803 -1.7180071643616912
20958 11080625 2.9103251602113795 -0.21626558185287853 0.55626 -1.9143312731086803 -1.7180071643616912
20959 11080625 2.9458968822864953 -0.22834434573617562 0.5600700000000001 -1.9143312731086803 -1.7180071643616912
20960 11080625 2.994721644991137 -0.24334697711489253 0.56388 -1.9143312731086803 -1.7180071643616912
20961 11080625 3.03562754667845 -0.25132548444249614 0.5715 -1.9143312731086803 -1.7180071643616912
20962 11080625 3.0730678268159553 -0.2644806049366005 0.5715 -1.9143312731086803 -1.7180071643616912
20963 11080625 3.098282795761036 -0.2722433953543663 0.57531 -1.9143312731086803 -1.7180071643616912
20964 11080625 3.1234977647061166 -0.2800061857721321 0.57912 -1.9143312731086803 -1.7180071643616912
20965 11080625 3.15760274028849 -0.2911376693553913 0.57912 -1.9143312731086803 -1.7180071643616912
20966 11080625 3.1969238378919993 -0.3039714100642955 0.58674 -1.9143312731086803 -1.7180071643616912
20967 11080625 3.2392970657970492 -0.31289483215588787 0.58674 -1.9143312731086803 -1.7180071643616912
20968 11080625 3.2732844246728217 -0.3298280335757431 0.58674 -1.9143312731086803 -1.7180071643616912
20969 11080625 3.319702420348362 -0.34404269704071777 0.58674 -1.9143312731086803 -1.7180071643616912
20970 11080625 3.351866980418963 -0.3608478147119718 0.58674 -1.9143312731086803 -1.7180071643616912
20971 11080625 3.391669955441496 -0.3738376035123586 0.58674 -1.9143312731086803 -1.7180071643616912
20972 11080625 3.430243652184683 -0.3916825834222385 0.59436 -1.9143312731086803 -1.7180071643616912
20973 11080625 3.4762465445461794 -0.4112508440849302 0.59436 -1.9143312731086803 -1.7180071643616912
20974 11080625 3.5236134148545863 -0.4320815469153366 0.59436 -1.9143312731086803 -1.7180071643616912
20975 11080625 3.566199979778185 -0.45123514958531585 0.59436 -1.9143312731086803 -1.7180071643616912
20976 11080625 3.6091757938924243 -0.47191721297091604 0.6019800000000001 -1.9143312731086803 -1.7180071643616912
20977 11080625 3.642900793893098 -0.48829541571822177 0.6019800000000001 -1.9143312731086803 -1.7180071643616912
20978 11080625 3.6874231978988954 -0.5124018662659163 0.6096 -1.9143312731086803 -1.7180071643616912
20979 11080625 3.7061660203980753 -0.5210874658814946 0.6096 -1.9143312731086803 -1.7180071643616912
20980 11080625 3.724908842897255 -0.5297730654970728 0.6096 -1.9143312731086803 -1.7180071643616912
20981 11080625 3.780643177753901 -0.5587052863544786 0.6096 -1.9143312731086803 -1.7180071643616912
20982 11080625 3.8282971088964706 -0.5813793673747264 0.61722 -1.9143312731086803 -1.7180071643616912
20983 11080625 3.8668722962781272 -0.5992219586503801 0.61722 -1.9143312731086803 -1.7180071643616912
20984 11080625 3.905275389162542 -0.6175922023403161 0.6248400000000001 -1.9143312731086803 -1.7180071643616912
20985 11080625 3.955671524642651 -0.6373051830974713 0.6248400000000001 -1.9143312731086803 -1.7180071643616912
20986 11080625 3.9930777947429315 -0.6546487741227153 0.6248400000000001 -1.9143312731086803 -1.7180071643616912
20987 11080625 4.030528960966925 -0.6745765957011541 0.63246 -1.9143312731086803 -1.7180071643616912
20988 11080625 4.077784384571275 -0.6930302923045467 0.63246 -1.9143312731086803 -1.7180071643616912
20989 11080625 4.117107727002643 -0.7058588932162375 0.6400800000000001 -1.9143312731086803 -1.7180071643616912
20990 11080625 4.1829454727301 -0.7353966798846802 0.6400800000000001 -1.9143312731086803 -1.7180071643616912
20991 11080625 4.22669333716477 -0.7523545612298326 0.6477 -1.9143312731086803 -1.7180071643616912
20992 11080625 4.248762748388378 -0.7595538118846159 0.6477 -1.9143312731086803 -1.7180071643616912
20993 11080625 4.270832159611987 -0.7667530625393992 0.6477 -1.9143312731086803 -1.7180071643616912
20994 11080625 4.333017475887309 -0.7843513878140429 0.6629400000000001 -1.9143312731086803 -1.7180071643616912
20995 11080625 4.373956851166625 -0.800392118843886 0.6629400000000001 -1.9143312731086803 -1.7180071643616912
20996 11080625 4.4145324999296625 -0.8080205688357919 0.67056 -1.9143312731086803 -1.7180071643616912
20997 11080625 4.460106613284718 -0.8177463965972376 0.6781800000000001 -1.9143312731086803 -1.7180071643616912
20998 11080625 4.500693680115275 -0.8256116781763956 0.6781800000000001 -1.9143312731086803 -1.7180071643616912
20999 11080625 4.551303887905445 -0.8283357816626297 0.6858000000000001 -1.9143312731086803 -1.7180071643616912
21000 11080625 4.587261849799271 -0.8269814525026513 0.69342 -1.9143312731086803 -1.7180071643616912
21001 11080625 4.629684991300592 -0.8303053486862629 0.7010400000000001 -1.9143312731086803 -1.7180071643616912
21002 11080625 4.670093942866477 -0.8221090577527771 0.7086600000000001 -1.9143312731086803 -1.7180071643616912
21003 11080625 4.739076073707493 -0.8134196774985321 0.7162800000000001 -1.9143312731086803 -1.7180071643616912
21004 11080625 4.780826208008179 -0.805193059020089 0.7239000000000001 -1.9143312731086803 -1.7180071643616912
21005 11080625 4.822576202213154 -0.796966198136886 0.7239000000000001 -1.9143312731086803 -1.7180071643616912
21006 11080625 4.861759520471635 -0.7829962480027047 0.73152 -1.9143312731086803 -1.7180071643616912
21007 11080625 4.8834672899867035 -0.7736059424599089 0.73533 -1.9143312731086803 -1.7180071643616912
21008 11080625 4.905175059501772 -0.7642156369171129 0.73914 -1.9143312731086803 -1.7180071643616912
21009 11080625 4.948876439731128 -0.747280144025913 0.74676 -1.9143312731086803 -1.7180071643616912
21010 11080625 4.986419724750563 -0.7328916816347492 0.74676 -1.9143312731086803 -1.7180071643616912
21011 11080625 5.020399071190963 -0.7117342234737307 0.75438 -1.9143312731086803 -1.7180071643616912
21012 11080625 5.054309385616097 -0.6907877685231794 0.762 -1.9143312731086803 -1.7180071643616912
21013 11080625 5.088253955437306 -0.6697355833652182 0.762 -1.9143312731086803 -1.7180071643616912
21014 11080625 5.136248353271017 -0.6328239657403217 0.76962 -1.9143312731086803 -1.7180071643616912
21015 11080625 5.1692083752999185 -0.6052598622296492 0.77724 -1.9143312731086803 -1.7180071643616912
21016 11080625 5.1995197054722695 -0.5776496223938662 0.78486 -1.9143312731086803 -1.7180071643616912
21017 11080625 5.228682902210166 -0.5549211412018267 0.78486 -1.9143312731086803 -1.7180071643616912
21018 11080625 5.256473645909737 -0.5200646318615073 0.7924800000000001 -1.9143312731086803 -1.7180071643616912
21019 11080625 5.274491807259212 -0.49884130490472717 0.79629 -1.9143312731086803 -1.7180071643616912
21020 11080625 5.2925099686086865 -0.477617977947947 0.8001 -1.9143312731086803 -1.7180071643616912
21021 11080625 5.31831550105275 -0.44748705432920843 0.80772 -1.9143312731086803 -1.7180071643616912
21022 11080625 5.339500676671911 -0.41655036087127795 0.80772 -1.9143312731086803 -1.7180071643616912
21023 11080625 5.360296390576139 -0.3840850082421423 0.80772 -1.9143312731086803 -1.7180071643616912
21024 11080625 5.378914883339481 -0.3474055946645753 0.8153400000000001 -1.9143312731086803 -1.7180071643616912
21025 11080625 5.406537412590987 -0.29672549522315483 0.8153400000000001 -1.9143312731086803 -1.7180071643616912
21026 11080625 5.428756647572789 -0.25689838680165733 0.8153400000000001 -1.9143312731086803 -1.7180071643616912
21027 11080625 5.441425282964481 -0.21804529450687485 0.8153400000000001 -1.9143312731086803 -1.7180071643616912
21028 10561439 0.8140755955186073 0.23352430802022695 0.0 -1.9143312731086803 -1.7180071643616912
21028 11080625 5.455457371826779 -0.18208965907067212 0.82296 -1.9143312731086803 -1.7180071643616912
21029 10561439 0.8182256110652474 0.23263562794396053 0.0 -1.9143312731086803 -1.7180071643616912
21029 11080625 5.469936243947641 -0.14721413298340927 0.82296 -1.9143312731086803 -1.7180071643616912
21030 10561439 0.8183917235727729 0.23246452467466616 0.0 -1.9143312731086803 -1.7180071643616912
21030 11080625 5.482536003166047 -0.10857218284776585 0.82296 -1.9143312731086803 -1.7180071643616912
21031 10561439 0.8185578360802984 0.2322934214053718 0.0 -1.9143312731086803 -1.7180071643616912
21031 11080625 5.496515139534152 -0.06740149029646805 0.82296 -1.9143312731086803 -1.7180071643616912
21032 10561439 0.8187239485878239 0.2321223181360774 0.0 -1.9143312731086803 -1.7180071643616912
21032 11080625 5.510494275902257 -0.02623079774517026 0.82296 -1.9143312731086803 -1.7180071643616912
21033 11080625 5.520957298645636 0.00755968162170903 0.82296 -1.9143312731086803 -1.7180071643616912
21033 10561439 0.8188900610953495 0.23195121486678302 0.0 -1.9143312731086803 -1.7180071643616912
21034 10561439 0.8188323883044185 0.2319749780950399 0.002566736842105263 -1.9143312731086803 -1.7180071643616912
21034 11080625 5.531420321389016 0.04135016098858832 0.82296 -1.9143312731086803 -1.7180071643616912
21035 11080625 5.545534809561048 0.08463760528360828 0.82296 -1.9143312731086803 -1.7180071643616912
21035 10561439 0.8187747155134875 0.23199874132329676 0.005133473684210526 -1.9143312731086803 -1.7180071643616912
21036 11080625 5.564409400213867 0.1357172817069959 0.82296 -1.9143312731086803 -1.7180071643616912
21036 10561439 0.8187170427225565 0.23202250455155363 0.007700210526315789 -1.9143312731086803 -1.7180071643616912
21037 10561439 0.8186593699316255 0.2320462677798105 0.010266947368421053 -1.9143312731086803 -1.7180071643616912
21037 11080625 5.574053632441732 0.18163036577931532 0.82296 -1.9143312731086803 -1.7180071643616912
21038 11080625 5.587975281458304 0.23140492672131704 0.8305800000000001 -1.9143312731086803 -1.7180071643616912
21038 10561439 0.8186016971406945 0.23207003100806736 0.012833684210526317 -1.9143312731086803 -1.7180071643616912
21039 11080625 5.604906751207778 0.3007556283572369 0.8305800000000001 -1.9143312731086803 -1.7180071643616912
21039 10561439 0.8185440243497635 0.23209379423632423 0.015400421052631579 -1.9143312731086803 -1.7180071643616912
21040 10561439 0.8184863515588325 0.2321175574645811 0.01796715789473684 -1.9143312731086803 -1.7180071643616912
21040 11080625 5.609542239660776 0.33130690761162496 0.8343900000000001 -1.9143312731086803 -1.7180071643616912
21041 11080625 5.614177728113773 0.361858186866013 0.8382000000000001 -1.9143312731086803 -1.7180071643616912
21041 10561439 0.8184286787679015 0.23214132069283797 0.020533894736842105 -1.9143312731086803 -1.7180071643616912
21042 11080625 5.620785352209279 0.41098072855740886 0.8382000000000001 -1.9143312731086803 -1.7180071643616912
21042 10561439 0.8183710059769705 0.23216508392109483 0.02310063157894737 -1.9143312731086803 -1.7180071643616912
21043 11080625 5.624359977706597 0.4747583694057401 0.84582 -1.9143312731086803 -1.7180071643616912
21043 10561439 0.8183133331860395 0.2321888471493517 0.025667368421052633 -1.9143312731086803 -1.7180071643616912
21044 11080625 5.622196764342597 0.5198494218646857 0.84582 -1.9143312731086803 -1.7180071643616912
21044 10561439 0.8182556603951086 0.23221261037760857 0.028234105263157894 -1.9143312731086803 -1.7180071643616912
21045 10561439 0.8181979876041775 0.23223637360586544 0.030800842105263158 -1.9143312731086803 -1.7180071643616912
21045 11080625 5.620285282084098 0.5629895570804705 0.84582 -1.9143312731086803 -1.7180071643616912
21046 10561439 0.8181403148132466 0.2322601368341223 0.03336757894736842 -1.9143312731086803 -1.7180071643616912
21046 11080625 5.614891307071512 0.612871918069852 0.8534400000000001 -1.9143312731086803 -1.7180071643616912
21047 11080625 5.608025863049116 0.6498016344536415 0.8534400000000001 -1.9143312731086803 -1.7180071643616912
21047 10561439 0.8180826420223155 0.23228390006237917 0.03593431578947368 -1.9143312731086803 -1.7180071643616912
21048 10561439 0.8180249692313846 0.23230766329063604 0.03850105263157895 -1.9143312731086803 -1.7180071643616912
21048 11080625 5.60116041902672 0.686731350837431 0.8534400000000001 -1.9143312731086803 -1.7180071643616912
21049 10561439 0.8179672964404535 0.2323314265188929 0.04106778947368421 -1.9143312731086803 -1.7180071643616912
21049 11080625 5.589767811171967 0.7579596046468967 0.86106 -1.9143312731086803 -1.7180071643616912
21050 11080625 5.577702294258399 0.8053455736286964 0.86106 -1.9143312731086803 -1.7180071643616912
21050 10561439 0.8179096236495226 0.23235518974714978 0.04363452631578947 -1.9143312731086803 -1.7180071643616912
21051 10561439 0.8178519508585915 0.23237895297540664 0.04620126315789474 -1.9143312731086803 -1.7180071643616912
21051 11080625 5.566701385783004 0.84782906881141 0.86106 -1.9143312731086803 -1.7180071643616912
21052 10561439 0.8177942780676606 0.2324027162036635 0.048768 -1.9143312731086803 -1.7180071643616912
21052 11080625 5.556871313172671 0.8939022215410809 0.86106 -1.9143312731086803 -1.7180071643616912
21053 10561439 0.8177366052767295 0.23242647943192038 0.051334736842105266 -1.9143312731086803 -1.7180071643616912
21053 11080625 5.539696349668002 0.9473932989671344 0.86106 -1.9143312731086803 -1.7180071643616912
21054 10561439 0.8176789324857986 0.23245024266017725 0.05390147368421053 -1.9143312731086803 -1.7180071643616912
21054 11080625 5.53222650593324 0.9887255610091416 0.86106 -1.9143312731086803 -1.7180071643616912
21055 10561439 0.8176212596948675 0.23247400588843412 0.05646821052631579 -1.9143312731086803 -1.7180071643616912
21055 11080625 5.5126990514140735 1.0633083067003295 0.86106 -1.9143312731086803 -1.7180071643616912
21056 11080625 5.50136505326299 1.1000022507136555 0.86106 -1.9143312731086803 -1.7180071643616912
21056 10561439 0.8175635869039366 0.23249776911669098 0.059034947368421055 -1.9143312731086803 -1.7180071643616912
21057 11080625 5.490031055111908 1.1366961947269814 0.86106 -1.9143312731086803 -1.7180071643616912
21057 10561439 0.8175059141130055 0.23252153234494785 0.061601684210526315 -1.9143312731086803 -1.7180071643616912
21058 10561439 0.8174482413220746 0.23254529557320472 0.06416842105263158 -1.9143312731086803 -1.7180071643616912
21058 11080625 5.476918809782418 1.182905902818813 0.86106 -1.9143312731086803 -1.7180071643616912
21059 11080625 5.463806564452929 1.2291156109106447 0.86106 -1.9143312731086803 -1.7180071643616912
21059 10561439 0.8173905685311436 0.2325690588014616 0.06673515789473684 -1.9143312731086803 -1.7180071643616912
21060 10561439 0.8173328957402126 0.23259282202971845 0.0693018947368421 -1.9143312731086803 -1.7180071643616912
21060 11080625 5.4521429145193565 1.2706480077888842 0.86106 -1.9143312731086803 -1.7180071643616912
21061 11080625 5.438452770281337 1.3173968660253932 0.86106 -1.9143312731086803 -1.7180071643616912
21061 10561439 0.8172752229492816 0.23261658525797532 0.07186863157894736 -1.9143312731086803 -1.7180071643616912
21062 10561439 0.8172175501583506 0.2326403484862322 0.07443536842105263 -1.9143312731086803 -1.7180071643616912
21062 11080625 5.421112427885426 1.3785355007452784 0.86106 -1.9143312731086803 -1.7180071643616912
21063 10561439 0.8171598773674196 0.23266411171448906 0.0770021052631579 -1.9143312731086803 -1.7180071643616912
21063 11080625 5.403836199361742 1.4276222706206292 0.86106 -1.9143312731086803 -1.7180071643616912
21064 10561439 0.8171022045764886 0.23268787494274593 0.07956884210526316 -1.9143312731086803 -1.7180071643616912
21064 11080625 5.391212085482622 1.4719212896364626 0.8686800000000001 -1.9143312731086803 -1.7180071643616912
21065 10561439 0.8170445317855576 0.2327116381710028 0.08213557894736842 -1.9143312731086803 -1.7180071643616912
21065 11080625 5.379196710897577 1.518358010702311 0.8686800000000001 -1.9143312731086803 -1.7180071643616912
21066 10561439 0.8169868589946266 0.23273540139925966 0.08470231578947368 -1.9143312731086803 -1.7180071643616912
21066 11080625 5.35409163864767 1.5907903788682485 0.8763000000000001 -1.9143312731086803 -1.7180071643616912
21067 11080625 5.342356468923427 1.6214837329112584 0.8763000000000001 -1.9143312731086803 -1.7180071643616912
21067 10561439 0.8169291862036956 0.23275916462751653 0.08726905263157894 -1.9143312731086803 -1.7180071643616912
21068 10561439 0.8168715134127646 0.2327829278557734 0.08983578947368422 -1.9143312731086803 -1.7180071643616912
21068 11080625 5.320835439958994 1.6834028990302239 0.8763000000000001 -1.9143312731086803 -1.7180071643616912
21069 11080625 5.3111924919620925 1.7137060521480065 0.8763000000000001 -1.9143312731086803 -1.7180071643616912
21069 10561439 0.8168138406218336 0.23280669108403027 0.09240252631578948 -1.9143312731086803 -1.7180071643616912
21070 11080625 5.301549543965191 1.7440092052657894 0.8763000000000001 -1.9143312731086803 -1.7180071643616912
21070 10561439 0.8167561678309027 0.23283045431228713 0.09496926315789474 -1.9143312731086803 -1.7180071643616912
21071 11080625 5.284608331236711 1.792754124139851 0.8763000000000001 -1.9143312731086803 -1.7180071643616912
21071 10561439 0.8166984950399716 0.232854217540544 0.097536 -1.9143312731086803 -1.7180071643616912
21072 10561439 0.8166408222490407 0.23287798076880087 0.10010273684210526 -1.9143312731086803 -1.7180071643616912
21072 11080625 5.267438561936026 1.8421577787123333 0.8763000000000001 -1.9143312731086803 -1.7180071643616912
21073 10561439 0.8165831494581096 0.23290174399705774 0.10266947368421053 -1.9143312731086803 -1.7180071643616912
21073 11080625 5.250165860950284 1.8912447275176942 0.8686800000000001 -1.9143312731086803 -1.7180071643616912
21074 11080625 5.230065505637568 1.9466273971626042 0.8686800000000001 -1.9143312731086803 -1.7180071643616912
21074 10561439 0.8165254766671787 0.2329255072253146 0.1052362105263158 -1.9143312731086803 -1.7180071643616912
21075 11080625 5.206819651519779 2.014133189371816 0.86106 -1.9143312731086803 -1.7180071643616912
21075 10561439 0.8164678038762476 0.23294927045357147 0.10780294736842105 -1.9143312731086803 -1.7180071643616912
21076 11080625 5.198386526977099 2.042698929644303 0.86106 -1.9143312731086803 -1.7180071643616912
21076 10561439 0.8164101310853167 0.23297303368182834 0.11036968421052631 -1.9143312731086803 -1.7180071643616912
21077 10561439 0.8163524582943856 0.2329967969100852 0.11293642105263157 -1.9143312731086803 -1.7180071643616912
21077 11080625 5.179665072548585 2.102304670901904 0.86106 -1.9143312731086803 -1.7180071643616912
21078 11080625 5.1670412755671205 2.138428536567984 0.8572500000000001 -1.9143312731086803 -1.7180071643616912
21078 10561439 0.8162947855034547 0.23302056013834208 0.11550315789473684 -1.9143312731086803 -1.7180071643616912
21079 10561439 0.8162371127125236 0.23304432336659894 0.11806989473684211 -1.9143312731086803 -1.7180071643616912
21079 11080625 5.154417478585656 2.1745524022340637 0.8534400000000001 -1.9143312731086803 -1.7180071643616912
21080 10561439 0.8161794399215927 0.2330680865948558 0.12063663157894737 -1.9143312731086803 -1.7180071643616912
21080 11080625 5.134550623242698 2.2333641354974927 0.8534400000000001 -1.9143312731086803 -1.7180071643616912
21081 11080625 5.11881943419471 2.2874394093701356 0.84582 -1.9143312731086803 -1.7180071643616912
21081 10561439 0.8161217671306616 0.23309184982311265 0.12320336842105263 -1.9143312731086803 -1.7180071643616912
21082 10561439 0.8160640943397307 0.23311561305136952 0.1257701052631579 -1.9143312731086803 -1.7180071643616912
21082 11080625 5.098332754061048 2.3427157928269113 0.84582 -1.9143312731086803 -1.7180071643616912
21083 11080625 5.077546422009806 2.4150276442197884 0.84582 -1.9143312731086803 -1.7180071643616912
21083 10561439 0.8160064215487997 0.2331393762796264 0.12833684210526317 -1.9143312731086803 -1.7180071643616912
21084 11080625 5.063114624701299 2.474169610275903 0.84582 -1.9143312731086803 -1.7180071643616912
21084 10561439 0.8159487487578687 0.23316313950788325 0.13090357894736843 -1.9143312731086803 -1.7180071643616912
21085 11080625 5.0453522576951775 2.5203810214283986 0.84582 -1.9143312731086803 -1.7180071643616912
21085 10561439 0.8158910759669377 0.23318690273614012 0.1334703157894737 -1.9143312731086803 -1.7180071643616912
21086 11080625 5.031447933555554 2.5784167058560974 0.84582 -1.9143312731086803 -1.7180071643616912
21086 10561439 0.8158334031760067 0.233210665964397 0.13603705263157895 -1.9143312731086803 -1.7180071643616912
21087 11080625 5.0114676600863435 2.6330615458472857 0.8534400000000001 -1.9143312731086803 -1.7180071643616912
21087 10561439 0.8157757303850757 0.23323442919265386 0.1386037894736842 -1.9143312731086803 -1.7180071643616912
21088 10561439 0.8157180575941447 0.23325819242091073 0.14117052631578947 -1.9143312731086803 -1.7180071643616912
21088 11080625 4.987890620979121 2.7101397438270984 0.84582 -1.9143312731086803 -1.7180071643616912
21089 11080625 4.977258330542556 2.736036507498656 0.8534400000000001 -1.9143312731086803 -1.7180071643616912
21089 10561439 0.8156603848032137 0.2332819556491676 0.14373726315789473 -1.9143312731086803 -1.7180071643616912
21090 11080625 4.961074918596799 2.793881901653707 0.8534400000000001 -1.9143312731086803 -1.7180071643616912
21090 10561439 0.8156027120122827 0.23330571887742446 0.146304 -1.9143312731086803 -1.7180071643616912
21091 11080625 4.929012115831357 2.87921966118961 0.8534400000000001 -1.9143312731086803 -1.7180071643616912
21091 10561439 0.8155450392213517 0.23332948210568133 0.14887073684210525 -1.9143312731086803 -1.7180071643616912
21092 10561439 0.8154873664304207 0.2333532453339382 0.15143747368421054 -1.9143312731086803 -1.7180071643616912
21092 11080625 4.913811606933894 2.930553739456648 0.8534400000000001 -1.9143312731086803 -1.7180071643616912
21093 10561439 0.8154296936394897 0.23337700856219507 0.1540042105263158 -1.9143312731086803 -1.7180071643616912
21093 11080625 4.905805591030887 2.9576965838249185 0.8534400000000001 -1.9143312731086803 -1.7180071643616912
21094 11080625 4.89779957512788 2.9848394281931885 0.8534400000000001 -1.9143312731086803 -1.7180071643616912
21095 11080625 4.8801689261449095 3.034163225556101 0.86106 -1.9143312731086803 -1.7180071643616912
21096 11080625 4.85325502982441 3.1192238813187814 0.8534400000000001 -1.9143312731086803 -1.7180071643616912
21097 11080625 4.8507320882956995 3.1193984684040443 0.8533653950033762 -1.9143312731086803 -1.7180071643616912
21098 11080625 4.8482091467669886 3.1195730554893073 0.8532907900067522 -1.9143312731086803 -1.7180071643616912
21099 11080625 4.845686205238278 3.1197476425745703 0.8532161850101284 -1.9143312731086803 -1.7180071643616912
21100 11080625 4.843163263709567 3.1199222296598332 0.8531415800135045 -1.9143312731086803 -1.7180071643616912
21101 11080625 4.840640322180856 3.120096816745096 0.8530669750168806 -1.9143312731086803 -1.7180071643616912
21102 11080625 4.838117380652145 3.120271403830359 0.8529923700202566 -1.9143312731086803 -1.7180071643616912
21103 11080625 4.835594439123434 3.120445990915622 0.8529177650236328 -1.9143312731086803 -1.7180071643616912
21104 11080625 4.833071497594723 3.120620578000885 0.8528431600270089 -1.9143312731086803 -1.7180071643616912
21105 11080625 4.830548556066012 3.120795165086148 0.852768555030385 -1.9143312731086803 -1.7180071643616912
21106 11080625 4.828025614537301 3.120969752171411 0.852693950033761 -1.9143312731086803 -1.7180071643616912
21107 11080625 4.82550267300859 3.1211443392566744 0.8526193450371372 -1.9143312731086803 -1.7180071643616912
21108 11080625 4.8229797314798795 3.1213189263419374 0.8525447400405133 -1.9143312731086803 -1.7180071643616912
21109 11080625 4.8204567899511686 3.1214935134272004 0.8524701350438894 -1.9143312731086803 -1.7180071643616912
21110 11080625 4.817933848422458 3.1216681005124634 0.8523955300472654 -1.9143312731086803 -1.7180071643616912
21111 11080625 4.815410906893747 3.1218426875977263 0.8523209250506415 -1.9143312731086803 -1.7180071643616912
21112 11080625 4.812887965365036 3.1220172746829893 0.8522463200540177 -1.9143312731086803 -1.7180071643616912
21113 11080625 4.810365023836325 3.1221918617682523 0.8521717150573938 -1.9143312731086803 -1.7180071643616912
21114 11080625 4.807842082307614 3.122366448853515 0.8520971100607698 -1.9143312731086803 -1.7180071643616912
21115 11080625 4.805319140778903 3.122541035938778 0.8520225050641459 -1.9143312731086803 -1.7180071643616912
21116 11080625 4.802796199250192 3.122715623024041 0.8519479000675221 -1.9143312731086803 -1.7180071643616912
21117 11080625 4.800273257721481 3.122890210109304 0.8518732950708982 -1.9143312731086803 -1.7180071643616912
21118 11080625 4.79775031619277 3.123064797194567 0.8517986900742742 -1.9143312731086803 -1.7180071643616912
21119 11080625 4.7952273746640595 3.12323938427983 0.8517240850776503 -1.9143312731086803 -1.7180071643616912
21120 11080625 4.7927044331353486 3.123413971365093 0.8516494800810264 -1.9143312731086803 -1.7180071643616912
21121 11080625 4.790181491606638 3.123588558450356 0.8515748750844025 -1.9143312731086803 -1.7180071643616912
21122 11080625 4.787658550077927 3.123763145535619 0.8515002700877786 -1.9143312731086803 -1.7180071643616912
21123 11080625 4.785135608549216 3.123937732620882 0.8514256650911547 -1.9143312731086803 -1.7180071643616912
21124 11080625 4.782612667020505 3.124112319706145 0.8513510600945308 -1.9143312731086803 -1.7180071643616912
21125 11080625 4.780089725491794 3.124286906791408 0.851276455097907 -1.9143312731086803 -1.7180071643616912
21126 11080625 4.777566783963083 3.124461493876671 0.851201850101283 -1.9143312731086803 -1.7180071643616912
21127 11080625 4.775043842434372 3.124636080961934 0.8511272451046591 -1.9143312731086803 -1.7180071643616912
21128 10561439 0.8134111459569049 0.23420872155118544 0.24384 -1.9143312731086803 -1.7180071643616912
21128 11080625 4.772520900905661 3.124810668047197 0.8510526401080352 -1.9143312731086803 -1.7180071643616912
21129 11080625 4.76999795937695 3.12498525513246 0.8509780351114113 -1.9143312731086803 -1.7180071643616912
21129 10561439 0.8134341153807675 0.23425128525922456 0.24446204081632653 -1.9143312731086803 -1.7180071643616912
21130 10561439 0.81345708480463 0.23429384896726368 0.24508408163265305 -1.9143312731086803 -1.7180071643616912
21130 11080625 4.7674750178482395 3.125159842217723 0.8509034301147874 -1.9143312731086803 -1.7180071643616912
21131 10561439 0.8134800542284926 0.2343364126753028 0.2457061224489796 -1.9143312731086803 -1.7180071643616912
21131 11080625 4.7649520763195286 3.125334429302986 0.8508288251181635 -1.9143312731086803 -1.7180071643616912
21132 11080625 4.762429134790818 3.125509016388249 0.8507542201215396 -1.9143312731086803 -1.7180071643616912
21132 10561439 0.813503023652355 0.23437897638334193 0.24632816326530613 -1.9143312731086803 -1.7180071643616912
21133 10561439 0.8135259930762176 0.23442154009138105 0.24695020408163265 -1.9143312731086803 -1.7180071643616912
21133 11080625 4.759906193262107 3.125683603473512 0.8506796151249156 -1.9143312731086803 -1.7180071643616912
21134 10561439 0.8135489625000802 0.23446410379942015 0.24757224489795918 -1.9143312731086803 -1.7180071643616912
21134 11080625 4.757383251733396 3.125858190558775 0.8506050101282918 -1.9143312731086803 -1.7180071643616912
21135 10561439 0.8135719319239427 0.23450666750745927 0.24819428571428573 -1.9143312731086803 -1.7180071643616912
21135 11080625 4.754860310204685 3.126032777644038 0.8505304051316679 -1.9143312731086803 -1.7180071643616912
21136 10561439 0.8135949013478053 0.2345492312154984 0.24881632653061225 -1.9143312731086803 -1.7180071643616912
21136 11080625 4.752337368675974 3.126207364729301 0.850455800135044 -1.9143312731086803 -1.7180071643616912
21137 10561439 0.8136178707716678 0.23459179492353752 0.24943836734693878 -1.9143312731086803 -1.7180071643616912
21137 11080625 4.749814427147263 3.126381951814564 0.85038119513842 -1.9143312731086803 -1.7180071643616912
21138 11080625 4.747291485618552 3.126556538899827 0.8503065901417962 -1.9143312731086803 -1.7180071643616912
21138 10561439 0.8136408401955304 0.23463435863157664 0.2500604081632653 -1.9143312731086803 -1.7180071643616912
21139 11080625 4.744768544089841 3.12673112598509 0.8502319851451723 -1.9143312731086803 -1.7180071643616912
21139 10561439 0.813663809619393 0.23467692233961576 0.25068244897959185 -1.9143312731086803 -1.7180071643616912
21140 11080625 4.74224560256113 3.126905713070353 0.8501573801485484 -1.9143312731086803 -1.7180071643616912
21140 10561439 0.8136867790432555 0.23471948604765488 0.25130448979591835 -1.9143312731086803 -1.7180071643616912
21141 11080625 4.7397226610324195 3.1270803001556158 0.8500827751519244 -1.9143312731086803 -1.7180071643616912
21141 10561439 0.8137097484671181 0.234762049755694 0.2519265306122449 -1.9143312731086803 -1.7180071643616912
21142 11080625 4.7371997195037086 3.1272548872408787 0.8500081701553006 -1.9143312731086803 -1.7180071643616912
21142 10561439 0.8137327178909806 0.23480461346373313 0.25254857142857146 -1.9143312731086803 -1.7180071643616912
21143 10561439 0.8137556873148432 0.23484717717177225 0.25317061224489795 -1.9143312731086803 -1.7180071643616912
21143 11080625 4.734676777974997 3.1274294743261417 0.8499335651586767 -1.9143312731086803 -1.7180071643616912
21144 11080625 4.732153836446286 3.1276040614114047 0.8498589601620528 -1.9143312731086803 -1.7180071643616912
21144 10561439 0.8137786567387056 0.23488974087981138 0.2537926530612245 -1.9143312731086803 -1.7180071643616912
21145 11080625 4.729630894917575 3.1277786484966676 0.8497843551654288 -1.9143312731086803 -1.7180071643616912
21145 10561439 0.8138016261625682 0.23493230458785047 0.254414693877551 -1.9143312731086803 -1.7180071643616912
21146 10561439 0.8138245955864308 0.2349748682958896 0.25503673469387755 -1.9143312731086803 -1.7180071643616912
21146 11080625 4.727107953388864 3.1279532355819306 0.8497097501688049 -1.9143312731086803 -1.7180071643616912
21147 10561439 0.8138475650102933 0.23501743200392872 0.2556587755102041 -1.9143312731086803 -1.7180071643616912
21147 11080625 4.724585011860153 3.1281278226671936 0.8496351451721811 -1.9143312731086803 -1.7180071643616912
21148 10561439 0.8138705344341559 0.23505999571196784 0.2562808163265306 -1.9143312731086803 -1.7180071643616912
21148 11080625 4.722062070331442 3.1283024097524565 0.8495605401755572 -1.9143312731086803 -1.7180071643616912
21149 11080625 4.719539128802731 3.1284769968377195 0.8494859351789332 -1.9143312731086803 -1.7180071643616912
21149 10561439 0.8138935038580184 0.23510255942000696 0.25690285714285716 -1.9143312731086803 -1.7180071643616912
21150 11080625 4.71701618727402 3.128651583922983 0.8494113301823093 -1.9143312731086803 -1.7180071643616912
21150 10561439 0.813916473281881 0.23514512312804609 0.25752489795918365 -1.9143312731086803 -1.7180071643616912
21151 10561439 0.8139394427057436 0.2351876868360852 0.2581469387755102 -1.9143312731086803 -1.7180071643616912
21151 11080625 4.7144932457453095 3.128826171008246 0.8493367251856855 -1.9143312731086803 -1.7180071643616912
21152 10561439 0.8139624121296061 0.23523025054412433 0.25876897959183676 -1.9143312731086803 -1.7180071643616912
21152 11080625 4.711970304216599 3.129000758093509 0.8492621201890616 -1.9143312731086803 -1.7180071643616912
21153 10561439 0.8139853815534687 0.23527281425216345 0.25939102040816325 -1.9143312731086803 -1.7180071643616912
21153 11080625 4.709447362687888 3.129175345178772 0.8491875151924376 -1.9143312731086803 -1.7180071643616912
21154 10561439 0.8140083509773312 0.23531537796020258 0.2600130612244898 -1.9143312731086803 -1.7180071643616912
21154 11080625 4.706924421159177 3.129349932264035 0.8491129101958137 -1.9143312731086803 -1.7180071643616912
21155 10561439 0.8140313204011937 0.2353579416682417 0.2606351020408163 -1.9143312731086803 -1.7180071643616912
21155 11080625 4.704401479630466 3.1295245193492978 0.8490383051991898 -1.9143312731086803 -1.7180071643616912
21156 11080625 4.701878538101755 3.1296991064345607 0.848963700202566 -1.9143312731086803 -1.7180071643616912
21156 10561439 0.8140542898250563 0.2354005053762808 0.26125714285714285 -1.9143312731086803 -1.7180071643616912
21157 10561439 0.8140772592489188 0.23544306908431992 0.2618791836734694 -1.9143312731086803 -1.7180071643616912
21158 10561439 0.8141002286727814 0.23548563279235904 0.2625012244897959 -1.9143312731086803 -1.7180071643616912
21159 10561439 0.8141231980966439 0.23552819650039816 0.26312326530612246 -1.9143312731086803 -1.7180071643616912
21160 10561439 0.8141461675205065 0.23557076020843729 0.263745306122449 -1.9143312731086803 -1.7180071643616912
21161 10561439 0.8141691369443691 0.2356133239164764 0.2643673469387755 -1.9143312731086803 -1.7180071643616912
21162 10561439 0.8141921063682316 0.23565588762451553 0.26498938775510206 -1.9143312731086803 -1.7180071643616912
21163 10561439 0.8142150757920942 0.23569845133255465 0.26561142857142855 -1.9143312731086803 -1.7180071643616912
21164 10561439 0.8142380452159567 0.23574101504059378 0.2662334693877551 -1.9143312731086803 -1.7180071643616912
21165 10561439 0.8142610146398193 0.2357835787486329 0.26685551020408166 -1.9143312731086803 -1.7180071643616912
21166 10561439 0.8142839840636817 0.23582614245667202 0.26747755102040816 -1.9143312731086803 -1.7180071643616912
21167 10561439 0.8143069534875443 0.23586870616471112 0.2680995918367347 -1.9143312731086803 -1.7180071643616912
21168 10561439 0.8143299229114069 0.23591126987275024 0.2687216326530612 -1.9143312731086803 -1.7180071643616912
21169 10561439 0.8143528923352694 0.23595383358078936 0.26934367346938776 -1.9143312731086803 -1.7180071643616912
21170 10561439 0.814375861759132 0.23599639728882849 0.2699657142857143 -1.9143312731086803 -1.7180071643616912
21171 10561439 0.8143988311829945 0.2360389609968676 0.2705877551020408 -1.9143312731086803 -1.7180071643616912
21172 10561439 0.8144218006068571 0.23608152470490673 0.27120979591836736 -1.9143312731086803 -1.7180071643616912
21173 10561439 0.8144447700307197 0.23612408841294585 0.2718318367346939 -1.9143312731086803 -1.7180071643616912
21174 10561439 0.8144677394545822 0.23616665212098498 0.2724538775510204 -1.9143312731086803 -1.7180071643616912
21175 10561439 0.8144907088784448 0.2362092158290241 0.27307591836734696 -1.9143312731086803 -1.7180071643616912
21176 10561439 0.8145136783023073 0.23625177953706322 0.27369795918367346 -1.9143312731086803 -1.7180071643616912
21177 10561439 0.8145366477261698 0.23629434324510235 0.27432 -1.9143312731086803 -1.7180071643616912
21178 10561439 0.8145596171500324 0.23633690695314144 0.27494204081632656 -1.9143312731086803 -1.7180071643616912
21179 10561439 0.8145825865738949 0.23637947066118056 0.27556408163265306 -1.9143312731086803 -1.7180071643616912
21180 10561439 0.8146055559977575 0.23642203436921969 0.2761861224489796 -1.9143312731086803 -1.7180071643616912
21181 10561439 0.81462852542162 0.2364645980772588 0.2768081632653061 -1.9143312731086803 -1.7180071643616912
21182 10561439 0.8146514948454826 0.23650716178529793 0.27743020408163266 -1.9143312731086803 -1.7180071643616912
21183 10561439 0.8146744642693452 0.23654972549333705 0.2780522448979592 -1.9143312731086803 -1.7180071643616912
21184 10561439 0.8146974336932077 0.23659228920137618 0.2786742857142857 -1.9143312731086803 -1.7180071643616912
21185 10561439 0.8147204031170703 0.2366348529094153 0.27929632653061226 -1.9143312731086803 -1.7180071643616912
21186 10561439 0.8147433725409328 0.23667741661745442 0.27991836734693876 -1.9143312731086803 -1.7180071643616912
21187 10561439 0.8147663419647954 0.23671998032549355 0.2805404081632653 -1.9143312731086803 -1.7180071643616912
21188 10561439 0.814789311388658 0.23676254403353264 0.28116244897959186 -1.9143312731086803 -1.7180071643616912
