21227 10561439 0.8156557747447596 0.23839134092335107 0.3048 -1.9143312731086803 -1.7180071643616912
21228 10561439 0.8156493999940844 0.2384027169076829 0.3048 -1.9143312731086803 -1.7180071643616912
21229 10561439 0.8156430252434093 0.23841409289201473 0.3048 -1.9143312731086803 -1.7180071643616912
21230 10561439 0.815636650492734 0.23842546887634658 0.3048 -1.9143312731086803 -1.7180071643616912
21231 10561439 0.8156302757420588 0.2384368448606784 0.3048 -1.9143312731086803 -1.7180071643616912
21232 10561439 0.8156239009913836 0.23844822084501024 0.3048 -1.9143312731086803 -1.7180071643616912
21233 10561439 0.8156175262407084 0.23845959682934206 0.3048 -1.9143312731086803 -1.7180071643616912
21234 10561439 0.8156111514900333 0.2384709728136739 0.3048 -1.9143312731086803 -1.7180071643616912
21235 10561439 0.815604776739358 0.23848234879800576 0.3048 -1.9143312731086803 -1.7180071643616912
21236 10561439 0.8155984019886828 0.23849372478233757 0.3048 -1.9143312731086803 -1.7180071643616912
21237 10561439 0.8155920272380076 0.23850510076666942 0.3048 -1.9143312731086803 -1.7180071643616912
21238 10561439 0.8155856524873324 0.23851647675100124 0.3048 -1.9143312731086803 -1.7180071643616912
21239 10561439 0.8155792777366573 0.23852785273533308 0.3048 -1.9143312731086803 -1.7180071643616912
21240 10561439 0.8155729029859821 0.23853922871966493 0.3048 -1.9143312731086803 -1.7180071643616912
21241 10561439 0.8155665282353068 0.23855060470399675 0.3048 -1.9143312731086803 -1.7180071643616912
21242 10561439 0.8155601534846316 0.2385619806883286 0.3048 -1.9143312731086803 -1.7180071643616912
21243 10561439 0.8155537787339564 0.23857335667266044 0.3048 -1.9143312731086803 -1.7180071643616912
21244 10561439 0.8155474039832813 0.23858473265699226 0.3048 -1.9143312731086803 -1.7180071643616912
21245 10561439 0.8155410292326061 0.2385961086413241 0.3048 -1.9143312731086803 -1.7180071643616912
21246 10561439 0.8155346544819309 0.23860748462565595 0.3048 -1.9143312731086803 -1.7180071643616912
21247 10561439 0.8155282797312556 0.23861886060998777 0.3048 -1.9143312731086803 -1.7180071643616912
21248 10561439 0.8155219049805804 0.23863023659431962 0.3048 -1.9143312731086803 -1.7180071643616912
21249 10561439 0.8155155302299053 0.23864161257865144 0.3048 -1.9143312731086803 -1.7180071643616912
21250 10561439 0.8155091554792301 0.23865298856298328 0.3048 -1.9143312731086803 -1.7180071643616912
21251 10561439 0.8155027807285549 0.23866436454731513 0.3048 -1.9143312731086803 -1.7180071643616912
21252 10561439 0.8154964059778796 0.23867574053164695 0.3048 -1.9143312731086803 -1.7180071643616912
21253 10561439 0.8154900312272045 0.2386871165159788 0.3048 -1.9143312731086803 -1.7180071643616912
21254 10561439 0.8154836564765293 0.2386984925003106 0.3048 -1.9143312731086803 -1.7180071643616912
21255 10561439 0.8154772817258541 0.23870986848464246 0.3048 -1.9143312731086803 -1.7180071643616912
21256 10561439 0.8154709069751789 0.2387212444689743 0.3048 -1.9143312731086803 -1.7180071643616912
21257 10561439 0.8154645322245037 0.23873262045330612 0.3048 -1.9143312731086803 -1.7180071643616912
21258 10561439 0.8154581574738285 0.23874399643763797 0.3048 -1.9143312731086803 -1.7180071643616912
21259 10561439 0.8154517827231533 0.2387553724219698 0.3048 -1.9143312731086803 -1.7180071643616912
21260 10561439 0.8154454079724781 0.23876674840630163 0.3048 -1.9143312731086803 -1.7180071643616912
21261 10561439 0.8154390332218029 0.23877812439063348 0.3048 -1.9143312731086803 -1.7180071643616912
21262 10561439 0.8154326584711277 0.23878950037496532 0.3048 -1.9143312731086803 -1.7180071643616912
21263 10561439 0.8154262837204526 0.23880087635929714 0.3048 -1.9143312731086803 -1.7180071643616912
21264 10561439 0.8154199089697773 0.238812252343629 0.3048 -1.9143312731086803 -1.7180071643616912
21265 10561439 0.8154135342191021 0.2388236283279608 0.3048 -1.9143312731086803 -1.7180071643616912
21266 10561439 0.8154071594684269 0.23883500431229265 0.3048 -1.9143312731086803 -1.7180071643616912
21267 10561439 0.8154007847177517 0.2388463802966245 0.3048 -1.9143312731086803 -1.7180071643616912
21268 10561439 0.8153944099670766 0.23885775628095632 0.3048 -1.9143312731086803 -1.7180071643616912
21269 10561439 0.8153880352164014 0.23886913226528816 0.3048 -1.9143312731086803 -1.7180071643616912
21270 10561439 0.8153816604657261 0.23888050824961998 0.3048 -1.9143312731086803 -1.7180071643616912
21271 10561439 0.8153752857150509 0.23889188423395183 0.3048 -1.9143312731086803 -1.7180071643616912
21272 10561439 0.8153689109643757 0.23890326021828368 0.3048 -1.9143312731086803 -1.7180071643616912
21273 10561439 0.8153625362137006 0.2389146362026155 0.3048 -1.9143312731086803 -1.7180071643616912
21274 10561439 0.8153561614630254 0.23892601218694734 0.3048 -1.9143312731086803 -1.7180071643616912
21275 10561439 0.8153497867123501 0.23893738817127919 0.3048 -1.9143312731086803 -1.7180071643616912
21276 10561439 0.8153434119616749 0.238948764155611 0.3048 -1.9143312731086803 -1.7180071643616912
21277 10561439 0.8153370372109997 0.23896014013994285 0.3048 -1.9143312731086803 -1.7180071643616912
21278 10561439 0.8153306624603246 0.2389715161242747 0.3048 -1.9143312731086803 -1.7180071643616912
21279 10561439 0.8153242877096494 0.23898289210860651 0.3048 -1.9143312731086803 -1.7180071643616912
21280 10561439 0.8153179129589742 0.23899426809293836 0.3048 -1.9143312731086803 -1.7180071643616912
21281 10561439 0.8153115382082989 0.23900564407727018 0.3048 -1.9143312731086803 -1.7180071643616912
21282 10561439 0.8153051634576237 0.23901702006160203 0.3048 -1.9143312731086803 -1.7180071643616912
21283 10561439 0.8152987887069486 0.23902839604593387 0.3048 -1.9143312731086803 -1.7180071643616912
21284 10561439 0.8152924139562734 0.2390397720302657 0.3048 -1.9143312731086803 -1.7180071643616912
21285 10561439 0.8152860392055982 0.23905114801459754 0.3048 -1.9143312731086803 -1.7180071643616912
21286 10561439 0.815279664454923 0.23906252399892935 0.3048 -1.9143312731086803 -1.7180071643616912
