21315 10561439 0.8149261598016229 0.23929145258931986 0.30558153846153846 -1.9143312731086803 -1.7180071643616912
21316 10561439 0.8147511481672282 0.23920185361841895 0.30636307692307696 -1.9143312731086803 -1.7180071643616912
21317 10561439 0.8145761365328336 0.23911225464751804 0.3071446153846154 -1.9143312731086803 -1.7180071643616912
21318 10561439 0.814401124898439 0.2390226556766171 0.30792615384615385 -1.9143312731086803 -1.7180071643616912
21319 10561439 0.8142261132640444 0.23893305670571618 0.30870769230769235 -1.9143312731086803 -1.7180071643616912
21320 10561439 0.8140511016296497 0.23884345773481527 0.3094892307692308 -1.9143312731086803 -1.7180071643616912
21321 10561439 0.8138760899952551 0.23875385876391436 0.31027076923076924 -1.9143312731086803 -1.7180071643616912
21322 10561439 0.8137010783608605 0.23866425979301345 0.3110523076923077 -1.9143312731086803 -1.7180071643616912
21323 10561439 0.8135260667264659 0.23857466082211254 0.3118338461538462 -1.9143312731086803 -1.7180071643616912
21324 10561439 0.8133510550920712 0.2384850618512116 0.31261538461538463 -1.9143312731086803 -1.7180071643616912
21325 10561439 0.8131760434576766 0.2383954628803107 0.3133969230769231 -1.9143312731086803 -1.7180071643616912
21326 10561439 0.813001031823282 0.23830586390940978 0.3141784615384616 -1.9143312731086803 -1.7180071643616912
21327 10561439 0.8128260201888874 0.23821626493850886 0.31496 -1.9143312731086803 -1.7180071643616912
21328 10561439 0.8126510085544927 0.23812666596760795 0.31574153846153846 -1.9143312731086803 -1.7180071643616912
21329 10561439 0.8124759969200981 0.23803706699670704 0.31652307692307696 -1.9143312731086803 -1.7180071643616912
21330 10561439 0.8123009852857035 0.23794746802580613 0.3173046153846154 -1.9143312731086803 -1.7180071643616912
21331 10561439 0.8121259736513089 0.2378578690549052 0.31808615384615385 -1.9143312731086803 -1.7180071643616912
21332 10561439 0.8119509620169142 0.23776827008400428 0.31886769230769235 -1.9143312731086803 -1.7180071643616912
21333 10561439 0.8117759503825196 0.23767867111310337 0.3196492307692308 -1.9143312731086803 -1.7180071643616912
21334 10561439 0.811600938748125 0.23758907214220246 0.32043076923076924 -1.9143312731086803 -1.7180071643616912
21335 10561439 0.8114259271137304 0.23749947317130155 0.3212123076923077 -1.9143312731086803 -1.7180071643616912
21336 10561439 0.8112509154793357 0.23740987420040063 0.3219938461538462 -1.9143312731086803 -1.7180071643616912
21337 10561439 0.8110759038449411 0.2373202752294997 0.32277538461538463 -1.9143312731086803 -1.7180071643616912
21338 10561439 0.8109008922105465 0.23723067625859878 0.3235569230769231 -1.9143312731086803 -1.7180071643616912
21339 10561439 0.8107258805761519 0.23714107728769787 0.3243384615384616 -1.9143312731086803 -1.7180071643616912
21340 10561439 0.8105508689417572 0.23705147831679696 0.32512 -1.9143312731086803 -1.7180071643616912
21341 10561439 0.8103758573073626 0.23696187934589605 0.32590153846153846 -1.9143312731086803 -1.7180071643616912
21342 10561439 0.810200845672968 0.23687228037499514 0.32668307692307696 -1.9143312731086803 -1.7180071643616912
21343 10561439 0.8100258340385734 0.23678268140409423 0.3274646153846154 -1.9143312731086803 -1.7180071643616912
21344 10561439 0.8098508224041787 0.23669308243319329 0.32824615384615385 -1.9143312731086803 -1.7180071643616912
21345 10561439 0.8096758107697841 0.23660348346229237 0.32902769230769235 -1.9143312731086803 -1.7180071643616912
21346 10561439 0.8095007991353895 0.23651388449139146 0.3298092307692308 -1.9143312731086803 -1.7180071643616912
21347 10561439 0.8093257875009949 0.23642428552049055 0.33059076923076924 -1.9143312731086803 -1.7180071643616912
21348 10561439 0.8091507758666002 0.23633468654958964 0.33137230769230774 -1.9143312731086803 -1.7180071643616912
21349 10561439 0.8089757642322056 0.23624508757868873 0.3321538461538462 -1.9143312731086803 -1.7180071643616912
21350 10561439 0.808800752597811 0.2361554886077878 0.33293538461538463 -1.9143312731086803 -1.7180071643616912
21351 10561439 0.8086257409634164 0.23606588963688688 0.3337169230769231 -1.9143312731086803 -1.7180071643616912
21352 10561439 0.8084507293290217 0.23597629066598597 0.3344984615384616 -1.9143312731086803 -1.7180071643616912
21353 10561439 0.8082757176946271 0.23588669169508505 0.33528 -1.9143312731086803 -1.7180071643616912
21354 10561439 0.8092611310184679 0.23509740446499638 0.33528 -1.9143312731086803 -1.7180071643616912
21355 10561439 0.807674573734362 0.23024174866943425 0.33528 -1.9143312731086803 -1.7180071643616912
21356 10561439 0.8055408979550557 0.2291475640534028 0.33528 -1.9143312731086803 -1.7180071643616912
21357 10561439 0.8034072221757492 0.2280533794373714 0.33528 -1.9143312731086803 -1.7180071643616912
21358 10561439 0.8012735463964429 0.22695919482133994 0.33528 -1.9143312731086803 -1.7180071643616912
21359 10561439 0.798621329497603 0.22291904726453132 0.33528 -1.9143312731086803 -1.7180071643616912
21360 10561439 0.7970692585701731 0.2181689506585799 0.33528 -1.9143312731086803 -1.7180071643616912
21361 10561439 0.7955171876427433 0.2134188540526285 0.33528 -1.9143312731086803 -1.7180071643616912
21362 10561439 0.7938444001147915 0.2082993055720172 0.33528 -1.9143312731086803 -1.7180071643616912
21363 10561439 0.7921716125868399 0.2031797570914059 0.33528 -1.9143312731086803 -1.7180071643616912
21364 10561439 0.7913955771454318 0.20080470885654636 0.33528 -1.9143312731086803 -1.7180071643616912
21365 10561439 0.7906195417040238 0.19842966062168682 0.33528 -1.9143312731086803 -1.7180071643616912
21366 10561439 0.789791770572998 0.19589627585809471 0.33528 -1.9143312731086803 -1.7180071643616912
21367 10561439 0.7889639994419723 0.19336289109450264 0.33528 -1.9143312731086803 -1.7180071643616912
21368 10561439 0.7886500430025445 0.18832507424802938 0.33528 -1.9143312731086803 -1.7180071643616912
21369 10561439 0.7870634825236634 0.1834694199246928 0.33528 -1.9143312731086803 -1.7180071643616912
21370 10561439 0.791877982334983 0.18189630829694453 0.33528 -1.9143312731086803 -1.7180071643616912
21371 10561439 0.7890300794710635 0.17698548138698694 0.33528 -1.9143312731086803 -1.7180071643616912
21372 10561439 0.7903259155619183 0.17714621065074349 0.33528 -1.9143312731086803 -1.7180071643616912
21373 10561439 0.7926134866536301 0.17055739871400163 0.33528 -1.9143312731086803 -1.7180071643616912
21374 10561439 0.7919673120878871 0.1658617884579727 0.33528 -1.9143312731086803 -1.7180071643616912
21375 10561439 0.7903807583028691 0.16100613211864184 0.33528 -1.9143312731086803 -1.7180071643616912
21376 10561439 0.7890655555041279 0.15833994457028422 0.33528 -1.9143312731086803 -1.7180071643616912
21377 10561439 0.7877503527053866 0.15567375702192662 0.33528 -1.9143312731086803 -1.7180071643616912
21378 10561439 0.7879769945587761 0.15256219586016478 0.33528 -1.9143312731086803 -1.7180071643616912
21379 10561439 0.7882036364121656 0.14945063469840297 0.33528 -1.9143312731086803 -1.7180071643616912
21380 10561439 0.7884302782655552 0.14633907353664113 0.33528 -1.9143312731086803 -1.7180071643616912
21381 10561439 0.7886569201189447 0.14322751237487932 0.33528 -1.9143312731086803 -1.7180071643616912
21382 10561439 0.7888835619723342 0.14011595121311748 0.33528 -1.9143312731086803 -1.7180071643616912
21383 10561439 0.7889519532626507 0.1374260509539553 0.33528 -1.9143312731086803 -1.7180071643616912
21384 10561439 0.7890203445529671 0.1347361506947931 0.33528 -1.9143312731086803 -1.7180071643616912
21385 10561439 0.7890887358432835 0.13204625043563095 0.33528 -1.9143312731086803 -1.7180071643616912
21386 10561439 0.7891571271336 0.12935635017646877 0.33528 -1.9143312731086803 -1.7180071643616912
21387 10561439 0.7892255184239164 0.12666644991730658 0.33528 -1.9143312731086803 -1.7180071643616912
21388 10561439 0.7892939097142329 0.1239765496581444 0.33528 -1.9143312731086803 -1.7180071643616912
21389 10561439 0.7890327726383434 0.11810368930299375 0.33528 -1.9143312731086803 -1.7180071643616912
21390 10561439 0.7887716355624539 0.11223082894784311 0.33528 -1.9143312731086803 -1.7180071643616912
21391 10561439 0.7885104984865644 0.10635796859269246 0.33528 -1.9143312731086803 -1.7180071643616912
21392 10561439 0.79015899459124 0.10324914098355321 0.33528 -1.9143312731086803 -1.7180071643616912
21393 10561439 0.7918074906959155 0.10014031337441397 0.33528 -1.9143312731086803 -1.7180071643616912
21394 10561439 0.7912671472446553 0.09848657402933832 0.33528 -1.9143312731086803 -1.7180071643616912
21395 10561439 0.7907268037933951 0.09683283468426268 0.33528 -1.9143312731086803 -1.7180071643616912
21396 10561439 0.7901864603421349 0.09517909533918703 0.33528 -1.9143312731086803 -1.7180071643616912
21397 10561439 0.7892598088419824 0.09098402618371199 0.33528 -1.9143312731086803 -1.7180071643616912
21398 10561439 0.78833315734183 0.08678895702823693 0.33528 -1.9143312731086803 -1.7180071643616912
21399 10561439 0.7876042885018695 0.08591725038041259 0.33528 -1.9143312731086803 -1.7180071643616912
21400 10561439 0.7868754196619089 0.08504554373258824 0.33528 -1.9143312731086803 -1.7180071643616912
21401 10561439 0.7847302197417109 0.08391617648126103 0.33528 -1.9143312731086803 -1.7180071643616912
21402 10561439 0.782585019821513 0.08278680922993382 0.33528 -1.9143312731086803 -1.7180071643616912
21403 10561439 0.780439819901315 0.08165744197860661 0.33528 -1.9143312731086803 -1.7180071643616912
21404 10561439 0.7750839690716457 0.08048674215512336 0.33528 -1.9143312731086803 -1.7180071643616912
21405 10561439 0.774491064851007 0.07994056349702615 0.33528 -1.9143312731086803 -1.7180071643616912
21406 10561439 0.7738981606303684 0.07939438483892892 0.33528 -1.9143312731086803 -1.7180071643616912
21407 10561439 0.7733052564097298 0.07884820618083171 0.33528 -1.9143312731086803 -1.7180071643616912
21408 10561439 0.7699484286605786 0.08216474025989849 0.33528 -1.9143312731086803 -1.7180071643616912
21409 10561439 0.7636761169005861 0.08199445813442993 0.33528 -1.9143312731086803 -1.7180071643616912
21410 10561439 0.758767227162648 0.08056089991508047 0.33528 -1.9143312731086803 -1.7180071643616912
21411 10561439 0.7569540199285859 0.0788168102333753 0.33528 -1.9143312731086803 -1.7180071643616912
21412 10561439 0.7520592067856824 0.08041616470028629 0.33528 -1.9143312731086803 -1.7180071643616912
21413 10561439 0.7539526580435684 0.08213403418855102 0.33528 -1.9143312731086803 -1.7180071643616912
21414 10561439 0.7475170359664371 0.07874596170458648 0.33528 -1.9143312731086803 -1.7180071643616912
21415 10561439 0.742702465603391 0.08031910367263641 0.33528 -1.9143312731086803 -1.7180071643616912
21416 10561439 0.740041073281268 0.07896898555830814 0.33528 -1.9143312731086803 -1.7180071643616912
21417 10561439 0.7351462602443966 0.08056835178567345 0.33528 -1.9143312731086803 -1.7180071643616912
21418 10561439 0.7311657832370824 0.07871462515156831 0.33528 -1.9143312731086803 -1.7180071643616912
21419 10561439 0.7300107198935258 0.08224637902705625 0.33528 -1.9143312731086803 -1.7180071643616912
21420 10561439 0.7262709700241141 0.08031399754996998 0.33528 -1.9143312731086803 -1.7180071643616912
21421 10561439 0.718863985080147 0.08074815889639098 0.33528 -1.9143312731086803 -1.7180071643616912
21422 10561439 0.7098049731809224 0.08020337197577551 0.33528 -1.9143312731086803 -1.7180071643616912
21423 10561439 0.7082564201312624 0.07954108893492583 0.33528 -1.9143312731086803 -1.7180071643616912
21424 10561439 0.7067078670816025 0.07887880589407614 0.33528 -1.9143312731086803 -1.7180071643616912
21425 10561439 0.7018932968113252 0.08045197577334093 0.33528 -1.9143312731086803 -1.7180071643616912
21426 10561439 0.6938436535548242 0.08027835873280878 0.33528 -1.9143312731086803 -1.7180071643616912
21427 10561439 0.6890290842406736 0.08185153741094 0.33528 -1.9143312731086803 -1.7180071643616912
21428 10561439 0.6774923703175941 0.08024714590509921 0.33528 -1.9143312731086803 -1.7180071643616912
21429 10561439 0.672597558168399 0.0818465556258911 0.33528 -1.9143312731086803 -1.7180071643616912
21430 10561439 0.6657951615765041 0.07869521286063302 0.33528 -1.9143312731086803 -1.7180071643616912
21431 10561439 0.6609805911792364 0.08026841072227697 0.33528 -1.9143312731086803 -1.7180071643616912
21432 10561439 0.6572640478828641 0.07867895686686006 0.33528 -1.9143312731086803 -1.7180071643616912
21433 10561439 0.6561660218585587 0.08184161187718283 0.33528 -1.9143312731086803 -1.7180071643616912
21434 10561439 0.648185347596939 0.08187916561677133 0.33528 -1.9143312731086803 -1.7180071643616912
21435 10561439 0.6402046733353195 0.08191671935635983 0.33528 -1.9143312731086803 -1.7180071643616912
21436 10561439 0.6305501551680562 0.08226757886833716 0.33528 -1.9143312731086803 -1.7180071643616912
21437 10561439 0.6264980965549469 0.08164451144977823 0.33528 -1.9143312731086803 -1.7180071643616912
21438 10561439 0.6224460379418375 0.0810214440312193 0.33528 -1.9143312731086803 -1.7180071643616912
21439 10561439 0.6183939793287282 0.08039837661266037 0.33528 -1.9143312731086803 -1.7180071643616912
21440 10561439 0.6121216273447272 0.08022822827014979 0.33528 -1.9143312731086803 -1.7180071643616912
21441 10561439 0.6073070579968857 0.08180146284194832 0.33528 -1.9143312731086803 -1.7180071643616912
21442 10561439 0.6008713424949825 0.07841352150046742 0.33528 -1.9143312731086803 -1.7180071643616912
21443 10561439 0.5956687297140145 0.07879925347808797 0.33528 -1.9143312731086803 -1.7180071643616912
21444 10561439 0.5904661169330465 0.07918498545570854 0.33528 -1.9143312731086803 -1.7180071643616912
21445 10561439 0.5852635041520785 0.07957071743332911 0.33528 -1.9143312731086803 -1.7180071643616912
21446 10561439 0.5800608913711105 0.07995644941094966 0.33528 -1.9143312731086803 -1.7180071643616912
21447 10561439 0.5770619602280833 0.07947605856107953 0.33528 -1.9143312731086803 -1.7180071643616912
21448 10561439 0.574063029085056 0.0789956677112094 0.33528 -1.9143312731086803 -1.7180071643616912
21449 10561439 0.5639524329253404 0.08229951877810188 0.33528 -1.9143312731086803 -1.7180071643616912
21450 10561439 0.5536334350330326 0.08333492137898638 0.33528 -1.9143312731086803 -1.7180071643616912
21451 10561439 0.5480255224564674 0.08248039261586593 0.33528 -1.9143312731086803 -1.7180071643616912
21452 10561439 0.5424176098799023 0.08162586385274546 0.33528 -1.9143312731086803 -1.7180071643616912
21453 10561439 0.5357313186362866 0.08018910211082676 0.33528 -1.9143312731086803 -1.7180071643616912
21454 10561439 0.5301143211371804 0.08202460371893548 0.33528 -1.9143312731086803 -1.7180071643616912
21455 10561439 0.5264561932319245 0.08170122712687126 0.33528 -1.9143312731086803 -1.7180071643616912
21455 11322591 0.6587802567354937 0.08168835444162059 0.33528 -1.9143312731086803 -1.7180071643616912
21456 10561439 0.5202872987260093 0.0818478326000031 0.33528 -1.9143312731086803 -1.7180071643616912
21456 11322591 0.6531033934539583 0.08062262621989957 0.33528 -1.9143312731086803 -1.7180071643616912
21457 11322591 0.6476334788578127 0.08019024574988556 0.33528 -1.9143312731086803 -1.7180071643616912
21457 10561439 0.5141184042200941 0.08199443807313493 0.33528 -1.9143312731086803 -1.7180071643616912
21458 11322591 0.639618309717707 0.08012224737373633 0.33528 -1.9143312731086803 -1.7180071643616912
21458 10561439 0.509554364122496 0.08161661705412245 0.33528 -1.9143312731086803 -1.7180071643616912
21459 11322591 0.6344070814355227 0.08048155781508562 0.33528 -1.9143312731086803 -1.7180071643616912
21459 10561439 0.5020311369406114 0.08033654752397201 0.33528 -1.9143312731086803 -1.7180071643616912
21460 11322591 0.6291958531533384 0.08084086825643491 0.33528 -1.9143312731086803 -1.7180071643616912
21460 10561439 0.49837300342457336 0.08001318534455412 0.33528 -1.9143312731086803 -1.7180071643616912
21461 11322591 0.6220865828278612 0.08082736115306394 0.33528 -1.9143312731086803 -1.7180071643616912
21461 10561439 0.4887438655095816 0.08315981337658873 0.33528 -1.9143312731086803 -1.7180071643616912
21462 11322591 0.614977312502384 0.08081385404969295 0.33528 -1.9143312731086803 -1.7180071643616912
21462 10561439 0.48606969385660875 0.08041200154906511 0.33528 -1.9143312731086803 -1.7180071643616912
21463 10561439 0.4774935055893963 0.08134530152121412 0.33528 -1.9143312731086803 -1.7180071643616912
21463 11322591 0.6093349262895126 0.07985371770267959 0.33528 -1.9143312731086803 -1.7180071643616912
21464 11322591 0.6038649999800718 0.07942137087261908 0.33528 -1.9143312731086803 -1.7180071643616912
21464 10561439 0.47431463218850456 0.07841193501756173 0.33528 -1.9143312731086803 -1.7180071643616912
21465 10561439 0.4701127715313058 0.07914248309796773 0.33528 -1.9143312731086803 -1.7180071643616912
21465 11322591 0.5974501232712189 0.0801740192291776 0.33528 -1.9143312731086803 -1.7180071643616912
21466 10561439 0.46591091087410713 0.07987303117837372 0.33528 -1.9143312731086803 -1.7180071643616912
21466 11322591 0.5910352465623661 0.08092666758573613 0.33528 -1.9143312731086803 -1.7180071643616912
21467 10561439 0.4570805374138755 0.07866967317192043 0.33528 -1.9143312731086803 -1.7180071643616912
21467 11322591 0.5842581944695993 0.08057098017535966 0.33528 -1.9143312731086803 -1.7180071643616912
21468 10561439 0.45588055877345496 0.0831508152518376 0.33528 -1.9143312731086803 -1.7180071643616912
21468 11322591 0.5774811423768325 0.08021529276498318 0.33528 -1.9143312731086803 -1.7180071643616912
21469 10561439 0.44745139766225744 0.08181635768694434 0.33528 -1.9143312731086803 -1.7180071643616912
21469 11322591 0.5708772732687311 0.0812049635793102 0.33528 -1.9143312731086803 -1.7180071643616912
21470 10561439 0.4446991671833227 0.08154746786839709 0.33528 -1.9143312731086803 -1.7180071643616912
21470 11322591 0.5642734041606297 0.08219463439363722 0.33528 -1.9143312731086803 -1.7180071643616912
21471 10561439 0.44008336913278806 0.08101135845004753 0.33528 -1.9143312731086803 -1.7180071643616912
21471 11322591 0.5584480033309696 0.08176165009778477 0.33528 -1.9143312731086803 -1.7180071643616912
21472 10561439 0.4354675710822534 0.08047524903169798 0.33528 -1.9143312731086803 -1.7180071643616912
21472 11322591 0.5528400924607935 0.08090711530619676 0.33528 -1.9143312731086803 -1.7180071643616912
21473 11322591 0.547232179347723 0.08005258490055461 0.33528 -1.9143312731086803 -1.7180071643616912
21473 10561439 0.4306530024409879 0.08204860607146208 0.33528 -1.9143312731086803 -1.7180071643616912
21474 11322591 0.5411322744865844 0.08041028831273775 0.33528 -1.9143312731086803 -1.7180071643616912
21474 10561439 0.42583843379972247 0.08362196311122619 0.33528 -1.9143312731086803 -1.7180071643616912
21475 11322591 0.5350323696254459 0.0807679917249209 0.33528 -1.9143312731086803 -1.7180071643616912
21475 10561439 0.4194715936678686 0.08044529656873772 0.33528 -1.9143312731086803 -1.7180071643616912
21476 11322591 0.5289324647643073 0.08112569513710403 0.33528 -1.9143312731086803 -1.7180071643616912
21476 10561439 0.41318769043841663 0.08024014404723119 0.33528 -1.9143312731086803 -1.7180071643616912
21477 10561439 0.4069037872089646 0.08003499152572464 0.33528 -1.9143312731086803 -1.7180071643616912
21477 11322591 0.5234625185477435 0.08069341017029492 0.33528 -1.9143312731086803 -1.7180071643616912
21478 11322591 0.5158394514137233 0.08318446243956504 0.33528 -1.9143312731086803 -1.7180071643616912
21478 10561439 0.4006198839795126 0.07982983900421811 0.33528 -1.9143312731086803 -1.7180071643616912
21479 10561439 0.3965898793870249 0.08040691117440667 0.33528 -1.9143312731086803 -1.7180071643616912
21479 11322591 0.5098303140736014 0.08246106978219815 0.33528 -1.9143312731086803 -1.7180071643616912
21480 10561439 0.39255987479453713 0.08098398334459521 0.33528 -1.9143312731086803 -1.7180071643616912
21480 11322591 0.5037304038984423 0.08281880542697334 0.33528 -1.9143312731086803 -1.7180071643616912
21481 10561439 0.38852987020204943 0.08156105551478376 0.33528 -1.9143312731086803 -1.7180071643616912
21481 11322591 0.4976304937232833 0.08317654107174854 0.33528 -1.9143312731086803 -1.7180071643616912
21482 10561439 0.38423238977013596 0.08222554511917805 0.33528 -1.9143312731086803 -1.7180071643616912
21482 11322591 0.49153058354812423 0.08353427671652373 0.33528 -1.9143312731086803 -1.7180071643616912
21483 10561439 0.37993490933822244 0.08289003472357233 0.33528 -1.9143312731086803 -1.7180071643616912
21483 11322591 0.48471900962881753 0.08307312780521589 0.33528 -1.9143312731086803 -1.7180071643616912
21484 10561439 0.37563742890630897 0.08355452432796662 0.33528 -1.9143312731086803 -1.7180071643616912
21484 11322591 0.4779074357095109 0.08261197889390806 0.33528 -1.9143312731086803 -1.7180071643616912
21485 11322591 0.47550015171638277 0.08339864166567297 0.33528 -1.9143312731086803 -1.7180071643616912
21485 10561439 0.37496025037507164 0.08284119266846887 0.33528 -1.9143312731086803 -1.7180071643616912
21486 10561439 0.3640202791569056 0.08197686383358291 0.33528 -1.9143312731086803 -1.7180071643616912
21486 11322591 0.46546980464171395 0.08667641207532897 0.33528 -1.9143312731086803 -1.7180071643616912
21487 10561439 0.3585285306936141 0.08283693795881561 0.33528 -1.9143312731086803 -1.7180071643616912
21487 11322591 0.4623268856771925 0.08548373023361555 0.33528 -1.9143312731086803 -1.7180071643616912
21488 10561439 0.3517604350125506 0.0797914485435279 0.33528 -1.9143312731086803 -1.7180071643616912
21488 11322591 0.45535481857300825 0.08507505418224197 0.33528 -1.9143312731086803 -1.7180071643616912
21489 10561439 0.3493531501888876 0.08057815486554293 0.33528 -1.9143312731086803 -1.7180071643616912
21489 11322591 0.448382751468824 0.08466637813086839 0.33528 -1.9143312731086803 -1.7180071643616912
21490 10561439 0.34694586536522454 0.08136486118755795 0.33528 -1.9143312731086803 -1.7180071643616912
21490 11322591 0.44298177597649574 0.08444526777378818 0.33528 -1.9143312731086803 -1.7180071643616912
21491 10561439 0.3407859521953507 0.07882159940294514 0.33528 -1.9143312731086803 -1.7180071643616912
21491 11322591 0.4365943970132132 0.08392342594058304 0.33528 -1.9143312731086803 -1.7180071643616912
21492 10561439 0.33115681265176045 0.08196844299530393 0.33528 -1.9143312731086803 -1.7180071643616912
21492 11322591 0.43020701804993056 0.08340158410737791 0.33528 -1.9143312731086803 -1.7180071643616912
21493 10561439 0.32613526710348706 0.08290853512377747 0.33528 -1.9143312731086803 -1.7180071643616912
21493 11322591 0.423819639086648 0.08287974227417277 0.33528 -1.9143312731086803 -1.7180071643616912
21494 11322591 0.41789071572485736 0.08213020450422809 0.33528 -1.9143312731086803 -1.7180071643616912
21494 10561439 0.3247554178367722 0.07868630442792127 0.33528 -1.9143312731086803 -1.7180071643616912
21495 10561439 0.31432384999216656 0.08209540933613824 0.33528 -1.9143312731086803 -1.7180071643616912
21495 11322591 0.4112868266392483 0.08312002438644889 0.33528 -1.9143312731086803 -1.7180071643616912
21496 11322591 0.4046829375536393 0.08410984426866969 0.33528 -1.9143312731086803 -1.7180071643616912
21496 10561439 0.3119964353497508 0.0824471235403455 0.33528 -1.9143312731086803 -1.7180071643616912
21497 10561439 0.30966902070733504 0.08279883774455277 0.33528 -1.9143312731086803 -1.7180071643616912
21497 11322591 0.39757812652579544 0.08275155207481485 0.33528 -1.9143312731086803 -1.7180071643616912
21498 11322591 0.39047331549795156 0.08139325988096002 0.33528 -1.9143312731086803 -1.7180071643616912
21498 10561439 0.2980518289777574 0.08122128479206597 0.33528 -1.9143312731086803 -1.7180071643616912
21499 11322591 0.3848653521367886 0.08053885726463575 0.33528 -1.9143312731086803 -1.7180071643616912
21499 10561439 0.29558192436934067 0.08249579242055254 0.33528 -1.9143312731086803 -1.7180071643616912
21500 10561439 0.29311201976092394 0.0837703000490391 0.33528 -1.9143312731086803 -1.7180071643616912
21500 11322591 0.37972307561613705 0.08110946704112164 0.33528 -1.9143312731086803 -1.7180071643616912
21501 10561439 0.2875493976947406 0.08237541546077684 0.33528 -1.9143312731086803 -1.7180071643616912
21501 11322591 0.3745807990954855 0.08168007681760753 0.33528 -1.9143312731086803 -1.7180071643616912
21502 11322591 0.36890383966898654 0.08061457479243633 0.33528 -1.9143312731086803 -1.7180071643616912
21502 10561439 0.28198677562855723 0.08098053087251458 0.33528 -1.9143312731086803 -1.7180071643616912
21503 11322591 0.3622999426751178 0.08160444040369082 0.33528 -1.9143312731086803 -1.7180071643616912
21503 10561439 0.27450844548332165 0.07875135953135681 0.33528 -1.9143312731086803 -1.7180071643616912
21504 11322591 0.355696045681249 0.0825943060149453 0.33528 -1.9143312731086803 -1.7180071643616912
21504 10561439 0.26953339003966725 0.080377275674945 0.33528 -1.9143312731086803 -1.7180071643616912
21505 10561439 0.26455833459601286 0.08200319181853319 0.33528 -1.9143312731086803 -1.7180071643616912
21505 11322591 0.3500155755598878 0.08188045590377471 0.33528 -1.9143312731086803 -1.7180071643616912
21506 11322591 0.34433510543852663 0.08116660579260412 0.33528 -1.9143312731086803 -1.7180071643616912
21506 10561439 0.2605521896223721 0.08152107308428648 0.33528 -1.9143312731086803 -1.7180071643616912
21507 10561439 0.25654604464873126 0.08103895435003976 0.33528 -1.9143312731086803 -1.7180071643616912
21507 11322591 0.33865463531716544 0.08045275568143354 0.33528 -1.9143312731086803 -1.7180071643616912
21508 11322591 0.3319120039668146 0.08020286465746038 0.33528 -1.9143312731086803 -1.7180071643616912
21508 10561439 0.2525398996750905 0.08055683561579305 0.33528 -1.9143312731086803 -1.7180071643616912
21509 10561439 0.24772533055149015 0.08213031612063015 0.33528 -1.9143312731086803 -1.7180071643616912
21509 11322591 0.3251693726164637 0.07995297363348722 0.33528 -1.9143312731086803 -1.7180071643616912
21510 11322591 0.3196303797253468 0.0793097359966707 0.33528 -1.9143312731086803 -1.7180071643616912
21510 10561439 0.24437762905216553 0.08275708334518728 0.33528 -1.9143312731086803 -1.7180071643616912
21511 10561439 0.23859088838106754 0.08289585779131832 0.33528 -1.9143312731086803 -1.7180071643616912
21511 11322591 0.3140913868342299 0.07866649835985418 0.33528 -1.9143312731086803 -1.7180071643616912
21512 10561439 0.23280414770996957 0.08303463223744936 0.33528 -1.9143312731086803 -1.7180071643616912
21512 11322591 0.3088756022649548 0.0803710567831831 0.33528 -1.9143312731086803 -1.7180071643616912
21513 10561439 0.22701740703887158 0.0831734066835804 0.33528 -1.9143312731086803 -1.7180071643616912
21513 11322591 0.30317049448598127 0.07989894781282544 0.33528 -1.9143312731086803 -1.7180071643616912
21514 10561439 0.22123066636777358 0.08331218112971145 0.33528 -1.9143312731086803 -1.7180071643616912
21514 11322591 0.29746538670700773 0.07942683884246779 0.33528 -1.9143312731086803 -1.7180071643616912
21515 11322591 0.29024353347677695 0.08178701844946877 0.33528 -1.9143312731086803 -1.7180071643616912
21515 10561439 0.21544392569667561 0.08345095557584249 0.33528 -1.9143312731086803 -1.7180071643616912
21516 10561439 0.20965718502557762 0.08358973002197354 0.33528 -1.9143312731086803 -1.7180071643616912
21516 11322591 0.28302168024654617 0.08414719805646975 0.33528 -1.9143312731086803 -1.7180071643616912
21517 11322591 0.2773446912609754 0.08308176898302932 0.33528 -1.9143312731086803 -1.7180071643616912
21517 10561439 0.2040467919745064 0.08344341016257216 0.33528 -1.9143312731086803 -1.7180071643616912
21518 10561439 0.19843639892343518 0.08329709030317077 0.33528 -1.9143312731086803 -1.7180071643616912
21518 11322591 0.2718056866252544 0.08243856863790788 0.33528 -1.9143312731086803 -1.7180071643616912
21519 10561439 0.19282600587236395 0.0831507704437694 0.33528 -1.9143312731086803 -1.7180071643616912
21519 11322591 0.2662666819895334 0.08179536829278644 0.33528 -1.9143312731086803 -1.7180071643616912
21520 10561439 0.18721561282129273 0.08300445058436802 0.33528 -1.9143312731086803 -1.7180071643616912
21520 11322591 0.26113114253356506 0.08347373760063051 0.33528 -1.9143312731086803 -1.7180071643616912
21521 10561439 0.1816052197702215 0.08285813072496663 0.33528 -1.9143312731086803 -1.7180071643616912
21521 11322591 0.25544289732406456 0.08264566144435342 0.33528 -1.9143312731086803 -1.7180071643616912
21522 10561439 0.1759948267191503 0.08271181086556526 0.33528 -1.9143312731086803 -1.7180071643616912
21522 11322591 0.2500827498748869 0.0832291494050445 0.33528 -1.9143312731086803 -1.7180071643616912
21523 11322591 0.2447226024257092 0.08381263736573558 0.33528 -1.9143312731086803 -1.7180071643616912
21523 10561439 0.1703844336680791 0.08256549100616387 0.33528 -1.9143312731086803 -1.7180071643616912
21524 10561439 0.16477404061700784 0.08241917114676249 0.33528 -1.9143312731086803 -1.7180071643616912
21524 11322591 0.2379454494236291 0.08345728022893473 0.33528 -1.9143312731086803 -1.7180071643616912
21525 10561439 0.15916364756593665 0.08227285128736112 0.33528 -1.9143312731086803 -1.7180071643616912
21525 11322591 0.231168296421549 0.08310192309213388 0.33528 -1.9143312731086803 -1.7180071643616912
21526 10561439 0.1535532545148654 0.08212653142795973 0.33528 -1.9143312731086803 -1.7180071643616912
21526 11322591 0.2256982748344052 0.08266986716210065 0.33528 -1.9143312731086803 -1.7180071643616912
21527 10561439 0.1479428614637942 0.08198021156855835 0.33528 -1.9143312731086803 -1.7180071643616912
21527 11322591 0.21768297666843084 0.0826023451904023 0.33528 -1.9143312731086803 -1.7180071643616912
21528 10561439 0.14233246841272298 0.08183389170915698 0.33528 -1.9143312731086803 -1.7180071643616912
21528 11322591 0.21286840894424341 0.08417584953524865 0.33528 -1.9143312731086803 -1.7180071643616912
21529 11322591 0.20709428171303895 0.08349270724323316 0.33528 -1.9143312731086803 -1.7180071643616912
21529 10561439 0.13672207536165176 0.08168757184975559 0.33528 -1.9143312731086803 -1.7180071643616912
21530 11322591 0.2013201544818345 0.08280956495121766 0.33528 -1.9143312731086803 -1.7180071643616912
21530 10561439 0.13111168231058054 0.08154125199035421 0.33528 -1.9143312731086803 -1.7180071643616912
21531 11322591 0.19561501911472162 0.0823375423036372 0.33528 -1.9143312731086803 -1.7180071643616912
21531 10561439 0.12550128925950932 0.08139493213095282 0.33528 -1.9143312731086803 -1.7180071643616912
21532 11322591 0.18990988374760875 0.08186551965605673 0.33528 -1.9143312731086803 -1.7180071643616912
21532 10561439 0.1198908962084381 0.08124861227155145 0.33528 -1.9143312731086803 -1.7180071643616912
21533 10561439 0.11428050315736688 0.08110229241215007 0.33528 -1.9143312731086803 -1.7180071643616912
21533 11322591 0.18509531551992753 0.08343904299563853 0.33528 -1.9143312731086803 -1.7180071643616912
21534 11322591 0.17948728943200376 0.08258480206024205 0.33528 -1.9143312731086803 -1.7180071643616912
21534 10561439 0.10867011010629565 0.08095597255274868 0.33528 -1.9143312731086803 -1.7180071643616912
21535 11322591 0.1738792611025337 0.08173056551332503 0.33528 -1.9143312731086803 -1.7180071643616912
21535 10561439 0.10305971705522443 0.0808096526933473 0.33528 -1.9143312731086803 -1.7180071643616912
21536 11322591 0.166657409024223 0.08409086820357542 0.33528 -1.9143312731086803 -1.7180071643616912
21536 10561439 0.10346681969060015 0.08046732150910915 0.33528 -1.9143312731086803 -1.7180071643616912
21537 11322591 0.1618428423182039 0.08566440744673787 0.33528 -1.9143312731086803 -1.7180071643616912
21537 10561439 0.10387392232597586 0.08012499032487098 0.33528 -1.9143312731086803 -1.7180071643616912
21538 11322591 0.15605183334743622 0.08533730787571919 0.33528 -1.9143312731086803 -1.7180071643616912
21538 10561439 0.10428102496135158 0.07978265914063283 0.33528 -1.9143312731086803 -1.7180071643616912
21539 10561439 0.1046881275967273 0.07944032795639468 0.33528 -1.9143312731086803 -1.7180071643616912
21539 11322591 0.15569510307201131 0.08509011453366937 0.33528 -1.9143312731086803 -1.7180071643616912
21540 11322591 0.1553383727965864 0.08484292119161954 0.33528 -1.9143312731086803 -1.7180071643616912
21540 10561439 0.105095230232103 0.07909799677215652 0.33528 -1.9143312731086803 -1.7180071643616912
21541 10561439 0.10550233286747872 0.07875566558791836 0.33528 -1.9143312731086803 -1.7180071643616912
21541 11322591 0.15498164252116148 0.08459572784956972 0.33528 -1.9143312731086803 -1.7180071643616912
21542 10561439 0.10590943550285443 0.0784133344036802 0.33528 -1.9143312731086803 -1.7180071643616912
21542 11322591 0.15462491224573657 0.08434853450751988 0.33528 -1.9143312731086803 -1.7180071643616912
21543 10561439 0.10631653813823015 0.07807100321944205 0.33528 -1.9143312731086803 -1.7180071643616912
21543 11322591 0.15426818197031167 0.08410134116547005 0.33528 -1.9143312731086803 -1.7180071643616912
21544 10561439 0.10672364077360587 0.0777286720352039 0.33528 -1.9143312731086803 -1.7180071643616912
21544 11322591 0.15391145169488676 0.08385414782342022 0.33528 -1.9143312731086803 -1.7180071643616912
21545 10561439 0.10713074340898159 0.07738634085096573 0.33528 -1.9143312731086803 -1.7180071643616912
21545 11322591 0.15355472141946183 0.0836069544813704 0.33528 -1.9143312731086803 -1.7180071643616912
21546 11322591 0.15319799114403693 0.08335976113932057 0.33528 -1.9143312731086803 -1.7180071643616912
21546 10561439 0.1075378460443573 0.07704400966672757 0.33528 -1.9143312731086803 -1.7180071643616912
21547 11322591 0.15284126086861202 0.08311256779727075 0.33528 -1.9143312731086803 -1.7180071643616912
21547 10561439 0.10794494867973302 0.07670167848248942 0.33528 -1.9143312731086803 -1.7180071643616912
21548 10561439 0.10835205131510872 0.07635934729825126 0.33528 -1.9143312731086803 -1.7180071643616912
21548 11322591 0.15248453059318712 0.08286537445522091 0.33528 -1.9143312731086803 -1.7180071643616912
21549 11322591 0.1521278003177622 0.08261818111317108 0.33528 -1.9143312731086803 -1.7180071643616912
21549 10561439 0.10875915395048444 0.0760170161140131 0.33528 -1.9143312731086803 -1.7180071643616912
21550 10561439 0.10916625658586016 0.07567468492977494 0.33528 -1.9143312731086803 -1.7180071643616912
21550 11322591 0.15177107004233728 0.08237098777112126 0.33528 -1.9143312731086803 -1.7180071643616912
21551 10561439 0.10957335922123587 0.07533235374553679 0.33528 -1.9143312731086803 -1.7180071643616912
21551 11322591 0.15141433976691238 0.08212379442907143 0.33528 -1.9143312731086803 -1.7180071643616912
21552 10561439 0.10998046185661159 0.07499002256129864 0.33528 -1.9143312731086803 -1.7180071643616912
21552 11322591 0.15105760949148747 0.0818766010870216 0.33528 -1.9143312731086803 -1.7180071643616912
21553 11322591 0.15070087921606257 0.08162940774497178 0.33528 -1.9143312731086803 -1.7180071643616912
21553 10561439 0.1103875644919873 0.07464769137706047 0.33528 -1.9143312731086803 -1.7180071643616912
21554 10561439 0.11079466712736302 0.07430536019282231 0.33528 -1.9143312731086803 -1.7180071643616912
21554 11322591 0.15034414894063763 0.08138221440292194 0.33528 -1.9143312731086803 -1.7180071643616912
21555 11322591 0.14998741866521273 0.08113502106087211 0.33528 -1.9143312731086803 -1.7180071643616912
21555 10561439 0.11120176976273874 0.07396302900858416 0.33528 -1.9143312731086803 -1.7180071643616912
21556 10561439 0.11160887239811446 0.07362069782434601 0.33528 -1.9143312731086803 -1.7180071643616912
21556 11322591 0.14963068838978782 0.08088782771882229 0.33528 -1.9143312731086803 -1.7180071643616912
21557 10561439 0.11201597503349016 0.07327836664010784 0.33528 -1.9143312731086803 -1.7180071643616912
21557 11322591 0.14927395811436292 0.08064063437677246 0.33528 -1.9143312731086803 -1.7180071643616912
21558 11322591 0.14891722783893802 0.08039344103472264 0.33528 -1.9143312731086803 -1.7180071643616912
21558 10561439 0.11242307766886588 0.07293603545586969 0.33528 -1.9143312731086803 -1.7180071643616912
21559 10561439 0.11283018030424159 0.07259370427163153 0.33528 -1.9143312731086803 -1.7180071643616912
21559 11322591 0.14856049756351308 0.08014624769267281 0.33528 -1.9143312731086803 -1.7180071643616912
21560 11322591 0.14820376728808818 0.07989905435062297 0.33528 -1.9143312731086803 -1.7180071643616912
21560 10561439 0.11323728293961731 0.07225137308739338 0.33528 -1.9143312731086803 -1.7180071643616912
21561 11322591 0.14784703701266327 0.07965186100857315 0.33528 -1.9143312731086803 -1.7180071643616912
21561 10561439 0.11364438557499303 0.07190904190315521 0.33528 -1.9143312731086803 -1.7180071643616912
21562 10561439 0.11405148821036874 0.07156671071891706 0.33528 -1.9143312731086803 -1.7180071643616912
21562 11322591 0.14749030673723837 0.07940466766652332 0.33528 -1.9143312731086803 -1.7180071643616912
21563 11322591 0.14713357646181346 0.0791574743244735 0.33528 -1.9143312731086803 -1.7180071643616912
21563 10561439 0.11445859084574446 0.0712243795346789 0.33528 -1.9143312731086803 -1.7180071643616912
21564 10561439 0.11486569348112016 0.07088204835044075 0.33528 -1.9143312731086803 -1.7180071643616912
21564 11322591 0.14677684618638853 0.07891028098242367 0.33528 -1.9143312731086803 -1.7180071643616912
21565 11322591 0.14642011591096363 0.07866308764037384 0.33528 -1.9143312731086803 -1.7180071643616912
21565 10561439 0.11527279611649588 0.07053971716620258 0.33528 -1.9143312731086803 -1.7180071643616912
21566 11322591 0.14606338563553872 0.078415894298324 0.33528 -1.9143312731086803 -1.7180071643616912
21566 10561439 0.1156798987518716 0.07019738598196443 0.33528 -1.9143312731086803 -1.7180071643616912
21567 11322591 0.14570665536011382 0.07816870095627418 0.33528 -1.9143312731086803 -1.7180071643616912
21567 10561439 0.11608700138724731 0.06985505479772627 0.33528 -1.9143312731086803 -1.7180071643616912
21568 10561439 0.11649410402262303 0.06951272361348812 0.33528 -1.9143312731086803 -1.7180071643616912
21568 11322591 0.14534992508468889 0.07792150761422435 0.33528 -1.9143312731086803 -1.7180071643616912
21569 11322591 0.14499319480926398 0.07767431427217453 0.33528 -1.9143312731086803 -1.7180071643616912
21569 10561439 0.11690120665799875 0.06917039242924995 0.33528 -1.9143312731086803 -1.7180071643616912
21570 11322591 0.14463646453383908 0.0774271209301247 0.33528 -1.9143312731086803 -1.7180071643616912
21570 10561439 0.11730830929337446 0.0688280612450118 0.33528 -1.9143312731086803 -1.7180071643616912
21571 11322591 0.14427973425841417 0.07717992758807488 0.33528 -1.9143312731086803 -1.7180071643616912
21571 10561439 0.11771541192875018 0.06848573006077364 0.33528 -1.9143312731086803 -1.7180071643616912
21572 10561439 0.1181225145641259 0.06814339887653549 0.33528 -1.9143312731086803 -1.7180071643616912
21572 11322591 0.14392300398298924 0.07693273424602504 0.33528 -1.9143312731086803 -1.7180071643616912
21573 11322591 0.14356627370756433 0.07668554090397521 0.33528 -1.9143312731086803 -1.7180071643616912
21573 10561439 0.1185296171995016 0.06780106769229732 0.33528 -1.9143312731086803 -1.7180071643616912
21574 10561439 0.11893671983487732 0.06745873650805917 0.33528 -1.9143312731086803 -1.7180071643616912
21574 11322591 0.14320954343213943 0.07643834756192538 0.33528 -1.9143312731086803 -1.7180071643616912
21575 10561439 0.11934382247025303 0.06711640532382102 0.33528 -1.9143312731086803 -1.7180071643616912
21575 11322591 0.14285281315671453 0.07619115421987556 0.33528 -1.9143312731086803 -1.7180071643616912
21576 10561439 0.11975092510562875 0.06677407413958286 0.33528 -1.9143312731086803 -1.7180071643616912
21576 11322591 0.14249608288128962 0.07594396087782573 0.33528 -1.9143312731086803 -1.7180071643616912
21577 10561439 0.12015802774100447 0.0664317429553447 0.33528 -1.9143312731086803 -1.7180071643616912
21577 11322591 0.1421393526058647 0.07569676753577591 0.33528 -1.9143312731086803 -1.7180071643616912
21578 11322591 0.14178262233043978 0.07544957419372608 0.33528 -1.9143312731086803 -1.7180071643616912
21578 10561439 0.12056513037638018 0.06608941177110654 0.33528 -1.9143312731086803 -1.7180071643616912
21579 11322591 0.14142589205501488 0.07520238085167624 0.33528 -1.9143312731086803 -1.7180071643616912
21579 10561439 0.1209722330117559 0.06574708058686839 0.33528 -1.9143312731086803 -1.7180071643616912
21580 10561439 0.1213793356471316 0.06540474940263023 0.33528 -1.9143312731086803 -1.7180071643616912
21580 11322591 0.14106916177958997 0.07495518750962642 0.33528 -1.9143312731086803 -1.7180071643616912
21581 11322591 0.14071243150416507 0.07470799416757659 0.33528 -1.9143312731086803 -1.7180071643616912
21581 10561439 0.12178643828250732 0.06506241821839207 0.33528 -1.9143312731086803 -1.7180071643616912
21582 10561439 0.12219354091788304 0.06472008703415391 0.33528 -1.9143312731086803 -1.7180071643616912
21582 11322591 0.14035570122874014 0.07446080082552677 0.33528 -1.9143312731086803 -1.7180071643616912
21583 11322591 0.13999897095331523 0.07421360748347694 0.33528 -1.9143312731086803 -1.7180071643616912
21583 10561439 0.12260064355325875 0.06437775584991576 0.33528 -1.9143312731086803 -1.7180071643616912
21584 10561439 0.12300774618863447 0.0640354246656776 0.33528 -1.9143312731086803 -1.7180071643616912
21584 11322591 0.13964224067789033 0.0739664141414271 0.33528 -1.9143312731086803 -1.7180071643616912
21585 10561439 0.12341484882401019 0.06369309348143944 0.33528 -1.9143312731086803 -1.7180071643616912
21585 11322591 0.13928551040246542 0.07371922079937727 0.33528 -1.9143312731086803 -1.7180071643616912
21586 10561439 0.1238219514593859 0.06335076229720128 0.33528 -1.9143312731086803 -1.7180071643616912
21586 11322591 0.1389287801270405 0.07347202745732745 0.33528 -1.9143312731086803 -1.7180071643616912
21587 10561439 0.12422905409476162 0.06300843111296313 0.33528 -1.9143312731086803 -1.7180071643616912
21587 11322591 0.1385720498516156 0.07322483411527762 0.33528 -1.9143312731086803 -1.7180071643616912
21588 10561439 0.12463615673013734 0.06266609992872496 0.33528 -1.9143312731086803 -1.7180071643616912
21588 11322591 0.13821531957619068 0.0729776407732278 0.33528 -1.9143312731086803 -1.7180071643616912
21589 10561439 0.12504325936551305 0.06232376874448681 0.33528 -1.9143312731086803 -1.7180071643616912
21589 11322591 0.13785858930076578 0.07273044743117797 0.33528 -1.9143312731086803 -1.7180071643616912
21590 10561439 0.12545036200088877 0.06198143756024865 0.33528 -1.9143312731086803 -1.7180071643616912
21590 11322591 0.13750185902534084 0.07248325408912815 0.33528 -1.9143312731086803 -1.7180071643616912
21591 10561439 0.1258574646362645 0.0616391063760105 0.33528 -1.9143312731086803 -1.7180071643616912
21591 11322591 0.13714512874991594 0.0722360607470783 0.33528 -1.9143312731086803 -1.7180071643616912
21592 10561439 0.1262645672716402 0.06129677519177234 0.33528 -1.9143312731086803 -1.7180071643616912
21592 11322591 0.13678839847449104 0.07198886740502848 0.33528 -1.9143312731086803 -1.7180071643616912
21593 10561439 0.1266716699070159 0.06095444400753418 0.33528 -1.9143312731086803 -1.7180071643616912
21593 11322591 0.13643166819906613 0.07174167406297866 0.33528 -1.9143312731086803 -1.7180071643616912
21594 10561439 0.1270787725423916 0.060612112823296024 0.33528 -1.9143312731086803 -1.7180071643616912
21594 11322591 0.13607493792364123 0.07149448072092883 0.33528 -1.9143312731086803 -1.7180071643616912
21595 11322591 0.1357182076482163 0.071247287378879 0.33528 -1.9143312731086803 -1.7180071643616912
21595 10561439 0.12748587517776733 0.06026978163905787 0.33528 -1.9143312731086803 -1.7180071643616912
21596 11322591 0.1353614773727914 0.07100009403682916 0.33528 -1.9143312731086803 -1.7180071643616912
21597 11322591 0.13500474709736648 0.07075290069477934 0.33528 -1.9143312731086803 -1.7180071643616912
21598 11322591 0.13464801682194158 0.07050570735272951 0.33528 -1.9143312731086803 -1.7180071643616912
