26044 11007825 0.5877408990734868 0.30253597116371583 0.26035 -3.8286625462173607 -3.4360143287233824
26045 11007825 0.5880679765869136 0.3028574601954546 0.20828000000000002 -3.8286625462173607 -3.4360143287233824
26046 11007825 0.5883950541003404 0.30317894922719335 0.15621000000000002 -3.8286625462173607 -3.4360143287233824
26047 11007825 0.5887221316137672 0.3035004382589321 0.10414000000000001 -3.8286625462173607 -3.4360143287233824
26048 11007825 0.5890492091271939 0.30382192729067087 0.052070000000000005 -3.8286625462173607 -3.4360143287233824
26049 11007825 0.5893762866406207 0.3041434163224096 0.0 -3.8286625462173607 -3.4360143287233824
26050 11007825 0.5889891513696502 0.30397785278073713 0.039052500000000004 -3.8286625462173607 -3.4360143287233824
26051 11007825 0.5886020160986798 0.30381228923906467 0.07810500000000001 -3.8286625462173607 -3.4360143287233824
26052 11007825 0.5882148808277093 0.30364672569739226 0.11715750000000001 -3.8286625462173607 -3.4360143287233824
26053 11007825 0.5878277455567389 0.3034811621557198 0.15621000000000002 -3.8286625462173607 -3.4360143287233824
26054 11007825 0.5874406102857685 0.30331559861404733 0.1952625 -3.8286625462173607 -3.4360143287233824
26055 11007825 0.5870534750147981 0.3031500350723749 0.23431500000000002 -3.8286625462173607 -3.4360143287233824
26056 11007825 0.5866663397438276 0.30298447153070246 0.27336750000000004 -3.8286625462173607 -3.4360143287233824
26057 11007825 0.5862792044728572 0.30281890798903 0.31242000000000003 -3.8286625462173607 -3.4360143287233824
26058 11007825 0.5862707470265929 0.3026978443155447 0.31242000000000003 -3.8286625462173607 -3.4360143287233824
26059 11007825 0.5862622895803287 0.3025767806420594 0.31242000000000003 -3.8286625462173607 -3.4360143287233824
26060 11007825 0.5862538321340643 0.3024557169685741 0.31242000000000003 -3.8286625462173607 -3.4360143287233824
26061 11007825 0.5862453746878001 0.3023346532950888 0.31242000000000003 -3.8286625462173607 -3.4360143287233824
26062 11007825 0.5862369172415358 0.3022135896216035 0.31242000000000003 -3.8286625462173607 -3.4360143287233824
26063 11007825 0.5862284597952716 0.3020925259481182 0.31242000000000003 -3.8286625462173607 -3.4360143287233824
26064 11007825 0.5862200023490073 0.3019714622746329 0.31242000000000003 -3.8286625462173607 -3.4360143287233824
26065 11007825 0.586211544902743 0.3018503986011476 0.31242000000000003 -3.8286625462173607 -3.4360143287233824
26066 11007825 0.5862030874564788 0.3017293349276623 0.31242000000000003 -3.8286625462173607 -3.4360143287233824
26067 11007825 0.5861946300102144 0.30160827125417694 0.31242000000000003 -3.8286625462173607 -3.4360143287233824
26068 11007825 0.5861861725639502 0.30148720758069164 0.31242000000000003 -3.8286625462173607 -3.4360143287233824
26069 11007825 0.5861777151176859 0.30136614390720634 0.31242000000000003 -3.8286625462173607 -3.4360143287233824
26070 11007825 0.5861692576714216 0.30124508023372104 0.31242000000000003 -3.8286625462173607 -3.4360143287233824
26071 11007825 0.5861608002251574 0.30112401656023574 0.31242000000000003 -3.8286625462173607 -3.4360143287233824
26072 11007825 0.586152342778893 0.30100295288675044 0.31242000000000003 -3.8286625462173607 -3.4360143287233824
26073 11007825 0.5861438853326288 0.30088188921326514 0.31242000000000003 -3.8286625462173607 -3.4360143287233824
26074 11007825 0.5861354278863645 0.30076082553977984 0.31242000000000003 -3.8286625462173607 -3.4360143287233824
26075 11007825 0.5861269704401003 0.30063976186629454 0.31242000000000003 -3.8286625462173607 -3.4360143287233824
26076 11007825 0.586118512993836 0.30051869819280924 0.31242000000000003 -3.8286625462173607 -3.4360143287233824
26077 11007825 0.5861100555475717 0.30039763451932394 0.31242000000000003 -3.8286625462173607 -3.4360143287233824
26078 11007825 0.5861015981013075 0.30027657084583864 0.31242000000000003 -3.8286625462173607 -3.4360143287233824
26079 11007825 0.5860931406550431 0.30015550717235334 0.31242000000000003 -3.8286625462173607 -3.4360143287233824
26080 11007825 0.5860846832087789 0.30003444349886804 0.31242000000000003 -3.8286625462173607 -3.4360143287233824
26081 11007825 0.5860762257625146 0.29991337982538274 0.31242000000000003 -3.8286625462173607 -3.4360143287233824
26082 11007825 0.5860677683162503 0.29979231615189744 0.31242000000000003 -3.8286625462173607 -3.4360143287233824
26083 11007825 0.5860593108699861 0.29967125247841214 0.31242000000000003 -3.8286625462173607 -3.4360143287233824
26084 11007825 0.5860508534237218 0.29955018880492684 0.31242000000000003 -3.8286625462173607 -3.4360143287233824
26085 11007825 0.5860423959774576 0.29942912513144154 0.31242000000000003 -3.8286625462173607 -3.4360143287233824
26086 11007825 0.5860339385311932 0.29930806145795624 0.31242000000000003 -3.8286625462173607 -3.4360143287233824
26087 11007825 0.586025481084929 0.2991869977844709 0.31242000000000003 -3.8286625462173607 -3.4360143287233824
26088 11007825 0.5860170236386647 0.2990659341109856 0.31242000000000003 -3.8286625462173607 -3.4360143287233824
26089 11007825 0.5860085661924004 0.2989448704375003 0.31242000000000003 -3.8286625462173607 -3.4360143287233824
26090 11007825 0.5860001087461362 0.298823806764015 0.31242000000000003 -3.8286625462173607 -3.4360143287233824
26091 11007825 0.5859916512998719 0.2987027430905297 0.31242000000000003 -3.8286625462173607 -3.4360143287233824
26092 11007825 0.5859831938536076 0.2985816794170444 0.31242000000000003 -3.8286625462173607 -3.4360143287233824
26093 11007825 0.5859747364073433 0.2984606157435591 0.31242000000000003 -3.8286625462173607 -3.4360143287233824
26094 11007825 0.5859662789610791 0.2983395520700738 0.31242000000000003 -3.8286625462173607 -3.4360143287233824
26095 11007825 0.5859578215148148 0.2982184883965885 0.31242000000000003 -3.8286625462173607 -3.4360143287233824
26096 11007825 0.5859493640685505 0.2980974247231032 0.31242000000000003 -3.8286625462173607 -3.4360143287233824
26097 11007825 0.5859409066222863 0.2979763610496179 0.31242000000000003 -3.8286625462173607 -3.4360143287233824
26098 11007825 0.5859324491760219 0.2978552973761326 0.31242000000000003 -3.8286625462173607 -3.4360143287233824
26099 11007825 0.5859239917297577 0.2977342337026473 0.31242000000000003 -3.8286625462173607 -3.4360143287233824
26100 11007825 0.5859155342834934 0.297613170029162 0.31242000000000003 -3.8286625462173607 -3.4360143287233824
26101 11007825 0.5859070768372291 0.2974921063556767 0.31242000000000003 -3.8286625462173607 -3.4360143287233824
26102 11007825 0.5858986193909649 0.2973710426821914 0.31242000000000003 -3.8286625462173607 -3.4360143287233824
26103 11007825 0.5858901619447006 0.2972499790087061 0.31242000000000003 -3.8286625462173607 -3.4360143287233824
26104 11007825 0.5858817044984364 0.2971289153352208 0.31242000000000003 -3.8286625462173607 -3.4360143287233824
26105 11007825 0.585873247052172 0.2970078516617355 0.31242000000000003 -3.8286625462173607 -3.4360143287233824
26106 11007825 0.5858647896059078 0.2968867879882502 0.31242000000000003 -3.8286625462173607 -3.4360143287233824
26107 11007825 0.5858563321596435 0.29676572431476483 0.31242000000000003 -3.8286625462173607 -3.4360143287233824
26108 11007825 0.5858478747133792 0.29664466064127953 0.31242000000000003 -3.8286625462173607 -3.4360143287233824
26109 11007825 0.585839417267115 0.29652359696779423 0.31242000000000003 -3.8286625462173607 -3.4360143287233824
26110 11007825 0.5858309598208506 0.29640253329430893 0.31242000000000003 -3.8286625462173607 -3.4360143287233824
26111 11007825 0.5858225023745864 0.29628146962082363 0.31242000000000003 -3.8286625462173607 -3.4360143287233824
26112 11007825 0.5858140449283221 0.29616040594733833 0.31242000000000003 -3.8286625462173607 -3.4360143287233824
26113 11007825 0.5858055874820578 0.29603934227385303 0.31242000000000003 -3.8286625462173607 -3.4360143287233824
26114 11007825 0.5857971300357936 0.29591827860036773 0.31242000000000003 -3.8286625462173607 -3.4360143287233824
26115 11007825 0.5857886725895293 0.29579721492688243 0.31242000000000003 -3.8286625462173607 -3.4360143287233824
26116 11007825 0.5857802151432651 0.29567615125339713 0.31242000000000003 -3.8286625462173607 -3.4360143287233824
26117 11007825 0.5857717576970007 0.29555508757991183 0.31242000000000003 -3.8286625462173607 -3.4360143287233824
